2 0.28564374984520124 0.519975 0.2837578123839009 0.5476984380952381 0.28639843777089785 0.5615609369047619 0.29205625015479875 0.57265 0.304125 0.582353125 0.3154406247678018 0.5719562499999999 0.30902968730650154 0.55255 0.3128 0.5393812499999999 0.31958906253869973 0.5282921880952381 0.32411562476780187 0.516509375 0.32449374984520124 0.49987499999999996 0.3218531250773993 0.4874 0.31430937523219815 0.48809375 0.30865156222910217 0.4832421869047619 0.2992218749226006 0.477696875 0.2905468749226006 0.484628125 0.28564374984520124 0.519975
2 0.36221093746130034 0.5941359369047619 0.3686218749226006 0.5913625 0.3739031250773994 0.57819375 0.37541093746130033 0.568490625 0.3723937498452012 0.55255 0.3697531250773994 0.535915625 0.3644734377708978 0.5282921880952381 0.360325 0.5185890619047618 0.3539125003095975 0.523440625 0.3497640625386997 0.5373015619047619 0.3527812501547988 0.549778125 0.3557984377708978 0.575421875 0.3584390625386997 0.5788875 0.36221093746130034 0.5941359369047619
9 0.36145625015479876 0.5220546869047619 0.36107968730650153 0.49294531309523815 0.35542187492260063 0.4402703130952381 0.3569296873065016 0.4756171880952381 0.3569296873065016 0.52066875 0.36145625015479876 0.5220546869047619
2 0.4299062501547988 0.5581921880952381 0.4296484377708978 0.5506187499999999 0.4268156247678018 0.5416234369047619 0.4208906247678018 0.5364171880952381 0.42011718761609906 0.5288421880952381 0.41728437523219813 0.52126875 0.41238906253869967 0.5189015619047619 0.4062062501547988 0.523634375 0.4018265622291021 0.53405 0.40028125015479876 0.542096875 0.4013109374613003 0.55393125 0.4067218749226006 0.56150625 0.40594843777089784 0.575234375 0.40259999999999996 0.58706875 0.405175 0.593223438095238 0.41187343777089785 0.598903125 0.4152234377708979 0.59985 0.42527031269349846 0.5993765630952381 0.42887656222910214 0.5922765630952381 0.4273312501547987 0.58328125 0.4263 0.57239375 0.42836093746130033 0.5671859380952381 0.4299062501547988 0.5581921880952381
2 0.44175625015479875 0.5534578130952381 0.44124218761609907 0.5473046869047619 0.4396953126934985 0.54115 0.4337703126934984 0.5406765630952381 0.4319671876160991 0.548725 0.4324828123839009 0.563873438095238 0.4327406247678019 0.57618125 0.43480156222910216 0.5960624999999999 0.43866562476780185 0.602690625 0.44690937523219815 0.6088453130952381 0.45412187492260064 0.6088453130952381 0.45747187492260066 0.604584375 0.4595328123839009 0.597009375 0.4600468749226006 0.5865953119047619 0.45979062476780186 0.5728671880952381 0.46056249969040247 0.562453125 0.4582437498452013 0.55393125 0.4546375003095975 0.554404688095238 0.4515468749226006 0.5525109380952381 0.4487124996904025 0.5515640619047619 0.44639374984520125 0.5577187499999999 0.44330312507739933 0.558665625 0.44175625015479875 0.5534578130952381
9 0.4396953126934985 0.4564140619047619 0.4402109374613003 0.468721875 0.4396953126934985 0.49523125 0.44098437523219813 0.523160936904762 0.44098437523219813 0.5510921880952381 0.4435609374613003 0.548725 0.4453640625386997 0.5406765630952381 0.4481968749226006 0.537835936904762 0.4471671876160991 0.5283687499999999 0.4461359374613003 0.512746875 0.4435609374613003 0.48671093809523813 0.4396953126934985 0.4564140619047619
9 0.5177531250773993 0.5425703130952382 0.5169796873065016 0.5335765619047619 0.5138890625386997 0.525054688095238 0.5110546873065016 0.496178125 0.5056453126934984 0.4346375 0.5087375003095975 0.5226875 0.5074484377708979 0.5373625 0.5126015622291022 0.5387828130952381 0.5177531250773993 0.5425703130952382
9 0.5432578123839009 0.5406765630952381 0.548667187616099 0.5345234380952381 0.5471218749226006 0.516534375 0.5437718749226006 0.4862375 0.5373312501547988 0.44789375 0.5363015622291022 0.464934375 0.5391359374613003 0.4848171880952381 0.5401656247678018 0.49901875 0.5432578123839009 0.5406765630952381
9 0.5690187498452013 0.48245 0.5687609374613003 0.4526265619047619 0.5685031250773994 0.5080125 0.5687609374613003 0.5326296869047619 0.5664421876160991 0.547778125 0.5736562501547987 0.542096875 0.5715953126934985 0.5160609380952381 0.5690187498452013 0.48245
9 0.5793234377708978 0.4947578130952381 0.5790656247678019 0.452153125 0.5754593752321981 0.5032796869047619 0.5762312501547988 0.5335765619047619 0.5746859374613004 0.545884375 0.5819 0.5435171880952381 0.578292187616099 0.530735936904762 0.5793234377708978 0.4947578130952381
2 0.5775203126934985 0.539729688095238 0.5736562501547987 0.5425703130952382 0.5692765622291022 0.549671875 0.5672156247678019 0.554878125 0.5630937498452012 0.554878125 0.5594874996904025 0.558665625 0.5563953126934985 0.5719203130952382 0.5584562501547987 0.5804421880952381 0.5674734377708979 0.5894359369047619 0.5749437498452012 0.59464375 0.5824140625386997 0.591803125 0.5867937498452013 0.5856484369047619 0.5911734377708978 0.578075 0.5911734377708978 0.564346875 0.5888546873065016 0.547778125 0.5862781250773994 0.5387828130952381 0.5826718749226006 0.5387828130952381 0.5775203126934985 0.539729688095238
2 0.6705187498452012 0.508959375 0.6702609374613003 0.5288421880952381 0.6733531250773993 0.533103125 0.6769593752321982 0.537835936904762 0.6834 0.540203125 0.6885515622291022 0.538309375 0.6944765622291021 0.5364171880952381 0.7016906247678018 0.5354703130952382 0.7083875003095975 0.5278953130952382 0.7112218749226006 0.5207953130952381 0.7114796873065015 0.512746875 0.7086453126934984 0.5132203130952381 0.7027203126934984 0.5141671880952381 0.6934468749226007 0.5103796869047619 0.6877796873065015 0.5042265619047619 0.6787625003095975 0.507539061904762 0.6705187498452012 0.508959375
1 0.6761859374613003 0.5903828130952381 0.6777312501547987 0.60553125 0.685975 0.619259375 0.6882937498452012 0.6183125 0.6952499999999999 0.6154718749999999 0.7063265622291022 0.6107375 0.7194656247678018 0.600796875 0.7284828123839009 0.5884890619047619 0.7351796873065015 0.5705 0.7359531250773993 0.556771875 0.7318312501547988 0.5430437499999999 0.7251328123839009 0.53215625 0.7150859374613003 0.5335765619047619 0.7040093752321981 0.5416234369047619 0.6957656247678018 0.5510921880952381 0.686232812383901 0.5662390619047619 0.6792781250773993 0.5776015630952381 0.6761859374613003 0.5903828130952381
1 0.6609874996904024 0.5884890619047619 0.6566078123839009 0.584228125 0.6493937498452013 0.5865953119047619 0.6439843752321981 0.5965359380952381 0.6390890625386998 0.595590625 0.6316187498452013 0.595590625 0.623632812383901 0.606478125 0.6218296873065016 0.623046875 0.626725 0.638195311904762 0.6334218749226006 0.6505031250000001 0.6359984377708978 0.652870311904762 0.6393468749226006 0.65855 0.6452718749226006 0.6694375 0.6530015622291021 0.67511875 0.6643359374613003 0.673225 0.674382812383901 0.66801875 0.6826265622291022 0.652396875 0.6849453126934985 0.6372484380952381 0.6870062501547988 0.62020625 0.6852031250773994 0.6078984369047619 0.6785046873065015 0.5894359369047619 0.674125 0.579021875 0.6702609374613003 0.5818609380952381 0.665367187616099 0.5884890619047619 0.6609874996904024 0.5884890619047619
1 0.5893703126934984 0.6339343749999999 0.5896281250773994 0.6424546880952381 0.5909156247678019 0.6561828119047619 0.5978718749226006 0.6808 0.6043124996904025 0.68979375 0.611525 0.692160938095238 0.6174499999999999 0.6855328119047619 0.6246640625386997 0.6755921880952381 0.6313609374613003 0.661390625 0.6331640625386997 0.65334375 0.632392187616099 0.6415078119047619 0.6293 0.6292 0.623117187616099 0.617365625 0.6164203126934985 0.6112109380952381 0.6068874996904026 0.614998436904762 0.6019937498452013 0.6211531250000001 0.5960687498452012 0.62730625 0.5893703126934984 0.6339343749999999
1 0.5584562501547987 0.673225 0.5615484377708978 0.6808 0.5656703126934984 0.68979375 0.5741703126934985 0.700207811904762 0.5806109374613003 0.70446875 0.5852484377708979 0.699734375 0.587567187616099 0.689320313095238 0.5896281250773994 0.676539061904762 0.5901437498452012 0.661390625 0.5893703126934984 0.6481359380952381 0.5852484377708979 0.6358281250000001 0.578807812383901 0.6334609380952381 0.5692765622291022 0.6344078130952381 0.5615484377708978 0.641034375 0.5548500000000001 0.6490828130952381 0.5584562501547987 0.673225
0 0.5458328123839009 0.657603125 0.545575 0.6637578130952381 0.5473796873065016 0.6718046880952381 0.5499546873065015 0.674645313095238 0.5533046873065016 0.674645313095238 0.5566531250773994 0.6718046880952381 0.5563953126934985 0.6665984380952381 0.5553656247678018 0.6547625 0.5553656247678018 0.6486093749999999 0.5558796873065015 0.6424546880952381 0.5548500000000001 0.636301563095238 0.5509859374613003 0.642928125 0.5473796873065016 0.6500296869047619 0.5458328123839009 0.657603125
2 0.41187343777089785 0.676065625 0.4152234377708979 0.674645313095238 0.41805625015479875 0.670384375 0.4208906247678018 0.6623375 0.4224359374613003 0.6542906249999999 0.42320937523219815 0.646715625 0.42114843777089783 0.63866875 0.41728437523219813 0.629673436904762 0.4131624996904025 0.6325140630952382 0.4095546873065016 0.638195311904762 0.40826718761609904 0.6481359380952381 0.4077515622291022 0.6651781250000001 0.40929687492260064 0.6708578119047619 0.41187343777089785 0.676065625
1 0.38559687492260064 0.6344078130952381 0.381475 0.6424546880952381 0.3781265622291022 0.65334375 0.37477656222910216 0.661864061904762 0.37400468730650155 0.68269375 0.3727156247678019 0.6869531249999999 0.37632343777089783 0.696895311904762 0.3843093752321981 0.7096765619047619 0.393325 0.71015 0.39822031269349845 0.7021015630952381 0.4023421876160991 0.694528125 0.40466093746130033 0.68600625 0.4062062501547988 0.6779593749999999 0.4072359374613003 0.6665984380952381 0.4072359374613003 0.659023436904762 0.4049187498452012 0.646242188095238 0.40259999999999996 0.6424546880952381 0.39615937523219813 0.6353546869047619 0.39177968730650153 0.630620313095238 0.38559687492260064 0.6344078130952381
1 0.3570015622291021 0.6339343749999999 0.3536531250773994 0.6325140630952382 0.34953125015479874 0.63866875 0.3466968749226006 0.65334375 0.342575 0.6689656249999999 0.34128750030959754 0.684114063095238 0.3464390625386997 0.71535625 0.3503031250773994 0.71725 0.3580328123839009 0.713464063095238 0.36344218761609903 0.7049421880952381 0.36704843777089785 0.6959484380952381 0.3688515622291022 0.68600625 0.3727156247678019 0.670384375 0.37555 0.657603125 0.37838437523219814 0.6481359380952381 0.37915625015479876 0.6396156249999999 0.37580781238390093 0.6329875 0.37142812507739936 0.6325140630952382 0.36472968730650157 0.63488125 0.36060781238390094 0.6344078130952381 0.3570015622291021 0.6339343749999999
1 0.3273765622291022 0.626359375 0.32093593746130034 0.6211531250000001 0.31449531269349845 0.619259375 0.30625156222910216 0.6268328119047619 0.3016140625386997 0.6344078130952381 0.2964624996904025 0.6713312499999999 0.2987812501547988 0.6869531249999999 0.3031609374613003 0.7035218750000001 0.3111468749226006 0.7167765630952381 0.3204203126934984 0.71535625 0.330725 0.7068359380952381 0.3394843752321981 0.697842186904762 0.3464390625386997 0.6803265619047619 0.34540937523219817 0.6632843749999999 0.3492734377708978 0.6486093749999999 0.3503031250773994 0.6344078130952381 0.34772812507739936 0.623520311904762 0.3402562501547987 0.6197328130952381 0.33175625015479876 0.6258859369047619 0.3273765622291022 0.626359375
1 0.2890380693498452 0.578075 0.2831130693498452 0.567659375 0.2764146321981424 0.5572453130952382 0.26997400743034056 0.54683125 0.26714119442724454 0.545884375 0.2612146321981424 0.5473046869047619 0.25503338204334364 0.5534578130952381 0.25142556965944274 0.560559375 0.2498802569659443 0.5818609380952381 0.25271463219814244 0.595590625 0.2558052569659443 0.6041109369047619 0.25966931950464395 0.614051561904762 0.2650802569659443 0.6254125 0.26920213188854486 0.630620313095238 0.2777021318885449 0.6424546880952381 0.2900677572755418 0.652870311904762 0.2934177572755418 0.65145 0.2993427572755418 0.6434015619047619 0.3055255696594427 0.6292 0.3052677572755418 0.614998436904762 0.30140369473684214 0.60553125 0.2952208823529412 0.5922765630952381 0.2890380693498452 0.578075
7 0.38197058080495355 0.7778366154761904 0.3807354291021672 0.7837035845238095 0.38166179318885446 0.7901881297619047 0.38382330773993806 0.7942023714285714 0.3872199746130031 0.8006869166666666 0.3909254284829721 0.807171461904762 0.3927781560371517 0.8056275226190477 0.39617482229102163 0.8000693416666668 0.3983363374613003 0.7960550988095239 0.3998802767801858 0.7932760083333333 0.4014242160990712 0.7895705535714286 0.40296815541795666 0.7874090392857143 0.4023505795665635 0.7840123726190475 0.40080664024767804 0.7784541904761905 0.40049785263157894 0.7769102511904762 0.39864512507739935 0.7796893428571428 0.397409973993808 0.7827772214285714 0.3971011857585139 0.7883354023809523 0.39555724643962853 0.7920408571428571 0.3921605801857585 0.7923496440476191 0.3909254284829721 0.7867914630952381 0.3909254284829721 0.7837035845238095 0.3896902773993808 0.7778366154761904 0.38783754984520125 0.7722784333333333 0.3872199746130031 0.7682641916666666 0.38567603529411765 0.7654851011904762 0.3841320959752322 0.7704257071428572 0.38197058080495355 0.7778366154761904
9 0.3832231306501548 0.7438608678571428 0.38978018018575855 0.7861174107142856 0.3992514743034055 0.7861174107142856 0.40143715789473683 0.6957758357142857 0.39560866873065015 0.7016043249999999 0.39050874117647055 0.7074328130952381 0.38613737461300307 0.7118041797619048 0.37812320309597525 0.7016043249999999 0.3832231306501548 0.7438608678571428
7 0.3520058080495356 0.4485187547619048 0.3523018600619195 0.43963719523809525 0.3564465882352941 0.4351964154761905 0.36266367987616105 0.43371615595238094 0.3676965634674923 0.4369727273809524 0.3694728755417957 0.43667667499999996 0.3682886674922601 0.43164379166666667 0.36443999133126936 0.42217012857142855 0.36088736780185754 0.41832145238095236 0.35733474427244577 0.41713724404761904 0.3534860681114551 0.41832145238095236 0.35111765263157896 0.4192096083333334 0.3496373925696595 0.42068986785714285 0.3469729244582043 0.42365038809523814 0.34490056037151706 0.4274990642857143 0.34223609287925694 0.4310516880952381 0.34164398885448916 0.44496613095238097 0.3446045089783282 0.45088717023809527 0.34815713250773994 0.4532555869047619 0.3496373925696595 0.4511832226190476 0.3520058080495356 0.4485187547619048
7 0.3167756222910217 0.45947267857142854 0.31736772631578947 0.4434858714285715 0.31825588235294117 0.4399332476190476 0.3226966619195047 0.43726877976190476 0.32476902600619195 0.43726877976190476 0.32595323343653254 0.43845298690476187 0.3318742736842105 0.44230166309523805 0.3342426891640867 0.4434858714285715 0.3309861176470589 0.432828 0.3280255975232198 0.4289793238095238 0.32536113003095973 0.4254267 0.32299271393188855 0.42572275238095236 0.3209203498452013 0.42572275238095236 0.3194400904024768 0.4272030119047619 0.31707167430340555 0.43045958333333334 0.31647957027863777 0.4310516880952381 0.3149993102167183 0.4343082595238095 0.31381510216718267 0.4369727273809524 0.3123348427244582 0.44200561071428573 0.3111506346749226 0.44999901428571426 0.3105585306501548 0.45976872976190475 0.31470325820433437 0.4698344976190476 0.3167756222910217 0.45947267857142854
7 0.5452247195046439 0.825937963095238 0.5501556922600619 0.8322777857142857 0.5628353368421053 0.82558575 0.564244186377709 0.8192459285714285 0.5649486111455109 0.8153715928571429 0.5653008235294118 0.8107928321428571 0.5621309120743034 0.8107928321428571 0.5607220625386997 0.8118494690476191 0.554734452631579 0.8107928321428571 0.5519167541795665 0.8026919476190477 0.5512123294117647 0.7949432761904761 0.5505079046439628 0.7864901797619047 0.5490990551083591 0.7773326583333333 0.5476902055727554 0.7752193845238096 0.5427592328173374 0.7727538976190477 0.5431114452012384 0.8030441595238096 0.5452247195046439 0.825937963095238
2 0.5326161015479876 0.5404486916666666 0.5302663244582043 0.5435817273809523 0.533399360371517 0.5514143166666666 0.5365323962848297 0.5662962369047618 0.5373156551083591 0.5780451214285715 0.5365323962848297 0.5937103011904762 0.542798468111455 0.5991931142857143 0.5529808346749225 0.5991931142857143 0.5623799424148607 0.5866609702380953 0.5639464600619195 0.5756953452380953 0.5623799424148607 0.5662962369047618 0.5600301653250774 0.5584636476190477 0.5576803882352941 0.5506310571428571 0.5568971294117647 0.54123195 0.5553306117647059 0.5373156547619048 0.5529808346749225 0.5349658785714285 0.5482812811145511 0.5349658785714285 0.5443649857585139 0.5373156547619048 0.5380989139318886 0.5420152095238095 0.5326161015479876 0.5404486916666666
2 0.5044187783281734 0.5866609702380953 0.5075518142414861 0.5929270416666667 0.5044187783281734 0.6007596321428571 0.5091183318885448 0.6093754809523809 0.5302663244582043 0.6038926678571428 0.5279165473684211 0.5921437833333333 0.5326161015479876 0.5733455678571429 0.5326161015479876 0.5537640940476191 0.5310495832817338 0.5459315035714286 0.5106848501547988 0.5380989142857143 0.5012857424148607 0.5459315035714286 0.4958029294117647 0.5561138702380952 0.4942364117647059 0.5655129785714286 0.5005024835913313 0.5764786035714285 0.5044187783281734 0.5866609702380953
2 0.46447257089783284 0.5561138702380952 0.4652558297213622 0.5592469059523809 0.46682234736842104 0.5694292726190476 0.4660390885448917 0.5772618630952381 0.4629060526315789 0.5882274880952381 0.457423240247678 0.5999763726190476 0.4629060526315789 0.6085922214285714 0.4715219015479876 0.6109419988095238 0.4848373040247678 0.6078089630952381 0.4911033758513932 0.6007596321428571 0.4965861888544892 0.589794005952381 0.4973694476780186 0.5796116392857144 0.4973694476780186 0.5694292726190476 0.4950196705882353 0.5592469059523809 0.4848373040247678 0.5537640940476191 0.47465493746130033 0.5467147630952381 0.4652558297213622 0.5474980214285714 0.46447257089783284 0.5561138702380952
6 0.6125085164086687 0.5514143166666666 0.6211243653250774 0.5529808345238095 0.6414890984520123 0.5435817273809523 0.6540212421052632 0.5255667702380953 0.6563710191950464 0.5075518142857143 0.6508882061919505 0.5075518142857143 0.6360062854489165 0.5075518142857143 0.6266071783281734 0.5130346273809524 0.6062424445820433 0.5247835119047619 0.5937103009287925 0.534182619047619 0.6125085164086687 0.5514143166666666
9 0.3977689294117647 0.5430617726190476 0.39538707987616095 0.5144795738095238 0.39729255975232197 0.46255524642857143 0.3949107095975232 0.44445318690476193 0.3887179003095975 0.4477877773809524 0.376332280495356 0.4635079857142857 0.3777613907120743 0.5230542333333333 0.378237760371517 0.5311525226190477 0.3825250904024768 0.5354398523809524 0.39729255975232197 0.5421090321428571 0.3977689294117647 0.5430617726190476
0 0.3772850204334365 0.5468727321428571 0.37680865077399384 0.5544946511904763 0.37680865077399384 0.5654511607142857 0.3787141306501548 0.573073080952381 0.3849069405572756 0.5816477404761904 0.39824529969040245 0.5811713702380952 0.4053908495356037 0.5811713702380952 0.4034853696594427 0.5702148607142857 0.4020562594427245 0.5606874619047619 0.4001507795665635 0.5521128011904761 0.39681618947368424 0.5454436226190477 0.39538707987616095 0.5411562928571428 0.39062338018575854 0.5387744428571428 0.3791905003095975 0.5378217023809524 0.3772850204334365 0.5468727321428571
13 0.28296376532507744 0.536868963095238 0.32488432321981425 0.5540182821428572 0.46541346625387 0.5802186297619047 0.5873641801857585 0.5687857511904763 0.592127879876161 0.512574094047619 0.5344871126934985 0.5140032035714286 0.5073340241486068 0.5216251238095237 0.48018093560371516 0.5182905333333334 0.43540215789473685 0.5192432738095238 0.3729976910216718 0.5092395035714286 0.34584460247678017 0.5130504642857143 0.28344013560371517 0.47541723571428574 0.28296376532507744 0.536868963095238
