2 0.32449374984520124 0.49987499999999996 0.3218531250773993 0.4874 0.31430937523219815 0.48809375 0.30865156222910217 0.4832421869047619 0.2992218749226006 0.477696875 0.2905468749226006 0.484628125 0.28564374984520124 0.519975 0.2837578123839009 0.5476984380952381 0.28639843777089785 0.5615609369047619 0.29205625015479875 0.57265 0.304125 0.582353125 0.3154406247678018 0.5719562499999999 0.30902968730650154 0.55255 0.3128 0.5393812499999999 0.31958906253869973 0.5282921880952381 0.32411562476780187 0.516509375 0.32449374984520124 0.49987499999999996
2 0.360325 0.5185890619047618 0.3539125003095975 0.523440625 0.3497640625386997 0.5373015619047619 0.3527812501547988 0.549778125 0.3557984377708978 0.575421875 0.3584390625386997 0.5788875 0.36221093746130034 0.5941359369047619 0.3686218749226006 0.5913625 0.3739031250773994 0.57819375 0.37541093746130033 0.568490625 0.3723937498452012 0.55255 0.3697531250773994 0.535915625 0.3644734377708978 0.5282921880952381 0.360325 0.5185890619047618
9 0.3569296873065016 0.52066875 0.36145625015479876 0.5220546869047619 0.36107968730650153 0.49294531309523815 0.35542187492260063 0.4402703130952381 0.3569296873065016 0.4756171880952381 0.3569296873065016 0.52066875
7 0.3574593752321981 0.4261765630952381 0.36384687492260065 0.4324359380952381 0.3642718749226006 0.441434375 0.36555 0.4566921880952381 0.3640593752321981 0.47390625000000003 0.36704062476780186 0.466471875 0.3693828123839009 0.4523875 0.3693828123839009 0.44182499999999997 0.36853125015479876 0.4300875 0.36512343777089784 0.419915625 0.35895 0.4163953130952381 0.3525625003095975 0.41561250000000005 0.34532343777089786 0.42187187499999995 0.3406406247678018 0.43165312499999997 0.3393625003095975 0.4508234380952381 0.34212968730650156 0.47899218690476186 0.34404687492260067 0.47351406190476186 0.34532343777089786 0.4680375 0.34638906253869967 0.457865625 0.34830468730650155 0.4523875 0.35064687492260066 0.4465203130952381 0.3517109374613003 0.44182499999999997 0.35298906253869966 0.43517343809523806 0.3540531250773994 0.4261765630952381 0.3574593752321981 0.4261765630952381
7 0.3336140625386997 0.4563 0.33404062476780183 0.46608124999999995 0.33638125015479875 0.4570828130952381 0.335317187616099 0.442215625 0.3319109374613003 0.433609375 0.3257375003095975 0.4289140619047619 0.3202015622291022 0.4300875 0.3157296873065015 0.433609375 0.3138140625386997 0.440259375 0.30934374984520124 0.4465203130952381 0.3059359374613003 0.45825625 0.3070015622291022 0.467646875 0.30912968730650153 0.474296875 0.3138140625386997 0.4836859380952381 0.3153046873065015 0.4895546869047619 0.31594374984520124 0.46999375000000004 0.31594374984520124 0.4606046869047619 0.31594374984520124 0.4492578119047619 0.3176468749226006 0.43869531190476185 0.3202015622291022 0.43517343809523806 0.32744062476780184 0.4371296869047619 0.3314859374613003 0.4426078130952381 0.3336140625386997 0.4563
0 0.40280781238390095 0.581884375 0.40536250030959753 0.580320311904762 0.40664062476780183 0.5748421869047619 0.4068531250773994 0.5685828119047619 0.4068531250773994 0.563496875 0.4057890625386997 0.554890625 0.40089218761609907 0.5478484369047619 0.39578281238390095 0.5408062499999999 0.38918281238390096 0.5333734369047619 0.3840718749226006 0.538459375 0.3791765622291022 0.546675 0.37406562476780186 0.5505875 0.3755562501547987 0.556846875 0.37725937523219816 0.560759375 0.3793890625386997 0.565453125 0.3815171876160991 0.570539063095238 0.38343437523219814 0.5756249999999999 0.3879046873065015 0.5822765619047618 0.39237656222910217 0.581884375 0.39897656222910216 0.5822765619047618 0.40280781238390095 0.581884375
9 0.38739999999999997 0.5373625 0.3858546873065015 0.496178125 0.38353593746130027 0.461621875 0.38353593746130027 0.50990625 0.38353593746130027 0.54115 0.38739999999999997 0.5373625
9 0.39177968730650153 0.4531 0.39075 0.4985453130952381 0.39075 0.5283687499999999 0.39075 0.537835936904762 0.39358281238390097 0.542096875 0.3940984377708978 0.5160609380952381 0.393325 0.479609375 0.39177968730650153 0.4531
2 0.4152234377708979 0.59985 0.42527031269349846 0.5993765630952381 0.42887656222910214 0.5922765630952381 0.4273312501547987 0.58328125 0.4263 0.57239375 0.42836093746130033 0.5671859380952381 0.4299062501547988 0.5581921880952381 0.4296484377708978 0.5506187499999999 0.4268156247678018 0.5416234369047619 0.4208906247678018 0.5364171880952381 0.42011718761609906 0.5288421880952381 0.41728437523219813 0.52126875 0.41238906253869967 0.5189015619047619 0.4062062501547988 0.523634375 0.4018265622291021 0.53405 0.40028125015479876 0.542096875 0.4013109374613003 0.55393125 0.4067218749226006 0.56150625 0.40594843777089784 0.575234375 0.40259999999999996 0.58706875 0.405175 0.593223438095238 0.41187343777089785 0.598903125 0.4152234377708979 0.59985
2 0.4582437498452013 0.55393125 0.4546375003095975 0.554404688095238 0.4515468749226006 0.5525109380952381 0.4487124996904025 0.5515640619047619 0.44639374984520125 0.5577187499999999 0.44330312507739933 0.558665625 0.44175625015479875 0.5534578130952381 0.44124218761609907 0.5473046869047619 0.4396953126934985 0.54115 0.4337703126934984 0.5406765630952381 0.4319671876160991 0.548725 0.4324828123839009 0.563873438095238 0.4327406247678019 0.57618125 0.43480156222910216 0.5960624999999999 0.43866562476780185 0.602690625 0.44690937523219815 0.6088453130952381 0.45412187492260064 0.6088453130952381 0.45747187492260066 0.604584375 0.4595328123839009 0.597009375 0.4600468749226006 0.5865953119047619 0.45979062476780186 0.5728671880952381 0.46056249969040247 0.562453125 0.4582437498452013 0.55393125
9 0.4435609374613003 0.548725 0.4453640625386997 0.5406765630952381 0.4481968749226006 0.537835936904762 0.4471671876160991 0.5283687499999999 0.4461359374613003 0.512746875 0.4435609374613003 0.48671093809523813 0.4396953126934985 0.4564140619047619 0.4402109374613003 0.468721875 0.4396953126934985 0.49523125 0.44098437523219813 0.523160936904762 0.44098437523219813 0.5510921880952381 0.4435609374613003 0.548725
2 0.48297500000000004 0.563873438095238 0.47730781238390096 0.5652937499999999 0.47267031269349846 0.562453125 0.46751874984520125 0.554878125 0.46313906253869974 0.554404688095238 0.4595328123839009 0.6036375 0.4652 0.614051561904762 0.46983750030959753 0.6121578119047619 0.4778234377708978 0.614051561904762 0.48735468730650155 0.61263125 0.49276406253869964 0.6078984369047619 0.49173437523219815 0.59795625 0.48915781238390094 0.5884890619047619 0.4870968749226007 0.57618125 0.48297500000000004 0.563873438095238
2 0.5172374996904024 0.561032811904762 0.51595 0.567659375 0.5185265622291022 0.5828078119047619 0.522132812383901 0.59275 0.5259968749226006 0.600796875 0.5314062501547988 0.6031640619047619 0.53115 0.5903828130952381 0.5296031250773994 0.5747609369047619 0.521875 0.554878125 0.5172374996904024 0.561032811904762
9 0.5138890625386997 0.525054688095238 0.5110546873065016 0.496178125 0.5056453126934984 0.4346375 0.5087375003095975 0.5226875 0.5074484377708979 0.5373625 0.5126015622291022 0.5387828130952381 0.5177531250773993 0.5425703130952382 0.5169796873065016 0.5335765619047619 0.5138890625386997 0.525054688095238
9 0.5471218749226006 0.516534375 0.5437718749226006 0.4862375 0.5373312501547988 0.44789375 0.5363015622291022 0.464934375 0.5391359374613003 0.4848171880952381 0.5401656247678018 0.49901875 0.5432578123839009 0.5406765630952381 0.548667187616099 0.5345234380952381 0.5471218749226006 0.516534375
9 0.5687609374613003 0.4526265619047619 0.5685031250773994 0.5080125 0.5687609374613003 0.5326296869047619 0.5664421876160991 0.547778125 0.5736562501547987 0.542096875 0.5715953126934985 0.5160609380952381 0.5690187498452013 0.48245 0.5687609374613003 0.4526265619047619
9 0.5790656247678019 0.452153125 0.5754593752321981 0.5032796869047619 0.5762312501547988 0.5335765619047619 0.5746859374613004 0.545884375 0.5819 0.5435171880952381 0.578292187616099 0.530735936904762 0.5793234377708978 0.4947578130952381 0.5790656247678019 0.452153125
2 0.5440296873065016 0.57996875 0.5448031250773994 0.569079688095238 0.5460906247678019 0.56150625 0.5437718749226006 0.552984375 0.539907812383901 0.545884375 0.5363015622291022 0.545884375 0.5308921876160991 0.545884375 0.5293453126934985 0.552984375 0.5316640625386997 0.5619796869047619 0.5303765622291021 0.5671859380952381 0.5329531250773993 0.578075 0.5329531250773993 0.5865953119047619 0.5368171876160991 0.6031640619047619 0.542742187616099 0.6022171869047619 0.5432578123839009 0.593223438095238 0.5440296873065016 0.57996875
2 0.5867937498452013 0.5856484369047619 0.5911734377708978 0.578075 0.5911734377708978 0.564346875 0.5888546873065016 0.547778125 0.5862781250773994 0.5387828130952381 0.5826718749226006 0.5387828130952381 0.5775203126934985 0.539729688095238 0.5736562501547987 0.5425703130952382 0.5692765622291022 0.549671875 0.5672156247678019 0.554878125 0.5630937498452012 0.554878125 0.5594874996904025 0.558665625 0.5563953126934985 0.5719203130952382 0.5584562501547987 0.5804421880952381 0.5674734377708979 0.5894359369047619 0.5749437498452012 0.59464375 0.5824140625386997 0.591803125 0.5867937498452013 0.5856484369047619
2 0.7114796873065015 0.512746875 0.7086453126934984 0.5132203130952381 0.7027203126934984 0.5141671880952381 0.6934468749226007 0.5103796869047619 0.6877796873065015 0.5042265619047619 0.6787625003095975 0.507539061904762 0.6705187498452012 0.508959375 0.6702609374613003 0.5288421880952381 0.6733531250773993 0.533103125 0.6769593752321982 0.537835936904762 0.6834 0.540203125 0.6885515622291022 0.538309375 0.6944765622291021 0.5364171880952381 0.7016906247678018 0.5354703130952382 0.7083875003095975 0.5278953130952382 0.7112218749226006 0.5207953130952381 0.7114796873065015 0.512746875
1 0.7251328123839009 0.53215625 0.7150859374613003 0.5335765619047619 0.7040093752321981 0.5416234369047619 0.6957656247678018 0.5510921880952381 0.686232812383901 0.5662390619047619 0.6792781250773993 0.5776015630952381 0.6761859374613003 0.5903828130952381 0.6777312501547987 0.60553125 0.685975 0.619259375 0.6882937498452012 0.6183125 0.6952499999999999 0.6154718749999999 0.7063265622291022 0.6107375 0.7194656247678018 0.600796875 0.7284828123839009 0.5884890619047619 0.7351796873065015 0.5705 0.7359531250773993 0.556771875 0.7318312501547988 0.5430437499999999 0.7251328123839009 0.53215625
0 0.6898406247678018 0.6154718749999999 0.6885515622291022 0.623520311904762 0.6900968749226006 0.6254125 0.6934468749226007 0.6277796880952381 0.6965374996904025 0.6277796880952381 0.7004015622291022 0.6254125 0.7045234377708979 0.6168921869047619 0.701175 0.6154718749999999 0.6944765622291021 0.614051561904762 0.6898406247678018 0.6154718749999999
1 0.6870062501547988 0.62020625 0.6852031250773994 0.6078984369047619 0.6785046873065015 0.5894359369047619 0.674125 0.579021875 0.6702609374613003 0.5818609380952381 0.665367187616099 0.5884890619047619 0.6609874996904024 0.5884890619047619 0.6566078123839009 0.584228125 0.6493937498452013 0.5865953119047619 0.6439843752321981 0.5965359380952381 0.6390890625386998 0.595590625 0.6316187498452013 0.595590625 0.623632812383901 0.606478125 0.6218296873065016 0.623046875 0.626725 0.638195311904762 0.6334218749226006 0.6505031250000001 0.6359984377708978 0.652870311904762 0.6393468749226006 0.65855 0.6452718749226006 0.6694375 0.6530015622291021 0.67511875 0.6643359374613003 0.673225 0.674382812383901 0.66801875 0.6826265622291022 0.652396875 0.6849453126934985 0.6372484380952381 0.6870062501547988 0.62020625
1 0.6293 0.6292 0.623117187616099 0.617365625 0.6164203126934985 0.6112109380952381 0.6068874996904026 0.614998436904762 0.6019937498452013 0.6211531250000001 0.5960687498452012 0.62730625 0.5893703126934984 0.6339343749999999 0.5896281250773994 0.6424546880952381 0.5909156247678019 0.6561828119047619 0.5978718749226006 0.6808 0.6043124996904025 0.68979375 0.611525 0.692160938095238 0.6174499999999999 0.6855328119047619 0.6246640625386997 0.6755921880952381 0.6313609374613003 0.661390625 0.6331640625386997 0.65334375 0.632392187616099 0.6415078119047619 0.6293 0.6292
1 0.5893703126934984 0.6481359380952381 0.5852484377708979 0.6358281250000001 0.578807812383901 0.6334609380952381 0.5692765622291022 0.6344078130952381 0.5615484377708978 0.641034375 0.5548500000000001 0.6490828130952381 0.5584562501547987 0.673225 0.5615484377708978 0.6808 0.5656703126934984 0.68979375 0.5741703126934985 0.700207811904762 0.5806109374613003 0.70446875 0.5852484377708979 0.699734375 0.587567187616099 0.689320313095238 0.5896281250773994 0.676539061904762 0.5901437498452012 0.661390625 0.5893703126934984 0.6481359380952381
0 0.5553656247678018 0.6547625 0.5553656247678018 0.6486093749999999 0.5558796873065015 0.6424546880952381 0.5548500000000001 0.636301563095238 0.5509859374613003 0.642928125 0.5473796873065016 0.6500296869047619 0.5458328123839009 0.657603125 0.545575 0.6637578130952381 0.5473796873065016 0.6718046880952381 0.5499546873065015 0.674645313095238 0.5533046873065016 0.674645313095238 0.5566531250773994 0.6718046880952381 0.5563953126934985 0.6665984380952381 0.5553656247678018 0.6547625
7 0.5646390625386997 0.7873125 0.5620625003095976 0.786839063095238 0.5615484377708978 0.8005671880952381 0.5600015622291021 0.8086140630952381 0.5530468749226006 0.812401561904762 0.5504703126934984 0.802459375 0.5484093752321981 0.795832813095238 0.5468640625386997 0.7887312500000001 0.5453187498452012 0.782578125 0.5437718749226006 0.7910984369047619 0.5419687498452013 0.801514063095238 0.5414531250773994 0.812401561904762 0.5442874996904025 0.82565625 0.5499546873065015 0.8327562500000001 0.5545921876160991 0.833703125 0.5600015622291021 0.827076561904762 0.5641234377708978 0.817134375 0.5654124996904024 0.801514063095238 0.5646390625386997 0.7873125
2 0.41728437523219813 0.629673436904762 0.4131624996904025 0.6325140630952382 0.4095546873065016 0.638195311904762 0.40826718761609904 0.6481359380952381 0.4077515622291022 0.6651781250000001 0.40929687492260064 0.6708578119047619 0.41187343777089785 0.676065625 0.4152234377708979 0.674645313095238 0.41805625015479875 0.670384375 0.4208906247678018 0.6623375 0.4224359374613003 0.6542906249999999 0.42320937523219815 0.646715625 0.42114843777089783 0.63866875 0.41728437523219813 0.629673436904762
1 0.4072359374613003 0.6665984380952381 0.4072359374613003 0.659023436904762 0.4049187498452012 0.646242188095238 0.40259999999999996 0.6424546880952381 0.39615937523219813 0.6353546869047619 0.39177968730650153 0.630620313095238 0.38559687492260064 0.6344078130952381 0.381475 0.6424546880952381 0.3781265622291022 0.65334375 0.37477656222910216 0.661864061904762 0.37400468730650155 0.68269375 0.3727156247678019 0.6869531249999999 0.37632343777089783 0.696895311904762 0.3843093752321981 0.7096765619047619 0.393325 0.71015 0.39822031269349845 0.7021015630952381 0.4023421876160991 0.694528125 0.40466093746130033 0.68600625 0.4062062501547988 0.6779593749999999 0.4072359374613003 0.6665984380952381
1 0.37838437523219814 0.6481359380952381 0.37915625015479876 0.6396156249999999 0.37580781238390093 0.6329875 0.37142812507739936 0.6325140630952382 0.36472968730650157 0.63488125 0.36060781238390094 0.6344078130952381 0.3570015622291021 0.6339343749999999 0.3536531250773994 0.6325140630952382 0.34953125015479874 0.63866875 0.3466968749226006 0.65334375 0.342575 0.6689656249999999 0.34128750030959754 0.684114063095238 0.3464390625386997 0.71535625 0.3503031250773994 0.71725 0.3580328123839009 0.713464063095238 0.36344218761609903 0.7049421880952381 0.36704843777089785 0.6959484380952381 0.3688515622291022 0.68600625 0.3727156247678019 0.670384375 0.37555 0.657603125 0.37838437523219814 0.6481359380952381
1 0.34540937523219817 0.6632843749999999 0.3492734377708978 0.6486093749999999 0.3503031250773994 0.6344078130952381 0.34772812507739936 0.623520311904762 0.3402562501547987 0.6197328130952381 0.33175625015479876 0.6258859369047619 0.3273765622291022 0.626359375 0.32093593746130034 0.6211531250000001 0.31449531269349845 0.619259375 0.30625156222910216 0.6268328119047619 0.3016140625386997 0.6344078130952381 0.2964624996904025 0.6713312499999999 0.2987812501547988 0.6869531249999999 0.3031609374613003 0.7035218750000001 0.3111468749226006 0.7167765630952381 0.3204203126934984 0.71535625 0.330725 0.7068359380952381 0.3394843752321981 0.697842186904762 0.3464390625386997 0.6803265619047619 0.34540937523219817 0.6632843749999999
1 0.29697812507739935 0.65145 0.3029031250773994 0.6434015619047619 0.3090859374613003 0.6292 0.3088281250773994 0.614998436904762 0.3049640625386997 0.60553125 0.2987812501547988 0.5922765630952381 0.29259843777089783 0.578075 0.2866734377708978 0.567659375 0.27997500000000003 0.5572453130952382 0.27353437523219815 0.54683125 0.2707015622291022 0.545884375 0.264775 0.5473046869047619 0.2585937498452012 0.5534578130952381 0.25498593746130027 0.560559375 0.2534406247678018 0.5818609380952381 0.256275 0.595590625 0.25936562476780184 0.6041109369047619 0.26322968730650154 0.614051561904762 0.26864062476780187 0.6254125 0.27276250030959753 0.630620313095238 0.28126250030959754 0.6424546880952381 0.2936281250773994 0.652870311904762 0.29697812507739935 0.65145
7 0.39930555541795665 0.8090277773809524 0.39930555541795665 0.7881944440476191 0.385416666873065 0.7725694440476191 0.380208333126935 0.8020833333333334 0.39930555541795665 0.8090277773809524
2 0.28177812507739936 0.60553125 0.28255156222910216 0.5951171880952381 0.28049062476780184 0.5875421880952381 0.27482343777089785 0.578075 0.26864062476780187 0.575234375 0.26400312507739937 0.5747609369047619 0.2570468749226006 0.57618125 0.2508640625386997 0.582334375 0.25112187492260063 0.595590625 0.25112187492260063 0.60553125 0.2534406247678018 0.6107375 0.2573046873065016 0.617365625 0.2622 0.622573438095238 0.26786718761609907 0.6277796880952381 0.27405 0.62730625 0.27662656222910215 0.62399375 0.2784296873065016 0.61641875 0.28177812507739936 0.60553125
9 0.3894230767801858 0.7920673071428571 0.3930288464396285 0.8016826928571429 0.3930288464396285 0.7860576928571429 0.3930288464396285 0.7632211535714286 0.390625 0.7295673071428571 0.3894230767801858 0.7596153845238095 0.3894230767801858 0.7764423071428571 0.3894230767801858 0.7920673071428571
13 0.2851562501547988 0.5143229166666666 0.33723958328173376 0.5299479166666666 0.364583333126935 0.5325520833333334 0.390625 0.5364583333333334 0.4075520835913312 0.5455729166666666 0.4075520835913312 0.54296875 0.432291666873065 0.5442708333333334 0.44401041671826624 0.55078125 0.46223958328173376 0.5533854166666666 0.47656250030959757 0.5572916666666666 0.494791666873065 0.5494791666666666 0.5273437498452013 0.5455729166666666 0.546875 0.546875 0.5690104167182662 0.5442708333333334 0.5872395832817338 0.5403645833333334 0.6015625003095976 0.5221354166666666 0.6223958334365325 0.5065104166666666 0.666666666873065 0.4817708333333333 0.7122395832817336 0.4739583333333333 0.71875 0.4596354166666667 0.6744791665634675 0.45703125 0.65625 0.4739583333333333 0.619791666873065 0.4895833333333333 0.588541666873065 0.5169270833333334 0.5598958334365325 0.5325520833333334 0.5286458334365325 0.5221354166666666 0.4973958334365325 0.52734375 0.4661458334365325 0.5299479166666666 0.44140625015479873 0.5286458333333334 0.427083333126935 0.5286458333333334 0.40625 0.5221354166666666 0.38411458328173376 0.5169270833333334 0.36848958328173376 0.5234375 0.33593749969040243 0.5078125 0.2890624996904025 0.4778645833333333 0.2851562501547988 0.5143229166666666
6 0.6051136365325077 0.5681818178571428 0.6178977275541795 0.546875 0.6107954544891641 0.49715909047619045 0.5909090910216718 0.5113636369047619 0.5951704544891641 0.5738636369047619 0.6051136365325077 0.5681818178571428
6 0.6235795455108359 0.5582386369047619 0.6534090910216718 0.5482954547619048 0.6647727275541795 0.4644886369047619 0.6136363634674923 0.4957386369047619 0.6235795455108359 0.5582386369047619
13 0.28835227244582046 0.6789772726190476 0.3139204544891641 0.708806817857143 0.35085227244582046 0.7215909095238094 0.38210227244582046 0.7159090904761906 0.4161931820433436 0.7002840904761906 0.45596590897832817 0.7230113630952382 0.5411931820433437 0.7173295452380952 0.6136363634674923 0.6946022726190476 0.6732954544891641 0.6761363630952382 0.6974431820433437 0.6392045452380952 0.7514204544891641 0.5795454547619048 0.7457386365325077 0.5795454547619048 0.671875 0.65625 0.6335227275541795 0.671875 0.6022727275541795 0.6889204547619048 0.5568181820433437 0.697443182142857 0.4261363634674923 0.693181817857143 0.3948863634674923 0.6917613630952382 0.36789772755417954 0.697443182142857 0.3139204544891641 0.6889204547619048 0.24573863653250774 0.6022727273809524 0.27698863653250777 0.6491477273809524 0.28835227244582046 0.6789772726190476
