0 0.25731718761609906 0.49208125 0.2591328123839009 0.4810328130952381 0.2564078123839009 0.47550937499999996 0.2523218749226006 0.4791921869047619 0.24869062476780185 0.490240625 0.24869062476780185 0.504971875 0.25504687492260064 0.5068140630952381 0.25731718761609906 0.49208125
0 0.2632187498452012 0.5123375 0.269575 0.50313125 0.27048281238390093 0.49208125 0.26730468730650153 0.481953125 0.2627640625386997 0.49116093809523814 0.2591328123839009 0.50313125 0.2632187498452012 0.5123375
2 0.33222968730650154 0.527070311904762 0.3276890625386997 0.5335156249999999 0.32133281238390093 0.53535625 0.31997187492260065 0.5491671869047619 0.3217874996904025 0.5574546880952381 0.3272359374613003 0.556534375 0.3313218749226006 0.5675828130952381 0.33677031269349844 0.5675828130952381 0.3376781250773994 0.562978125 0.3426718749226006 0.560217186904762 0.3453968749226006 0.5666625000000001 0.3540218749226006 0.5694234369047619 0.3581093752321981 0.5620578119047619 0.35947031269349844 0.54640625 0.3572 0.54088125 0.34857499999999997 0.54364375 0.34221874984520123 0.5445640630952381 0.34176406253869973 0.527990625 0.33222968730650154 0.527070311904762
2 0.3649187498452013 0.576790625 0.37218281238390094 0.57863125 0.37763125015479876 0.58415625 0.3826265622291022 0.5804734380952381 0.3885281250773994 0.5749484369047619 0.3885281250773994 0.5592953130952381 0.37717812507739934 0.556534375 0.374907812383901 0.5500890630952381 0.3726374996904025 0.54088125 0.3703671876160991 0.531673438095238 0.35947031269349844 0.54640625 0.3590171876160991 0.562978125 0.36174062476780183 0.5703453130952381 0.3649187498452013 0.576790625
2 0.6105437498452012 0.504971875 0.606457812383901 0.5151 0.6082734377708978 0.53811875 0.6114515622291021 0.560217186904762 0.6041874996904025 0.571265625 0.6046406247678019 0.5813937499999999 0.6069109374613003 0.58691875 0.6128140625386996 0.5924421880952381 0.6169 0.591521875 0.6200781250773993 0.588759375 0.6237093752321982 0.5952046869047619 0.6259796873065016 0.588759375 0.6291578123839009 0.5804734380952381 0.6323359374613003 0.576790625 0.6359687498452012 0.5639 0.6323359374613003 0.54640625 0.6277968749226006 0.52615 0.6218937498452012 0.5215453119047619 0.6169 0.5104968750000001 0.6105437498452012 0.504971875
2 0.6750140625386998 0.53259375 0.6682046873065015 0.536278125 0.6654796873065015 0.5298328130952381 0.6609390625386997 0.522465625 0.6554921876160991 0.520625 0.6550374996904025 0.530753125 0.6554921876160991 0.542721875 0.6591234377708978 0.556534375 0.6623015622291022 0.562978125 0.6709281250773993 0.5592953130952381 0.6795546873065016 0.5583750000000001 0.6827328123839009 0.5583750000000001 0.6859109374613003 0.55285 0.6958984377708978 0.5500890630952381 0.6945375003095976 0.5418015630952381 0.6913593752321983 0.530753125 0.6868187498452013 0.5298328130952381 0.6840953126934984 0.5298328130952381 0.6800078123839008 0.53535625 0.6750140625386998 0.53259375
9 0.6164453126934984 0.4966859380952381 0.6137218749226007 0.5040515630952381 0.6191703126934984 0.513259375 0.6187156247678018 0.4810328130952381 0.6178078123839009 0.4386796869047619 0.6155375003095975 0.4681421880952381 0.6164453126934984 0.4966859380952381
9 0.6082734377708978 0.45985624999999997 0.6050953126934985 0.411978125 0.6069109374613003 0.47735 0.6087281250773994 0.50036875 0.6132671876160991 0.5040515630952381 0.6082734377708978 0.45985624999999997
0 0.7376687498452013 0.6099359369047619 0.7353984377708978 0.5896796880952381 0.7349453126934985 0.597046875 0.7340374996904024 0.607175 0.7340374996904024 0.618223438095238 0.7367609374613002 0.6246687500000001 0.7399390625386998 0.6255890619047619 0.7376687498452013 0.6099359369047619
2 0.7054343752321981 0.62743125 0.7104281250773994 0.614540625 0.7158765622291022 0.5998078130952381 0.7195078123839009 0.58415625 0.7181468749226007 0.5804734380952381 0.7113359374613003 0.582314061904762 0.7049796873065015 0.5850765630952381 0.7013468749226006 0.5906015630952381 0.693175 0.5924421880952381 0.6859109374613003 0.6025703130952381 0.6868187498452013 0.618223438095238 0.6972609374613004 0.626509375 0.7054343752321981 0.62743125
2 0.7240484377708978 0.61361875 0.7186 0.607175 0.7140593752321982 0.6099359369047619 0.7113359374613003 0.617303125 0.7167843752321982 0.629271875 0.7222328123839009 0.62743125 0.7240484377708978 0.61361875
1 0.6473187498452013 0.6734671869047619 0.6554921876160991 0.6881999999999999 0.6618484377708979 0.689120313095238 0.6736515622291022 0.67715 0.6809171876160991 0.6707046869047619 0.6899968749226006 0.655053125 0.693175 0.641242188095238 0.6877265622291022 0.6209859369047619 0.6804624996904024 0.6044125 0.6718359374613002 0.60165 0.6609390625386997 0.6062531250000001 0.6432328123839008 0.6090156250000001 0.6368765622291022 0.61914375 0.638692187616099 0.6394 0.6409625003095976 0.657815625 0.6473187498452013 0.6734671869047619
2 0.6654796873065015 0.67715 0.6727437498452012 0.676229688095238 0.6790999999999999 0.675309375 0.6859109374613003 0.663339063095238 0.6845484377708978 0.646765625 0.6804624996904024 0.6255890619047619 0.6736515622291022 0.6209859369047619 0.6668421876160991 0.6228265619047619 0.6559453126934984 0.6338750000000001 0.6495890625386997 0.638479686904762 0.6527671876160991 0.650448438095238 0.6541296873065016 0.6642593750000001 0.6582156247678018 0.6743875 0.6654796873065015 0.67715
0 0.6291578123839009 0.689120313095238 0.6323359374613003 0.687278125 0.6273421876160991 0.6642593750000001 0.6205312501547987 0.657815625 0.6123593752321981 0.644003125 0.6100890625386998 0.6541312499999999 0.6146296873065016 0.669784375 0.6205312501547987 0.6854375 0.6291578123839009 0.689120313095238
9 0.6936062501547987 0.740290625 0.7011109374613003 0.7658859369047619 0.6953125003095975 0.736140625 0.6884906247678018 0.70431875 0.6813265622291022 0.66973125 0.6748453126934985 0.678723436904762 0.6840562501547988 0.709853125 0.6936062501547987 0.740290625
9 0.6659765622291022 0.7603531250000001 0.6642718749226006 0.740290625 0.6642718749226006 0.7146953119047619 0.6635890625386996 0.6821828130952381 0.6581312501547988 0.6897921869047619 0.657107812383901 0.7271484380952382 0.6632484377708978 0.7679625 0.6680234377708979 0.786639063095238 0.6690468749226006 0.7776468750000001 0.6659765622291022 0.7603531250000001
9 0.6318656247678018 0.73060625 0.642440624767802 0.7859484380952381 0.6359593752321983 0.734065625 0.6294781250773994 0.6724984380952381 0.6247031250773993 0.6724984380952381 0.6277718749226007 0.6953265630952381 0.6318656247678018 0.73060625
2 0.3934281250773994 0.6344515619047618 0.38933593746130035 0.64344375 0.39001718761609905 0.6558953130952381 0.39138281238390094 0.6628140630952382 0.3937703126934985 0.6683484369047619 0.3988859374613003 0.66765625 0.4043437498452013 0.6635046869047618 0.40741406253869966 0.653128125 0.41048437523219816 0.642753125 0.41082500000000005 0.632376561904762 0.40605 0.630992186904762 0.39718125015479877 0.631684375 0.3934281250773994 0.6344515619047618
2 0.3668218749226006 0.6503625 0.3733031250773994 0.657279686904762 0.37978437523219816 0.6565875 0.3869484377708979 0.653820311904762 0.3917234377708978 0.644828125 0.3934281250773994 0.6303 0.3872890625386997 0.6213078130952381 0.38080781238390093 0.6213078130952381 0.3750093752321981 0.6192328130952381 0.3709156247678018 0.6171578130952381 0.36136406253869974 0.616465625 0.35488281238390096 0.60885625 0.349425 0.6081640630952381 0.3422625003095975 0.6157734380952381 0.3408968749226006 0.623382811904762 0.3436265622291022 0.630992186904762 0.3439671876160991 0.642753125 0.3463546873065016 0.649670311904762 0.35215468730650157 0.657279686904762 0.3620468749226006 0.657971875 0.3668218749226006 0.6503625
0 0.34499062476780185 0.6434813916666666 0.3388515622291022 0.6324126416666667 0.3337343752321981 0.6379470166666666 0.3299828123839009 0.6545485797619047 0.3313468749226007 0.6718438916666667 0.33475781238390095 0.6697688916666666 0.3402156247678018 0.6642345166666667 0.3443093752321982 0.6545485797619047 0.34499062476780185 0.6434813916666666
2 0.30542187492260064 0.5874109369047619 0.3006468749226006 0.5811859380952381 0.2921187498452012 0.577034375 0.28700156222910217 0.5929453130952381 0.29041250030959753 0.6019390619047619 0.2941656247678019 0.6060890619047619 0.29450625015479875 0.6123140630952381 0.29723593746130034 0.6171578130952381 0.3020109374613003 0.624767186904762 0.3057624996904025 0.620615625 0.3105390625386997 0.614390625 0.3156546873065016 0.6150812499999999 0.3217953126934985 0.617848436904762 0.32622968730650154 0.61300625 0.3296406247678018 0.607471875 0.32145468730650156 0.5977875 0.3159968749226006 0.5915625 0.3112203126934985 0.5874109369047619 0.30542187492260064 0.5874109369047619
13 0.6946022724458205 0.6803977273809524 0.7130681820433437 0.677556817857143 0.7002840910216718 0.6590909095238094 0.6931818179566563 0.6676136369047618 0.6946022724458205 0.6803977273809524
13 0.31960227244582046 0.661931817857143 0.3110795455108359 0.6789772726190476 0.33096590897832817 0.6789772726190476 0.31960227244582046 0.661931817857143
6 0.6292613634674923 0.4360795452380953 0.6264204544891641 0.48153409047619045 0.6278409089783282 0.5113636369047619 0.6349431820433437 0.5497159095238096 0.640625 0.5724431821428572 0.6676136365325077 0.5625 0.6534090910216718 0.5440340904761904 0.6548295455108359 0.5056818178571428 0.6576704544891641 0.42755681785714283 0.6292613634674923 0.4360795452380953
13 0.23295454551083591 0.45028409047619045 0.26846590897832817 0.47869318214285717 0.33664772755417954 0.5085227273809524 0.3821884656346749 0.5208310345238095 0.23295454551083591 0.45028409047619045
13 0.75 0.4730113630952381 0.7528409089783282 0.45028409047619045 0.6079545455108359 0.5269886369047619 0.5397727275541795 0.5539772726190476 0.44034090897832817 0.5369318178571428 0.3892045455108359 0.5227272726190476 0.3821884656346749 0.5208310345238095 0.3892045455108359 0.5241477273809524 0.47585227244582046 0.5553977273809524 0.5482954544891641 0.5568181821428572 0.75 0.4730113630952381
13 0.7457386365325077 0.6363636369047618 0.7457386365325077 0.6292613630952382 0.6107954544891641 0.7102272726190476 0.4644886365325077 0.7201704547619048 0.3385762278637771 0.6755764761904762 0.39914772755417954 0.7045454547619048 0.47159090897832817 0.7315340904761906 0.6221590910216718 0.7144886369047618 0.7457386365325077 0.6363636369047618
