0 0.3149656247678019 0.5036265630952381 0.3107375003095975 0.499625 0.3048171876160991 0.4899046869047619 0.29833281238390097 0.48361718690476185 0.29241250030959753 0.4733265619047619 0.28762031269349847 0.4790421869047619 0.28423750030959755 0.4841875 0.2777531250773994 0.4921921880952381 0.27521562476780187 0.507628125 0.2777531250773994 0.5190625 0.2771890625386997 0.53106875 0.2774718749226006 0.5447890630952381 0.28029062476780187 0.5562234380952381 0.2856468749226006 0.5562234380952381 0.29213125015479874 0.560225 0.29776874984520124 0.564226561904762 0.30171562476780184 0.5670859380952381 0.30622656222910216 0.563654686904762 0.3110187498452012 0.5493625 0.3144015622291022 0.537928125 0.31468281238390095 0.5276375 0.31665625015479876 0.5133453119047618 0.3149656247678019 0.5036265630952381
2 0.34174687492260064 0.546504686904762 0.3372359374613003 0.5442171869047618 0.33244374984520125 0.5453609369047618 0.32990625015479874 0.55050625 0.32990625015479874 0.560225 0.3265234377708978 0.564226561904762 0.33018906253869973 0.570515625 0.3341359374613003 0.572803125 0.3394921876160991 0.56994375 0.3423109374613003 0.560225 0.34174687492260064 0.546504686904762
2 0.3747296873065015 0.533354686904762 0.3713468749226006 0.53106875 0.3662734377708978 0.5276375 0.36570937523219815 0.520778125 0.3628906247678019 0.517346875 0.35809843777089784 0.512201563095238 0.3578156247678019 0.506484375 0.3552781250773994 0.5001953119047619 0.34569374984520124 0.499625 0.3411828123839009 0.49848125 0.33836406253869966 0.5047703130952381 0.33836406253869966 0.5127734380952381 0.33836406253869966 0.533354686904762 0.3403374996904025 0.539071875 0.3434390625386997 0.5470765630952381 0.3431562501547988 0.5533640630952381 0.3434390625386997 0.5647984369047618 0.34597500000000003 0.57223125 0.3493578123839009 0.5796625 0.35274218761609905 0.58080625 0.3578156247678019 0.5796625 0.3631718749226006 0.5779484380952381 0.36852812507739935 0.573946875 0.3750125003095975 0.5682296869047618 0.37783125015479874 0.558509375 0.3781140625386997 0.549934375 0.37698593746130027 0.531640625 0.3747296873065015 0.533354686904762
9 0.3538687498452012 0.49276406309523807 0.35330468730650155 0.47446875 0.3530234377708978 0.4493140619047619 0.35133125015479877 0.4321625 0.3496406247678019 0.42187187499999995 0.3496406247678019 0.46703750000000005 0.34907656222910216 0.4899046869047619 0.3493578123839009 0.49505 0.3538687498452012 0.49276406309523807
9 0.32483281238390094 0.4584609380952381 0.32793281238390093 0.4710390619047619 0.33526250030959753 0.49276406309523807 0.33864531269349846 0.503054686904762 0.3440015622291022 0.49505 0.33441718761609907 0.4756125 0.32821562476780186 0.4590328119047619 0.32398593746130033 0.43902343809523814 0.3191937498452012 0.42244375 0.3149656247678019 0.41158125 0.32483281238390094 0.4584609380952381
0 0.4015125003095975 0.5670859380952381 0.40404843777089783 0.5773765630952381 0.4088421876160991 0.5802343750000001 0.41391562476780186 0.572803125 0.4175812501547988 0.563084375 0.41899062476780186 0.5562234380952381 0.4172984377708978 0.5493625 0.4136343752321981 0.5407875 0.41053281238390094 0.5367859380952381 0.40545937523219816 0.539071875 0.40320312507739936 0.548790625 0.4015125003095975 0.558509375 0.4015125003095975 0.5670859380952381
0 0.590392187616099 0.5647984369047618 0.5887 0.571659375 0.5867265622291021 0.5756609369047619 0.5867265622291021 0.581378125 0.5870093752321981 0.5928125 0.5867265622291021 0.6025312500000001 0.5872906247678019 0.6093921880952381 0.5895468749226006 0.61110625 0.5940562501547988 0.612821875 0.5971578123839009 0.605390625 0.5985671876160991 0.594528125 0.5996953126934984 0.5859515630952381 0.5965937498452013 0.5790921880952381 0.593775 0.571659375 0.5918015622291022 0.55279375 0.590392187616099 0.5647984369047618
2 0.6017406247678019 0.5481796869047619 0.6002406247678018 0.564159375 0.5991140625386997 0.579378125 0.5998656247678019 0.5869875 0.6017406247678019 0.588509375 0.6058687498452012 0.584704688095238 0.6066187498452013 0.5892703119047619 0.6073703126934985 0.597640625 0.6114968749226006 0.5968796880952381 0.6186265622291022 0.588509375 0.6227531250773994 0.567203125 0.6268812501547988 0.536765625 0.6223781250773994 0.5169812500000001 0.616375 0.512415625 0.6114968749226006 0.5200250000000001 0.6066187498452013 0.527634375 0.6036171876160991 0.5375265619047619 0.6017406247678019 0.5481796869047619
9 0.6174296873065016 0.4305265619047619 0.6157984377708978 0.4399765619047619 0.6188281250773994 0.443284375 0.620457812383901 0.42910937499999996 0.6213906247678018 0.4130453119047619 0.620457812383901 0.40217812500000005 0.6174296873065016 0.4305265619047619
9 0.6206379851393189 0.5132273833333333 0.6241859374613004 0.44044843809523815 0.6244187498452013 0.4258015619047619 0.6241859374613004 0.40832031190476187 0.6225546873065015 0.416353125 0.6223218749226006 0.42910937499999996 0.6034522885448916 0.5265072392857143 0.6206379851393189 0.5132273833333333
10 0.6297312501547988 0.46265625000000005 0.62845 0.482925 0.6256312501547987 0.5068328119047619 0.62845 0.5120312499999999 0.6325500000000001 0.5120312499999999 0.6369078123839009 0.5161890630952382 0.6445953126934985 0.5239843750000001 0.6507468749226006 0.530221875 0.6527968749226006 0.5239843750000001 0.6527968749226006 0.5078734369047619 0.6507468749226006 0.4870828130952381 0.6502343752321982 0.463175 0.6458765622291023 0.4387484369047619 0.6412640625386996 0.42887343690476193 0.6371640625386996 0.4273140619047619 0.633575 0.43407031190476186 0.6317812501547988 0.44706406190476194 0.6297312501547988 0.46265625000000005
2 0.6743250000000001 0.5447734369047619 0.6717609374613003 0.53541875 0.6686859374613003 0.5297015630952381 0.6648421876160991 0.530221875 0.6612546873065016 0.5343796880952381 0.6594593752321981 0.52918125 0.6566406247678019 0.5286625 0.6551031250773994 0.5364578130952381 0.6548468749226006 0.5447734369047619 0.6540781250773994 0.5582875 0.6574093752321982 0.5681625 0.662792187616099 0.5780359369047618 0.6694546873065015 0.5806359380952382 0.6735546873065015 0.5821953119047619 0.6753500000000001 0.576996875 0.6768875003095975 0.5718 0.6804749999999999 0.5697203119047619 0.6843187498452012 0.567121875 0.6853437498452012 0.5556875 0.6827812501547987 0.544254686904762 0.6799624996904025 0.544254686904762 0.6743250000000001 0.5447734369047619
2 0.6469015622291021 0.68094375 0.6504906247678018 0.6918578119047619 0.6525406247678018 0.702771875 0.6558718749226006 0.7032921880952381 0.6586906247678018 0.706410938095238 0.6622796873065016 0.705890625 0.6704796873065015 0.7032921880952381 0.6732984377708978 0.6970562499999999 0.6727859374613003 0.690298438095238 0.6725296873065015 0.6799046869047619 0.673042187616099 0.6736671869047619 0.6766312501547989 0.6689906250000001 0.67945 0.6679499999999999 0.6789374996904025 0.660675 0.6753500000000001 0.6528781250000001 0.6727859374613003 0.6466421869047619 0.6609968749226006 0.644042186904762 0.6512593752321981 0.6445625 0.6428015622291021 0.6471609380952381 0.6410078123839009 0.6523578130952381 0.642032812383901 0.664832811904762 0.6456203126934985 0.672107813095238 0.6469015622291021 0.68094375
1 0.6399828123839009 0.676265625 0.646132812383901 0.6814640630952381 0.6553593752321981 0.6793843749999999 0.6645859374613003 0.678865625 0.673042187616099 0.67470625 0.6815 0.66743125 0.68355 0.6544375 0.6766312501547989 0.6398843750000001 0.6697109374613003 0.6414437500000001 0.6568968749226006 0.6414437500000001 0.6425453126934983 0.6424828130952381 0.6361374996904025 0.6461218750000001 0.6330625003095975 0.6544375 0.6353687498452013 0.66743125 0.6399828123839009 0.676265625
1 0.6082031250773994 0.678865625 0.6146109374613004 0.6851015619047619 0.6228109374613003 0.688739063095238 0.6292187498452012 0.6840624999999999 0.6338312501547988 0.6773062499999999 0.6363953126934985 0.660675 0.631525 0.6461218750000001 0.6256312501547987 0.636767186904762 0.6184546873065015 0.63780625 0.6107656247678018 0.637285936904762 0.6046156247678018 0.636246875 0.6000031250773994 0.6445625 0.6000031250773994 0.659115625 0.6038468749226006 0.6736671869047619 0.6082031250773994 0.678865625
2 0.6197359374613003 0.723042186904762 0.6271687498452012 0.718884375 0.62845 0.71056875 0.6292187498452012 0.7012140619047619 0.6307562501547987 0.692378125 0.6328062501547987 0.6866609369047619 0.6307562501547987 0.6565156249999999 0.6256312501547987 0.6528781250000001 0.6161484377708979 0.654957811904762 0.6156359374613003 0.663792188095238 0.6153796873065016 0.6767859369047619 0.6164046873065016 0.693417188095238 0.6176859374613003 0.7032921880952381 0.6181984377708979 0.718364063095238 0.6197359374613003 0.723042186904762
9 0.6907234377708978 0.776070313095238 0.6870031250773994 0.756575 0.6823515622291022 0.73330625 0.6736687498452012 0.7024921880952381 0.6705671876160991 0.703120311904762 0.6764593752321981 0.7201 0.6808 0.7389671880952381 0.6854515622291022 0.757204688095238 0.687932812383901 0.7754421880952381 0.6904140625386996 0.78801875 0.6907234377708978 0.776070313095238
9 0.6567390625386996 0.7071953119047619 0.6520796873065015 0.7024703130952381 0.6518671876160991 0.7093437499999999 0.651232812383901 0.724376561904762 0.6508093752321982 0.7454234369047619 0.6516562501547987 0.7634640630952381 0.6546218749226006 0.7823640619047619 0.6590687498452013 0.7973968749999999 0.6626703126934985 0.8012625000000001 0.6607640625386997 0.792671875 0.6571625003095976 0.781075 0.6552562501547987 0.767329688095238 0.654832812383901 0.751007813095238 0.6546218749226006 0.7346859380952381 0.6561031250773994 0.719223436904762 0.6567390625386996 0.7071953119047619
9 0.6268109374613003 0.815695311904762 0.6279765622291021 0.8251453119047619 0.6298406247678018 0.820892186904762 0.6303062501547988 0.8019937500000001 0.6293734377708978 0.7778968749999999 0.6289078123839009 0.752854688095238 0.6277437498452012 0.717890625 0.6205203126934985 0.72214375 0.623317187616099 0.7386796869047619 0.6247140625386998 0.758996875 0.6263453126934985 0.7901812500000001 0.6268109374613003 0.815695311904762
2 0.37747031269349846 0.634715625 0.3678562501547988 0.632828125 0.35793281238390096 0.6309421869047619 0.3517312501547988 0.6296843750000001 0.34614999999999996 0.635973438095238 0.34335937523219817 0.646664063095238 0.3411874996904025 0.6680453119047619 0.3501812501547988 0.6787375 0.3508015622291022 0.6856546880952381 0.35049062476780185 0.700746875 0.35359218761609906 0.70829375 0.35793281238390096 0.709551561904762 0.362275 0.70829375 0.3669265622291022 0.7120671880952381 0.3740593752321982 0.7120671880952381 0.3802609374613003 0.7057781249999999 0.38274218761609907 0.694459375 0.38274218761609907 0.674964061904762 0.38274218761609907 0.6598703119047619 0.38677343777089784 0.6498078119047619 0.38429218761609907 0.639746875 0.37747031269349846 0.634715625
2 0.34739062476780186 0.624025 0.3396375003095975 0.6120765619047619 0.333125 0.6070453130952381 0.3263031250773994 0.6020140619047619 0.31855 0.60075625 0.31420937523219816 0.600126563095238 0.31110781238390095 0.598240625 0.30738750030959755 0.5988687500000001 0.30676718761609906 0.6070453130952381 0.3076968749226006 0.6227671869047618 0.3049062501547988 0.6309421869047619 0.30273593746130034 0.6366015630952381 0.3039765622291022 0.643520313095238 0.3014953126934985 0.643520313095238 0.29839374984520123 0.6454062500000001 0.2971531250773994 0.6548390630952381 0.2977734377708978 0.669303125 0.29839374984520123 0.674964061904762 0.30180468730650156 0.6774796869047619 0.3049062501547988 0.6774796869047619 0.3080078123839009 0.6806234369047619 0.31110781238390095 0.687540625 0.31545 0.6862828119047619 0.3204109374613003 0.678107813095238 0.3235125003095975 0.672448438095238 0.32723281238390095 0.6705609369047619 0.3318843752321981 0.6705609369047619 0.3362265622291022 0.6699328130952381 0.3387078123839009 0.662385938095238 0.3405671876160991 0.6548390630952381 0.34739062476780186 0.634715625 0.34739062476780186 0.624025
9 0.36841718761609904 0.7114203130952381 0.3665421876160991 0.7144640630952381 0.36729218761609905 0.7281609380952381 0.36504062476780186 0.7487062499999999 0.36166406253869965 0.770773436904762 0.35828749969040247 0.7936015619047619 0.3560359374613003 0.811103125 0.36241406253869973 0.798167188095238 0.36991874984520123 0.778382813095238 0.37517187492260057 0.7487062499999999 0.3777984377708979 0.7334875 0.3777984377708979 0.7114203130952381 0.37292031269349846 0.7114203130952381 0.36841718761609904 0.7114203130952381
9 0.31663749969040245 0.798928125 0.32076406253869966 0.7920796869047619 0.3286437498452012 0.771534375 0.33539843777089784 0.753271875 0.34477968730650155 0.7273999999999999 0.35528437523219814 0.7106593750000001 0.35040781238390095 0.7015265619047619 0.3444031250773994 0.7114203130952381 0.3384 0.7312046869047619 0.33052031269349846 0.753271875 0.31663749969040245 0.798928125
9 0.3101343752321981 0.6891046869047619 0.30780468730650157 0.7024203119047618 0.3025093752321981 0.722178125 0.2970031250773994 0.7380703130952381 0.2917078123839009 0.750096875 0.28471874984520124 0.7604062500000001 0.28895468730650153 0.7578296869047619 0.2944609374613003 0.751385938095238 0.30102812507739934 0.7363531249999999 0.3048390625386997 0.72604375 0.3105578123839009 0.7084328119047619 0.3150062501547988 0.6873859380952381 0.3109828123839009 0.6826609369047619 0.3101343752321981 0.6891046869047619
9 0.2967906247678019 0.6796546869047619 0.2944609374613003 0.673210936904762 0.29319062476780183 0.679225 0.28937812507739935 0.6856671880952381 0.28387187492260063 0.6994125 0.28048281238390094 0.7097218750000001 0.274975 0.729909375 0.26692656222910216 0.744084375 0.26883281238390094 0.7419359380952381 0.27391718761609907 0.7376406249999999 0.27751718761609906 0.7320578119047619 0.28048281238390094 0.7230375 0.28302343777089783 0.7131578130952381 0.28768437523219814 0.700701563095238 0.2917078123839009 0.6886749999999999 0.2967906247678019 0.6796546869047619
6 0.3856047164086687 0.5565734095238095 0.38338434365325075 0.5565734095238095 0.38042384643962845 0.5595339071428571 0.38042384643962845 0.5639746523809523 0.3900454613003096 0.5713758940476191 0.3937460823529411 0.5713758940476191 0.40484794613003094 0.5669351488095238 0.4063281944272446 0.5639746523809523 0.3967065795665634 0.5602740309523809 0.3930059585139319 0.5587937821428571 0.3856047164086687 0.5565734095238095
13 0.27566600433436533 0.5211353797619047 0.40034886191950464 0.5591246880952381 0.5464615851393189 0.5717877904761904 0.7013410718266254 0.5454875 0.7490712278637771 0.525031719047619 0.7422526340557276 0.4743793083333333 0.7120560043343652 0.4870424107142857 0.6740666965944273 0.49678325952380953 0.6107511832817337 0.5172390404761905 0.4061933708978328 0.5094463619047619 0.334111093498452 0.4870424107142857 0.2815105133126935 0.46366437499999996 0.27566600433436533 0.5211353797619047
7 0.2602293219814241 0.792217113095238 0.2690134340557276 0.7977071833333333 0.27779754613003094 0.7977071833333333 0.29207172879256965 0.7955111547619048 0.29646378452012384 0.791668105952381 0.30085584086687306 0.7867270428571429 0.30360087554179566 0.7812369726190477 0.3019538544891641 0.7746488892857143 0.3003068334365325 0.7730018678571428 0.2887776866873065 0.7730018678571428 0.28548364458204334 0.7730018678571428 0.28164059566563465 0.7708058404761905 0.2783465535603715 0.7653157702380952 0.27944456718266253 0.755433644047619 0.2810915882352941 0.7504925809523809 0.2706604551083591 0.7543356297619047 0.2695624414860681 0.7548846369047619 0.2690134340557276 0.7450025107142857 0.2690134340557276 0.7312773357142858 0.26626839938080493 0.7213952095238095 0.2591313077399381 0.7439044964285714 0.2602293219814241 0.792217113095238
7 0.6175459393188855 0.8370235404761905 0.6175459393188855 0.8424236928571428 0.6167744891640866 0.8520668202380952 0.6133029628482972 0.8647957500000001 0.6098314365325078 0.8763675047619047 0.6071313609907121 0.8844677321428571 0.6079028111455108 0.8898678833333333 0.6082885362229102 0.8960394857142857 0.6106028866873064 0.9025968130952381 0.6202460154798761 0.9022110880952381 0.6252604421052631 0.8998967369047619 0.6325892198142414 0.8952680357142858 0.6356750204334366 0.8902536095238095 0.6364464712074304 0.865952925 0.6352892953560372 0.8474381190476191 0.6298891436532508 0.8385664416666666 0.6190888396284829 0.8316233880952381 0.6175459393188855 0.8370235404761905
7 0.6592042538699691 0.828923313095238 0.6634472303405573 0.8343234642857144 0.6703902829721363 0.8331662892857143 0.6734760835913313 0.8304662130952382 0.6750189845201238 0.8215945357142858 0.6734760835913313 0.8134943071428572 0.6734760835913313 0.8080941559523809 0.6738618086687306 0.8007653773809524 0.6742475337461301 0.792279425 0.6719331832817337 0.7830220214285715 0.6692331071207431 0.7753075190476191 0.6669187566563467 0.7706788178571429 0.6781047851393189 0.7768504202380953 0.6796476860681114 0.7884221738095238 0.6885193640866873 0.8100227809523809 0.6927623405572755 0.8158086583333333 0.69931966749226 0.8185087345238095 0.7043340947368422 0.8142657571428572 0.7051055448916409 0.8050083547619047 0.7078056204334365 0.7872649988095238 0.7085770712074303 0.7664358404761905 0.7074198953560371 0.7587213380952381 0.7051055448916409 0.7525497357142857 0.7012482934984521 0.7471495845238095 0.6954624167182663 0.7432923333333333 0.6896765393188854 0.741363707142857 0.6889050891640867 0.741363707142857 0.6873621888544892 0.7513925607142857 0.6970053170278638 0.7868792726190477 0.6873621888544892 0.8019225535714286 0.6796476860681114 0.7656643904761905 0.6730903585139318 0.7463781345238095 0.6680759318885449 0.7483067595238095 0.6630615052631579 0.7537069119047618 0.6592042538699691 0.7614214142857142 0.666147306501548 0.7899650738095237 0.6700045572755418 0.8185087345238095 0.6622900551083591 0.8192801845238095 0.65226120123839 0.7834077464285714 0.6460895993808049 0.7776218702380953 0.6518754761609907 0.8146514833333333 0.6592042538699691 0.828923313095238
7 0.37889080804953557 0.4304036904761905 0.38431321671826624 0.4148142654761905 0.38431321671826624 0.4039694488095238 0.3836354160990712 0.389057825 0.38092421176470587 0.3809242119047619 0.37550180309597525 0.3653347869047619 0.36601258761609906 0.3660125880952381 0.36126798018575845 0.3721127976190476 0.35855677585139323 0.3782130071428571 0.3578789746130031 0.389057825 0.3578789746130031 0.40193604523809523 0.36194578080495354 0.41684766904761905 0.37143499628482973 0.43853730357142856 0.37889080804953557 0.4304036904761905
6 0.6840966619195047 0.6726696571428571 0.6901910643962847 0.6749550583333334 0.7016180687306501 0.6772404595238095 0.7092360718266254 0.6772404595238095 0.7176158749226007 0.6680988559523809 0.7168540749226007 0.6612426535714286 0.7130450730650154 0.65286285 0.7069506705882354 0.65210105 0.6993326681114551 0.6490538488095239 0.696285466873065 0.6505774488095238 0.6856202625386997 0.6635280547619048 0.6840966619195047 0.6726696571428571
7 0.32932761114551085 0.8490385095238095 0.3198675721362229 0.8573160428571429 0.32223258204334365 0.8679585869047618 0.3340576309597523 0.8791923833333334 0.35534271888544894 0.8927911904761905 0.3784015640866873 0.9028424821428572 0.3878616030959752 0.9069812488095238 0.40323416656346744 0.8963387047619048 0.40323416656346744 0.8732798595238095 0.39554788482972136 0.8573160428571429 0.38313158328173375 0.8454909940476191 0.3665765151702786 0.8478560047619047 0.35711647616099074 0.8360309559523809 0.3517952037151703 0.8283446738095238 0.35002144643962846 0.8283446738095238 0.3435176699690402 0.8307096833333334 0.3405614074303405 0.8395784702380952 0.32932761114551085 0.8490385095238095
13 0.3371920563467492 0.7322815416666667 0.3452264507739938 0.6992260535714285 0.3496899950464396 0.6804648666666667 0.3380847517027864 0.6724243392857143 0.32469411826625383 0.6929723476190476 0.32469411826625383 0.717093863095238 0.3361606941176471 0.7267857154761904 0.3371920563467492 0.7322815416666667
