2 0.26634308199470524 0.3533852564435377 0.25799746037910154 0.37767076907978625 0.22254185414954009 0.36548702476486966 0.23088749999999436 0.3412015625000386
2 0.23153968323276786 0.39554548026711955 0.24165733436245773 0.3861808698214753 0.2780253739192631 0.4254714133619056 0.26790775312861115 0.4348359924523874
1 0.276222069509231 0.33623658252988053 0.32456911809924804 0.35904995383112304 0.2984111536902674 0.4144825985336796 0.25006415515179015 0.391669307079966
1 0.3489618815033282 0.3765509592120908 0.3815266114559108 0.37897741626902925 0.3754300684682903 0.4607930479789718 0.34286533995498303 0.4583666036235513
2 0.3795640515912737 0.42344843591625286 0.4101514915998905 0.4278891913708149 0.40439913272894046 0.4675084425029683 0.3738116953489907 0.4630676991545176
1 0.3175377584823309 0.4525766479470888 0.36408429129687647 0.45623720731676753 0.3575323475353116 0.5395436469848987 0.31098581737933273 0.5358831107576286
1 0.3640694326746825 0.4701001589602681 0.394213440147837 0.47252893461042966 0.38693643511430764 0.5628381989894661 0.3567924297327636 0.5604094406567592
2 0.6171687155062955 0.4099827900196064 0.6343503046139176 0.42118043816762707 0.6081720266779485 0.4613458461229453 0.590990465852542 0.45014823371871093
1 0.6417243113199902 0.5416571367913261 0.6106209811345025 0.5483282796035388 0.5960338082294356 0.4803223397248182 0.6271368129870325 0.4736512330307334
1 0.7611663771638177 0.37124848450071535 0.7246737603255724 0.3744786027779432 0.7189328010824738 0.3096206362933686 0.7554251720866887 0.30639052898772234
2 0.7722941752513179 0.4415739242120074 0.728762066277568 0.4534019382578697 0.70929197382236 0.3817467575739584 0.752823695832717 0.3699187992553621
2 0.6882163553352711 0.4865978141980142 0.6583525998497635 0.4709639210366792 0.6946373136015609 0.40165773189946047 0.7245008080078605 0.4172915416555881
2 0.6376883274322154 0.5142072044242469 0.6114081813743724 0.4834515899433731 0.6638394430157177 0.43865314577732295 0.6901194909073638 0.469408607952988
9 0.7614109375000453 0.4395562499999807 0.765877086626574 0.43744867387303354 0.7826770423924927 0.47304713627318296 0.7782108969145156 0.4751547066522296
9 0.7752719629710327 0.48939215126915125 0.7703685474702979 0.4914116203118295 0.7502091169233154 0.4424663365039379 0.7551124999999956 0.44044687499998886
1 0.3622447278769414 0.4095820982265713 0.33235295366546325 0.437479791784067 0.29562137172763414 0.3981245453718675 0.3255130383482765 0.37022694359839775
1 0.6571783477819508 0.37893894923618315 0.6514184693112384 0.43653608525458104 0.621667890332219 0.4335610091391705 0.627427863060575 0.3759639787699618
1 0.6502403843750244 0.4206730765624746 0.6343744389204176 0.3889425137000668 0.6795669445156136 0.3663463621470068 0.6954329072850669 0.39807683030861646
1 0.6959134609375042 0.3978365390624904 0.6750876564541386 0.3682431066258017 0.7140303612167145 0.34083908317645484 0.7348561436202772 0.37043243750497923
7 0.7896559616241348 0.4807590762538769 0.8032680456583421 0.5109728187326337 0.7652655410377065 0.528092482737219 0.7516535708400625 0.4978788370161755
7 0.7713497052423008 0.45264890681255926 0.7948336481020988 0.4619576492655873 0.7804831371504406 0.4981584062967972 0.756999208831644 0.48884969011318313
7 0.38270416455543455 0.6835870000073532 0.38270433164950646 0.6236894044013255 0.414162099156556 0.623689546563555 0.41416212013427867 0.6835869535354413
7 0.31787861039367726 0.6262252368098323 0.33716097376679954 0.6449614248877361 0.3123670615966603 0.6704747745513074 0.2930847633075473 0.6517386522835149
7 0.28703277051420173 0.5774906402378899 0.3233659972455598 0.5831061081033492 0.3149635910009465 0.6374653680183325 0.2786303708020341 0.6318499287736024
9 0.6235209562499904 0.5510410703125072 0.6303145500236269 0.5498139073359907 0.6427698923340586 0.6187598338007836 0.6359763005860941 0.619986989071848
9 0.30040761782322534 0.6050225764593856 0.2943661088564795 0.6027830180620284 0.32046646278843127 0.5323810359418365 0.3265079008807561 0.534620579834366
9 0.33931504839290483 0.5398487958518166 0.34518939456597764 0.5406729322073991 0.331751890749274 0.636444064691708 0.3258775460449215 0.6356199355121993
9 0.3673194141579188 0.5596817370153873 0.37402218888723837 0.5602888867219026 0.36705586136599777 0.6371871408511377 0.36035308720806825 0.6365799954342665
6 0.3472258426936605 0.4695894374897854 0.3080727018614198 0.5341356995232216 0.23584688718801772 0.4903271042792214 0.27499999999997726 0.42578125000000383
10 0.39270831650924265 0.5156249996377421 0.4180199040363277 0.5161874218506826 0.41510571858248113 0.6473263719653415 0.3897941312175135 0.6467639562840247