2 0.3482099354938555 0.5842026109859098 0.29786310862709797 0.5831069207240436 0.2993053026976895 0.51685744096701 0.34965156249995744 0.5179531249999996
2 0.5769257794635223 0.5835907406738043 0.570404670648486 0.5268627766326168 0.5966281901642105 0.5238485910066478 0.6031494083149482 0.5805764284260775
2 0.6794512439412301 0.5667896458978707 0.6435834148826416 0.5765370963568346 0.6231696297472809 0.5014259672156944 0.6590370239433696 0.49167857949747573
9 0.7215253038190212 0.7332717936709003 0.7104417411010218 0.736238743417212 0.6866409158735678 0.647339489662405 0.697724275604628 0.6443725685294368
9 0.7028237050258213 0.6405119476629737 0.7123679777951111 0.6378429390364024 0.738725160669901 0.7320821343780951 0.7291808989095898 0.7347511156887317
2 0.2854177232046595 0.670723653913153 0.2360818092053023 0.6269463991614098 0.2810809785354422 0.5762398133961332 0.3304165237595953 0.6200167857132959
9 0.28463917221040447 0.6651131853647613 0.29242135131971736 0.6672437839570943 0.26931498369185647 0.7516290159680447 0.26153281249992233 0.749498437499994
2 0.3942342661644034 0.5443778913727682 0.4174536412269845 0.5481644264559303 0.4140149343103303 0.5692489033012286 0.3907955609182636 0.5654623750876107
9 0.6570486143202743 0.492110568080403 0.6514780358844519 0.4924036123747194 0.6460446162814151 0.3891235204380288 0.6516151187499872 0.3888304781249979
10 0.2088850917596119 0.4211522113792309 0.2518316631203561 0.4201762167885196 0.25344228714902783 0.491043969621248 0.2104957159958758 0.49201995938646464
6 0.36718739983064097 0.6979324068853654 0.30089782506377105 0.6955074882011798 0.304024074764925 0.6100751026278073 0.3703125000000682 0.612500000000001
9 0.5828126299447831 0.5242187414515259 0.5759753372270779 0.5246685355385547 0.5681628229009448 0.4059185402559501 0.5750000000000455 0.4054687499999968
9 0.5882952290078265 0.5253065964146794 0.583103272558219 0.5249680146122497 0.5904422865514789 0.41243713677801314 0.595634158573489 0.41277571579570926
6 0.6810564413235625 0.6819280592813204 0.6207129636516129 0.6964668795795594 0.6005950079734248 0.6129761958137968 0.6609375000000455 0.5984374999999994
9 0.6819851503523751 0.40349261173086926 0.6900095247331137 0.40545923879907236 0.6659649960849947 0.5035615031471348 0.657940626524919 0.5015948899230606
9 0.24601825446143266 0.7332702788222234 0.23721511326141353 0.7294669903513609 0.2689767324867489 0.6559622879194144 0.27777974526509297 0.659765544819969
2 0.23823336233681403 0.5456534469689722 0.2593449175379874 0.509465748074555 0.3026578729022731 0.5347319436910405 0.2815464904780356 0.5709194926620734
2 0.36608324187375274 0.6358896855247862 0.37533454152708146 0.6090414615687767 0.41134908361459566 0.6214497916497836 0.40209789928769624 0.6482979176988589