2 0.3190823573133912 0.608000736446756 0.2740404244104866 0.6161620319126023 0.26533405268787646 0.5681159533053175 0.31037560208244486 0.5599546933926469
0 0.27252811410517097 0.5319796864890411 0.28415337868739243 0.5330584223405225 0.2806768266096924 0.570520919934861 0.2690515625000671 0.5694421875000051
2 0.3520217691656171 0.6039318453887071 0.31591136492681926 0.6099062477974979 0.304247814646601 0.5394152950370703 0.34035778060956545 0.5334409295186414
9 0.33051243060970137 0.5338268844269725 0.32422915696997734 0.5358650615534964 0.3001824206743322 0.4617397274226123 0.3064656249999871 0.45970156250000216
9 0.3348375299070767 0.5164359356130609 0.3314944100545745 0.5166468645037108 0.32748503715606603 0.45310467786388164 0.3308281250000391 0.45289374999999715
9 0.3299031249999871 0.4483546875000013 0.3371565464968853 0.4481415745461525 0.33974378346931644 0.5361933475718429 0.3324903620344912 0.5364064591041784
9 0.39929071452252174 0.561254682851958 0.3908556953340394 0.5616926321392158 0.3839999528346425 0.4296582075063535 0.3924348007228673 0.4292202627324127
2 0.3976380366751755 0.6121179487649017 0.37516554849003114 0.6111777270096078 0.3773345438171418 0.5593441332451268 0.3998068241585315 0.5602843506453439
0 0.5584891192096393 0.5433734154197354 0.5819537042065122 0.5500866265063767 0.5661719855670526 0.6052427684489476 0.542707414290021 0.5985295910147855
2 0.5523671483676935 0.5968827934954489 0.5732234375000189 0.5811124999999931 0.5907376742152337 0.6042726741743955 0.5698814218344523 0.620042925617444
2 0.5952871629170886 0.6176229408710923 0.5715213512044102 0.6162808935820757 0.5748844393973513 0.5567338847415082 0.5986500004112258 0.5580759249769246
9 0.5701390625000613 0.547639062500004 0.5615486962235536 0.54643680680088 0.574809783571709 0.4516915067851782 0.5834000270979232 0.4528937537924925
9 0.5732234374999052 0.5561499999999925 0.5661573400894895 0.5551567648652976 0.5808288299696187 0.4507895535086718 0.5878948151198529 0.4517827806476467
9 0.6035147378377133 0.4632860956794089 0.6156615083078805 0.4652404064067196 0.5986488711204174 0.5709719675037727 0.5865021045063941 0.5690176733733273
0 0.6509375187273463 0.6032390622163687 0.6409335297911412 0.6033905754087794 0.6404511504587163 0.5715419264334557 0.6504550823906357 0.5713904136727745
0 0.6787956966924185 0.619915483889365 0.6636351466190717 0.6214069112940822 0.656747453629464 0.5513992303567087 0.6719078124999669 0.5499078125000029
2 0.6609962874875919 0.5604793059360601 0.6976541105676688 0.5522756047785868 0.7131322041550447 0.6214316065334006 0.6764743983676453 0.6296352554053085
9 0.6753040816480507 0.5553091802387138 0.6648405166893099 0.5547207498333944 0.6699153572725436 0.4644876886111622 0.6803787775035062 0.46507611497125706
9 0.6806096906348102 0.5501524123542425 0.6740453861834794 0.5475359900657812 0.7066799663715528 0.4656664027328669 0.7132441897956596 0.4682828067503479
0 0.6986192580648094 0.5540151033984484 0.7096761085228991 0.551010348318613 0.7202787068058569 0.5900218219207105 0.7092218605113203 0.593026566437353
0 0.3102360881638333 0.7188256796058614 0.2930543974533748 0.7177262504342138 0.29637113941635107 0.6659018804830922 0.31355264309888753 0.6670013036650202
0 0.5235131541179499 0.6211147022850423 0.508824524298916 0.6229069343280739 0.5037266642710847 0.5811304866171478 0.5184151817671818 0.5793382615178887
0 0.44882695602586864 0.6102131552257898 0.43120697349729653 0.6062465464441139 0.43909996672618945 0.5711892498386263 0.45671983916872705 0.575155845732168
0 0.48820087218666686 0.61923808125 0.47700276842658695 0.61923808125 0.4770028025944839 0.5830234484374999 0.4882008316970996 0.5830234484374999
0 0.5046967935910516 0.6156693854461263 0.4935580560508015 0.6137588734163596 0.49950197394412044 0.5791085200838089 0.5106406414206504 0.581019025951378
0 0.47917022809997434 0.6210430743475721 0.458610105889079 0.62124279902889 0.4581824810609305 0.5772179237525085 0.4787424367635822 0.5770181998842344
0 0.4298759096179765 0.6882962644195534 0.4289762557298218 0.668493857239199 0.44622964843131285 0.6677101203337702 0.4471293359374613 0.6875124921875534
0 0.6365748733306873 0.5826982617521971 0.626790018192878 0.5830479054777169 0.6255628240769511 0.5487072147519952 0.6353476213007525 0.5483575720625187