2 0.2760046873065016 0.5694421869047619 0.2705406247678019 0.574925 0.26855468730650156 0.5858890630952381 0.27004531269349846 0.5986812499999999 0.28146718761609907 0.6023359380952381 0.2889171876160991 0.605990625 0.29487812507739936 0.6078171880952381 0.29885156222910214 0.6078171880952381 0.3053078123839009 0.60873125 0.31375156222910217 0.601421875 0.3157375003095975 0.58954375 0.3107703126934984 0.5621328119047618 0.30381718761609905 0.5621328119047618 0.29835468730650155 0.5621328119047618 0.295375 0.5740109380952381 0.29189843777089786 0.581320313095238 0.28444843777089784 0.577665625 0.28345468730650153 0.5694421869047619 0.2760046873065016 0.5694421869047619
0 0.27948125015479874 0.5667015630952381 0.2819640625386997 0.55665 0.2809718749226006 0.540203125 0.2725281250773994 0.5319796869047619 0.2690515622291022 0.5694421869047619 0.2745140625386997 0.568528125 0.27948125015479874 0.5667015630952381
2 0.31375156222910217 0.596853125 0.32020781238390095 0.6032500000000001 0.3266640625386997 0.6041625 0.3395781250773994 0.605990625 0.35100156222910217 0.5977671880952381 0.34752343777089784 0.586803125 0.34355156222910216 0.5721828119047618 0.34404687492260067 0.555735936904762 0.3400734377708979 0.54294375 0.332625 0.5347203119047619 0.32567031269349844 0.540203125 0.3212015622291022 0.5484265630952381 0.31424843777089784 0.55208125 0.3097781250773994 0.559390625 0.3107703126934984 0.573096875 0.31375156222910217 0.596853125
9 0.31170781238390094 0.49657812500000004 0.31571718761609907 0.5096265630952381 0.3246609374613003 0.535725 0.3292875003095975 0.530051563095238 0.32527812507739934 0.5187046869047619 0.3203437498452012 0.5101953119047619 0.31571718761609907 0.4982796869047619 0.30646562476780187 0.45970156309523813 0.308625 0.478990625 0.31170781238390094 0.49657812500000004
9 0.3348374996904025 0.5164359380952381 0.3308281250773994 0.45289375 0.3314453126934985 0.51586875 0.3348374996904025 0.5164359380952381
9 0.33637968730650153 0.48863593690476187 0.33576250030959753 0.5062234380952381 0.3323703126934984 0.5323203130952381 0.33576250030959753 0.535725 0.33637968730650153 0.5362921869047619 0.3379218749226006 0.503953125 0.33822968730650155 0.48466406309523813 0.3299031250773994 0.4483546869047619 0.3348374996904025 0.471615625 0.33637968730650153 0.48863593690476187
9 0.38942343777089783 0.4784234369047619 0.38973125015479876 0.4999828119047619 0.39034843777089784 0.5238109369047619 0.39065625015479877 0.5431 0.39065625015479877 0.5578515619047619 0.39929062476780186 0.5612546869047619 0.39528281238390095 0.53345625 0.39528281238390095 0.49884843690476194 0.39466562476780187 0.4721828119047619 0.3844890625386997 0.42963281190476194 0.38942343777089783 0.4784234369047619
2 0.3823296873065016 0.559553125 0.3783203126934985 0.5709 0.3761625003095975 0.587353125 0.37708750030959753 0.5981328119047619 0.38356249969040246 0.6083453130952381 0.38880625015479875 0.6117484369047619 0.3943562501547988 0.6066421869047619 0.3983656247678019 0.5947281249999999 0.39898281238390093 0.579978125 0.39589843777089784 0.567496875 0.39374062476780186 0.5612546869047619 0.38849687492260065 0.5606875 0.3823296873065016 0.559553125
0 0.5608875003095976 0.5453703119047619 0.5559531250773994 0.55558125 0.5525609374613003 0.5640921880952381 0.5500937498452012 0.5816796869047619 0.5463921876160991 0.5856515630952381 0.5507109374613003 0.5969984380952381 0.5571859374613003 0.602671875 0.5624296873065016 0.5981328119047619 0.5636625003095975 0.5918921869047619 0.5682890625386997 0.5856515630952381 0.5729140625386997 0.5816796869047619 0.5719890625386997 0.573170313095238 0.5738390625386997 0.5612546869047619 0.5769234377708978 0.557284375 0.5790828123839009 0.5521781250000001 0.5753812501547988 0.54820625 0.5719890625386997 0.554446875 0.5676718749226006 0.54820625 0.5608875003095976 0.5453703119047619
2 0.5608875003095976 0.5987 0.5550281250773994 0.6004015619047619 0.5593453126934984 0.606075 0.5648968749226007 0.6134515619047619 0.5710640625386997 0.616854688095238 0.5778484377708979 0.6140187500000001 0.5809328123839009 0.607209375 0.5759984377708979 0.60380625 0.5747640625386997 0.5992671869047619 0.5738390625386997 0.5907578119047618 0.5732234377708978 0.5811125 0.5667468749226006 0.587353125 0.5611953126934984 0.5918921869047619 0.5608875003095976 0.5987
1 0.5778484377708979 0.606075 0.584632812383901 0.6066421869047619 0.5917265622291022 0.617421875 0.5954265622291022 0.615153125 0.5954265622291022 0.597565625 0.5966609374613002 0.582246875 0.5978937498452012 0.571467186904762 0.5938843752321981 0.5640921880952381 0.5874078123839009 0.5589859369047618 0.584632812383901 0.557284375 0.5775406247678019 0.559553125 0.5741484377708979 0.5697656249999999 0.5750734377708978 0.5811125 0.5756890625386997 0.6004015619047619 0.5778484377708979 0.606075
9 0.5738390625386997 0.49203906190476193 0.5756890625386997 0.4784234369047619 0.5790828123839009 0.466509375 0.5834 0.45289375 0.5750734377708978 0.466509375 0.5713718749226007 0.4784234369047619 0.5682890625386997 0.4982796869047619 0.5673625003095976 0.5198390619047619 0.5655125003095975 0.53799375 0.5642796873065016 0.5413984380952381 0.5701390625386997 0.547639061904762 0.5704468749226006 0.5255125 0.5716812501547988 0.5073578130952381 0.5738390625386997 0.49203906190476193
9 0.5738390625386997 0.54820625 0.5753812501547988 0.5328890619047618 0.5784656247678018 0.509059375 0.582475 0.49033750000000004 0.5877171876160991 0.4517578119047619 0.582782812383901 0.4648078119047619 0.580007812383901 0.4857984380952381 0.5756890625386997 0.5084921880952381 0.5713718749226007 0.52835 0.5689046873065016 0.5425328119047619 0.5670546873065015 0.5487734369047619 0.5732234377708978 0.55615 0.5738390625386997 0.54820625
9 0.5994359374613003 0.48863593690476187 0.5966609374613002 0.5062234380952381 0.5926515622291022 0.5317531249999999 0.588025 0.559553125 0.5982015622291021 0.5709 0.6006687498452012 0.55841875 0.6019031250773994 0.5323203130952381 0.6022109374613003 0.5101953119047619 0.6059125003095975 0.463671875 0.5994359374613003 0.48863593690476187
0 0.6509375003095975 0.603239061904762 0.6506281250773993 0.5907578119047618 0.6506281250773993 0.5828140619047619 0.6497031250773995 0.57600625 0.6453859374613004 0.571467186904762 0.6426109374613003 0.57600625 0.6416843752321981 0.583948436904762 0.6407593752321982 0.5918921869047619 0.6419937498452012 0.5987 0.6478531250773994 0.6021046869047619 0.6509375003095975 0.603239061904762
0 0.6666640625386996 0.55841875 0.6638890625386997 0.5691984369047619 0.6645062501547988 0.583948436904762 0.6632718749226006 0.59643125 0.6641968749226006 0.6066421869047619 0.6629640625386998 0.6145859369047619 0.6660484377708977 0.617421875 0.6753 0.6202593750000001 0.678382812383901 0.615720311904762 0.6728328123839009 0.607778125 0.6691312501547987 0.5981328119047619 0.6675890625386997 0.58338125 0.6678984377708977 0.5697656249999999 0.6697484377708978 0.5550140630952382 0.6719078123839008 0.5499078119047619 0.6666640625386996 0.55841875
1 0.6770984377708978 0.558103125 0.6690796873065016 0.5586703130952382 0.6678468749226006 0.56434375 0.6681546873065015 0.577959375 0.6684640625386997 0.5938453130952381 0.6727812501547988 0.613134375 0.6801828123839009 0.6159718750000001 0.68635 0.620509375 0.6919015622291023 0.626182813095238 0.6977609374613003 0.621078125 0.7005359374613003 0.6159718750000001 0.7033109374613004 0.6091625 0.7088624996904024 0.6023546880952381 0.6968359374613002 0.562640625 0.6900515622291022 0.555265625 0.6857328123839009 0.557534375 0.6770984377708978 0.558103125
9 0.674375 0.5340234369047618 0.6734484377708978 0.5198390619047619 0.6715984377708978 0.5011171869047619 0.6725234377708978 0.49260624999999997 0.6737578123839009 0.47785625 0.67715 0.4721828119047619 0.6802343752321982 0.46764374999999997 0.6756078123839009 0.4648078119047619 0.6709828123839009 0.4721828119047619 0.6691312501547987 0.48182812500000005 0.6682062501547987 0.49487656190476187 0.6688234377708978 0.5181375 0.6691312501547987 0.5425328119047619 0.6700562501547987 0.5550140630952382 0.6756078123839009 0.5499078119047619 0.674375 0.5340234369047618
9 0.7030546873065016 0.4835296880952381 0.7073718749226007 0.4659421869047619 0.6947281250773994 0.4977125 0.6888687498452012 0.5113296869047619 0.6854765622291022 0.5204062500000001 0.6814671876160991 0.5289171869047619 0.6793078123839009 0.5436671869047619 0.67715 0.5487734369047619 0.681159375232198 0.5487734369047619 0.6848593752321981 0.53345625 0.6913359374613003 0.52324375 0.6971953126934985 0.5067906249999999 0.7030546873065016 0.4835296880952381
0 0.7129234377708977 0.5816796869047619 0.7147734377708977 0.5765734369047619 0.7147734377708977 0.5697656249999999 0.7119984377708979 0.5652265630952381 0.7070640625386997 0.559553125 0.7012046873065017 0.5533125 0.7005875003095975 0.559553125 0.7024375003095975 0.5680640619047619 0.7067546873065016 0.5805453119047619 0.7092218749226007 0.5930265619047619 0.7129234377708977 0.5816796869047619
0 0.3114859374613003 0.6992953119047619 0.31223281238390094 0.687625 0.3092468749226006 0.6759546880952381 0.30327656222910215 0.66634375 0.2969343752321981 0.66634375 0.2980531250773994 0.6793875 0.29432187492260065 0.697921875 0.29469531269349847 0.71783125 0.30253125015479876 0.710279686904762 0.3114859374613003 0.6992953119047619
0 0.38769531269349844 0.716796875 0.38964843777089786 0.7158203119047618 0.401367187616099 0.7001953119047618 0.40917968730650156 0.689453125 0.4082031250773994 0.6806640619047618 0.39160156222910214 0.6845703119047618 0.38769531269349844 0.716796875
13 0.2734374996904025 0.5615234380952381 0.3085937498452012 0.5517578119047619 0.3457031250773994 0.5595703119047619 0.379882812383901 0.55859375 0.3974609374613003 0.5615234380952381 0.42578125015479873 0.5625 0.473632812383901 0.5634765619047619 0.5019531250773994 0.5625 0.5283203126934984 0.5634765619047619 0.5585937498452013 0.560546875 0.5947265622291021 0.568359375 0.6484375003095975 0.5703125 0.6894531250773994 0.5595703119047619 0.7431640625386997 0.5732421880952381 0.7421874996904025 0.5576171880952381 0.697265624767802 0.54296875 0.6601562501547988 0.5546875 0.6152343752321981 0.560546875 0.5771484377708979 0.5498046880952381 0.53125 0.548828125 0.46093749969040243 0.55078125 0.432617187616099 0.548828125 0.4082031250773994 0.5400390619047619 0.390625 0.5390625 0.359375 0.5419921880952381 0.32421874984520127 0.53515625 0.2773437498452012 0.5361328119047619 0.2734374996904025 0.5615234380952381
