0 0.28245156222910217 0.5355390630952381 0.29091250030959753 0.523284375 0.2939343752321982 0.5024515630952381 0.2921203126934985 0.4889703119047619 0.2806390625386997 0.4693625 0.2673453126934984 0.45710781190476185 0.257675 0.45955781309523813 0.2504234377708978 0.477940625 0.25102812507739936 0.491421875 0.25465468730650154 0.5110296880952381 0.2655312501547988 0.5269609369047619 0.28245156222910217 0.5355390630952381
0 0.34832031269349845 0.5955890630952381 0.35859374984520126 0.585785938095238 0.36886718761609905 0.5784328119047619 0.3706796873065015 0.567403125 0.3706796873065015 0.5477953119047618 0.36524062476780184 0.5306375 0.35859374984520126 0.5208328130952381 0.34832031269349845 0.5196078119047619 0.3362343752321981 0.5404421869047619 0.3332124996904025 0.5723046869047619 0.33744374984520126 0.5919125 0.34832031269349845 0.5955890630952381
0 0.4002906247678019 0.5563734380952381 0.39182968730650153 0.5588234369047619 0.3894124996904025 0.568628125 0.3912265622291022 0.584559375 0.39847812507739944 0.5808828119047619 0.4002906247678019 0.5563734380952381
0 0.4141890625386997 0.5931375 0.4208375003095975 0.585785938095238 0.42204531269349843 0.568628125 0.41902343777089784 0.5661765630952381 0.4153984377708978 0.569853125 0.4141890625386997 0.5931375
0 0.4371531250773994 0.54656875 0.44984374984520126 0.5502453119047619 0.45165625015479877 0.5428921880952381 0.44923906253869966 0.5269609369047619 0.440175 0.5183828119047619 0.4347359374613003 0.5196078119047619 0.4292968749226006 0.5379906250000001 0.4371531250773994 0.54656875
10 0.42808906253869966 0.4791671869047619 0.4286921876160991 0.523284375 0.44923906253869966 0.5281859369047619 0.4486343752321982 0.5098046869047619 0.4450093752321982 0.45955781309523813 0.4383609374613003 0.4191171880952381 0.43534062476780183 0.42156718809523813 0.42990156222910214 0.4436265619047619 0.42808906253869966 0.4791671869047619
0 0.5157124996904024 0.6250015619047619 0.5126906247678019 0.5906875 0.5090640625386997 0.60661875 0.5157124996904024 0.6250015619047619
0 0.5237828123839009 0.6260499999999999 0.524092187616099 0.6203890619047618 0.5256437498452012 0.6090703119047619 0.524092187616099 0.597121875 0.5209921876160991 0.585171875 0.5160296873065016 0.5839140619047619 0.5144796873065015 0.59460625 0.5144796873065015 0.6021515630952381 0.5157203126934984 0.6153578119047619 0.5175796873065016 0.628565625 0.5237828123839009 0.6260499999999999
0 0.5532421876160991 0.616615625 0.5529312501547987 0.600265625 0.5516921876160991 0.592090625 0.5495203126934984 0.592090625 0.54735 0.5990078119047619 0.5479703126934984 0.6153578119047619 0.5526218749226006 0.6273078119047619 0.5532421876160991 0.616615625
0 0.5566531250773994 0.6046671880952381 0.5569625003095975 0.626678125 0.5591343752321981 0.6241625000000001 0.5647156247678018 0.617245313095238 0.5644062501547987 0.6059249999999999 0.5622343752321981 0.5933484380952381 0.5569625003095975 0.5902031249999999 0.5566531250773994 0.6046671880952381
0 0.5907640625386997 0.58265625 0.5873531250773993 0.5908328119047619 0.5864234377708978 0.60089375 0.5932453126934984 0.6078125 0.5944859374613003 0.5864296869047619 0.5929343752321982 0.582028125 0.5907640625386997 0.58265625
0 0.6025484377708978 0.5983796880952381 0.5988265622291022 0.582028125 0.5957265622291021 0.5883171880952381 0.5951062501547988 0.59775 0.5935546873065015 0.6090703119047619 0.5951062501547988 0.6210187500000001 0.5972765622291022 0.618503125 0.6016171876160991 0.6078125 0.6025484377708978 0.5983796880952381
0 0.6211546873065015 0.578884375 0.6183640625386997 0.5883171880952381 0.6174328123839009 0.5996359369047619 0.6208437498452012 0.61095625 0.6230140625386997 0.60278125 0.623325 0.582028125 0.6211546873065015 0.578884375
2 0.6599171876160992 0.62919375 0.6661187498452011 0.629823436904762 0.6692203126934985 0.6273078119047619 0.6732515622291022 0.6216468749999999 0.678832812383901 0.619760936904762 0.6890656247678019 0.619760936904762 0.6909265622291021 0.617245313095238 0.6881359374613003 0.61284375 0.6875156247678018 0.603409375 0.6844156247678018 0.595234375 0.6791437498452013 0.585171875 0.6757328123839008 0.5858015630952381 0.6720109374613003 0.600265625 0.6670484377708977 0.6078125 0.6605375003095975 0.614101561904762 0.6599171876160992 0.62919375
2 0.6909265622291021 0.617245313095238 0.6937171876160991 0.6241625000000001 0.6989890625386997 0.6241625000000001 0.7024 0.623534375 0.7076718749226005 0.616615625 0.7138749999999999 0.6122140619047619 0.7135640625386996 0.603409375 0.7089124996904025 0.5996359369047619 0.7017812501547989 0.603409375 0.6971296873065015 0.60278125 0.6937171876160991 0.5958640630952381 0.6884468749226007 0.5958640630952381 0.6896859374613004 0.607182811904762 0.6909265622291021 0.617245313095238
0 0.7216265622291022 0.6122140619047619 0.7179062501547987 0.597121875 0.7191468749226007 0.5776265619047619 0.7163546873065015 0.560646875 0.7135640625386996 0.563790625 0.7076718749226005 0.5776265619047619 0.7058124996904025 0.587059375 0.7058124996904025 0.5964921869047619 0.7132546873065015 0.6078125 0.7157343752321982 0.619760936904762 0.7216265622291022 0.622276563095238 0.7216265622291022 0.6122140619047619
2 0.752017187616099 0.5436671869047619 0.7501562501547988 0.5304609380952381 0.7470546873065016 0.51976875 0.744575 0.514109375 0.7411640625386997 0.5128515630952382 0.7371328123839009 0.5185109369047619 0.7334109374613003 0.532346875 0.7334109374613003 0.5512125 0.7281390625386998 0.5524703130952381 0.7222468749226006 0.5524703130952381 0.7194562501547987 0.5625328130952381 0.7160453126934985 0.57636875 0.7188359374613004 0.5958640630952381 0.7225578123839009 0.6078125 0.7312406247678018 0.6153578119047619 0.7368218749226005 0.61913125 0.7417843752321982 0.6147296880952381 0.7510859374613004 0.6122140619047619 0.7557375003095975 0.6065546880952382 0.7610093752321981 0.6021515630952381 0.7662812501547989 0.593976563095238 0.7665921876160992 0.58454375 0.7631812501547988 0.5795125 0.7625609374613004 0.5707078130952381 0.7616296873065015 0.5625328130952381 0.7575984377708979 0.5568734369047619 0.7517062501547987 0.554357811904762 0.752017187616099 0.5436671869047619
0 0.7712437498452012 0.5392640630952381 0.7690718749226005 0.553728125 0.7706234377708978 0.5650484369047619 0.7734140625386997 0.5593890630952382 0.7746546873065017 0.5461828130952381 0.7712437498452012 0.5392640630952381
0 0.7631812501547988 0.5499546869047619 0.7653515622291021 0.554985936904762 0.7687625003095975 0.5600171880952381 0.7678328123839009 0.5531 0.7653515622291021 0.542409375 0.7631812501547988 0.5499546869047619
9 0.7538781250773994 0.467571875 0.7507765622291022 0.436128125 0.7495359374613002 0.482665625 0.7458156247678019 0.5059343749999999 0.744575 0.514109375 0.7489156247678018 0.524171875 0.7526374996904025 0.49147031190476187 0.7538781250773994 0.467571875
9 0.7374421876160991 0.4367578119047619 0.7324812501547987 0.4191484369047619 0.7362015622291023 0.46442812499999997 0.7371328123839009 0.49524375 0.7362015622291023 0.5046765630952381 0.7417843752321982 0.5021609369047619 0.7402328123839008 0.46694375 0.7374421876160991 0.4367578119047619
9 0.7324812501547987 0.4581390630952381 0.73155 0.43298437500000003 0.7293796873065015 0.482665625 0.73155 0.5021609369047619 0.7349609374613003 0.5248 0.7380624996904025 0.5122234369047619 0.7327906247678018 0.4839234380952381 0.7324812501547987 0.4581390630952381
0 0.8152781250773994 0.638626561904762 0.809075 0.6273078119047619 0.8056640625386997 0.6260499999999999 0.7966718749226006 0.629823436904762 0.7923296873065016 0.63736875 0.7917093752321981 0.648060938095238 0.7960515622291021 0.6568640619047619 0.8003921876160991 0.660009375 0.8044234377708978 0.6612671880952381 0.8084546873065016 0.6549781250000001 0.8118671876160991 0.6518328119047619 0.8146578123839009 0.6455453130952381 0.8152781250773994 0.638626561904762
0 0.7585296873065015 0.6801328130952381 0.7538781250773994 0.678246875 0.7504671876160991 0.69396875 0.7513968749226007 0.7059171880952381 0.753257812383901 0.7122062499999999 0.7569781250773994 0.712834375 0.7597687498452013 0.7115765619047619 0.7603890625386998 0.706545313095238 0.7600796873065016 0.69396875 0.7585296873065015 0.6801328130952381
0 0.7058124996904025 0.6933390630952381 0.7092234377708979 0.7122062499999999 0.7148046873065016 0.714721875 0.7250375003095976 0.7059171880952381 0.7287593752321981 0.696484375 0.7275187498452013 0.678875 0.7213171876160991 0.6801328130952381 0.7157343752321982 0.6700703130952381 0.7117031250773993 0.666926563095238 0.7070515622291021 0.666926563095238 0.7039515622291022 0.678875 0.7058124996904025 0.6933390630952381
2 0.7166656247678018 0.6807625 0.7219375003095976 0.6807625 0.7262781250773994 0.67384375 0.7306203126934984 0.6801328130952381 0.7371328123839009 0.679504686904762 0.7408531250773994 0.672585938095238 0.744575 0.673215625 0.7507765622291022 0.67384375 0.7526374996904025 0.6681843749999999 0.7544984377708979 0.65560625 0.7489156247678018 0.649946875 0.7389921876160991 0.6562359369047619 0.7281390625386998 0.65749375 0.7219375003095976 0.6625249999999999 0.7172859374613004 0.663153125 0.7166656247678018 0.6807625
0 0.7058124996904025 0.7122062499999999 0.7051921876160991 0.6958546880952381 0.7024 0.6870499999999999 0.7005406247678019 0.6901953130952381 0.6983687498452011 0.697742188095238 0.6974390625386997 0.7090609369047619 0.7024 0.7159781249999999 0.7058124996904025 0.7122062499999999
0 0.6779031250773994 0.7166078130952381 0.6757328123839008 0.71031875 0.676042187616099 0.7008859369047619 0.6710812501547988 0.694596875 0.6698406247678019 0.7090609369047619 0.6751124996904024 0.7216390619047619 0.6779031250773994 0.7166078130952381
0 0.40377343777089786 0.669442186904762 0.40253281238390093 0.678875 0.4006718749226006 0.694596875 0.40563437523219814 0.694596875 0.408425 0.6908234369047619 0.4112156247678019 0.6776171880952381 0.408425 0.6688125 0.40377343777089786 0.669442186904762
0 0.3988109374613003 0.669442186904762 0.39353906253869975 0.6707000000000001 0.38857812507739936 0.679504686904762 0.38609687492260064 0.687679688095238 0.38764843777089786 0.6958546880952381 0.39105937523219814 0.6971124999999999 0.39447031269349847 0.696484375 0.3991218749226006 0.687679688095238 0.4019124996904025 0.6813906249999999 0.40222187492260064 0.67384375 0.3988109374613003 0.669442186904762
2 0.3771046873065016 0.660009375 0.3696624996904025 0.6549781250000001 0.3612890625386997 0.649946875 0.3547765622291022 0.644915625 0.3495046873065015 0.6543484380952381 0.35229687492260064 0.663153125 0.3619093752321982 0.6719578119047619 0.37152187492260064 0.6776171880952381 0.37648437523219813 0.679504686904762 0.38175625015479875 0.679504686904762 0.3888875003095975 0.67573125 0.3932296873065016 0.666296875 0.3857874996904025 0.6644109380952381 0.3771046873065016 0.660009375
0 0.31260312507739935 0.6625249999999999 0.31942499999999996 0.663153125 0.3225265622291022 0.6606375000000001 0.3405125003095975 0.64743125 0.3426828123839009 0.6417718750000001 0.34082187492260063 0.62919375 0.3290390625386997 0.616615625 0.3237671876160991 0.609698436904762 0.31539374984520124 0.60278125 0.30299062476780186 0.5933484380952381 0.29740781238390096 0.591460938095238 0.2943078123839009 0.5964921869047619 0.28996562476780186 0.610328125 0.2905859374613003 0.6254203119047619 0.29120625015479873 0.636740625 0.2933765622291022 0.6468031249999999 0.30205937523219817 0.6549781250000001 0.31260312507739935 0.6625249999999999
0 0.2794218749226006 0.607182811904762 0.2853140625386997 0.609698436904762 0.28996562476780186 0.5964921869047619 0.29089687492260063 0.58454375 0.288725 0.5732234369047619 0.28407343777089783 0.5656765630952381 0.28097343777089784 0.5625328130952381 0.26794843777089783 0.5524703130952381 0.26236718761609906 0.544925 0.25368437523219817 0.537378125 0.24593125015479875 0.5342328119047619 0.23786874984520123 0.5430375 0.23941874984520123 0.5568734369047619 0.24748281238390094 0.5782546880952382 0.2515140625386997 0.5902031249999999 0.2626765622291022 0.59460625 0.2719796873065015 0.60278125 0.2794218749226006 0.607182811904762
