2 0.3475624996904025 0.589209375 0.34302656222910216 0.570675 0.33784062476780186 0.57479375 0.3336281250773994 0.589209375 0.33751718761609906 0.60019375 0.3446468749226006 0.6008796869047619 0.3475624996904025 0.589209375
2 0.3550171876160991 0.59950625 0.35307187492260067 0.589209375 0.3495078123839009 0.5898953130952381 0.3456187498452012 0.5967609380952381 0.34691562476780186 0.603625 0.3488593752321981 0.60774375 0.352425 0.6139234369047619 0.35598906253869966 0.613235936904762 0.35728593746130033 0.606371875 0.3550171876160991 0.59950625
2 0.36538750030959755 0.6221609380952381 0.3712203126934984 0.6303984380952381 0.37608125015479876 0.6331437499999999 0.3845078123839009 0.635203125 0.39293281238390093 0.6297124999999999 0.39714531269349845 0.6207875 0.3964984377708978 0.6104906250000001 0.39196093746130034 0.6029390619047619 0.38904374984520124 0.593328125 0.386775 0.576853125 0.3802937498452012 0.57479375 0.3767296873065016 0.589209375 0.3715437498452012 0.5885234369047619 0.37024843777089783 0.5947015619047619 0.3657109374613003 0.6091171869047619 0.36538750030959755 0.6221609380952381
2 0.4123765622291022 0.6461875 0.4175625003095975 0.63795 0.41561718761609906 0.62559375 0.4114046873065016 0.6152953119047619 0.4033031250773994 0.614609375 0.39811874984520124 0.61666875 0.39617343777089786 0.62490625 0.39714531269349845 0.638635936904762 0.40168281238390097 0.6468734380952381 0.40622031269349845 0.6516796869047619 0.4123765622291022 0.6461875
2 0.5714953126934984 0.626279688095238 0.5770046873065016 0.623532811904762 0.5841343752321981 0.6180421880952381 0.590292187616099 0.611864061904762 0.5867265622291021 0.6043125 0.5815421876160991 0.6008796869047619 0.5783015622291022 0.606371875 0.5740875003095975 0.6008796869047619 0.5718203126934985 0.6029390619047619 0.566957812383901 0.601565625 0.5653374996904025 0.611176561904762 0.5685796873065015 0.6207875 0.5714953126934984 0.626279688095238
2 0.624967187616099 0.598134375 0.622375 0.5919546880952381 0.6262640625386997 0.5905828119047619 0.6295046873065016 0.5795984369047619 0.6175140625386997 0.5665546880952381 0.6126531250773993 0.572734375 0.6097359374613003 0.580971875 0.6116796873065016 0.598134375 0.6139484377708979 0.6049984380952381 0.6178375003095975 0.6043125 0.6226984377708978 0.6049984380952381 0.624967187616099 0.598134375
0 0.6035953126934984 0.609892188095238 0.6099468749226006 0.6176812500000001 0.6119531250773994 0.61343125 0.6126218749226006 0.60351875 0.6092781250773993 0.578026563095238 0.604932812383901 0.568821875 0.5989140625386997 0.5659890630952381 0.5918937498452013 0.573778125 0.5905562501547987 0.5865234380952381 0.591225 0.5957296869047619 0.5979124996904025 0.60139375 0.6035953126934984 0.609892188095238
0 0.5979124996904025 0.5992703130952381 0.5939 0.585815625 0.5892203126934985 0.57731875 0.5848734377708978 0.5794421880952382 0.5838703126934984 0.59148125 0.585207812383901 0.6056421880952381 0.5885515622291021 0.616264061904762 0.5925625003095976 0.6219296880952381 0.5952374996904025 0.619096875 0.5985796873065016 0.6106 0.5979124996904025 0.5992703130952381
2 0.6236531250773993 0.649545311904762 0.621982812383901 0.6382156250000001 0.6152953126934985 0.641048438095238 0.6062687498452012 0.644589063095238 0.5989140625386997 0.649545311904762 0.5902218749226007 0.64175625 0.5922281250773994 0.654501563095238 0.5875484377708978 0.657334375 0.5838703126934984 0.6587500000000001 0.5832015622291022 0.6700796869047619 0.5842046873065015 0.681409375 0.5885515622291021 0.6842421880952381 0.5925625003095976 0.687782811904762 0.596575 0.6807015630952381 0.5992484377708979 0.671496875 0.6032609374613004 0.677160936904762 0.6076062501547987 0.6736203130952381 0.6122874996904024 0.6707890630952381 0.6149609374613003 0.6601671880952381 0.6203109374613003 0.655210936904762 0.6236531250773993 0.649545311904762
9 0.5447562501547988 0.8152421869047619 0.5464281250773994 0.8060359380952381 0.5470968749226006 0.779128125 0.5504390625386997 0.728853125 0.5437531250773994 0.7295609369047619 0.5404109374613003 0.723189063095238 0.5447562501547988 0.8152421869047619
9 0.43175937523219815 0.757178125 0.4347687498452012 0.813117188095238 0.43677499999999997 0.76355 0.4334312501547988 0.7253125 0.4260765622291022 0.721771875 0.4297531250773994 0.7380578130952381 0.43175937523219815 0.757178125
1 0.4100296873065016 0.750804688095238 0.41939062476780187 0.7472640630952381 0.4244046873065016 0.724604686904762 0.4240703126934985 0.7061937500000001 0.41972499999999996 0.6899078130952381 0.4130390625386997 0.6835343749999999 0.4013374996904025 0.681409375 0.3949859374613003 0.6856593750000001 0.3903046873065016 0.6962796869047619 0.38830000000000003 0.712567188095238 0.3906390625386997 0.728145311904762 0.40033437523219817 0.7493875 0.4100296873065016 0.750804688095238
9 0.4076890625386997 0.7784203130952381 0.4076890625386997 0.7415984380952381 0.4137062501547987 0.7621343749999999 0.4120359374613003 0.733101563095238 0.3953203126934985 0.7196484369047619 0.3872968749226006 0.752928125 0.39197656222910215 0.7536375000000001 0.3953203126934985 0.7472640630952381 0.4 0.7415984380952381 0.40534843777089785 0.743723438095238 0.4076890625386997 0.7784203130952381
2 0.35954843777089784 0.664415625 0.3572078123839009 0.6707890630952381 0.35787656222910214 0.686367186904762 0.36389531269349845 0.6941562499999999 0.3709156247678018 0.6962796869047619 0.3732546873065016 0.71115 0.37860468730650154 0.7054859369047619 0.3876312501547987 0.7019453130952381 0.39130781238390094 0.687782811904762 0.3826156247678018 0.6707890630952381 0.3762640625386997 0.656626561904762 0.3705812501547987 0.6637078130952381 0.36757187492260057 0.6523781249999999 0.35787656222910214 0.6523781249999999 0.35954843777089784 0.664415625
9 0.357542187616099 0.6856593750000001 0.3528625003095975 0.702653125 0.34918437523219814 0.7104421880952381 0.33748437523219815 0.721771875 0.3318015622291021 0.738767186904762 0.3281234377708978 0.757178125 0.33380625015479876 0.740890625 0.3394906247678019 0.73239375 0.3451734377708978 0.723189063095238 0.35219374984520124 0.717523436904762 0.3558718749226006 0.71823125 0.35954843777089784 0.7253125 0.3605515622291021 0.767090625 0.3625578123839009 0.7621343749999999 0.36422968730650157 0.743723438095238 0.36623437523219815 0.73239375 0.3722531250773994 0.750096875 0.3715843752321981 0.717523436904762 0.36957812507739934 0.702653125 0.3625578123839009 0.692739063095238 0.357542187616099 0.6856593750000001
1 0.5746050346749226 0.7412717011904761 0.5858897566563468 0.7308550345238095 0.5910980904024767 0.7169661464285715 0.5893619789473684 0.7039453130952381 0.5832855900928793 0.6822439238095238 0.5720008681114551 0.6770355904761904 0.5546397566563468 0.6813758678571429 0.550299479256966 0.7056814238095238 0.5633203126934985 0.7395355904761904 0.5746050346749226 0.7412717011904761
