2 0.359488577914135 0.5776499340759926 0.3102572701183135 0.5743005478196423 0.3164626655060374 0.48310346694557876 0.36569323193259606 0.48645282751680263
1 0.38303533536031864 0.5913865281710848 0.3539342289373053 0.5883965743801944 0.3615243949739124 0.5145309870879349 0.3906251380725507 0.5175209219881012
1 0.38740862984150226 0.5302821819852899 0.4141002277183361 0.5316693392213339 0.41045123502522074 0.6018763867298055 0.38375963778264577 0.6004892378974793
1 0.4142516371691727 0.5277307829360613 0.44444573958423916 0.5291256857683319 0.44034198241251943 0.617947161984112 0.41014788076881814 0.6165522699673797
1 0.5635609374999999 0.54534375 0.59699375 0.54534375 0.59699375 0.6206765625 0.5635609374999999 0.6206765625
1 0.5961565945940492 0.5371933261638264 0.6223310450865256 0.5366774141980721 0.6237674263059034 0.6095441850724769 0.597592975906764 0.6100600937531753
1 0.6563769581995302 0.5961447159851863 0.6242666512813457 0.5977836573962577 0.6209946735161793 0.5336819543127962 0.6531046250755708 0.5320430220122534
2 0.6630661027865017 0.5859797516378346 0.6515522288585771 0.5864958946375788 0.6497056278825539 0.5453058959207201 0.6612194201001103 0.5447897547556428
2 0.6752837253264943 0.5899773051155512 0.7182506124448764 0.5879579082719165 0.7221937797093005 0.6718472075782093 0.6792268936776509 0.6738665881308479
9 0.7497566638397757 0.7471918750177017 0.7437155825301716 0.7490313978522989 0.71613403269032 0.6584660667842352 0.7221749999999929 0.6566265624999926
9 0.7208110573067188 0.7347968475247977 0.7162131455266945 0.7358512834663639 0.7015923772710266 0.6721064910648878 0.7061902272972702 0.6710520624708665
7 0.697897444053865 0.7065842267051247 0.7327776685738172 0.7001346238778772 0.7465205523985787 0.7744457093458841 0.7116403428126432 0.7808952571344608
2 0.6391454477000025 0.6208041636934436 0.6360447747827038 0.6643469386531028 0.5995791960694987 0.6617504178162155 0.6026800120949929 0.6182077981513995
2 0.2867911372485423 0.5852270826238685 0.3140179591364358 0.5668316323140712 0.3496354464843989 0.619542900740467 0.3224087121427601 0.6379382437249624
10 0.29296870029781985 0.3789062461273365 0.3227358893152541 0.38122562808525584 0.31327317014631717 0.5026644100976287 0.2835059833947753 0.5003450470682741
9 0.34703054989427073 0.4252651086662584 0.3533494598823381 0.42580326773099886 0.3474997316345707 0.4944848147947422 0.3411808219764225 0.49394665833570406
9 0.344594348562282 0.4034994716288802 0.3492625382195911 0.40377127020350423 0.3441913480663743 0.49086476983499877 0.33952315854890003 0.49059297288397186
9 0.33630726444528136 0.4899043289571892 0.33005326372369836 0.4904575022507643 0.3242821489814105 0.4252151616334494 0.3305360923442322 0.4246619909090374
6 0.33732854328241046 0.5992297442872274 0.39384040369134254 0.6194702044368013 0.3689681389220141 0.6889053689647009 0.31245635058940024 0.6686650555278663
6 0.6988668920004102 0.6849686650615441 0.640844173311848 0.702032038583075 0.6175296607931386 0.6227617596136165 0.6755514703125982 0.6056985296874869