0 0.2911406247678019 0.46599375 0.287425 0.483571875 0.2870124996904025 0.5137046880952381 0.29567968730650157 0.51035625 0.3031093752321981 0.5086828130952381 0.30888749969040247 0.517053125 0.3159046873065015 0.517053125 0.31838125015479873 0.5019859380952381 0.31631718761609906 0.4760390630952381 0.30765000000000003 0.46683125000000003 0.29815625015479874 0.4701796880952381 0.2911406247678019 0.46599375
9 0.3060078123839009 0.4465734380952381 0.30559531269349843 0.4114171880952381 0.30229374984520124 0.3829578119047619 0.30105625015479875 0.404721875 0.30064218761609907 0.4348546880952381 0.29940468730650155 0.4683359380952381 0.30765937523219816 0.4733578130952381 0.3060078123839009 0.4465734380952381
2 0.35223593746130033 0.52023125 0.34398125015479875 0.526090625 0.34687031269349844 0.5143734380952381 0.34645781238390094 0.4976328130952381 0.33655156222910215 0.494284375 0.32499531269349846 0.49512031309523813 0.32086718761609906 0.483403125 0.31962968730650154 0.503490625 0.313025 0.533625 0.313025 0.5528765630952381 0.31426406253869965 0.561246875 0.32045468730650156 0.56626875 0.32912187492260064 0.5654312499999999 0.3398531250773994 0.5763140630952381 0.35141093746130037 0.572128125 0.36049062476780186 0.5629203130952382 0.36214218761609906 0.538646875 0.3596656247678019 0.5235796880952381 0.35223593746130033 0.52023125
9 0.34687031269349844 0.41811406309523813 0.3427421876160991 0.40220937500000004 0.3406796873065015 0.45410625 0.3386156247678019 0.4875875 0.34521874984520123 0.492609375 0.3481078123839009 0.4733578130952381 0.3489343752321981 0.4515953130952381 0.34687031269349844 0.41811406309523813
9 0.3361390625386997 0.48423906309523806 0.3303609374613003 0.44908437500000004 0.3266453126934985 0.424809375 0.3287093752321981 0.4624765630952381 0.3303609374613003 0.48675 0.3361390625386997 0.48423906309523806
1 0.37658749969040245 0.5193953130952381 0.3695718749226006 0.5227437500000001 0.3629671876160991 0.5252546880952381 0.36172968730650157 0.5352984380952381 0.36049062476780186 0.55455 0.35595 0.5687796880952382 0.35760156222910217 0.578825 0.36668125015479874 0.58970625 0.3724609374613003 0.5888687499999999 0.3798890625386997 0.5855203130952381 0.38484218761609906 0.5738015630952381 0.3869062501547988 0.5537140630952381 0.38938281238390093 0.52023125 0.3844296873065015 0.5168843750000001 0.37658749969040245 0.5193953130952381
1 0.38814531269349845 0.54366875 0.3856687498452013 0.5637578119047619 0.38484218761609906 0.5796609380952381 0.38814531269349845 0.5922171880952382 0.3943359374613003 0.5964015619047619 0.40176562476780187 0.601425 0.4096078123839009 0.5930546869047619 0.41208437523219815 0.5704546880952381 0.41125781238390097 0.54534375 0.4034156247678019 0.5311140630952381 0.3943359374613003 0.53195 0.38814531269349845 0.54366875
1 0.42776874984520125 0.53195 0.418275 0.5327875 0.4133218749226006 0.5478546880952381 0.41208437523219815 0.5746390630952382 0.4124968749226006 0.6030984380952381 0.4195140625386997 0.61146875 0.42694218761609903 0.617328125 0.43932499999999997 0.61063125 0.44097656222910214 0.5989140619047619 0.44303906253869973 0.5595718749999999 0.4413890625386997 0.54283125 0.43808749969040245 0.533625 0.43313437523219817 0.5286031250000001 0.42776874984520125 0.53195
1 0.5912156247678019 0.55455 0.5796578123839009 0.54534375 0.5697531250773994 0.5553875 0.5635609374613003 0.56794375 0.5635609374613003 0.582171875 0.5660374996904025 0.6022609369047619 0.5742921876160991 0.6156546869047619 0.5817218749226006 0.620676563095238 0.5903890625386997 0.6156546869047619 0.5957546873065015 0.605609375 0.5957546873065015 0.5930546869047619 0.5969937498452013 0.572128125 0.5912156247678019 0.55455
1 0.6011203126934984 0.5470171880952381 0.5965812501547987 0.5587359380952381 0.5969937498452013 0.5754765619047619 0.5974062501547988 0.6005874999999999 0.6056609374613003 0.6097953119047619 0.6110265622291022 0.6097953119047619 0.6188687498452012 0.604771875 0.6221703126934984 0.593890625 0.6229968749226006 0.5704546880952381 0.6184562501547988 0.54534375 0.6135031250773993 0.537809375 0.6073124996904025 0.5369734380952381 0.6011203126934984 0.5470171880952381
1 0.6366602433436532 0.5341201392857142 0.6288180557275542 0.5332826392857143 0.6230383678018576 0.5433279511904762 0.6222133678018575 0.5575576392857142 0.6234524303405573 0.5726232642857143 0.6275789931888545 0.5809935761904762 0.6317071182662539 0.5885279511904762 0.6416133678018575 0.5968982642857142 0.6449149306501548 0.5960607642857143 0.6506930557275542 0.5918763892857143 0.6556461808049536 0.5818310761904762 0.6544071182662539 0.5575576392857142 0.6469789931888544 0.5383060761904762 0.6366602433436532 0.5341201392857142
2 0.660432812383901 0.549403125 0.6559984377708978 0.5459453119047619 0.6508828123839009 0.545253125 0.6508828123839009 0.5535546869047618 0.650540624767802 0.56393125 0.6519062501547987 0.579840625 0.6563406247678019 0.5839921869047618 0.6611156247678018 0.5860671880952382 0.6628218749226006 0.5805328119047619 0.660432812383901 0.571540625 0.6617984377708978 0.5577046869047619 0.660432812383901 0.549403125
2 0.7208109374613003 0.65731875 0.7208109374613003 0.6483265630952382 0.7204687498452013 0.635182811904762 0.7156937498452012 0.6185796880952381 0.717057812383901 0.6151218749999999 0.7191046873065016 0.606128125 0.7184218749226007 0.5936765619047619 0.7143296873065015 0.5881421880952381 0.7078484377708978 0.592984375 0.6993203126934985 0.59851875 0.6921562501547988 0.5978265619047619 0.6836296873065015 0.5950609369047619 0.6785124996904025 0.604053125 0.6764656247678018 0.6151218749999999 0.6771484377708978 0.6296484380952381 0.6798765622291021 0.6421 0.6832874996904024 0.652476561904762 0.6870406247678019 0.664928125 0.6948859374613002 0.665620311904762 0.7000031250773995 0.660778125 0.7027312501547988 0.6725375 0.7075062501547987 0.6725375 0.7098953126934984 0.6663125 0.7122828123839009 0.6642359380952381 0.7177406247678018 0.660778125 0.7208109374613003 0.65731875
9 0.7197875003095975 0.6704625 0.7259265622291021 0.68568125 0.7337718749226007 0.7071265619047619 0.7416187498452013 0.729954688095238 0.7450296873065015 0.74863125 0.7436640625386997 0.7271875 0.7378656247678019 0.70989375 0.7307031250773993 0.687065625 0.7242218749226006 0.6642359380952381 0.722175 0.656626561904762 0.7197875003095975 0.6704625
9 0.7027312501547988 0.6718453130952381 0.7054609374613003 0.68568125 0.7105765622291021 0.7112765619047619 0.7163765622291022 0.7278796869047619 0.7208109374613003 0.734796875 0.7167171876160991 0.7188859369047619 0.7115999999999999 0.7015921869047619 0.7071656247678019 0.675304686904762 0.7027312501547988 0.6718453130952381
7 0.7259265622291021 0.708509375 0.7211515622291023 0.702284375 0.7218343752321982 0.71611875 0.7255859374613003 0.7334125 0.7238796873065015 0.741714063095238 0.7191046873065016 0.741714063095238 0.7129640625386997 0.734104688095238 0.7078484377708978 0.723728125 0.7054609374613003 0.717503125 0.7027312501547988 0.732721875 0.7081890625386996 0.750015625 0.7098953126934984 0.7714593750000001 0.7163765622291022 0.779070311904762 0.7289968749226006 0.777685938095238 0.7395718749226007 0.763159375 0.7416187498452013 0.747940625 0.7354781250773994 0.7313375 0.7293375003095975 0.7168109380952381 0.7259265622291021 0.708509375
2 0.6375796873065016 0.630340625 0.63485 0.6241140630952381 0.6273453126934985 0.6199640619047619 0.6198406247678019 0.6254984380952381 0.6154062501547988 0.622039061904762 0.6079031250773994 0.6185796880952381 0.6065375003095975 0.6282656249999999 0.6014218749226006 0.635875 0.6038093752321981 0.652476561904762 0.6075609374613004 0.6614703130952381 0.6150656247678018 0.6628531249999999 0.6171124996904025 0.6559359369047618 0.6194999999999999 0.647634375 0.6280281250773994 0.6497093749999999 0.6334859374613003 0.649017186904762 0.6375796873065016 0.6427921880952381 0.6375796873065016 0.630340625
2 0.32512031269349845 0.588834375 0.31557031269349844 0.584684375 0.3097703126934985 0.5839921869047618 0.30772499999999997 0.5805328119047619 0.3009015622291022 0.5791499999999999 0.2937390625386997 0.5805328119047619 0.29203281238390094 0.592984375 0.2998781250773994 0.599903125 0.31045312507739936 0.6088953119047619 0.3125 0.6185796880952381 0.31727500000000003 0.630340625 0.3254624996904025 0.635875 0.33399062476780184 0.617196875 0.33535468730650153 0.6033609380952382 0.332625 0.59436875 0.32512031269349845 0.588834375
13 0.23871527801857584 0.4826388892857143 0.27690972198142416 0.4878472226190476 0.359375 0.5112847226190477 0.38107638885448913 0.5190972226190477 0.44184027801857584 0.5407986107142857 0.4565972222910216 0.5460069440476191 0.49131944458204335 0.5546875 0.5251736111455109 0.5616319440476191 0.5512152780185758 0.5590277773809523 0.5859374996904024 0.5520833333333334 0.6171874996904024 0.5451388892857143 0.644965278018576 0.5416666666666666 0.6875 0.5208333333333334 0.7309027777089783 0.5078125 0.7743055554179568 0.4817708333333333 0.7682291665634675 0.4609375 0.7317708334365325 0.4800347226190476 0.6901041665634675 0.4965277773809524 0.6545138891640867 0.515625 0.6336805554179566 0.5173611107142857 0.6102430557275542 0.5199652773809523 0.5894097219814242 0.5295138892857143 0.5442708334365325 0.5399305559523809 0.5182291665634675 0.5399305559523809 0.5017361108359133 0.5329861107142857 0.47829861114551087 0.5286458333333334 0.44184027801857584 0.5078125 0.41406250030959757 0.491319444047619 0.38454861114551087 0.493055555952381 0.338541666873065 0.4869791666666667 0.2986111108359133 0.475694444047619 0.24652777770897832 0.4548611107142857 0.23871527801857584 0.4826388892857143
13 0.35329861114551087 0.6814236107142858 0.3767361108359133 0.6727430559523809 0.40625 0.6796875 0.42968749969040243 0.6909722226190476 0.46180555541795665 0.7126736107142858 0.49392361114551087 0.7178819440476191 0.5329861108359133 0.71875 0.5685763888544891 0.7100694440476191 0.5850694445820434 0.7022569440476191 0.6154513888544891 0.6875 0.640625 0.6875 0.6571180557275542 0.6927083333333334 0.671875 0.6883680559523809 0.6796874996904025 0.6796875 0.6875 0.6710069440476191 0.7369791665634675 0.6371527773809524 0.734375 0.609375 0.6319444445820434 0.6553819440476191 0.5659722222910216 0.6788194440476191 0.5269097219814242 0.6822916666666666 0.47743055541795665 0.6805555559523809 0.44357638885448913 0.6736111107142858 0.4053819442724458 0.6545138892857142 0.359375 0.6423611107142858 0.317708333126935 0.6223958333333334 0.27604166687306503 0.5989583333333334 0.27690972198142416 0.6241319440476191 0.3255208334365325 0.6701388892857142 0.35329861114551087 0.6814236107142858
6 0.35390625015479876 0.65859375 0.36718749969040243 0.6515625 0.37656250030959754 0.621875 0.33359374984520124 0.628125 0.35390625015479876 0.65859375
6 0.6398437498452012 0.65703125 0.6414062501547988 0.6703125 0.6460937498452012 0.678125 0.6492187498452012 0.6828125 0.6710937498452012 0.67890625 0.6773437498452012 0.6671875 0.6789062501547988 0.6546875 0.6757812501547988 0.63828125 0.6703125003095974 0.625 0.6609374996904025 0.62265625 0.6398437498452012 0.6421875 0.6398437498452012 0.65703125
