1 0.23937968730650153 0.53560625 0.24883437523219815 0.5425578130952381 0.25829062476780185 0.5512484369047619 0.26869062476780187 0.548642186904762 0.2729468749226006 0.527784375 0.2748374996904025 0.5008421869047619 0.2748374996904025 0.478246875 0.2639640625386997 0.46607968690476187 0.25309062476780186 0.463471875 0.23607031269349846 0.4686859380952381 0.22661562476780187 0.4825921869047619 0.21952343777089783 0.5112718749999999 0.22756093746130032 0.5329984380952381 0.23937968730650153 0.53560625
1 0.2705828123839009 0.5460343750000001 0.2682187498452012 0.5564640630952381 0.2748374996904025 0.566892186904762 0.288075 0.572976561904762 0.2961124996904025 0.5816671869047619 0.30745781238390096 0.5816671869047619 0.31502187492260064 0.5747140630952381 0.3192781250773994 0.55385625 0.31785937523219815 0.530390625 0.31549531269349845 0.5147484380952381 0.30604062476780186 0.49562812500000003 0.2961124996904025 0.48780625 0.2819281250773994 0.49562812500000003 0.27578281238390095 0.5069265619047619 0.2729468749226006 0.5260453119047619 0.2705828123839009 0.5460343750000001
9 0.26407812507739936 0.4059171869047619 0.2638359374613003 0.399228125 0.2589828123839009 0.4072546869047619 0.2538890625386997 0.4215265630952381 0.25146250030959755 0.43758125 0.2497640625386997 0.451853125 0.24879374984520122 0.46077187500000005 0.2519484377708978 0.46255625 0.2558296873065015 0.4589890630952381 0.25510156222910213 0.446946875 0.2570421876160991 0.4286625 0.26019687492260063 0.41617499999999996 0.26407812507739936 0.4059171869047619
9 0.2577703126934985 0.4509609369047619 0.25728437523219816 0.4603265619047619 0.26019687492260063 0.4585421869047619 0.26068125015479876 0.43668906190476187 0.2638359374613003 0.4233109369047619 0.2703859374613003 0.4041328130952381 0.27596562476780184 0.3876328119047619 0.2650484377708978 0.41126875 0.2592265622291022 0.4308921880952381 0.2577703126934985 0.4509609369047619
9 0.28688281238390095 0.4108234380952381 0.28688281238390095 0.3858484369047619 0.2849421876160991 0.3746984380952381 0.28518437523219814 0.4077015619047619 0.2822734377708978 0.43 0.27596562476780184 0.4527453119047619 0.2703859374613003 0.4652328130952381 0.2662609374613003 0.46790781309523805 0.27014374984520123 0.471921875 0.27450937523219815 0.4647859380952381 0.27960468730650156 0.44873125 0.2839718749226006 0.4335671880952381 0.28688281238390095 0.4108234380952381
1 0.3164734377708978 0.5812859380952381 0.3191156247678018 0.5866828119047619 0.3226374996904025 0.5942375 0.32821562476780186 0.5985546869047619 0.33203125015479873 0.6001734380952382 0.34054374984520125 0.597475 0.34847031269349843 0.59261875 0.3552218749226006 0.579128125 0.3572765622291022 0.5564625 0.35404843777089784 0.5359578119047619 0.3458281250773994 0.5284015630952381 0.32997656222910215 0.5321796880952381 0.3211703126934985 0.5489078119047619 0.31588593746130034 0.5742703130952381 0.3164734377708978 0.5812859380952381
1 0.35434062476780187 0.57696875 0.35052500000000003 0.590459375 0.3572765622291022 0.6007125 0.3640281250773994 0.60233125 0.3713671876160991 0.5980140619047619 0.3757703126934985 0.5947765619047619 0.3792937498452012 0.58938125 0.38222812507739934 0.5780484380952381 0.3834031250773994 0.55808125 0.3816421876160991 0.5354171869047619 0.3795859374613003 0.52624375 0.37224843777089783 0.5203078119047619 0.36373437523219815 0.5203078119047619 0.359625 0.530021875 0.35698281238390095 0.5456703119047619 0.3552218749226006 0.5613203130952381 0.35434062476780187 0.57696875
1 0.3866312501547987 0.6050296880952382 0.39426406253869967 0.612584375 0.40072187492260064 0.6109656250000001 0.4089421876160991 0.607728125 0.4118765622291022 0.59585625 0.41334531269349845 0.5764296880952381 0.41275781238390097 0.5575421880952381 0.4118765622291022 0.5424328119047619 0.4068874996904025 0.5278625 0.39426406253869967 0.5240859380952381 0.38516406253869967 0.5343375 0.3798796873065015 0.555384375 0.3798796873065015 0.5748109380952381 0.38017343777089785 0.6012531249999999 0.3866312501547987 0.6050296880952382
9 0.3443609374613003 0.458790625 0.3455343752321981 0.4307296869047619 0.34083749969040245 0.460409375 0.3443609374613003 0.458790625
1 0.41716093746130034 0.6098859380952381 0.42890312507739936 0.6163625 0.4406453126934985 0.6158218750000001 0.44387499999999996 0.5980140619047619 0.44387499999999996 0.5764296880952381 0.44299374984520123 0.5629390619047618 0.4397640625386997 0.5526859380952381 0.4350671876160991 0.542971875 0.4280218749226006 0.536496875 0.42068437523219815 0.539734375 0.4145187498452012 0.5521453119047619 0.4151062501547988 0.5645578130952381 0.41246406253869966 0.5850640619047619 0.41275781238390097 0.60395 0.41716093746130034 0.6098859380952381
9 0.43549687492260064 0.54376875 0.43585156222910215 0.5026328130952381 0.4365624996904025 0.472596875 0.43762812507739934 0.45104843690476193 0.43585156222910215 0.40860781309523814 0.4337203126934984 0.46084375 0.43123437523219815 0.500673436904762 0.43087812507739937 0.5365859380952381 0.43549687492260064 0.54376875
2 0.42974218761609906 0.5472328119047619 0.42707343777089785 0.5543687500000001 0.42586093746130027 0.5673015619047619 0.42392031269349845 0.5829109369047619 0.42658906253869966 0.592721875 0.43216874984520126 0.5855859369047619 0.4333812501547987 0.5717609380952381 0.4341093752321981 0.560165625 0.43362343777089785 0.5503546869047619 0.42974218761609906 0.5472328119047619
1 0.44575468730650153 0.6221562500000001 0.4520625003095975 0.626615625 0.46395000000000003 0.6297375000000001 0.47777812507739936 0.6261703130952381 0.48044687492260063 0.62081875 0.48165937523219815 0.6003031249999999 0.48093125015479876 0.586925 0.47850625015479875 0.5704234380952381 0.4714703126934985 0.5592734380952381 0.4629796873065015 0.5565984369047619 0.45060625015479877 0.5632874999999999 0.44575468730650153 0.572653125 0.44478437523219816 0.592721875 0.44478437523219816 0.616359375 0.44575468730650153 0.6221562500000001
1 0.48360000000000003 0.622603125 0.4884531250773994 0.6261703130952381 0.5005828123839009 0.627507811904762 0.5141687498452012 0.622603125 0.5182921876160991 0.6132375 0.51805 0.5967359380952382 0.5168375003095975 0.586478125 0.5136828123839009 0.573545313095238 0.5110140625386996 0.55838125 0.5061625003095975 0.5494625 0.4979140625386997 0.548125 0.4913640625386997 0.5548140630952381 0.4848140625386997 0.5659640619047619 0.48165937523219815 0.5797890619047619 0.48141718761609903 0.605209375 0.48360000000000003 0.622603125
1 0.5216890625386997 0.6136828130952381 0.5292093752321981 0.6150203119047619 0.5410984377708978 0.611453125 0.5491031250773994 0.598965625 0.5498312501547988 0.586925 0.5476484377708978 0.5708687499999999 0.5449796873065016 0.5548140630952381 0.5401265622291022 0.546340625 0.5330921876160991 0.5458953119047619 0.5241156247678018 0.5494625 0.5195062501547988 0.5530296880952381 0.5144109374613003 0.5592734380952381 0.5144109374613003 0.5784515630952382 0.51805 0.5985203130952381 0.5216890625386997 0.6136828130952381
2 0.5558968749226006 0.59584375 0.5607484377708979 0.5953984369047619 0.5680265622291022 0.5953984369047619 0.5721515622291021 0.5891546880952381 0.571907812383901 0.578896875 0.5689968749226005 0.5686390619047619 0.5639031250773994 0.5610578130952381 0.5575953126934985 0.556151563095238 0.5500734377708978 0.5597203119047619 0.5471625003095975 0.5655171869047619 0.5466781250773994 0.5766671880952381 0.550317187616099 0.586925 0.5558968749226006 0.59584375
9 0.5112578123839009 0.4491171880952381 0.5127125003095976 0.462496875 0.5161093752321981 0.4584828119047619 0.5124703126934984 0.42681875 0.5076187498452012 0.3996140630952381 0.5105296873065015 0.4344 0.5112578123839009 0.4491171880952381
1 0.5947124996904025 0.5079859380952381 0.5888906247678019 0.5053109369047619 0.582825 0.512446875 0.5753046873065015 0.5209203119047618 0.5736062501547988 0.528946875 0.5753046873065015 0.5467859369047618 0.5811281250773994 0.561503125 0.5898609374613003 0.578896875 0.60005 0.5855859369047619 0.6102406247678018 0.5842484369047619 0.617275 0.5762203119047619 0.6233406247678018 0.5628421880952381 0.6260093752321981 0.5503546869047619 0.6221281250773995 0.531178125 0.6180031250773994 0.5177984380952381 0.6124234377708978 0.50308125 0.6087843752321982 0.498621875 0.6022343752321981 0.50575625 0.5947124996904025 0.5079859380952381
9 0.593257812383901 0.4575921869047619 0.5898609374613003 0.4384140619047619 0.5852515622291022 0.4187921880952381 0.5804 0.404075 0.5840390625386996 0.42235937500000004 0.5876781250773994 0.4388609369047619 0.5893765622291022 0.4509015630952381 0.5905890625386997 0.4682953130952381 0.593257812383901 0.4575921869047619
2 0.7078640625386996 0.48160781190476193 0.7009249999999999 0.4801359369047619 0.6955874996904025 0.4767015619047619 0.6915843752321982 0.4747390630952381 0.6881156247678019 0.48258906309523814 0.68945 0.495834375 0.6934531250773994 0.5110421880952382 0.6971890625386997 0.514965625 0.7057296873065015 0.5076078130952381 0.7129343752321982 0.5012296869047619 0.7209406247678019 0.49534375 0.7321484377708978 0.48307968690476194 0.7388203126934985 0.47572031309523805 0.7396203126934985 0.463946875 0.7353515622291023 0.4408890619047619 0.7305468749226006 0.4207765630952381 0.723075 0.4227390630952381 0.7196062501547987 0.429115625 0.7182718749226007 0.43941874999999997 0.7150687498452013 0.4541359369047619 0.7150687498452013 0.46787187500000005 0.7078640625386996 0.48160781190476193
2 0.7055265622291023 0.5952078119047619 0.70685 0.5895312500000001 0.706407812383901 0.581828125 0.7101578123839009 0.5822328130952381 0.7145687498452012 0.5737187499999999 0.7136859374613004 0.566421875 0.709717187616099 0.5579078119047619 0.7057468749226006 0.5579078119047619 0.7011156247678018 0.563584375 0.6962624996904024 0.5688546880952381 0.6925140625386996 0.573314061904762 0.6878828123839009 0.5761515630952381 0.680825 0.5858828119047619 0.6748703126934985 0.5968296869047619 0.6744281250773995 0.6134515619047619 0.6790593752321982 0.6304796880952381 0.6806046873065016 0.6361562500000001 0.6839124996904025 0.639804688095238 0.6852359374613003 0.6385890630952381 0.6856765622291021 0.633723438095238 0.6883234377708979 0.636967186904762 0.6920718749226006 0.636967186904762 0.6958218749226006 0.6325078130952381 0.6964828123839009 0.622776563095238 0.6925140625386996 0.6142625 0.6894265622291021 0.6102078130952381 0.6938374996904024 0.600478125 0.6962624996904024 0.599667186904762 0.6991296873065015 0.5968296869047619 0.7011156247678018 0.5927749999999999 0.7055265622291023 0.5952078119047619
2 0.6717812501547988 0.6069656250000001 0.6684734377708977 0.5948015619047619 0.6625187498452013 0.588315625 0.6565640625386997 0.58669375 0.6517125003095975 0.5935859380952381 0.6484031250773994 0.5952078119047619 0.6444343752321982 0.597234375 0.6402437498452013 0.5980453130952381 0.6371562501547988 0.6008828119047619 0.6303187498452012 0.6073703119047619 0.6272312501547987 0.606559375 0.6239234377708979 0.6118296869047618 0.6203937498452012 0.6162890630952381 0.6197328123839009 0.6260203119047619 0.6245843752321981 0.643048436904762 0.632082812383901 0.662914063095238 0.6331859374613003 0.6523734369047619 0.6351703126934984 0.6507515630952381 0.6389203126934985 0.6458859380952381 0.6384796873065015 0.6394 0.645757812383901 0.6329125 0.6501687498452012 0.63331875 0.6561234377708978 0.6316968749999999 0.6609750000000001 0.6243984380952381 0.6636218749226007 0.639804688095238 0.6689156247678019 0.647914063095238 0.6750906247678019 0.6511562500000001 0.6799421876160991 0.64548125 0.6790593752321982 0.636967186904762 0.6764140625386997 0.622371875 0.6717812501547988 0.6069656250000001
2 0.5956921876160991 0.6329125 0.5996625003095976 0.656021875 0.6045140625386997 0.656428125 0.6064999999999999 0.6539953130952381 0.6080437498452012 0.6523734369047619 0.6120125003095975 0.658860938095238 0.6175265622291022 0.665753125 0.6217171876160991 0.666157813095238 0.6265687498452013 0.656428125 0.6234812501547988 0.6458859380952381 0.6212765622291021 0.6316968749999999 0.6184093752321981 0.6207499999999999 0.6148796873065016 0.62034375 0.6111312501547987 0.6231828119047619 0.6069406247678019 0.622371875 0.6012062501547988 0.6252093750000001 0.5956921876160991 0.6329125
2 0.5643750000000001 0.6385890630952381 0.5615078123839009 0.6426421880952381 0.5588609374613003 0.647103125 0.5665796873065015 0.6568328130952381 0.5698875003095975 0.6539953130952381 0.5712109374613004 0.662914063095238 0.5729765622291022 0.66980625 0.5773875003095975 0.680753125 0.5824593752321982 0.68278125 0.585767187616099 0.6783203119047618 0.5897375003095975 0.6706171869047619 0.5906203126934985 0.6544 0.5890765622291022 0.643048436904762 0.5855468749226006 0.6389937499999999 0.580475 0.636967186904762 0.5756218749226006 0.638182811904762 0.5725343752321982 0.637371875 0.5681234377708978 0.6365609380952381 0.5643750000000001 0.6385890630952381
2 0.39256718761609904 0.7330546869047619 0.3947718749226006 0.743190625 0.40028593746130026 0.7419734369047619 0.4075640625386997 0.7379187500000001 0.4155031250773994 0.724134375 0.41594531269349844 0.709134375 0.41329843777089786 0.700214063095238 0.4093281250773994 0.695348438095238 0.3989625003095975 0.696159375 0.39543437523219815 0.7046734369047619 0.3914640625386997 0.708728125 0.3905812501547988 0.7196750000000001 0.3912437498452012 0.7237296869047619 0.39256718761609904 0.7330546869047619
2 0.37470156222910217 0.6414265619047619 0.37117343777089784 0.6450750000000001 0.36301250030959753 0.646292186904762 0.35816093746130034 0.650346875 0.35573437523219814 0.656021875 0.3568375003095975 0.6880515630952381 0.3616890625386997 0.6917 0.36499843777089785 0.690484375 0.3689671876160991 0.6864296869047619 0.37161406253869966 0.680348436904762 0.3731578123839009 0.6681859369047619 0.3755843752321981 0.677104688095238 0.3786718749226006 0.6787265619047619 0.38220000000000004 0.677915625 0.3852890625386997 0.680348436904762 0.38837656222910216 0.671834375 0.3894781250773994 0.6580499999999999 0.38793437523219815 0.647914063095238 0.38550937523219814 0.6458859380952381 0.38043593746130033 0.6410218750000001 0.37470156222910217 0.6414265619047619
0 0.3616890625386997 0.7111609369047619 0.3667625003095975 0.7006203119047619 0.3661 0.6912953130952382 0.3616890625386997 0.690889061904762 0.3590437498452012 0.690484375 0.3568375003095975 0.6884562500000001 0.3572781250773994 0.6994031249999999 0.3566171876160991 0.706701561904762 0.3574984377708978 0.7148093750000001 0.35860156222910217 0.713998436904762 0.3616890625386997 0.7111609369047619
2 0.29024531269349846 0.6109718749999999 0.2857078123839009 0.6011609380952381 0.2811718749226006 0.5982171869047619 0.27716874984520123 0.593803125 0.27289843777089784 0.5957640619047619 0.2715640625386997 0.6031234380952382 0.2675609374613003 0.6065578119047619 0.26382500000000003 0.6095015630952381 0.26062343777089786 0.613425 0.25742031269349847 0.6232375 0.25421874984520126 0.626670313095238 0.25421874984520126 0.633048438095238 0.25235 0.6389359369047619 0.25155 0.6541437499999999 0.2552859374613003 0.6634640630952381 0.2592890625386997 0.6732750000000001 0.2659609374613003 0.680634375 0.2742328123839009 0.6884828130952381 0.2785031250773994 0.6894640630952381 0.28410625015479873 0.6875015619047619 0.28810937523219815 0.6771999999999999 0.29398125015479876 0.665917186904762 0.2977171876160991 0.6556140619047619 0.29985156222910214 0.6458031249999999 0.30305468730650154 0.637464061904762 0.30305468730650154 0.628632811904762 0.2969171876160991 0.622746875 0.2942484377708978 0.6163687499999999 0.29024531269349846 0.6109718749999999
9 0.24594531269349845 0.6492375 0.2379390625386997 0.659048438095238 0.23020000000000002 0.6688609369047618 0.2235281250773994 0.6796531250000001 0.21739062476780188 0.6968234369047619 0.21205312507739937 0.718407811904762 0.2141890625386997 0.713503125 0.22059374984520125 0.6963328119047619 0.22779843777089784 0.685539063095238 0.23500468730650156 0.674746875 0.2438109374613003 0.6654265630952381 0.25208281238390096 0.657576561904762 0.25288437523219814 0.6423687499999999 0.24594531269349845 0.6492375
9 0.2245968749226006 0.7193890619047619 0.22699843777089784 0.717426561904762 0.23260156222910217 0.7144828119047619 0.23874062476780183 0.7130125 0.2486140625386997 0.7066343749999999 0.25368437523219817 0.7012375 0.26115625015479876 0.6914265619047619 0.2662265622291022 0.6825968750000001 0.2635578123839009 0.6791625 0.25368437523219817 0.6928984380952381 0.2456781250773994 0.70221875 0.23020000000000002 0.709578125 0.24194218761609906 0.7027093750000001 0.25128281238390093 0.6904453119047619 0.2619578123839009 0.6767093750000001 0.25795468730650156 0.6688609369047618 0.25101562476780187 0.685539063095238 0.24140937523219816 0.6968234369047619 0.2294 0.705653125 0.22219374984520127 0.7164453119047619 0.22219374984520127 0.733125 0.22379531269349848 0.722332813095238 0.2245968749226006 0.7193890619047619
25 0.3204550359133127 0.5028443892857143 0.3250402433436532 0.47788048333333333 0.3240213083591331 0.46718166666666666 0.3179076984520124 0.4595396547619047 0.31637929659442726 0.4595396547619047 0.31485089411764705 0.4600491214285714 0.3133224916408669 0.46208699166666667 0.3097562191950465 0.4682006011904762 0.3072088817337461 0.49112663690476194 0.3051710117647059 0.49061716904761904 0.3051710117647059 0.4804278202380952 0.3051710117647059 0.4794088857142857 0.3051710117647059 0.4773710154761905 0.306189946749226 0.47074793809523807 0.3072088817337461 0.46514379642857145 0.3087372842105263 0.45801125238095236 0.30924675170278637 0.44935030476190474 0.30924675170278637 0.44170829285714286 0.30924675170278637 0.4294810738095238 0.30669941424148606 0.4218390619047619 0.30211420743034056 0.4172538547619048 0.29956686996904025 0.4203106595238095 0.2883585857585139 0.46972900357142855 0.28784911826625387 0.48195622261904764 0.29090592321981423 0.48806983214285715 0.2929437931888545 0.4890887666666667 0.30058580495356035 0.49316450714285714 0.3097562191950465 0.5008065190476191 0.31637929659442726 0.5069201285714285 0.3204550359133127 0.5028443892857143
25 0.5150716080495356 0.4804278202380952 0.5216946848297214 0.5461491238095239 0.5313745671826625 0.5497153952380953 0.526279892260062 0.483484625 0.5227136198142415 0.4748236785714286 0.5196568154798762 0.47431421071428576 0.5145621405572756 0.4753331452380952 0.5150716080495356 0.4804278202380952
25 0.5899633256965944 0.4824656904761905 0.5899633256965944 0.48654142976190473 0.5899633256965944 0.49061716904761904 0.5899633256965944 0.4967307797619048 0.5904727931888545 0.505901194047619 0.5925106625386997 0.5094674654761905 0.6011716099071207 0.5104864011904762 0.6016810773993808 0.48501302738095237 0.5986242724458204 0.4768615476190476 0.5925106625386997 0.4717668738095238 0.5899633256965944 0.4824656904761905
6 0.6312301900928792 0.5313745666666667 0.653646758513932 0.5267893595238096 0.655175160990712 0.5267893595238096 0.6750443925696594 0.5222041523809523 0.6918568185758515 0.5145621404761904 0.6908378835913312 0.49927811666666666 0.6852337417956657 0.49927811666666666 0.6760633269349845 0.49927811666666666 0.6597603684210527 0.5048822583333333 0.6567035634674923 0.505901194047619 0.6251165808049536 0.5186378797619048 0.6312301900928792 0.5313745666666667
7 0.26162374551083595 0.38210836428571426 0.2659267671826625 0.36833869404761904 0.27883583405572754 0.35887204523809524 0.28658127368421055 0.35370841904761907 0.2908842959752322 0.3614538583333333 0.29776913126934984 0.3726417166666667 0.30121154860681115 0.380387155952381 0.3037933622291022 0.374362925 0.30723577956656345 0.35887204523809524 0.3046539665634675 0.3416599571428572 0.3020721535603715 0.3287508904761905 0.29862973560371514 0.31584182380952386 0.2943267133126935 0.31584182380952386 0.28227825139318885 0.32444786785714286 0.27625402043343655 0.33047209880952383 0.2702297894736842 0.3313327035714286 0.2685085808049536 0.3313327035714286 0.26764797647058824 0.33907814404761905 0.26248434984520125 0.35629023214285716 0.25818132755417955 0.3674780892857143 0.2564601188854489 0.38555078214285715 0.26162374551083595 0.38210836428571426
25 0.3375904061919505 0.46975225952380956 0.3370268160990712 0.4810240595238095 0.33392707120743037 0.5289292083333333 0.3418173312693498 0.5320289535714285 0.3437898959752322 0.5272384392857143 0.3432263058823529 0.4720066190476191 0.33984476594427243 0.46975225952380956 0.3375904061919505 0.46975225952380956
13 0.3794642854489164 0.6806948583333333 0.3562500817337461 0.689618094047619 0.3098214012383901 0.702110638095238 0.28125 0.6806948583333333 0.2526785987616099 0.6503559797619048 0.24910722476780187 0.6200168273809523 0.22946425820433436 0.6218015154761904 0.24732140123839008 0.6771256869047619 0.2598214829721362 0.702110638095238 0.32232148297213625 0.7306651023809524 0.3830357962848297 0.703895394047619 0.3794642854489164 0.6806948583333333
