2 0.3315593757215538 0.5561656338908677 0.3270992718258867 0.501209237478534 0.36503776021072554 0.49813053007585945 0.36949801693310746 0.5530867592009574
2 0.33374583702550353 0.557757929938609 0.31904571120048786 0.5585011579179889 0.31485261971511136 0.47557206633032506 0.3295525514267865 0.4748288433072074
2 0.4006985544700683 0.5663251966069603 0.37050472142186663 0.5685567162813501 0.3662608423315987 0.5111380626818498 0.39645439361879653 0.5089065534060442
1 0.4207566135827392 0.5634932796987021 0.38856138967139486 0.5587919386808522 0.39849334216285115 0.490784066063327 0.43068821432882487 0.49548538089498556
2 0.42574188430535287 0.48235800622456615 0.4420319306776719 0.48390261579749105 0.43518379505849225 0.5561199528070431 0.4188937499233134 0.5545753520810685
9 0.4116796874999409 0.3775281250000001 0.41528121324461154 0.3775164894487023 0.41549218750003547 0.442815625 0.4118906617555922 0.44282726050358195
9 0.40928299637198506 0.4901163911809595 0.4045144985994966 0.49050822244642167 0.39557233368577727 0.3816904280571813 0.40034076209781233 0.3812985996714993
9 0.43633442492387076 0.48383749769256834 0.42925654231964927 0.484164630659046 0.4207718425780058 0.3005970374659405 0.4278495623697154 0.3002699083857787
2 0.6019028877118444 0.5562299140739446 0.5795199446710058 0.5572044765698062 0.5751158329766213 0.45605922905061963 0.5974984254938818 0.45508467422055215
9 0.5846738772906974 0.32698525442822324 0.5909875740526331 0.3271551196338133 0.5874840092117211 0.4573729888832889 0.5811703125000349 0.45720312499999993
2 0.7258688608980037 0.481911001156534 0.7524700945753011 0.500828781927779 0.7103810031740068 0.5600073441421966 0.6837798601826535 0.5410896725472891
2 0.7377353489098368 0.6358256815416545 0.7100326883249863 0.6470741111895837 0.6929490633073101 0.6050052511196986 0.7206515130584421 0.5937568697444118
2 0.5894766116258552 0.6167496824907833 0.6070755331129476 0.6098079767311857 0.6287878843761519 0.6648474273446774 0.611188984829937 0.6717890931359833
2 0.6464594778227593 0.6717890624999998 0.6141904878243167 0.6717890624999998 0.6141907005860503 0.6139578125 0.6464593275436528 0.6139578125
2 0.4394551845575734 0.6265188914677647 0.4478021042278897 0.6261075979700417 0.4499344169910273 0.669375967764515 0.4415874974495182 0.6697872595006713
1 0.3676690208734499 0.6984218749999999 0.3158888889051923 0.6984218749999999 0.3158893047231004 0.6200453125000001 0.36766862230354036 0.6200453125000001
9 0.329021823787798 0.6672234171891438 0.3391642613200929 0.6712459284452674 0.30102603018622176 0.7673937666725081 0.29088361743936275 0.7633713007004767
7 0.7972903563152158 0.7564591852035772 0.763599334861965 0.7867633364227155 0.704914629516793 0.7215303262773555 0.7386052710912736 0.6912264737339219
9 0.3384460331161563 0.6966177049941338 0.34878409897112306 0.6997054182086425 0.3253326146896143 0.7782113019846097 0.3149945609375209 0.7751236171874925
10 0.6973121541384444 0.7879976546300261 0.6822900878740938 0.7895276220176245 0.678160908051268 0.7489916025900647 0.6931828317980262 0.7474616425270464
6 0.44661384019889283 0.6028638043816643 0.49321073769397117 0.6517078871748284 0.3801391088682067 0.75956097005672 0.3335430106817512 0.7107176794516369
6 0.6989886133928849 0.6224627386105072 0.7100814397831527 0.7139611741206664 0.6493416112707564 0.7213234403584742 0.6382494147051148 0.6298255770379152
6 0.5932469381418741 0.4416856943500142 0.6958833955209229 0.4445766290609483 0.6924802061480477 0.5653909081825701 0.58984375 0.5624999999999986
6 0.24447901621510937 0.43047202675677537 0.3003300652785583 0.40640016077510577 0.36068446392312126 0.5464239678463605 0.30483357490095386 0.5704955620237087