0 0.32048593746130033 0.4774765619047619 0.3175765622291022 0.5007453119047619 0.3226671876160991 0.5109265630952381 0.3277578123839009 0.5181984369047619 0.3343015622291022 0.524015625 0.34375468730650155 0.5196515630952381 0.34375468730650155 0.4978375 0.34084687492260063 0.47893125000000003 0.3393921876160991 0.4658421869047619 0.3292109374613003 0.467296875 0.32048593746130033 0.4774765619047619
2 0.2826734377708978 0.542921875 0.28485468730650154 0.566190625 0.2855812501547988 0.5836421869047619 0.29503437523219816 0.589459375 0.30085156222910214 0.5763703130952381 0.3037609374613003 0.5603734369047619 0.2935796873065015 0.551646875 0.2826734377708978 0.542921875
2 0.26812968730650155 0.5298328130952381 0.26522031269349844 0.542921875 0.2739468749226006 0.5603734369047619 0.28049062476780184 0.5414671869047619 0.27612812507739937 0.528378125 0.27322031269349845 0.5312875 0.26812968730650155 0.5298328130952381
8 0.32848437523219814 0.5909140630952381 0.31175937523219815 0.579279686904762 0.30812343777089785 0.604003125 0.3030328123839009 0.63018125 0.2979437498452012 0.6592671869047619 0.29648906253869967 0.6985343749999999 0.30812343777089785 0.70144375 0.31103281238390096 0.6839921869047619 0.3139406247678019 0.6650859369047619 0.3219390625386997 0.6272718749999999 0.33066562476780187 0.6170921880952381 0.32848437523219814 0.5909140630952381
8 0.3503 0.65345 0.35684374984520123 0.628726561904762 0.3415734377708979 0.59673125 0.3350281250773994 0.608365625 0.33284687492260057 0.6403609380952381 0.3233937498452012 0.6621765630952381 0.31539531269349846 0.685445313095238 0.3175765622291022 0.704351563095238 0.3277578123839009 0.6883546880952381 0.3393921876160991 0.669448438095238 0.3503 0.65345
7 0.32527343777089784 0.711628125 0.32978906253869966 0.7042406250000001 0.33471406253869973 0.695209375 0.33389374984520126 0.682075 0.32814687492260064 0.6894640630952381 0.3224 0.695209375 0.3170640625386997 0.688642188095238 0.3146015622291022 0.6837171869047619 0.31131718761609906 0.694389061904762 0.3043390625386997 0.6984937499999999 0.29900312507739935 0.6968515619047619 0.29366718761609906 0.6845374999999999 0.2932562501547987 0.66811875 0.28915156222910215 0.6828953119047619 0.2875109374613003 0.700135936904762 0.2866890625386997 0.7190171880952381 0.28709999999999997 0.73871875 0.29489843777089786 0.749392188095238 0.30598125015479877 0.7411828130952381 0.31295937523219813 0.73625625 0.31993749969040247 0.724764061904762 0.32527343777089784 0.711628125
0 0.38209843777089786 0.621279686904762 0.38650937523219814 0.633492188095238 0.39091874984520125 0.638920311904762 0.3953281250773994 0.626707811904762 0.39431093746130036 0.6090671880952381 0.38888281238390093 0.6090671880952381 0.38243749969040247 0.612459375 0.38209843777089786 0.621279686904762
0 0.4410109374613003 0.5497968750000001 0.44995 0.552778125 0.45491718761609906 0.550790625 0.46037968730650153 0.54483125 0.46236718761609913 0.5269515630952382 0.4578968749226006 0.51503125 0.45144062476780183 0.519996875 0.4425 0.5180109380952381 0.4410109374613003 0.5497968750000001
7 0.44448749969040247 0.3719921869047619 0.4464734377708979 0.39583124999999997 0.44995 0.37894531309523805 0.4559109374613003 0.3709984380952381 0.45938749969040243 0.3779515619047619 0.46236718761609913 0.389871875 0.4643531250773994 0.402784375 0.46534687492260063 0.3799390630952381 0.46286406253869966 0.3620578130952381 0.45541406253869965 0.3501390619047619 0.4479640625386997 0.35311875000000004 0.44448749969040247 0.3719921869047619
0 0.4981265622291021 0.566684375 0.49614062476780185 0.5458234380952381 0.48968281238390093 0.535890625 0.4817374996904025 0.531917188095238 0.4742874996904025 0.534896875 0.46584374984520127 0.5289375000000001 0.4926640625386997 0.5825765619047619 0.4981265622291021 0.566684375
0 0.5001140625386997 0.5388703130952381 0.5011062501547988 0.550790625 0.5040859374613004 0.5627109380952381 0.5100468749226006 0.579596875 0.5150125003095976 0.5766171880952381 0.5219671876160991 0.5607234369047619 0.5229593752321982 0.5488046880952381 0.5194828123839009 0.5329109369047619 0.512032812383901 0.52993125 0.5001140625386997 0.5388703130952381
0 0.5304093752321981 0.5627109380952381 0.534382812383901 0.5696640619047619 0.5353765622291021 0.55774375 0.534382812383901 0.5438375 0.5328937498452012 0.5269515630952382 0.5269328123839009 0.535890625 0.5274296873065015 0.552778125 0.5304093752321981 0.5627109380952381
0 0.5423296873065016 0.5587375 0.5453093752321981 0.5438375 0.5438203126934985 0.52993125 0.5378593752321981 0.52794375 0.5368671876160991 0.5458234380952381 0.5368671876160991 0.565690625 0.5423296873065016 0.5587375
0 0.5602093752321982 0.519004688095238 0.5577265622291021 0.5289375000000001 0.5577265622291021 0.536884375 0.5617 0.54483125 0.5626937498452013 0.531917188095238 0.5602093752321982 0.519004688095238
0 0.6133531250773994 0.494171875 0.6098765622291021 0.506090625 0.6103734377708978 0.5209906249999999 0.6153390625386997 0.52794375 0.6227890625386997 0.5339046880952381 0.6232859374613003 0.5219843750000001 0.6188156247678018 0.5110578130952381 0.6183187498452013 0.4961578119047619 0.6168296873065016 0.48622499999999996 0.6133531250773994 0.494171875
0 0.5929890625386997 0.5259578119047619 0.5994468749226006 0.519004688095238 0.5969624996904025 0.5031109369047618 0.592492187616099 0.493178125 0.5895125003095976 0.506090625 0.5900093752321981 0.519996875 0.5929890625386997 0.5259578119047619
0 0.6550718749226007 0.4951640619047619 0.6525890625386997 0.48523125 0.6486156247678019 0.4743046869047619 0.646132812383901 0.48721718809523806 0.6476218749226006 0.4951640619047619 0.6535828123839008 0.5031109369047618 0.6550718749226007 0.4951640619047619
0 0.6277562501547987 0.5170171880952381 0.6297421876160991 0.506090625 0.6267624996904025 0.49715156309523806 0.6232859374613003 0.493178125 0.6198093752321981 0.505098436904762 0.6242796873065015 0.519996875 0.6277562501547987 0.5170171880952381
0 0.7062296873065015 0.46536406309523815 0.7022562501547988 0.4504640630952381 0.6962953126934984 0.4385453119047619 0.6953015622291022 0.45642499999999997 0.6977859374613004 0.4673515619047619 0.7027515622291022 0.4723171880952381 0.7062296873065015 0.46536406309523815
0 0.7668218749226006 0.4315921880952381 0.7752656247678018 0.4226515619047619 0.7762578123839009 0.41470468809523814 0.768807812383901 0.40973750000000003 0.7588750000000001 0.4166921869047619 0.7519218749226007 0.4365578119047619 0.7618546873065016 0.4355640630952381 0.7668218749226006 0.4315921880952381
2 0.7131828123839009 0.552778125 0.714175 0.536884375 0.7330484377708979 0.5339046880952381 0.7335453126934985 0.5180109380952381 0.7280828123839009 0.5110578130952381 0.7171562501547987 0.522978125 0.7097062501547988 0.5209906249999999 0.7007656247678019 0.535890625 0.6938125003095975 0.5488046880952381 0.7002687498452013 0.55774375 0.7082156247678018 0.553770313095238 0.7131828123839009 0.552778125
0 0.6421593752321981 0.612376563095238 0.6481187498452012 0.6292640619047619 0.6545765622291021 0.639196875 0.6615296873065015 0.6372109369047619 0.6689796873065015 0.6292640619047619 0.6739453126934984 0.627276561904762 0.6794093752321982 0.6213171869047619 0.6838796873065016 0.613370313095238 0.6848718749226006 0.5974765630952381 0.6853687498452012 0.579596875 0.6828859374613003 0.57165 0.6794093752321982 0.553770313095238 0.6739453126934984 0.55774375 0.668482812383901 0.5756234369047619 0.6600390625386997 0.577610936904762 0.6525890625386997 0.5825765619047619 0.6471265622291023 0.5895312500000001 0.6386828123839009 0.596484375 0.6421593752321981 0.612376563095238
7 0.6689796873065015 0.7176703130952381 0.6749390625386996 0.7335625 0.6858656247678019 0.7444890630952381 0.7032484377708978 0.746476563095238 0.7126859374613003 0.731576561904762 0.7181484377708979 0.7057500000000001 0.7146718749226006 0.68985625 0.7097062501547988 0.671976561904762 0.7037453126934985 0.66105 0.7047390625386997 0.6779375 0.7037453126934985 0.69085 0.698282812383901 0.6968093750000001 0.6923218749226006 0.69085 0.6868593752321981 0.6868765619047619 0.6823890625386997 0.697803125 0.6858656247678019 0.7186625000000001 0.6784156247678018 0.7136968749999999 0.6679859374613004 0.699790625 0.6689796873065015 0.7176703130952381
0 0.6258546873065015 0.60065625 0.6272562501547987 0.6090671880952381 0.628657812383901 0.6185984369047619 0.6337046873065015 0.6264484380952381 0.6384703126934984 0.6258890630952381 0.6381906247678018 0.61243125 0.6376296873065015 0.6023390619047619 0.6359484377708978 0.5961703119047619 0.6337046873065015 0.6040203119047619 0.6297796873065016 0.603459375 0.6258546873065015 0.60065625
2 0.6275375003095975 0.598975 0.6317421876160991 0.6040203119047619 0.6356671876160991 0.597853125 0.636507812383901 0.58888125 0.6353875003095975 0.58103125 0.6311812501547988 0.574303125 0.625575 0.575985936904762 0.6199671876160991 0.5787890630952381 0.6171640625386997 0.5843953119047619 0.6199671876160991 0.590564063095238 0.6238921876160991 0.5984140630952381 0.6275375003095975 0.598975
0 0.6053890625386997 0.601778125 0.6062296873065015 0.61075 0.6101546873065016 0.621403125 0.612117187616099 0.6174781250000001 0.6135187498452012 0.607384375 0.6140796873065015 0.6012171880952382 0.6107156247678018 0.5933671869047619 0.6067906247678019 0.59280625 0.6053890625386997 0.601778125
0 0.6020249999999999 0.6174781250000001 0.60595 0.62028125 0.6062296873065015 0.613553125 0.6042671876160991 0.605703125 0.6014640625386997 0.5984140630952381 0.5989406247678019 0.60458125 0.5989406247678019 0.61243125 0.6020249999999999 0.6174781250000001
7 0.6013495535603716 0.3723213845238095 0.6081192321981425 0.3702368380952381 0.6122851944272446 0.38951890714285714 0.6133266650154798 0.3999416511904762 0.6169718520123839 0.366588894047619 0.6169718520123839 0.34157429285714286 0.6117644191950464 0.33010927142857144 0.5971836712074303 0.32906699285714286 0.5831235386996904 0.33271495714285715 0.5773954105263158 0.3478279333333333 0.5836443139318885 0.3790961642857143 0.5945312377708979 0.3946614583333333 0.5961421207430341 0.3827441285714286 0.6013495535603716 0.3723213845238095
7 0.25042728606811143 0.6863186511904762 0.2430756160990712 0.7028724202380953 0.2489569746130031 0.700297386904762 0.25998447925696594 0.6866865214285715 0.2710119839009288 0.6730756416666667 0.269393373993808 0.6618566178571429 0.2625575523219814 0.6738113666666666 0.25042728606811143 0.6863186511904762
7 0.17360235789473685 0.6458538821428571 0.17507266934984522 0.6510039488095237 0.18462986315789473 0.6462217523809524 0.19528976160990713 0.6359216178571429 0.18426225696594428 0.6403359595238095 0.17911611021671825 0.6429109928571429 0.17691058699690404 0.6326108726190477 0.1747242563467492 0.6204963238095238 0.17323475232198143 0.6355537619047619 0.17360235789473685 0.6458538821428571
13 0.45112786873065014 0.6657184107142857 0.42502947430340554 0.6627755214285714 0.39047659195046436 0.6546825642857143 0.3570264996904025 0.644382444047619 0.3287225814241486 0.6315072904761905 0.2993159021671826 0.6153213773809524 0.26660096532507743 0.5936175488095238 0.24454595603715168 0.5671315285714286 0.2393997814241486 0.5656600702380952 0.2335184507739938 0.5697065488095238 0.2474866346749226 0.5873639130952382 0.28387740619195045 0.6337144547619048 0.2926993882352941 0.6392323773809524 0.29858074613003094 0.644014575 0.31585715913312695 0.6679255738095239 0.31585715913312695 0.6749149488095237 0.32063575603715166 0.6649826845238096 0.34563141671826625 0.668293444047619 0.3603347566563468 0.6686612999999999 0.38716836284829725 0.6635112333333333 0.39415242662538696 0.6635112333333333 0.41804535417956656 0.6730756416666667 0.4246618681114551 0.6741792226190477 0.45039271269349845 0.6741792226190477 0.4779614749226006 0.6749149488095237 0.4996489349845201 0.677857838095238 0.5253797795665635 0.677857838095238 0.5294231640866873 0.6774899821428572 0.549272706501548 0.669029155952381 0.5750035510835914 0.6638791023809524 0.5852958439628483 0.6635112333333333 0.6177337287925696 0.651739675 0.6408915003095975 0.6392323773809524 0.6486107758513933 0.6359216178571429 0.6453024910216718 0.6237821904761904 0.6287612334365325 0.6285643869047619 0.6096469027863777 0.6304036952380951 0.5769319944272446 0.6458538821428571 0.5493632321981424 0.6568897285714286 0.5251026990712074 0.6660862666666667 0.5019301386996904 0.665533088095238 0.4746532458204334 0.6653505404761905 0.45112786873065014 0.6657184107142857
13 0.7026455386996904 0.41392575833333334 0.6934559510835913 0.4227544345238095 0.6552272340557275 0.4466654345238095 0.6427294173374613 0.45144763095238094 0.6497134817337461 0.4716800154761905 0.6508907083591331 0.467922794047619 0.7008076210526316 0.4337902797619047 0.7026455386996904 0.41392575833333334
13 0.34245460804953565 0.4565976988095238 0.30055011207430343 0.43268669880952376 0.2943011758513932 0.4253294678571428 0.296139093498452 0.4400439285714286 0.3049611027863777 0.44482612619047623 0.3464980489164087 0.47830152023809525 0.3520118012383901 0.46285134761904767 0.34245460804953565 0.4565976988095238
7 0.6458807424148607 0.7684874559523809 0.6528562625386997 0.7684874559523809 0.6546001647058824 0.7617975 0.6540188786377709 0.7530714821428572 0.6514030253869969 0.7463815595238095 0.6519843560371518 0.7588888273809524 0.6490778817337461 0.7629609738095238 0.6452994563467491 0.7577253654761905 0.6415210309597522 0.7484176107142857 0.6458807424148607 0.7684874559523809
9 0.49736359628482973 0.4564702428571428 0.4950202111455108 0.4182109369047619 0.48564679133126937 0.3346650607142857 0.4793978055727554 0.33388428571428574 0.46699216965944274 0.5333984380952381 0.4981447046439628 0.5376737761904762 0.49736359628482973 0.4564702428571428
9 0.5364196117647059 0.5306464821428571 0.5325140099071207 0.507222405952381 0.5293895170278637 0.4346077773809524 0.5309517931888545 0.3658971619047619 0.5278273003095976 0.33934987857142856 0.5168916037151703 0.33388428571428574 0.5145482191950465 0.3471579047619048 0.5129860024767802 0.38697883571428576 0.511423785758514 0.42211494880952377 0.511423785758514 0.46662069880952384 0.508299292260062 0.5025376035714286 0.5080077944272446 0.5314453130952381 0.5364196117647059 0.5306464821428571
