2 0.2577781250773994 0.5563953130952382 0.25589218761609905 0.5522375 0.25362968730650154 0.54530625 0.2509890625386997 0.541840625 0.24834843777089782 0.541840625 0.2460859374613003 0.5446140630952381 0.2460859374613003 0.55154375 0.2472171876160991 0.5598609369047619 0.24985781238390095 0.5647125 0.25513750030959753 0.568871875 0.2607953126934985 0.5737234369047619 0.26456718761609904 0.578575 0.26909374984520124 0.5799609380952381 0.2732421876160991 0.5764953119047619 0.27437343777089784 0.5695640630952381 0.27286562476780185 0.56540625 0.27060156222910214 0.5563953130952382 0.27135625015479875 0.54530625 0.2672078123839009 0.5397625 0.2638124996904025 0.538375 0.2600406247678018 0.53906875 0.2577781250773994 0.5446140630952381 0.2577781250773994 0.5563953130952382
2 0.30530156222910215 0.561940625 0.2977578123839009 0.5640203119047619 0.2924781250773994 0.568871875 0.28983750030959754 0.5792671869047619 0.28983750030959754 0.5924359369047619 0.2924781250773994 0.598675 0.29511874984520126 0.6021390630952381 0.29851250030959753 0.60421875 0.30831874984520125 0.607684375 0.31699374984520123 0.6090703119047619 0.32302968730650156 0.6097640630952381 0.3286874996904025 0.60421875 0.33094999999999997 0.594515625 0.3290640625386997 0.5889703119047619 0.32453750030959755 0.5868921880952381 0.322275 0.5848125 0.3200124996904025 0.575109375 0.3166171876160991 0.568178125 0.3094515622291022 0.5633265630952381 0.30530156222910215 0.561940625
2 0.4467109374613003 0.6256875 0.44702187492260065 0.64344375 0.44764531269349844 0.657764063095238 0.45200937523219814 0.6554734380952381 0.4545031250773994 0.6497453119047619 0.4560625003095975 0.641726563095238 0.4569968749226006 0.634279688095238 0.45637343777089784 0.621678125 0.4560625003095975 0.613659375 0.4538796873065016 0.6044937499999999 0.451075 0.5999109369047619 0.44702187492260065 0.5999109369047619 0.44733437523219816 0.610795311904762 0.4467109374613003 0.6256875
2 0.47382968730650155 0.656045311904762 0.4766359374613003 0.659482813095238 0.4775703126934985 0.6468812500000001 0.4772593752321982 0.6319875 0.47538906253869967 0.618240625 0.4722718749226006 0.6205328130952381 0.4697781250773994 0.6256875 0.4697781250773994 0.6325609380952381 0.4704015622291022 0.640579686904762 0.4719593752321981 0.6491718750000001 0.47382968730650155 0.656045311904762
2 0.48411718761609907 0.6623468749999999 0.4859874996904025 0.657764063095238 0.48754531269349843 0.6491718750000001 0.48879218761609905 0.6422984369047618 0.48879218761609905 0.635998436904762 0.48723437523219815 0.6262609380952381 0.48474062476780183 0.6176687500000001 0.48037656222910213 0.6188140630952381 0.47850625015479875 0.6302703130952381 0.4788171876160991 0.6503171869047619 0.4813109374613003 0.6612015619047619 0.48411718761609907 0.6623468749999999
2 0.5318093752321982 0.596475 0.5296265622291022 0.57528125 0.528692187616099 0.5930375 0.5243281250773995 0.596475 0.5224578123839009 0.6016296880952381 0.520275 0.611940625 0.5159109374613002 0.6199593750000001 0.5152875003095975 0.6079312499999999 0.5078062501547987 0.6004843750000001 0.507182812383901 0.613659375 0.5065593752321982 0.6279781249999999 0.5103 0.640007811904762 0.5221453126934984 0.644589063095238 0.5268218749226006 0.640007811904762 0.5290031250773994 0.6331343749999999 0.5324328123839009 0.6188140630952381 0.5324328123839009 0.6062125 0.5318093752321982 0.596475
2 0.6136281250773994 0.597609375 0.6083468749226006 0.5885984369047619 0.6049531250773994 0.589984375 0.6011812501547988 0.596221875 0.6011812501547988 0.6052328119047619 0.6015578123839009 0.61285625 0.6053296873065015 0.6135499999999999 0.6109874996904024 0.609390625 0.6162671876160991 0.603846875 0.6136281250773994 0.597609375
2 0.5823218749226007 0.616321875 0.5883562501547988 0.6197874999999999 0.5909968749226007 0.6080046869047618 0.5917515622291022 0.5983015630952381 0.5883562501547988 0.5892921869047618 0.581567187616099 0.5885984369047619 0.5804359374613003 0.5969156250000001 0.577042187616099 0.6052328119047619 0.575532812383901 0.61285625 0.5777953126934984 0.616321875 0.5823218749226007 0.616321875
0 0.5819453126934985 0.553251563095238 0.5744015622291021 0.560875 0.574025 0.576815625 0.5793046873065015 0.592757811904762 0.5830765622291021 0.59345 0.5883562501547988 0.5906781249999999 0.591375 0.58790625 0.5898656247678018 0.5664203130952381 0.5876031250773994 0.553251563095238 0.5819453126934985 0.553251563095238
0 0.5925062501547987 0.6107781250000001 0.5966546873065015 0.6121640630952381 0.60005 0.6073125 0.6019359374613003 0.5996875 0.6038203126934985 0.59345 0.6064609374613003 0.589984375 0.6049531250773994 0.579589063095238 0.6004265622291022 0.5698859369047619 0.5959 0.560875 0.5909968749226007 0.5594890619047619 0.5879796873065015 0.5691921880952381 0.5894890625386997 0.5920640619047619 0.5925062501547987 0.6107781250000001
2 0.6785015622291022 0.5761234380952381 0.6841593752321982 0.5747375 0.6890625003095975 0.5698859369047619 0.6935890625386997 0.5615687500000001 0.6901937498452012 0.5497859369047619 0.6852906247678019 0.550478125 0.6781234377708978 0.5525578130952381 0.6686953126934984 0.5490921869047619 0.660775 0.5567171869047619 0.6619062501547988 0.5761234380952381 0.6679406247678018 0.5747375 0.6735984377708978 0.5761234380952381 0.6785015622291022 0.5761234380952381
2 0.7063906247678018 0.56935 0.7041234377708978 0.5792437500000001 0.6976062501547987 0.5860124999999999 0.6871203126934985 0.589657811904762 0.6814531250773994 0.599551563095238 0.6837203126934985 0.6042390630952381 0.6857046873065016 0.607884375 0.6865546873065016 0.613090625 0.6879703126934985 0.6240265619047619 0.6944890625386998 0.6255890619047619 0.6978890625386998 0.6240265619047619 0.7027062501547987 0.6240265619047619 0.7075234377708979 0.6224640619047619 0.7123406247678018 0.616215625 0.7137578123839009 0.607884375 0.710925 0.596428125 0.712625 0.5922625 0.7154578123839009 0.587575 0.715175 0.5719531250000001 0.7063906247678018 0.56935
2 0.6613343752321982 0.6469375 0.6653015622291022 0.6401687500000001 0.6650171876160991 0.627671875 0.6610499999999999 0.6167359380952381 0.657932812383901 0.617778125 0.6545328123839009 0.6240265619047619 0.6482984377708978 0.6307953119047619 0.6406468749226005 0.6422515630952381 0.6338468749226006 0.6531875 0.6312953126934985 0.66985 0.6389468749226006 0.683909375 0.6440484377708978 0.6875546880952381 0.6480156247678018 0.68130625 0.6465984377708978 0.671932813095238 0.6477312501547987 0.666725 0.6499984377708977 0.6625593750000001 0.6545328123839009 0.6609984369047619 0.6585 0.6526656249999999 0.6613343752321982 0.6469375
2 0.5842546873065015 0.651625 0.5811375003095975 0.6526656249999999 0.5766046873065016 0.6563109369047619 0.5757546873065016 0.6641218750000001 0.5834046873065015 0.674015625 0.5916234377708979 0.675057813095238 0.5967234377708979 0.6677671869047619 0.5981406247678018 0.65839375 0.5953062501547988 0.657353125 0.5924734377708979 0.6552703130952381 0.5899234377708978 0.6531875 0.5842546873065015 0.651625
2 0.29889531269349845 0.6250671880952381 0.29577812507739937 0.6224640619047619 0.2923781250773994 0.630275 0.29181093746130027 0.6406890630952381 0.29379531269349846 0.6490203130952381 0.30059531269349843 0.6537078130952381 0.30257968730650153 0.65839375 0.30682968730650156 0.666725 0.31023125015479874 0.66985 0.3082468749226006 0.6745359369047619 0.3116468749226006 0.68130625 0.31674843777089784 0.679223436904762 0.31958281238390096 0.6708921869047619 0.3175984377708978 0.6563109369047619 0.3130640625386997 0.6485 0.30541250030959755 0.6365234380952381 0.3022968749226006 0.630275 0.29889531269349845 0.6250671880952381
2 0.4375 0.621875 0.4375 0.6359375 0.446875 0.640625 0.44375 0.6234375 0.44531250030959757 0.60625 0.45156250030959755 0.6 0.4484374996904024 0.6 0.4375 0.60625 0.4375 0.621875
6 0.35625 0.69375 0.334375 0.678125 0.31875 0.6765625 0.3015625 0.709375 0.28125 0.7390625 0.278125 0.7734375 0.28125 0.7984375 0.303125 0.8078125 0.321875 0.796875 0.3328125 0.7578125 0.346875 0.7375 0.35625 0.728125 0.35625 0.69375
6 0.6125 0.715625 0.6203125003095975 0.76875 0.6375 0.7703125 0.6578125003095975 0.7625 0.671875 0.7265625 0.65625 0.7015625 0.6453125003095975 0.6875 0.634375 0.6765625 0.6328125003095976 0.68125 0.6109374996904025 0.68125 0.6125 0.715625
6 0.615625 0.55625 0.621875 0.5875 0.6453125003095975 0.584375 0.6515625003095975 0.5453125 0.653125 0.49375 0.603125 0.4921875 0.615625 0.55625
13 0.3015625003095975 0.7140625 0.321875 0.7375 0.365625 0.728125 0.3875 0.7390625 0.39843749969040243 0.75625 0.440625 0.76875 0.503125 0.7671875 0.5375 0.759375 0.5625 0.7484375 0.5734374996904025 0.7421875 0.5734374996904025 0.7265625 0.6 0.721875 0.615625 0.7125 0.6515625003095975 0.7109375 0.6734374996904026 0.690625 0.6796874996904025 0.684375 0.690625 0.6734375 0.7046874996904026 0.6609375 0.7078125003095975 0.6515625 0.7140625003095975 0.640625 0.728125 0.6265625 0.7375 0.615625 0.7390625003095975 0.615625 0.7453125003095975 0.603125 0.734375 0.6046875 0.725 0.615625 0.715625 0.6265625 0.709375 0.6328125 0.7046874996904026 0.64375 0.6984374996904025 0.6515625 0.6921874996904025 0.6578125 0.6875 0.6640625 0.6828125003095975 0.66875 0.678125 0.6734375 0.671875 0.6765625 0.665625 0.68125 0.6609374996904025 0.6859375 0.6546874996904025 0.690625 0.6453125003095975 0.703125 0.6171874996904024 0.703125 0.5984374996904025 0.7046875 0.5828125003095975 0.7140625 0.5703125003095976 0.7171875 0.559375 0.7203125 0.5546874996904024 0.725 0.5484374996904025 0.728125 0.540625 0.7328125 0.5265625003095975 0.7453125 0.5171874996904025 0.7484375 0.509375 0.75 0.5 0.75 0.49531250030959756 0.75 0.471875 0.74375 0.465625 0.74375 0.45156250030959755 0.74375 0.44375 0.74375 0.434375 0.7390625 0.41875 0.7359375 0.41093749969040244 0.734375 0.3546874996904024 0.7046875 0.30625 0.7 0.26406250030959755 0.6453125 0.25156250030959754 0.6609375 0.265625 0.684375 0.3015625003095975 0.7140625
13 0.228125 0.48802687499999997 0.2546874996904025 0.517714375 0.2921874996904025 0.538026875 0.33593749969040243 0.5630268749999999 0.36875 0.577089375 0.38906250030959755 0.5864643749999999 0.421875 0.5942768749999999 0.44375 0.598964375 0.471875 0.605214375 0.4890625003095976 0.6114643750000001 0.5125 0.597401875 0.53125 0.597401875 0.553125 0.581776875 0.58125 0.577089375 0.6046874996904025 0.581776875 0.625 0.564589375 0.6328125003095976 0.538026875 0.6453125003095975 0.5239643749999999 0.65625 0.520839375 0.6921874996904025 0.513026875 0.6875 0.492714375 0.6765625003095975 0.49583937499999997 0.6484374996904025 0.506776875 0.628125 0.522401875 0.6171874996904024 0.5474018749999999 0.5953125003095976 0.567714375 0.571875 0.5708393749999999 0.5546874996904024 0.567714375 0.5265625003095975 0.5786518749999999 0.50625 0.583339375 0.46718749969040246 0.591151875 0.43906250030959754 0.577089375 0.39218749969040245 0.577089375 0.36875 0.553651875 0.3328125003095976 0.5474018749999999 0.3046874996904025 0.5239643749999999 0.284375 0.5239643749999999 0.2484374996904025 0.497401875 0.23906250030959753 0.469276875 0.228125 0.48802687499999997
