2 0.26225937523219817 0.621370313095238 0.2659734377708978 0.613 0.27959374984520124 0.6063031249999999 0.2845468749226006 0.597932813095238 0.27092656222910216 0.5887249999999999 0.2688625003095975 0.5820296880952381 0.2614328123839009 0.574496875 0.25565468730650154 0.574496875 0.25070156222910217 0.5878890630952381 0.248225 0.6138375 0.24987656222910218 0.6263921880952381 0.25813125015479876 0.627229688095238 0.26225937523219817 0.621370313095238
2 0.33902968730650157 0.6531781249999999 0.34109374984520124 0.648992186904762 0.34233125015479876 0.630578125 0.34109374984520124 0.619695311904762 0.32252031269349846 0.611325 0.3146781250773994 0.6063031249999999 0.30518437523219816 0.6046296880952381 0.30147031269349844 0.6088140630952381 0.31055 0.628903125 0.32252031269349846 0.6381109380952381 0.3311875003095975 0.6439703130952381 0.33902968730650157 0.6531781249999999
2 0.3377906247678019 0.6615484380952381 0.33531406253869966 0.66824375 0.33242499999999997 0.672429686904762 0.3365531250773994 0.674940625 0.33902968730650157 0.674940625 0.34274374984520123 0.6707546880952381 0.3501734377708979 0.684148436904762 0.353475 0.681635936904762 0.35801562476780185 0.6732656250000001 0.3633812501547988 0.6615484380952381 0.3670968749226006 0.6473187499999999 0.3666828123839009 0.630578125 0.36255625015479875 0.6205328130952381 0.351825 0.625554686904762 0.3435703126934984 0.62471875 0.3406796873065015 0.6297406249999999 0.33861718761609905 0.6473187499999999 0.3377906247678019 0.6615484380952381
0 0.3779890625386997 0.645228125 0.37465781238390095 0.6395109380952381 0.3695328123839009 0.6405500000000001 0.36748125015479877 0.6447078119047619 0.3646624996904025 0.6561421869047619 0.36363750030959746 0.668096875 0.3669687498452012 0.6743328119047619 0.3697890625386997 0.6758921869047618 0.3728640625386997 0.6691359369047619 0.3772203126934985 0.6582218750000001 0.3779890625386997 0.645228125
0 0.6245843752321981 0.6771921869047619 0.6226109374613003 0.6834796880952381 0.626275 0.6949140630952381 0.629657812383901 0.6977734369047619 0.6327593752321982 0.6954859380952381 0.6327593752321982 0.688054686904762 0.6285312501547988 0.6760484380952381 0.6245843752321981 0.6771921869047619
0 0.7080296873065016 0.684623436904762 0.710567187616099 0.6863390630952381 0.7147953126934985 0.6829093749999999 0.7150781250773993 0.6760484380952381 0.7108484377708978 0.6691874999999999 0.7066203126934985 0.6686156249999999 0.7060562501547987 0.680621875 0.7080296873065016 0.684623436904762
0 0.7770968749226007 0.6388874999999999 0.7818906247678019 0.6377437499999999 0.7855546873065016 0.6343140630952381 0.7872468749226006 0.627453125 0.7855546873065016 0.6171625000000001 0.7818906247678019 0.6108734369047619 0.7770968749226007 0.604584375 0.7728687498452013 0.6040125 0.7703312501547988 0.6114453119047619 0.7675125003095975 0.627453125 0.7675125003095975 0.6320265619047619 0.7708953126934984 0.637171875 0.7770968749226007 0.6388874999999999
0 0.6398078123839008 0.5737125 0.6383984377708978 0.5788578130952381 0.6400890625386998 0.584575 0.644317187616099 0.582859375 0.6465734377708979 0.576 0.6460093752321981 0.5674234380952381 0.6423437498452013 0.56628125 0.6398078123839008 0.5737125
6 0.6546874996904025 0.7234375 0.6546874996904025 0.765625 0.6703125003095974 0.8046875 0.696875 0.815625 0.7140625003095975 0.79375 0.7046874996904026 0.725 0.6828125003095975 0.69375 0.6625 0.69375 0.6546874996904025 0.7234375
13 0.296875 0.665625 0.32031250030959757 0.675 0.34531250030959754 0.6953125 0.38281250030959757 0.696875 0.396875 0.7046875 0.44531250030959757 0.7171875 0.47343749969040244 0.725 0.49843749969040246 0.7296875 0.540625 0.7390625 0.5609374996904024 0.7390625 0.5890625003095975 0.7390625 0.6265625003095976 0.7421875 0.66875 0.74375 0.709375 0.7359375 0.7296874996904025 0.7171875 0.7546874996904025 0.6859375 0.778125 0.6515625 0.784375 0.64375 0.796875 0.6265625 0.784375 0.625 0.759375 0.6546875 0.74375 0.6796875 0.7328125003095974 0.69375 0.728125 0.7015625 0.7125 0.7140625 0.7078125003095975 0.7203125 0.7015625003095974 0.725 0.653125 0.728125 0.6328125003095976 0.721875 0.6140625003095975 0.721875 0.58125 0.71875 0.5640625003095976 0.71875 0.54375 0.721875 0.5296874996904024 0.721875 0.49843749969040246 0.7203125 0.496875 0.7203125 0.465625 0.709375 0.44218749969040244 0.703125 0.42343749969040245 0.6984375 0.409375 0.6953125 0.38906250030959755 0.6859375 0.378125 0.6796875 0.359375 0.6796875 0.346875 0.678125 0.334375 0.6625 0.31093749969040246 0.653125 0.2890625003095975 0.646875 0.271875 0.6375 0.225 0.6109375 0.21875 0.6265625 0.25625 0.6515625 0.296875 0.665625
13 0.20156250030959752 0.41875 0.228125 0.4359375 0.2734374996904025 0.4703125 0.32968749969040245 0.4890625 0.3640625003095976 0.5015625 0.4 0.5203125 0.43125 0.5203125 0.465625 0.5328125 0.5 0.553125 0.5390625003095976 0.559375 0.5859374996904024 0.559375 0.625 0.5515625 0.6578125003095975 0.540625 0.690625 0.5265625 0.7234374996904025 0.5109375 0.759375 0.4953125 0.7546874996904025 0.4828125 0.6953125003095975 0.5109375 0.6546874996904025 0.5265625 0.6046874996904025 0.540625 0.5734374996904025 0.540625 0.51875 0.546875 0.49375 0.5390625 0.45156250030959755 0.5171875 0.409375 0.503125 0.371875 0.4875 0.334375 0.4703125 0.2734374996904025 0.4546875 0.259375 0.4234375 0.2375 0.428125 0.209375 0.40625 0.20156250030959752 0.41875
19 0.5704562650154799 0.653757 0.5617995089783282 0.6643277797619048 0.557952053250774 0.6960401940476191 0.574303720123839 0.691235286904762 0.5831730551083592 0.6721153857142856 0.5704562650154799 0.653757
19 0.5598758179566563 0.6989231666666667 0.5598758179566563 0.6595228738095239 0.5362980551083592 0.655288461904762 0.5367911591331269 0.6806645071428572 0.5598758179566563 0.6989231666666667
9 0.36193674055727554 0.7596168154761904 0.36506117399380805 0.7112070833333334 0.37131016037151704 0.673728538095238 0.37443471269349843 0.6440580785714286 0.36506117399380805 0.6503044630952381 0.35724997089783284 0.6237571654761904 0.3447521176470588 0.6206340023809525 0.3400653479876161 0.6706053166666666 0.3369409145510836 0.7471240476190476 0.3291297114551084 0.7799177297619048 0.3244429417956657 0.8064649678571428 0.36193674055727554 0.7596168154761904
