2 0.27710937523219814 0.49413906309523814 0.2750624996904025 0.48652968809523806 0.2661937498452012 0.49067968809523804 0.2593703126934985 0.4927546869047619 0.2528906247678019 0.49898125 0.24913750030959753 0.5093578119047619 0.24675000000000002 0.5169671869047618 0.2505015622291022 0.5252671869047619 0.257325 0.532878125 0.2621 0.5397953130952381 0.27062812507739936 0.5480968749999999 0.27779062476780186 0.5508624999999999 0.2846124996904025 0.5550140630952382 0.28904843777089784 0.5494796869047619 0.28904843777089784 0.5404875 0.2928 0.521809375 0.2928 0.5058984369047619 0.29075312507739937 0.504515625 0.28972968730650156 0.5114328130952381 0.28665937523219814 0.510048436904762 0.28120156222910214 0.502439061904762 0.27710937523219814 0.49413906309523814
1 0.31087812507739937 0.5079734380952381 0.30030468730650156 0.508665625 0.2924593752321981 0.5135078130952381 0.2914359374613003 0.52941875 0.29075312507739937 0.5453296880952381 0.29075312507739937 0.5584734369047619 0.29723437523219814 0.567465625 0.3074671876160991 0.5702328130952381 0.3153140625386997 0.570925 0.32145312507739937 0.575075 0.3296406247678018 0.5771499999999999 0.3354390625386997 0.573 0.3391906247678019 0.5598562499999999 0.34260156222910215 0.5446375 0.34226093746130026 0.5321859369047619 0.3402140625386997 0.5211171869047618 0.3333921876160991 0.516275 0.32657031269349845 0.5107406250000001 0.31701874984520123 0.508665625 0.31087812507739937 0.5079734380952381
9 0.33168593746130026 0.432571875 0.328275 0.4049015630952381 0.328275 0.4291125 0.328275 0.44848281309523813 0.32486406253869965 0.4733859369047619 0.32281718761609907 0.4851453130952381 0.32179374984520126 0.49690625 0.32179374984520126 0.5065906250000001 0.32759374984520123 0.5072828130952381 0.33100468730650157 0.49413906309523814 0.32759374984520123 0.4816875 0.3306640625386997 0.4588578119047619 0.33168593746130026 0.432571875
9 0.3221359374613003 0.44502343690476187 0.32418281238390095 0.4035171869047619 0.32281718761609907 0.379996875 0.3224765622291022 0.3730796869047619 0.3221359374613003 0.44502343690476187
9 0.30542031269349845 0.4228875 0.3057624996904025 0.44779062499999994 0.30780937523219815 0.4720015630952381 0.3112203126934985 0.48791249999999997 0.3112203126934985 0.5017484380952381 0.31463125015479876 0.504515625 0.3156546873065016 0.48237812500000005 0.3125843752321981 0.4720015630952381 0.3098562501547988 0.44779062499999994 0.3074671876160991 0.425653125 0.30644374984520123 0.4049015630952381 0.30542031269349845 0.4228875
9 0.26551093746130033 0.4554 0.26039374984520125 0.4657765619047619 0.2580062501547988 0.4858375 0.26005312507739936 0.49067968809523804 0.26687500000000003 0.49137187499999996 0.27335625015479875 0.49137187499999996 0.2788140625386997 0.4927546869047619 0.28120156222910214 0.4982890619047619 0.2846124996904025 0.47476874999999996 0.28529531269349845 0.4554 0.29041250030959753 0.4270375 0.29996249969040245 0.3723875 0.2873421876160991 0.4125109369047619 0.282225 0.4394890630952381 0.27915468730650156 0.44986562500000005 0.2757437498452013 0.44986562500000005 0.27130937523219817 0.4560921869047619 0.26551093746130033 0.4554
9 0.35965781238390093 0.44502343690476187 0.3599984377708978 0.47961093809523814 0.3644328123839009 0.5017484380952381 0.36306874984520127 0.45124843690476185 0.36306874984520127 0.41181875 0.36409218761609907 0.35094375 0.35965781238390093 0.44502343690476187
9 0.35897500000000004 0.4415640630952381 0.3552234377708978 0.4145859369047619 0.3562468749226006 0.45332500000000003 0.35590625015479876 0.48929687499999996 0.3593171876160991 0.47961093809523814 0.35897500000000004 0.4415640630952381
1 0.3412374996904025 0.5411781250000001 0.3412374996904025 0.565390625 0.3429437498452012 0.575075 0.34771874984520124 0.5813015630952381 0.3569281250773994 0.5875265619047619 0.36136406253869974 0.585451563095238 0.36920937523219816 0.579225 0.374325 0.567465625 0.37671406253869966 0.5550140630952382 0.380125 0.53356875 0.3804656247678019 0.516275 0.3787593752321981 0.5093578119047619 0.3671625003095975 0.508665625 0.35590625015479876 0.5093578119047619 0.34908281238390093 0.5114328130952381 0.34226093746130026 0.5225015630952381 0.3412374996904025 0.5411781250000001
1 0.3978624996904025 0.5889109380952381 0.4067312501547987 0.580609375 0.41082500000000005 0.568848436904762 0.4125296873065016 0.5494796869047619 0.41116562476780183 0.52941875 0.4043437498452013 0.5266515630952381 0.3930859374613003 0.5231921880952382 0.38524062476780185 0.5225015630952381 0.37364374984520127 0.5425625 0.3729609374613003 0.568848436904762 0.374667187616099 0.578534375 0.37705468730650155 0.5889109380952381 0.3978624996904025 0.5889109380952381
9 0.39752187492260066 0.5245765619047619 0.4019562501547988 0.48237812500000005 0.4043437498452013 0.44848281309523813 0.4057078123839009 0.40075 0.3995671876160991 0.4657765619047619 0.395475 0.50105625 0.39274531269349844 0.5135078130952381 0.3924046873065015 0.5245765619047619 0.39752187492260066 0.5245765619047619
9 0.39001718761609905 0.44225625 0.3886515622291022 0.3972921869047619 0.38762968730650155 0.4526328130952381 0.38762968730650155 0.4886046869047619 0.3924046873065015 0.4851453130952381 0.39001718761609905 0.44225625
2 0.6277718749226007 0.5377203130952382 0.6233374996904025 0.532878125 0.6189031250773994 0.5384109380952381 0.6144687498452013 0.5363359369047619 0.6113984377708978 0.5384109380952381 0.6073046873065016 0.567465625 0.6134453126934984 0.5723078130952381 0.6209484377708978 0.5764578119047619 0.6277718749226007 0.5626234380952381 0.6284531250773994 0.552246875 0.6277718749226007 0.5377203130952382
2 0.6687046873065015 0.5439453119047619 0.666317187616099 0.5280343750000001 0.6625640625386996 0.5266515630952381 0.6577890625386997 0.52941875 0.656425 0.5342609380952381 0.6540375003095975 0.5453296880952381 0.6475562501547987 0.5446375 0.6438031250773993 0.5370281250000001 0.6410750000000001 0.532878125 0.635957812383901 0.5245765619047619 0.6342531250773993 0.53149375 0.6325468749226006 0.543253125 0.635957812383901 0.5570890619047619 0.6366406247678018 0.5626234380952381 0.6397109374613004 0.5646984369047618 0.6420984377708978 0.5702328130952381 0.6458499999999999 0.571615625 0.6502843752321982 0.5743828119047619 0.6530140625386998 0.5660828130952381 0.656425 0.569540625 0.6612 0.5640062499999999 0.6646109374613003 0.568848436904762 0.6656343752321981 0.5660828130952381 0.6683640625386996 0.5529390619047619 0.6687046873065015 0.5439453119047619
2 0.6782562501547987 0.5308015630952381 0.6751859374613003 0.5308015630952381 0.6738218749226007 0.5515546880952381 0.6809843752321982 0.5536296869047619 0.6864421876160991 0.554321875 0.6891718749226007 0.554321875 0.6946296873065015 0.556396875 0.6994046873065015 0.556396875 0.7017921876160991 0.552246875 0.7075921876160991 0.5467124999999999 0.7123671876160991 0.5425625 0.7096374996904025 0.5308015630952381 0.70725 0.5169671869047618 0.6990640625386997 0.5155828119047619 0.6922421876160991 0.5245765619047619 0.6867843752321982 0.5225015630952381 0.6813265622291022 0.53149375 0.6782562501547987 0.5308015630952381
2 0.7263531250773994 0.4394890630952381 0.7222593752321982 0.4505578130952381 0.7239656247678019 0.461625 0.7219187498452013 0.47684374999999996 0.7205531250773994 0.47961093809523814 0.7157781250773994 0.4851453130952381 0.7140718749226006 0.49621406309523813 0.7161187498452012 0.5238843750000001 0.7195296873065016 0.5287265630952381 0.7208953126934985 0.53149375 0.727034375232198 0.534953125 0.7355625003095976 0.52941875 0.7403374996904025 0.5245765619047619 0.7451140625386997 0.5169671869047618 0.7505718749226006 0.5079734380952381 0.7563703126934984 0.5003640630952381 0.7577343752321981 0.4858375 0.7492078123839009 0.44779062499999994 0.7457953126934985 0.44848281309523813 0.7423843752321981 0.44848281309523813 0.7341984377708979 0.4505578130952381 0.7301046873065016 0.4415640630952381 0.7263531250773994 0.4394890630952381
9 0.7307874996904025 0.423578125 0.7287406247678019 0.4332625 0.7328343752321982 0.44225625 0.7338578123839009 0.41596875 0.7331749999999999 0.3979828130952381 0.7314687498452012 0.3827640630952381 0.7280578123839009 0.3710046869047619 0.7290812501547987 0.386915625 0.7304453126934985 0.40559218809523806 0.7307874996904025 0.423578125
9 0.7164609374613002 0.3751546869047619 0.7161187498452012 0.3938328130952381 0.7174843752321982 0.42081093809523806 0.7219187498452013 0.44571562499999995 0.7243062501547988 0.43879687500000003 0.7208953126934985 0.42219531190476195 0.7185078123839008 0.398675 0.7191890625386997 0.3751546869047619 0.7188484377708979 0.35716875 0.7164609374613002 0.3751546869047619
9 0.7236234377708978 0.404209375 0.7202124996904025 0.3806890630952381 0.7157781250773994 0.3661625 0.7113437498452012 0.3467921869047619 0.7089562501547988 0.3426421869047619 0.7133906247678019 0.3689296869047619 0.7188484377708979 0.3972921869047619 0.7191890625386997 0.4090515630952381 0.7236234377708978 0.404209375
2 0.7239609374613004 0.5724109380952381 0.7201171876160991 0.5744890619047619 0.7165296873065016 0.575009375 0.7124281250773994 0.577607811904762 0.7070468749226007 0.5817656250000001 0.7026906247678018 0.58280625 0.7011515622291021 0.5890421880952381 0.6919265622291021 0.5932000000000001 0.6906453126934985 0.5968390619047619 0.6919265622291021 0.603075 0.6947453126934985 0.611390625 0.6960265622291021 0.618667188095238 0.7014078123839009 0.6191874999999999 0.7055093752321981 0.625423438095238 0.7090968749226005 0.6264625 0.7124281250773994 0.6259437499999999 0.7162734377708978 0.6223046869047619 0.7211421876160992 0.6155484380952382 0.7252421876160992 0.607753125 0.727292187616099 0.5994375 0.7296 0.5932000000000001 0.7283187498452013 0.58020625 0.7257546873065016 0.5703312500000001 0.7239609374613004 0.5724109380952381
2 0.6642468749226006 0.670120311904762 0.6696296873065015 0.6696015619047619 0.673217187616099 0.6737593749999999 0.6775734377708977 0.670120311904762 0.6793687498452012 0.6633640619047619 0.6819312501547987 0.6555687499999999 0.6870562501547988 0.6441343749999999 0.6870562501547988 0.6259437499999999 0.6839812501547988 0.600996875 0.6809062501547988 0.5989171880952381 0.677317187616099 0.595279686904762 0.672192187616099 0.5926796869047619 0.6670671876160991 0.59995625 0.661684375232198 0.600996875 0.6539968749226006 0.597878125 0.6475890625386997 0.5957984369047619 0.6427203126934984 0.5994375 0.6447703126934985 0.615029686904762 0.6498953126934985 0.630101563095238 0.6524578123839009 0.646732811904762 0.6539968749226006 0.660765625 0.6550218749226006 0.6758375 0.6614281250773993 0.676357811904762 0.6642468749226006 0.670120311904762
9 0.6903890625386996 0.747040625 0.6926953126934984 0.762114063095238 0.6967953126934984 0.769389061904762 0.6978203126934984 0.76523125 0.6944890625386998 0.7548374999999999 0.6901328123839009 0.72885 0.6832124996904025 0.694548436904762 0.6796249999999999 0.6680421880952381 0.6734734377708979 0.6768765630952381 0.6791124996904025 0.6981859380952381 0.6842375003095975 0.717415625 0.6875687498452012 0.7350874999999999 0.6903890625386996 0.747040625
9 0.6632218749226005 0.7605546869047619 0.6688609374613003 0.773028125 0.6691171876160991 0.76835 0.6665546873065016 0.7543171869047619 0.6629656247678019 0.7366468749999999 0.6619406247678018 0.719495311904762 0.6624531250773994 0.699745311904762 0.6634781250773994 0.676357811904762 0.6560468749226006 0.6722 0.6555343752321982 0.6955875 0.6578406247678018 0.72885 0.6632218749226005 0.7605546869047619
0 0.3258109374613003 0.714404688095238 0.3329390625386997 0.70755625 0.3381921876160991 0.712882813095238 0.34419687492260065 0.7166875 0.34832343777089786 0.706795311904762 0.35357656222910216 0.687010936904762 0.35845468730650154 0.6657046869047619 0.36108125015479875 0.645920311904762 0.3659593752321982 0.629179688095238 0.36445781238390096 0.620809375 0.36145625015479876 0.61015625 0.3580796873065015 0.60406875 0.3547031250773994 0.6025468749999999 0.34757343777089783 0.6071124999999999 0.34119531269349845 0.6124390630952381 0.3355656247678019 0.6025468749999999 0.3258109374613003 0.6033078130952381 0.3179312501547988 0.611678125 0.31718125015479876 0.6352671869047618 0.308925 0.657334375 0.307425 0.6946203130952381 0.3123031250773994 0.712882813095238 0.3198078123839009 0.7166875 0.3258109374613003 0.714404688095238
0 0.2108468749226006 0.6219250000000001 0.21835156222910215 0.6226859369047619 0.22698125015479878 0.6158375 0.22735625015479877 0.605184375 0.22322968730650153 0.5983359380952381 0.216475 0.5930093750000001 0.20934531269349843 0.5755078119047619 0.20634374984520124 0.583878125 0.20521874984520125 0.6074671880952381 0.2108468749226006 0.6219250000000001
9 0.3378171876160991 0.772235938095238 0.3430703126934984 0.7448421880952381 0.3449468749226006 0.71973125 0.34382187492260063 0.6991859369047619 0.3419453126934984 0.7106 0.34157031269349847 0.725057813095238 0.33969374984520123 0.746364061904762 0.3336906247678018 0.7676703130952381 0.3310640625386997 0.784410938095238 0.3378171876160991 0.772235938095238
9 0.31642968730650156 0.7258187500000001 0.3130531250773994 0.7220140630952381 0.3021718749226006 0.7768015619047619 0.31192812507739937 0.742559375 0.31642968730650156 0.7258187500000001
25 0.3125 0.4488636369047619 0.31676136346749223 0.47869318214285717 0.31321022724458203 0.5014204547619048 0.3181818179566564 0.5113636369047619 0.32457386377708974 0.48721590952380955 0.32741477275541797 0.4623579547619047 0.3174715907120743 0.44034090952380955 0.3125 0.4488636369047619
25 0.3643465907120743 0.5063920452380952 0.36647727244582046 0.4957386369047619 0.3607954544891641 0.48153409047619045 0.35653409102167183 0.5071022726190476 0.36150568173374614 0.5099431821428572 0.3643465907120743 0.5063920452380952
25 0.3955965907120743 0.5213068178571428 0.39346590897832817 0.5014204547619048 0.3948863634674923 0.48224431785714283 0.38707386377708974 0.5078125 0.38849431826625386 0.5234375 0.3955965907120743 0.5213068178571428
