2 0.2682343752321981 0.5488953130952381 0.25838281238390093 0.54511875 0.25304687492260064 0.5383234380952381 0.2505843752321981 0.5466296880952382 0.24894218761609907 0.5534250000000001 0.25222656222910217 0.5662625 0.25674062476780185 0.5730593749999999 0.26207812507739936 0.57456875 0.26618281238390096 0.5738140619047619 0.27275 0.5783453130952381 0.2772640625386997 0.576834375 0.28054843777089783 0.5617328130952381 0.2748015622291022 0.5572015619047619 0.2682343752321981 0.5488953130952381
2 0.3203640625386997 0.5375671880952381 0.31502812507739936 0.5277515630952381 0.3101015622291022 0.5330375 0.3076390625386997 0.5405890619047619 0.3084593752321982 0.554935936904762 0.3084593752321982 0.568528125 0.2990187498452012 0.564753125 0.29655625015479875 0.5798546880952381 0.3035343752321981 0.5911828130952381 0.30805 0.5889171869047619 0.31338593746130033 0.5911828130952381 0.32159531269349845 0.5919375 0.3298046873065016 0.585140625 0.3318562501547988 0.5405890619047619 0.32857343777089787 0.5405890619047619 0.3257 0.5398328130952381 0.3203640625386997 0.5375671880952381
2 0.33555156222910215 0.54511875 0.332267187616099 0.5511609380952381 0.3310359374613003 0.564753125 0.33021406253869967 0.5821203130952382 0.3330874996904025 0.589671875 0.3371921876160991 0.5949578130952381 0.34745468730650153 0.6009984369047618 0.35237968730650154 0.5904265619047618 0.3507375003095975 0.57456875 0.3462234377708978 0.564753125 0.3417078123839009 0.5609765619047619 0.33883437523219817 0.54965 0.33555156222910215 0.54511875
9 0.299025 0.462375 0.30802343777089786 0.53318125 0.31376874984520126 0.52543125 0.299025 0.462375
9 0.30802343777089786 0.5338859380952381 0.3135765622291022 0.5233171869047619 0.3107046873065015 0.5106359380952381 0.30725781238390093 0.49055625 0.30457812507739934 0.4768171880952381 0.3034281250773994 0.460965625 0.30247031269349844 0.44793125 0.3020875003095975 0.4771703119047619 0.3020875003095975 0.48738593809523806 0.30438593746130027 0.5028859369047619 0.3070671876160991 0.5233171869047619 0.30802343777089786 0.5338859380952381
9 0.3210453126934985 0.514159375 0.31721562476780185 0.5226140619047619 0.3193218749226006 0.52930625 0.3231515622291022 0.5212046880952381 0.32468281238390095 0.508875 0.32640625015479874 0.489146875 0.32736406253869965 0.46660156190476193 0.32468281238390095 0.450396875 0.324875 0.4771703119047619 0.32334218761609906 0.495840625 0.3210453126934985 0.514159375
9 0.3547468749226006 0.48562500000000003 0.3541718749226006 0.434896875 0.351682812383901 0.48738593809523806 0.3547468749226006 0.48562500000000003
2 0.46335468730650153 0.61270625 0.4625124996904025 0.601359375 0.4630734377708978 0.5951703119047619 0.46083125015479875 0.59104375 0.4583078123839009 0.5874343750000001 0.45550468730650157 0.5905281250000001 0.4535421876160991 0.597232811904762 0.45410312507739936 0.609610938095238 0.45578437523219817 0.6230218750000001 0.4585874996904025 0.6317890630952381 0.46363437523219814 0.637978125 0.4647562501547987 0.6292109369047619 0.46335468730650153 0.61270625
2 0.47316718761609905 0.611159375 0.4720453126934984 0.60084375 0.47064374984520124 0.5962015630952381 0.46699843777089783 0.5951703119047619 0.46363437523219814 0.59878125 0.46363437523219814 0.6049703119047619 0.4647562501547987 0.6173484380952381 0.46503593746130034 0.628179688095238 0.4655968749226006 0.6374624999999999 0.4689609374613003 0.6472625000000001 0.47372656222910214 0.6441671869047619 0.4728859374613003 0.6343687499999999 0.4726062501547988 0.618379686904762 0.47316718761609905 0.611159375
2 0.576617187616099 0.56731875 0.5710093752321982 0.5600984380952381 0.5673656247678018 0.5590671880952381 0.5637203126934984 0.564740625 0.5626 0.575571875 0.5578328123839009 0.5817609380952381 0.5527875003095976 0.586401563095238 0.550825 0.59878125 0.5564312501547988 0.6044546880952381 0.5595156247678019 0.6039375 0.5614781250773995 0.602390625 0.5654031250773993 0.597748438095238 0.5724124996904025 0.60084375 0.5774578123839009 0.5982640619047619 0.5811031250773994 0.5900125 0.5797015622291022 0.5822765619047618 0.576617187616099 0.56731875
2 0.607175 0.588465625 0.6096984377708978 0.576603125 0.6057734377708979 0.5590671880952381 0.6018484377708978 0.554940625 0.5965218749226007 0.554425 0.5951203126934985 0.54359375 0.5900734377708978 0.5291515619047619 0.5844671876160991 0.5152265630952382 0.5799812501547987 0.5209 0.5782984377708978 0.52966875 0.5788593752321981 0.5399828119047618 0.5763359374613003 0.5482359369047619 0.5740937498452012 0.5595828119047619 0.5760562501547988 0.564740625 0.5782984377708978 0.5693812500000001 0.5799812501547987 0.57711875 0.5805421876160991 0.58795 0.5836265622291021 0.5951703119047619 0.5886718749226006 0.60084375 0.5948406247678019 0.601359375 0.600167187616099 0.601359375 0.607175 0.588465625
9 0.5895140625386996 0.5090375 0.5875515622291021 0.484796875 0.5847468749226007 0.4595234380952381 0.5819437498452013 0.4259984369047619 0.5813828123839009 0.45385 0.5827843752321982 0.48067031309523806 0.5827843752321982 0.5157421869047619 0.5914765622291022 0.532246875 0.5895140625386996 0.5090375
2 0.6371734377708979 0.55751875 0.632407812383901 0.552878125 0.630725 0.558034375 0.6268 0.5616453119047619 0.622875 0.5637078130952381 0.6203515622291021 0.564225 0.6153062501547988 0.56731875 0.6147453126934984 0.57815 0.6248375003095975 0.5812453119047619 0.6270812501547988 0.582792188095238 0.6360515622291022 0.5833078130952382 0.6388562501547989 0.5802125 0.6444625003095975 0.577634375 0.6503500000000001 0.5719609369047619 0.6469859374613003 0.55751875 0.6419390625386998 0.5585515619047619 0.6371734377708979 0.55751875
2 0.6719375003095975 0.5368890619047619 0.6668906247678018 0.544109375 0.6629656247678019 0.532246875 0.6579203126934984 0.5172890619047619 0.6548359374613003 0.51986875 0.6570781250773994 0.5384359369047619 0.6579203126934984 0.5513296880952381 0.664367187616099 0.567834375 0.6705359374613004 0.5616453119047619 0.6744609374613003 0.5497828130952381 0.6744609374613003 0.5394671880952381 0.6750218749226006 0.532246875 0.6719375003095975 0.5368890619047619
2 0.6377265622291022 0.6550359380952381 0.6414265622291022 0.6663828119047619 0.6442031250773993 0.6697859380952381 0.6497531250773994 0.67205625 0.6546874996904025 0.677729686904762 0.6556124996904025 0.6862390619047619 0.6577718749226007 0.6941828119047619 0.6599296873065015 0.6975859380952381 0.6639390625386997 0.69701875 0.6651734377708979 0.6936140630952381 0.6673312501547988 0.6879406250000001 0.6670234377708979 0.676026563095238 0.6704156247678019 0.676026563095238 0.6759671876160991 0.67943125 0.679667187616099 0.68680625 0.685834375232198 0.689076563095238 0.6870687498452013 0.6811328130952381 0.6805921876160991 0.6641125 0.6722656247678019 0.64425625 0.6731906247678019 0.6363125000000001 0.6753500000000001 0.635178125 0.6805921876160991 0.6312078130952381 0.6809015622291021 0.622696875 0.6772 0.61135 0.6722656247678019 0.610215625 0.6627062501547988 0.613051563095238 0.6537625003095976 0.617590625 0.6472859374613003 0.620995311904762 0.6401937498452013 0.6289375 0.6352593752321981 0.6357453119047619 0.6352593752321981 0.6425546869047619 0.6377265622291022 0.6550359380952381
0 0.6907687498452013 0.645390625 0.6879937498452012 0.635178125 0.6864515622291022 0.6255343750000001 0.6846015622291022 0.6187250000000001 0.6812093752321982 0.6136203119047619 0.6805921876160991 0.622696875 0.6784343752321982 0.632909375 0.674115624767802 0.6357453119047619 0.674732812383901 0.645390625 0.676892187616099 0.653901561904762 0.679975 0.6607093749999999 0.6852187498452013 0.670353125 0.6913859374613003 0.6697859380952381 0.6923109374613002 0.6550359380952381 0.6907687498452013 0.645390625
2 0.5868421876160991 0.6476593749999999 0.5886921876160991 0.652198438095238 0.5927015622291022 0.6607093749999999 0.5973281250773994 0.665815625 0.6019531250773994 0.665815625 0.6053453126934984 0.66695 0.6093546873065016 0.66921875 0.6133640625386997 0.6737578130952381 0.6179890625386997 0.67205625 0.6210734377708979 0.6686515619047619 0.6260078123839009 0.6624109369047619 0.630017187616099 0.659575 0.630017187616099 0.6550359380952381 0.6327921876160991 0.653332811904762 0.6361843752321982 0.6556031250000001 0.6349515622291021 0.6436890630952381 0.6352593752321981 0.6357453119047619 0.6327921876160991 0.6363125000000001 0.6275499999999999 0.638582811904762 0.6173734377708978 0.640851563095238 0.6105875003095975 0.6431218750000001 0.6044203126934985 0.644823436904762 0.5964015622291022 0.645390625 0.5868421876160991 0.6476593749999999
0 0.5540600854489164 0.7283732952380952 0.5593022724458204 0.7289420452380952 0.5639272724458204 0.7283732952380952 0.5673194600619195 0.7244029833333333 0.5630022724458204 0.7153248583333334 0.5583772724458205 0.7073826702380953 0.5540600854489164 0.6994389202380952 0.5525178978328174 0.6858232952380953 0.5488163349845201 0.6835545452380953 0.5463491479876161 0.6943326702380953 0.5475835226006192 0.7062482952380952 0.5491257102167183 0.7158920452380952 0.5540600854489164 0.7283732952380952
2 0.3238781250773994 0.660765625 0.32794999999999996 0.6638859380952381 0.33371562476780187 0.655773436904762 0.34219687492260065 0.6638859380952381 0.3469468749226006 0.6495328130952381 0.3367687498452012 0.6451640619047619 0.3343953126934985 0.640171875 0.32862812507739936 0.637051561904762 0.3259140625386997 0.6395468750000001 0.32048593746130033 0.637051561904762 0.31404062476780187 0.636426563095238 0.31166562476780185 0.6420437499999999 0.3133624996904025 0.652653125 0.3238781250773994 0.660765625
2 0.26243437523219815 0.6484484380952381 0.264175 0.648128125 0.26626406253869966 0.648128125 0.2690484377708978 0.6465265619047619 0.26922343777089786 0.6490890619047619 0.268875 0.6532515630952381 0.2706156247678019 0.6542125 0.27183437523219817 0.654532813095238 0.2737484377708978 0.654532813095238 0.2747937498452012 0.6532515630952381 0.2756640625386997 0.649729688095238 0.2775781250773994 0.65133125 0.2805375003095975 0.6526109380952381 0.28367187492260065 0.651971875 0.2869781250773994 0.6516515630952381 0.28993749969040244 0.649409375 0.29133125015479877 0.6465265619047619 0.29220156222910215 0.6423640619047619 0.2939421876160991 0.6365984369047619 0.29585625015479877 0.632115625 0.27844843777089784 0.630514063095238 0.27844843777089784 0.621226561904762 0.2707890625386997 0.6221875 0.27009374984520124 0.627953125 0.2599968749226006 0.6263515630952381 0.2599968749226006 0.6311546880952381 0.2598218749226006 0.637239063095238 0.2610406247678018 0.645245311904762 0.26243437523219815 0.6484484380952381
25 0.35085227244582046 0.5589488630952381 0.36008522724458203 0.5355113630952381 0.3579545455108359 0.5127840904761904 0.3551136365325077 0.4928977273809524 0.35156249969040243 0.4829545452380953 0.34161931826625386 0.5142045452380952 0.3394886365325077 0.546875 0.34730113622291026 0.5639204547619048 0.35085227244582046 0.5589488630952381
11 0.19886363653250774 0.7272727273809524 0.21164772755417957 0.7272727273809524 0.23508522724458206 0.7265625 0.24573863653250774 0.7180397726190476 0.2471590910216718 0.6917613630952382 0.24218749969040249 0.6363636369047618 0.21946022724458206 0.6299715904761906 0.21022727244582043 0.642755682142857 0.20738636346749226 0.6491477273809524 0.18892045448916409 0.658380682142857 0.17400568173374614 0.6683238630952382 0.16832386377708977 0.6960227273809524 0.1747159089783282 0.7137784095238094 0.19318181795665634 0.7272727273809524 0.19886363653250774 0.7272727273809524
13 0.24786931826625386 0.5177556821428572 0.28835227244582046 0.5362215904761904 0.31960227244582046 0.5340909095238096 0.3529829547987616 0.5625 0.3792613634674923 0.5724431821428572 0.40553977275541797 0.5852272726190476 0.45525568173374614 0.5894886369047619 0.48721590897832817 0.578125 0.515625 0.5681818178571428 0.5923295455108359 0.5546875 0.6512784092879257 0.5340909095238096 0.6995738637770897 0.5007102273809524 0.6896306817337461 0.4758522726190476 0.6548295455108359 0.4992897726190476 0.6051136365325077 0.5142045452380952 0.5696022724458205 0.5326704547619048 0.5284090910216718 0.5404829547619048 0.4957386365325077 0.5532670452380952 0.46946022724458203 0.5568181821428572 0.42400568173374614 0.5575284095238096 0.3892045455108359 0.5546875 0.36718749969040243 0.5376420452380952 0.3423295455108359 0.5213068178571428 0.296875 0.5014204547619048 0.25852272755417954 0.4907670452380953 0.24786931826625386 0.5177556821428572
13 0.39843749969040243 0.7361778845238095 0.427283653869969 0.7403846154761905 0.447716346130031 0.7439903845238095 0.5006009616099071 0.7414772726190476 0.541466346130031 0.7361778845238095 0.5709134613003096 0.7283653845238095 0.5805288464396284 0.71875 0.6469077795665634 0.6875 0.7030157343653252 0.6654829547619048 0.6916520978328172 0.6292613630952382 0.6334134613003096 0.6626420452380952 0.575885052631579 0.6889204547619048 0.47574300681114556 0.713068182142857 0.3983282340557276 0.703125 0.34506118885448916 0.6782670452380952 0.2996066433436533 0.6612215904761906 0.29387019256965946 0.6875 0.373470279876161 0.7237215904761906 0.39843749969040243 0.7361778845238095
