2 0.2751062501547988 0.41933125 0.27439843777089784 0.43168593809523814 0.2814703126934984 0.3793609369047619 0.27935000000000004 0.391715625 0.2775812501547988 0.4040703119047619 0.2751062501547988 0.41933125
2 0.31636614613003095 0.4165760416666667 0.31459739566563466 0.40858229166666665 0.31070833312693497 0.40858229166666665 0.3057567708978328 0.4005869785714286 0.3011598959752322 0.3940463535714286 0.2986848959752322 0.38459947857142857 0.2955036458204334 0.3809651035714286 0.2901989585139319 0.38169166666666665 0.2863098959752322 0.3904135416666667 0.2824192705882353 0.39331979166666664 0.278883333126935 0.39695416666666666 0.2778223956656347 0.4078541666666667 0.2757005207430341 0.41875572857142856 0.27357864582043345 0.4340182285714286 0.27640833312693497 0.4412854166666667 0.2799442705882353 0.45364010357142853 0.283833333126935 0.45727291666666664 0.2887848959752322 0.4630869785714286 0.2937348959752322 0.4652682285714286 0.2983317708978328 0.4703541666666667 0.3032817708978328 0.4761682285714286 0.30893958328173377 0.4776229166666667 0.3110614582043344 0.47544166666666665 0.31353645820433435 0.47108229166666665 0.31495208359133126 0.46090729166666666 0.315658333126935 0.45145885357142856 0.3167192705882353 0.4383776035714286 0.3167192705882353 0.42965729166666666 0.31636614613003095 0.4165760416666667
1 0.6184578123839009 0.5864828119047619 0.6131546873065016 0.583575 0.6085578123839009 0.58575625 0.6050218749226006 0.5981109369047619 0.6029 0.610465625 0.605375 0.627179688095238 0.6085578123839009 0.6373546880952381 0.6138609374613003 0.6518890619047619 0.6195187498452013 0.6613375 0.6234093752321982 0.654796875 0.6297734377708979 0.64825625 0.6347234377708978 0.6424421880952381 0.6428578123839009 0.6373546880952381 0.649575 0.6322671880952381 0.6538187498452013 0.628634375 0.6570015622291021 0.623546875 0.655232812383901 0.6111921880952381 0.6545265622291022 0.6031984380952381 0.6531124996904025 0.587209375 0.649575 0.5799421880952381 0.6449781250773994 0.5784890630952381 0.638967187616099 0.577034375 0.6318953126934985 0.5784890630952381 0.6283593752321981 0.5784890630952381 0.6237625003095976 0.5813953130952382 0.6184578123839009 0.5864828119047619
9 0.6442718749226006 0.6649703130952381 0.647807812383901 0.66933125 0.6513437498452012 0.6831390619047619 0.6545265622291022 0.693314061904762 0.6580625003095975 0.7049421880952381 0.6630124996904024 0.71584375 0.668317187616099 0.7252906250000001 0.6729140625386997 0.73183125 0.6760968749226006 0.724564061904762 0.6775109374613004 0.7143890619047619 0.67645 0.7034890630952381 0.6736203126934985 0.6940406250000001 0.6704390625386997 0.681685938095238 0.6665484377708978 0.667878125 0.6612453126934985 0.6518890619047619 0.6580625003095975 0.641715625 0.6562937498452013 0.628634375 0.6531124996904025 0.625 0.6470999999999999 0.6337203130952381 0.6400281250773994 0.6388078119047619 0.6350781250773995 0.64316875 0.6287124996904024 0.6497093749999999 0.6234093752321982 0.654796875 0.6191656247678019 0.66424375 0.6227015622291021 0.6780515619047619 0.6258843752321982 0.688953125 0.6287124996904024 0.6969484380952381 0.6311874996904024 0.707121875 0.6354312501547988 0.720203125 0.6428578123839009 0.7376453119047619 0.6492218749226006 0.7449125 0.6548796873065016 0.748546875 0.6562937498452013 0.748546875 0.6598296873065016 0.748546875 0.6591234377708978 0.7347390630952381 0.6573546873065015 0.7252906250000001 0.6548796873065016 0.718023438095238 0.650282812383901 0.7049421880952381 0.647807812383901 0.6925875 0.6439171876160991 0.67950625 0.6417968749226006 0.6686046880952381 0.6442718749226006 0.6649703130952381
2 0.30338541671826624 0.5950520833333334 0.30598958328173376 0.5924479166666666 0.3098958334365325 0.58203125 0.3092447919504644 0.5651041666666666 0.3001302080495356 0.5690104166666666 0.2929687498452012 0.5852864583333334 0.2962239585139319 0.59765625 0.30338541671826624 0.5950520833333334
2 0.6738281250773994 0.4694010416666667 0.6803385417956656 0.458984375 0.681640624767802 0.4453125 0.6575520835913313 0.4615885416666667 0.6555989585139319 0.470703125 0.6601562501547988 0.4772135416666667 0.6647135417956656 0.4713541666666667 0.6738281250773994 0.4694010416666667
2 0.7141927083591331 0.4283854166666667 0.7200520835913313 0.4114583333333333 0.7070312501547988 0.4075520833333333 0.7024739585139319 0.4166666666666667 0.7005208334365325 0.4348958333333333 0.7141927083591331 0.4283854166666667
2 0.6555989585139319 0.5852864583333334 0.6673177083591331 0.57421875 0.6725260414860681 0.56640625 0.6855468749226006 0.55859375 0.6875 0.5481770833333334 0.6829427083591331 0.5423177083333334 0.666015624767802 0.55078125 0.6536458334365325 0.5559895833333334 0.646484375232198 0.5651041666666666 0.650390624767802 0.5807291666666666 0.6555989585139319 0.5852864583333334
11 0.7070312501547988 0.666015625 0.713541666873065 0.6783854166666666 0.729166666873065 0.6634114583333334 0.7460937498452012 0.6451822916666666 0.7571614582043344 0.6282552083333334 0.7636718749226006 0.6145833333333334 0.765625 0.5944010416666666 0.7617187498452012 0.5690104166666666 0.7493489585139319 0.5579427083333334 0.7330729164086687 0.560546875 0.729166666873065 0.560546875 0.712890624767802 0.580078125 0.7005208334365325 0.6022135416666666 0.7005208334365325 0.630859375 0.7070312501547988 0.666015625
2 0.35351562476780185 0.6302083333333334 0.35546874984520127 0.638671875 0.36328125015479873 0.638671875 0.36653645820433434 0.64453125 0.3717447919504644 0.654296875 0.380208333126935 0.6510416666666666 0.3873697919504644 0.642578125 0.3899739585139319 0.6354166666666666 0.390625 0.6217447916666666 0.3912760414860681 0.60546875 0.38476562476780185 0.59765625 0.3743489585139319 0.5904947916666666 0.36588541671826624 0.583984375 0.36328125015479873 0.5826822916666666 0.359375 0.5846354166666666 0.3567708334365325 0.6158854166666666 0.35351562476780185 0.6302083333333334
13 0.3326822916408668 0.642578125 0.3782552080495356 0.6705729166666666 0.4231770835913312 0.673828125 0.42903645820433434 0.6341145833333334 0.39843749969040243 0.638671875 0.33984374984520127 0.6217447916666666 0.3326822916408668 0.642578125
11 0.2473958334365325 0.5709635416666666 0.24348958328173376 0.5885416666666666 0.2337239585139319 0.6139322916666666 0.22981770835913312 0.6373697916666666 0.22786458328173376 0.6595052083333334 0.22395833312693497 0.6796875 0.234375 0.697265625 0.25130208359133127 0.7005208333333334 0.2740885417956656 0.6829427083333334 0.2805989585139319 0.6647135416666666 0.28645833312693497 0.6438802083333334 0.28710937523219815 0.6276041666666666 0.2942708334365325 0.56640625 0.2890625003095975 0.5611979166666666 0.2779947919504644 0.5598958333333334 0.25520833312693497 0.5514322916666666 0.2473958334365325 0.5709635416666666
