2 0.2714635954073401 0.46949313729865494 0.2880188241834958 0.4614014784716573 0.3099638756573313 0.5062970594763743 0.29340866639165597 0.5143886882178061
2 0.3322359326534752 0.5145390614494824 0.3481986185909136 0.517999073781579 0.344204687499996 0.5364234374999971 0.32824200319851116 0.5329634303868513
2 0.34049661305880363 0.4850716899141473 0.3721717455705402 0.4817428214187098 0.3802790440181525 0.5588799239604656 0.34860391474489916 0.5622087719254132
9 0.3720250305892705 0.49128749902473384 0.36407640469201397 0.4915409219887283 0.36062855618013145 0.38340330868494227 0.3685770647858817 0.3831498876218854
2 0.6231709132352989 0.5484937922703522 0.5983746042169287 0.5505330874056372 0.5936954428954095 0.4936411249487652 0.6184915264600477 0.4916018391814833
2 0.6307141235097333 0.48860202703975697 0.655704935599374 0.4840969053177753 0.6619069921541723 0.5184983586322438 0.6369161833449652 0.5230034682722788
2 0.6960828206442784 0.4989098644837968 0.6685922678516363 0.5072700108392264 0.6467352365791612 0.4354022446210893 0.6742255136718995 0.42704214322106054
9 0.6697296724869375 0.32684218710825896 0.6755341211244286 0.32699364511755447 0.6728653861024441 0.4292655196099612 0.6670609374999685 0.4291140625000005
9 0.664906404502176 0.4434489057706693 0.6558973854487249 0.4446717915757994 0.643036398090203 0.3499291285176159 0.6520453124999221 0.3487062500000067
2 0.32079205072307104 0.5664153965481439 0.33753909965867024 0.5687920380419099 0.3322319738505257 0.6061849282424584 0.31548492661409 0.6038082947739765
2 0.2849859326004207 0.5454937496524311 0.3154492189669327 0.5476547853350577 0.3118446489726239 0.5984620590834415 0.281381363602236 0.5963010329803037
11 0.7723383617267245 0.5535879809602008 0.8052858727668308 0.6359456008481923 0.7208086559172671 0.6697363141309643 0.6878619639694534 0.5873793867280197
11 0.6641200223963324 0.2881316533681213 0.6988252183056147 0.28058737542206014 0.7363766226959569 0.45332476851909104 0.7016714508974928 0.4608689699463206