1 0.26805937523219814 0.44979687500000004 0.27982343777089785 0.4558390630952381 0.2876656247678019 0.45885937499999996 0.2987171876160991 0.45961406309523806 0.30834218761609905 0.45206250000000003 0.3129765622291022 0.4369609369047619 0.3158281250773994 0.4135515619047619 0.30941093746130033 0.395428125 0.29515156222910216 0.37201875 0.2823187498452012 0.3689984369047619 0.27305 0.37352968690476185 0.2662781250773994 0.4007140619047619 0.26449531269349846 0.4218578119047619 0.26805937523219814 0.44979687500000004
1 0.36359531269349843 0.38787656309523805 0.3504062501547988 0.382590625 0.34006874984520125 0.378815625 0.32438281238390093 0.37503906309523805 0.31974843777089784 0.3795703130952381 0.3158281250773994 0.38863125 0.3165406247678018 0.406 0.3136890625386997 0.420346875 0.3072718749226006 0.442246875 0.31475781238390094 0.461125 0.3236703126934985 0.4641453130952381 0.33115625015479877 0.461125 0.33329531269349844 0.46565468809523813 0.3425640625386997 0.475471875 0.3521890625386997 0.46716562500000003 0.36003125015479875 0.45659374999999996 0.3618140625386997 0.43922500000000003 0.3632390625386997 0.412040625 0.36359531269349843 0.38787656309523805
9 0.34826718761609904 0.3584265619047619 0.34612812507739943 0.37352968690476185 0.34826718761609904 0.3833453130952381 0.35290156222910213 0.34256875 0.35432812507739936 0.30707812500000004 0.3536140625386997 0.30028125 0.34826718761609904 0.3584265619047619
9 0.3275218749226006 0.3286546869047619 0.32530781238390094 0.29724062500000004 0.3264156247678019 0.345065625 0.32862812507739936 0.368509375 0.33416250030959754 0.389140625 0.3359328123839009 0.38070000000000004 0.33017812507739935 0.35209843690476195 0.3275218749226006 0.3286546869047619
1 0.35923437523219814 0.4775515619047619 0.3611796873065016 0.486475 0.3692812501547988 0.4960859380952381 0.3760859374613003 0.49402656309523807 0.38256718761609904 0.4837296869047619 0.38418750030959753 0.4624484369047619 0.3874296873065015 0.44048125 0.3893734377708979 0.428125 0.379975 0.41988749999999997 0.3679843752321981 0.4040984369047619 0.36409531269349843 0.42400625000000003 0.3598828123839009 0.442540625 0.35761406253869965 0.46313593690476185 0.35923437523219814 0.4775515619047619
1 0.38663281238390096 0.4366515619047619 0.3839578123839009 0.46709999999999996 0.3796124996904025 0.4826796880952381 0.3852953126934985 0.5046296880952381 0.39231562476780185 0.5081703119047619 0.4000046873065015 0.503921875 0.40468593746130027 0.495425 0.4083624996904025 0.48409531309523807 0.4103687498452013 0.46426875 0.40936562476780186 0.44585781190476187 0.4080281250773994 0.43169531309523806 0.40401718761609906 0.42886250000000004 0.3996718749226006 0.4196578130952381 0.38930781238390094 0.41328437500000004 0.38663281238390096 0.4366515619047619
1 0.42207031269349843 0.4125765619047619 0.41270937523219814 0.41540937499999997 0.41270937523219814 0.42673906190476185 0.4103687498452013 0.44444062500000003 0.4073609374613003 0.4734734380952381 0.4056890625386997 0.50038125 0.4076953126934984 0.51454375 0.4157187498452012 0.532246875 0.42273906253869964 0.535078125 0.43443906253869974 0.520209375 0.43443906253869974 0.5017984380952382 0.4381171876160991 0.4833875 0.4421281250773994 0.453646875 0.43945468730650156 0.43098749999999997 0.4331015622291022 0.425321875 0.42708437523219817 0.41895 0.42207031269349843 0.4125765619047619
1 0.4631906247678019 0.439484375 0.4548328123839009 0.43169531309523806 0.44614062476780186 0.439484375 0.43978906253869965 0.45647968690476187 0.43778281238390093 0.48834375 0.4361109374613003 0.525165625 0.43912031269349844 0.5343703119047619 0.46185312507739934 0.530121875 0.4648609374613003 0.47418125 0.466532812383901 0.4508140630952381 0.4631906247678019 0.439484375
9 0.4695421876160991 0.317690625 0.4531609374613003 0.43240312499999994 0.4605156247678019 0.43311093690476193 0.4695421876160991 0.317690625
1 0.5559109374613003 0.538690625 0.5628984377708978 0.5332375 0.5606921876160991 0.47170312499999995 0.5537046873065016 0.459240625 0.5441437498452012 0.453009375 0.53495 0.47170312499999995 0.5345812501547987 0.4911765630952381 0.5345812501547987 0.5129859369047619 0.5382593752321981 0.536353125 0.5434078123839009 0.541026561904762 0.5559109374613003 0.538690625
1 0.5687812501547987 0.52700625 0.5790781250773994 0.5340171880952381 0.5860656247678019 0.5285640619047619 0.5945234377708978 0.5067546869047619 0.5937874996904025 0.4818296869047619 0.5926843752321981 0.446778125 0.5871687498452012 0.4452203119047619 0.5754015622291021 0.44444062500000003 0.5673109374613003 0.453009375 0.563632812383901 0.467809375 0.5643687498452012 0.498965625 0.5643687498452012 0.51688125 0.5687812501547987 0.52700625
1 0.6077625003095976 0.5223328130952382 0.6107046873065015 0.520775 0.6173234377708978 0.5129859369047619 0.6202656247678019 0.49740781309523807 0.6206328123839009 0.47170312499999995 0.6184265622291022 0.4452203119047619 0.6114390625386997 0.4389890619047619 0.5956265622291022 0.4421046869047619 0.5923171876160991 0.46469375 0.5934203126934984 0.505975 0.5967296873065016 0.511428125 0.5993046873065015 0.5161015619047619 0.6077625003095976 0.5223328130952382
1 0.623575 0.48728125000000005 0.6349750000000001 0.5036390630952381 0.6408593752321982 0.5067546869047619 0.646742187616099 0.49974375 0.6496843752321981 0.48728125000000005 0.649317187616099 0.470925 0.6471109374613003 0.4545671869047619 0.6415953126934985 0.4397671880952381 0.6357109374613004 0.4265265619047619 0.6309296873065016 0.42886250000000004 0.6268843752321982 0.44366249999999996 0.6213687498452013 0.453009375 0.6195296873065015 0.4701453119047619 0.623575 0.48728125000000005
1 0.646742187616099 0.4670296869047619 0.6522593752321981 0.4818296869047619 0.6662328123839009 0.4880609369047619 0.6728531250773995 0.47170312499999995 0.6794718749226006 0.4701453119047619 0.6871937498452012 0.4685875 0.692342187616099 0.4545671869047619 0.6905046873065016 0.431978125 0.68315 0.4016015619047619 0.6710140625386997 0.3984859369047619 0.6588781250773994 0.400821875 0.6460078123839009 0.409390625 0.6415953126934985 0.42964218690476186 0.6460078123839009 0.456125 0.646742187616099 0.4670296869047619
9 0.5827562501547987 0.2847640619047619 0.5746656247678018 0.41328437500000004 0.5794468749226006 0.41172656190476187 0.5827562501547987 0.2847640619047619
9 0.5948921876160991 0.31669843809523807 0.5952593752321982 0.3930328119047619 0.600407812383901 0.39614843690476187 0.5948921876160991 0.31669843809523807
1 0.6710140625386997 0.5527109380952381 0.6746906247678018 0.55426875 0.6780015622291021 0.5659515630952381 0.6849875003095975 0.5721828119047618 0.6938140625386996 0.5729625 0.7066843752321982 0.562835936904762 0.7188203126934984 0.544921875 0.7195562501547987 0.5223328130952382 0.7188203126934984 0.498965625 0.7070531250773994 0.4732609380952381 0.7000656247678019 0.47481875 0.6908718749226007 0.48728125000000005 0.6820453126934984 0.48961875 0.6721171876160992 0.4981859369047619 0.6677046873065015 0.519996875 0.6710140625386997 0.5527109380952381
1 0.6188342092879257 0.5502323154761906 0.6210404594427245 0.5650323154761905 0.6225123343653252 0.5704838785714286 0.6291310842105263 0.5829479404761905 0.639795146749226 0.5977463785714286 0.6493576470588236 0.6055354404761905 0.6644342092879257 0.6016416904761905 0.673995146749226 0.5899573154761905 0.6743638972136223 0.5782729404761905 0.673627959752322 0.5611370035714286 0.671052959752322 0.5432229404761905 0.665170146749226 0.5315385654761905 0.6534013969040248 0.5221916904761905 0.6434732718266253 0.5307604404761905 0.631337334365325 0.5323182535714286 0.6232467095975233 0.5330963785714286 0.6188342092879257 0.5502323154761906
9 0.7173484377708977 0.5682890619047619 0.7077874996904024 0.541026561904762 0.7055812501547988 0.5581625 0.7232328123839009 0.607234375 0.7305875003095975 0.61891875 0.7427234377708979 0.6461812499999999 0.7305875003095975 0.6025609369047619 0.7247046873065015 0.5869828119047619 0.7173484377708977 0.5682890619047619
9 0.6860906247678018 0.5558265619047619 0.6960203126934985 0.6056765619047619 0.7063171876160991 0.6329390630952381 0.7184531250773994 0.663317188095238 0.7074203126934985 0.626707811904762 0.70595 0.615803125 0.69455 0.5597203119047619 0.6860906247678018 0.5558265619047619
9 0.6773234377708978 0.659446875 0.6836781250773993 0.6764171880952381 0.6775984377708978 0.63955 0.663507812383901 0.5786875 0.6566015622291022 0.585125 0.6729015622291021 0.6494984380952382 0.6773234377708978 0.659446875
9 0.6411281250773994 0.5816140630952381 0.6444437498452013 0.607948436904762 0.6474828123839009 0.6430609380952381 0.6577062501547988 0.691632813095238 0.6505234377708978 0.6500828119047619 0.6505234377708978 0.6325265619047619 0.6491406247678018 0.589221875 0.6411281250773994 0.5816140630952381
1 0.6076984377708978 0.641304688095238 0.6143281250773993 0.6465718749999999 0.6215124996904025 0.641890625 0.627867187616099 0.629015625 0.6300765622291022 0.610289061904762 0.6298015622291021 0.5862953119047619 0.6262093752321981 0.56756875 0.6209593752321981 0.5488421880952381 0.6112890625386997 0.5406484369047618 0.6024484377708978 0.539478125 0.5952656247678019 0.5494265619047619 0.5933312501547987 0.57225 0.5977515622291022 0.6050218749999999 0.6041062501547987 0.6331125 0.6076984377708978 0.641304688095238
9 0.6159859374613003 0.66646875 0.6264859374613003 0.7191375 0.6198546873065016 0.665298438095238 0.6184734377708978 0.645401563095238 0.6154343752321981 0.647157811904762 0.6126703126934985 0.6407203119047619 0.6159859374613003 0.66646875
1 0.4426140625386997 0.649585936904762 0.44923281238390095 0.639459375 0.4565874996904025 0.6145343750000001 0.45989843777089784 0.5903875 0.46100156222910216 0.5685781249999999 0.4551171876160991 0.54676875 0.4466593752321981 0.5428734380952381 0.4385687498452013 0.547546875 0.43195 0.581040625 0.42900781238390095 0.61765 0.42790468730650155 0.6301125 0.4326843752321981 0.64880625 0.4426140625386997 0.649585936904762
1 0.42864062476780185 0.622323438095238 0.43342031269349846 0.6020718749999999 0.43342031269349846 0.57169375 0.42900781238390095 0.5514421869047619 0.42018125015479874 0.54443125 0.40657499999999996 0.54443125 0.4047374996904025 0.5592312500000001 0.40326562476780187 0.6020718749999999 0.4047374996904025 0.6145343750000001 0.41135625015479876 0.6332281249999999 0.41871093746130034 0.630890625 0.42864062476780185 0.622323438095238
9 0.4393046873065016 0.6527015619047619 0.4367296873065015 0.6410171869047618 0.4231234377708978 0.7165718750000001 0.4393046873065016 0.6527015619047619
1 0.3867171876160991 0.599734375 0.3966468749226006 0.5950609369047619 0.4017953126934985 0.5857140630952381 0.40657499999999996 0.5709140630952381 0.4098843752321981 0.552220311904762 0.4043687498452012 0.5428734380952381 0.3955437498452012 0.5327484380952381 0.3881890625386997 0.5327484380952381 0.3797296873065016 0.5436531250000001 0.37531718761609906 0.5857140630952381 0.37678906253869965 0.593503125 0.38193749969040247 0.600514063095238 0.3867171876160991 0.599734375
9 0.36689531269349845 0.7302921880952381 0.3799109374613003 0.6722546869047619 0.37717031269349843 0.667903125 0.36780937523219814 0.7143328119047619 0.36689531269349845 0.7302921880952381
1 0.3475093752321981 0.513878125 0.3377828123839009 0.513878125 0.33261718761609904 0.532546875 0.3282718749226006 0.5718093750000001 0.33626406253869967 0.5763203130952381 0.35145937523219817 0.5834015630952382 0.3724296873065015 0.5904812500000001 0.37546874984520123 0.5846890630952382 0.37911562476780186 0.5718140630952381 0.3806359374613003 0.5595828119047619 0.38580156222910217 0.5473515619047619 0.38580156222910217 0.5402703130952381 0.3839781250773994 0.526753125 0.37911562476780186 0.522246875 0.3724296873065015 0.519671875 0.3645281250773994 0.518384375 0.35449843777089785 0.510659375 0.3475093752321981 0.513878125
1 0.2925 0.484265625 0.2839890625386997 0.481690625 0.2776078123839009 0.497140625 0.27669531269349845 0.528684375 0.27973437523219813 0.5383390619047619 0.2870296873065016 0.5525015630952381 0.29888125015479877 0.5653765630952381 0.3213718749226006 0.5750328130952381 0.3253218749226006 0.5724578119047619 0.32866562476780187 0.5666640630952381 0.3341359374613003 0.5499265619047619 0.3350484377708978 0.5396265630952382 0.3356562501547987 0.526109375 0.3341359374613003 0.515165625 0.3298812501547988 0.5003593749999999 0.32441093746130034 0.497140625 0.3143812501547988 0.49649687499999995 0.3043515622291022 0.49520937499999995 0.2925 0.484265625
25 0.34354259814241483 0.3849329047619048 0.34354259814241483 0.37805389166666664 0.34354259814241483 0.3655466 0.3385434439628483 0.35554078690476193 0.33729367925696596 0.36179443333333333 0.33729367925696596 0.3774285488095238 0.33687498575851393 0.38296875119047624 0.34354259814241483 0.3849329047619048
25 0.48789262724458204 0.44872008809523806 0.4885175095975232 0.3774285488095238 0.48476816780185755 0.37680315833333333 0.4798437356037152 0.44468750119047623 0.48789262724458204 0.44872008809523806
25 0.5216368018575852 0.4743600511904762 0.5216368018575852 0.39306265238095234 0.5178874117647059 0.38868509523809525 0.5142187356037151 0.47593750119047623 0.5216368018575852 0.4743600511904762
25 0.5816264185758514 0.4468439988095238 0.5767187356037151 0.4150000011904762 0.5760023814241486 0.44559326547619044 0.5816264185758514 0.4468439988095238
25 0.605171479876161 0.4486307571428571 0.6047251015479876 0.4486307571428571 0.6029397232198143 0.4459506309523809 0.6011543448916409 0.3994949666666666 0.597583520123839 0.39904829285714283 0.5999999894736843 0.44877232142857143 0.605171479876161 0.4486307571428571
25 0.6033861021671827 0.39770821309523813 0.6060641690402476 0.447290694047619 0.6100446328173375 0.4431919642857143 0.6056178588235295 0.39770821309523813 0.6033861021671827 0.39770821309523813
9 0.5150084798761609 0.38557662857142855 0.5185267752321981 0.38292410714285713 0.5185793046439628 0.33599416428571427 0.5150084798761609 0.38557662857142855
9 0.4904591535603715 0.36815575 0.48688836284829723 0.34135441904761904 0.4861607040247678 0.365625 0.4904591535603715 0.36815575
9 0.3105795653250774 0.6711528654761905 0.34182416222910217 0.5840485095238095 0.338281239628483 0.5810267857142857 0.3105795653250774 0.6666859761904762 0.3105795653250774 0.6711528654761905
9 0.35075119009287925 0.6412247166666667 0.3525366024767802 0.6166568380952382 0.3556610482972136 0.5934289714285714 0.3516740972136223 0.5933035714285714 0.35030484520123845 0.6153167404761906 0.3471803653250774 0.6430114452380952 0.34026478080495354 0.6641810547619048 0.35075119009287925 0.6412247166666667
9 0.354768359133127 0.6282707107142856 0.34985846687306504 0.6519452250000001 0.3445022637770898 0.6680260571428571 0.3382533374613003 0.6809800107142857 0.3458413312693499 0.6720462309523809 0.3511975343653251 0.6573055130952381 0.3552147040247678 0.6372045083333334 0.3583391498452012 0.6238038214285715 0.360570906501548 0.6041495154761904 0.35781248978328173 0.59609375 0.3561073931888545 0.6095097869047619 0.354768359133127 0.6282707107142856
25 0.3793176854489164 0.664452530952381 0.38378119938080496 0.6546253869047619 0.3904764699690403 0.5983425607142857 0.3812499894736842 0.5933035714285714 0.3770859287925697 0.6573055130952381 0.3793176854489164 0.664452530952381
13 0.6922100006191951 0.39942398095238096 0.704707853250774 0.3936170273809524 0.7172057052631579 0.3837898654761905 0.721222840866873 0.37217595833333333 0.7158666377708979 0.35966866904761907 0.7015834068111455 0.36815575 0.687300107739938 0.3766428488095238 0.6730168773993808 0.37619616666666666 0.6573945789473684 0.38512994642857146 0.645343105263158 0.39227696309523813 0.6283817386996904 0.4043375702380952 0.6132058185758514 0.41059120595238097 0.5971371417956657 0.4186316214285714 0.5868710458204335 0.42309851190476194 0.5627680984520124 0.4284587666666667 0.5533947263157895 0.4297988476190476 0.5377724278637771 0.4289054654761905 0.5194719938080495 0.4275654023809524 0.5109913442724459 0.4271187023809524 0.49670807987616095 0.4271187023809524 0.47260509783281734 0.42220513095238094 0.45927469040247676 0.4205989261904762 0.44295835232198144 0.4121386035714286 0.41770389783281736 0.4159514773809524 0.39360091640866873 0.4070176976190476 0.3797640297213622 0.39987067976190477 0.36190997461300306 0.3891501369047619 0.3543219808049536 0.38468324761904765 0.33959240495356036 0.37530278452380955 0.31995293746130027 0.36324217857142854 0.30879415294117646 0.36279549642857145 0.31191859876160993 0.3878100738095238 0.3196793566563467 0.39461364880952376 0.3299526061919505 0.39763519166666667 0.34022585572755415 0.39703088333333336 0.3544271126934984 0.4085127511904762 0.3653046712074303 0.418786 0.37708869287925695 0.4251312428571429 0.3918942588235294 0.4299657130952381 0.4100235226006192 0.4323829488095238 0.42331831640866874 0.4396346535714286 0.44235404334365325 0.4378217273809524 0.45172083034055727 0.4396346535714286 0.46367806996904026 0.4382859285714286 0.47796133498452015 0.44319951785714284 0.49626173498452014 0.44945315357142857 0.5114376891640867 0.4525799797619048 0.5368797046439628 0.4539200428571429 0.5435749752321982 0.4539200428571429 0.5591972736842106 0.4503465345238095 0.5690169907120743 0.44677302619047615 0.591334559752322 0.4414127547619048 0.6185620216718266 0.4351591011904762 0.6323989417956657 0.42533195714285715 0.6417722804953561 0.4146114142857143 0.6529310650154799 0.4038908714285714 0.668107052631579 0.39987067976190477 0.6850683510835913 0.39942398095238096 0.6915178470588235 0.3991071428571429 0.6922100006191951 0.39942398095238096
13 0.2757355164086687 0.5138707345238095 0.2685735547987616 0.5452043166666667 0.2699164229102167 0.5590806166666666 0.31281132198142414 0.5961800845238096 0.32129200495356036 0.5948400214285714 0.3440559188854489 0.5997535940476191 0.37172969164086683 0.6104741369047619 0.38779833436532507 0.6109208190476191 0.4011888761609907 0.6127075821428571 0.41234766068111456 0.6180678535714286 0.43466523034055726 0.6198545988095238 0.4512035721362229 0.6454717773809523 0.45747028854489163 0.6284621190476191 0.47483685510835916 0.6189612345238096 0.5020643164086688 0.6171744714285714 0.5243818860681114 0.6158344083333332 0.567231612383901 0.613600963095238 0.5815148433436532 0.6131542642857143 0.5993688984520124 0.6109208190476191 0.6114203721362229 0.6100274547619047 0.6239182247678019 0.6060072464285714 0.6332916309597523 0.6046671833333334 0.6399869021671827 0.6028804202380953 0.6569482681114551 0.5979668476190476 0.6698924309597523 0.5966267845238095 0.6819439052631578 0.5926065761904762 0.7242533529411764 0.5510234107142857 0.7215676173374612 0.5241660547619048 0.6752486340557275 0.5720588892857142 0.6685533634674923 0.5751856988095237 0.6484675510835913 0.5832261142857144 0.6382014557275543 0.5863529238095238 0.6288281170278638 0.5867996226190476 0.6216864681114551 0.5885863690476191 0.6047251015479876 0.5926065761904762 0.5882101139318886 0.5952867035714287 0.5770513294117647 0.5952867035714287 0.5618753752321981 0.5939466404761905 0.5480384891640867 0.5930532583333333 0.5292917442724457 0.5926065761904762 0.5105449659442725 0.5957334023809524 0.49938618142414865 0.5961800845238096 0.49001280866873065 0.5934999583333334 0.4819785040247678 0.5934999583333334 0.4770686117647059 0.5939466404761905 0.46010727925696593 0.5943933392857144 0.45341200866873066 0.5939466404761905 0.4444849808049536 0.591266513095238 0.4342188854489164 0.591266513095238 0.42350644520123837 0.5908198130952381 0.40509844520123833 0.5877284630952381 0.3760029770897833 0.5868332178571429 0.3491456216718266 0.5765378976190476 0.3263168693498452 0.5689283142857143 0.2757355164086687 0.5138707345238095
7 0.6725705665634676 0.7231107392857142 0.6672142953560372 0.730704455952381 0.6605190247678019 0.7351713452380952 0.6725705665634676 0.7382982059523809 0.6779267696594427 0.7280243285714286 0.6752486340557275 0.7132835940476191 0.6691964185758514 0.7037946428571429 0.670785120123839 0.7123902130952381 0.6725705665634676 0.7231107392857142
7 0.29451092198142415 0.7056188916666667 0.3043306390092879 0.7074056547619048 0.30968684210526315 0.699365255952381 0.30611605139318887 0.698471875 0.2994207801857585 0.6980251749999999 0.29587052569659444 0.6915178571428572 0.291832786377709 0.6975785273809524 0.29451092198142415 0.7056188916666667
13 0.28255700619195045 0.34834907380952385 0.27630806315789475 0.34287715714285716 0.2716213851393189 0.36945512023809524 0.30052267368421054 0.3741453726190476 0.3130205003095975 0.3889977642857143 0.3087890445820433 0.36152343809523807 0.30052267368421054 0.3538210047619048 0.28255700619195045 0.34834907380952385
25 0.6156759535603715 0.6478134666666667 0.6196525213622291 0.6404227773809524 0.6185163715170279 0.581297386904762 0.6116477145510836 0.5811079547619047 0.6122674179566563 0.6409912821428572 0.6156759535603715 0.6478134666666667
