1 0.3099781287297674 0.4615771733928646 0.25961134457554635 0.4554421919299059 0.27031962801959253 0.36753686283800885 0.3206858477840342 0.3736718092517742
1 0.31815576327335293 0.3740453720099198 0.3718376382266797 0.3826117318746432 0.35665961702432014 0.47772117829145694 0.3029777549583059 0.46915487167760145
9 0.35361403534886904 0.3002812472252725 0.35718598580683647 0.30064628457334974 0.34872940355433 0.383392548709653 0.3451574533362418 0.38302751294164206
9 0.33696208045398635 0.388784229727098 0.33130102831478325 0.3895048992034437 0.31964681638714865 0.2979612907819546 0.3253078125000002 0.2972406250000037
1 0.38088105617237034 0.4975057137301849 0.35356398861449634 0.49416219849082005 0.3646384915065255 0.4036889102440449 0.39195521080205253 0.40703240352254055
1 0.3893077667258922 0.41328436860525186 0.4177013661849287 0.4172510181551932 0.40475612886700674 0.5099082673585026 0.3763625349929498 0.505941644042092
1 0.41304684615261067 0.41174544008154573 0.4457106342363204 0.41475399594966283 0.43452723447751396 0.536163885756069 0.4018634498488609 0.5331553564503719
1 0.461524596213053 0.5356922218714029 0.4350809045714641 0.5341319771924202 0.4411731014314455 0.4308893488825546 0.4676163963911222 0.43244958192565736
9 0.4605156249999709 0.43311093749999735 0.4531506259155549 0.43253497372975763 0.462177318921249 0.31711466759598034 0.4695422160184535 0.31769062723024255
1 0.5631525008227527 0.5403186906555295 0.5355966137423138 0.5413066037517439 0.5324459967421262 0.4534287568946004 0.5600015144625559 0.4524408504613861
1 0.5632850762726775 0.4446223241949114 0.5935848215104897 0.4441679482877998 0.5949287323929866 0.5337794928861781 0.5646289872212265 0.5342338657645022
1 0.5916444412740702 0.439517980117799 0.6197526917752612 0.4387669200720153 0.6219755979408319 0.5219530369919291 0.5938673476097165 0.5227040924470495
1 0.6539123759789618 0.5049942908400359 0.6247601274227463 0.5089259164244653 0.6140409173101489 0.4294491114700954 0.643192836148387 0.425517508480797
1 0.6379331564711492 0.40303967978185584 0.6856173562047161 0.39647572461828645 0.6976302285613656 0.48373895919312787 0.6499460368642076 0.49030287542550355
9 0.5827561980934206 0.28476405923250914 0.5874208954523965 0.28505769955175186 0.579330322179203 0.4135780132687403 0.574665624999966 0.4132843750000004
9 0.600407851787395 0.396148434772665 0.5954993261516393 0.39648918466623484 0.5899837056142587 0.3170391858365099 0.5948921875000224 0.3166984375000019
1 0.7211240355260315 0.5721024586682054 0.6693968188118333 0.5737314438526808 0.6662733996591896 0.47454517618060094 0.7179997931863227 0.4729162040251017
2 0.7126875336302874 0.5555809039511054 0.6842396452838102 0.562853342336176 0.6695406130332913 0.505359069820938 0.6979882402307567 0.4980866665637477
2 0.6689330690746829 0.5834246700634852 0.6400442244577107 0.5881450365899689 0.6330534843013993 0.5453649513263005 0.6619421181363805 0.5406446023511112
1 0.6311078230215799 0.6053263255113153 0.6111801320987524 0.5281733600763319 0.6633458617483257 0.5147009174911037 0.6832737814588654 0.5918535267566896
9 0.7003762098064499 0.5436921825589268 0.7083769617730695 0.5408145506274262 0.7458709230880913 0.6450492023695183 0.7378701856490579 0.6479268054911852
9 0.718453442055079 0.6633171143530626 0.709781606107299 0.665317770064698 0.6845977739861837 0.5561709773448581 0.6932694383610851 0.5541703420879103
9 0.6860091261432899 0.6758775860436526 0.6780394678371522 0.6777224751710599 0.6555382998565165 0.5805323716252582 0.6635078124999154 0.5786875000000109
9 0.6411281250000229 0.5816140624999959 0.6482773988280996 0.5808747894287875 0.6597102831009352 0.6914255869553896 0.6525610105157966 0.6921648521022115
1 0.5891528338559056 0.5412712648439207 0.623110979168473 0.5366914263176272 0.6375100559704379 0.643445423020602 0.6035519196087762 0.6480252169995008
9 0.6126703125000859 0.6407203124999945 0.6177858238445424 0.6400616758946603 0.627944263272525 0.71894973790726 0.62282875297592 0.7196083691187923
7 0.6514514412899644 0.6912061125476474 0.6743274395188337 0.6867710001100912 0.6847768904082159 0.740660281167048 0.6619008997362243 0.7450953670160482
1 0.43517435097351154 0.5419267564951233 0.46369949839049696 0.5442780107823084 0.45493144183467393 0.6506400006218795 0.42640629725542567 0.6482887691268088
1 0.4334204866448772 0.6332281249999999 0.40326554466980724 0.6332281249999999 0.403265773613839 0.54443125 0.43342023534660257 0.54443125
2 0.4419001745064861 0.5729558081077484 0.45347589665675514 0.5748397779621593 0.4433670343705671 0.636945140491954 0.4317913148553316 0.6350611815591121
9 0.4367295829902105 0.6410171686820789 0.4412618774725843 0.6418332486344108 0.427655730265883 0.7173879484998784 0.42312343749995307 0.7165718749999964
1 0.38103332129662704 0.5312263371682399 0.4117487761641314 0.5344482955541712 0.40456896874547965 0.6028880210916499 0.3738535168419048 0.5996660818828858
9 0.37717026711845847 0.6679031158517358 0.3806469716067795 0.6686039685119413 0.3681583855260442 0.7305468028853186 0.3646816824303869 0.7298459549348981
1 0.3397987635368054 0.5065923384739595 0.3930832172817418 0.5213348174493154 0.3738422490199582 0.5908720679432378 0.32055783174837416 0.5761296781823697
2 0.35869452450560857 0.5821630061403121 0.32818622915692686 0.5661616192002222 0.35358063843193577 0.5177493472730345 0.38408870264265715 0.5337506602121693
1 0.35219495243450183 0.5083500851698615 0.3247404745005724 0.5763919179399393 0.2567058420814874 0.5489423866699925 0.2841604673023994 0.4809009604857138
1 0.47099670062505083 0.44996790313110124 0.49308472153325056 0.44806389975406485 0.4989677092027023 0.5163067902474995 0.47687968958393867 0.518210784055356
1 0.5248524611508856 0.5199482487420453 0.5051924867617572 0.5191291437921759 0.507124710385142 0.472757848374826 0.5267845476075763 0.4735769504718979
9 0.31007316595616885 0.6893718190700914 0.2999859649885366 0.6859094561638567 0.3352255381169016 0.583256438804531 0.3453125449085519 0.5867187654146687
9 0.3576219503484026 0.5945126923361712 0.37499314871058687 0.5993657412212549 0.34158992419065726 0.7189154887857969 0.32421875 0.7140624999999955
9 0.4906250062579147 0.37734375020185884 0.4840793872978111 0.3771326094965361 0.4856906339988427 0.32718458272823214 0.4922362178002686 0.32739572286513696
9 0.51640625 0.33359375 0.5234375 0.33359375 0.5234375 0.39140625 0.51640625 0.39140625
7 0.31566238908988 0.6863056945932633 0.31850985987603053 0.7050875652087615 0.2905672706965561 0.7093231620268683 0.2877198629507802 0.6905413477642286