2 0.21753591800325012 0.4671669289778027 0.25187382397041347 0.4755333512157637 0.24065862367740465 0.5215599745411617 0.2063207282252506 0.5131935821216703
2 0.2661299645941426 0.5324487924287418 0.24606949708334014 0.5341708290970735 0.2412795248369548 0.47837463562862836 0.2613398191866736 0.47665260646642504
2 0.2874573233796127 0.5060965159875808 0.30062849172895767 0.5078868470103356 0.2956699390532549 0.5443630700669285 0.282498771765745 0.5425727443228127
2 0.3243637014672913 0.5634973569439287 0.28795923209167995 0.5530207516926058 0.3035103617041841 0.49898847868039836 0.3399145178063918 0.5094650358715672
9 0.34668123755670877 0.41691874959008923 0.35217951358379196 0.41709987594552994 0.34971233848204974 0.49198893791122394 0.34421406249998654 0.4918078124999987
9 0.3580921274156026 0.38798436949595977 0.3647685141756938 0.38859596145015346 0.35551701120493817 0.4895834627834872 0.3488406249999798 0.4889718750000033
7 0.35433387386751747 0.36171481894928836 0.3713631696836046 0.3634768548484058 0.36612651321877365 0.41408458580085117 0.3490972182208907 0.41232255516416005
2 0.6489192469857699 0.5078490314827739 0.6472034337425612 0.5488965771350003 0.60855645089066 0.5472811240273446 0.61027238617271 0.5062337060106782
2 0.687305258641004 0.5223769674326142 0.6663311820976787 0.5460553974036247 0.6350212927970915 0.5183236641442381 0.6559953125000675 0.49464531249997856
2 0.6752878904411546 0.5919426411762407 0.6900031167012912 0.5549558783214785 0.7286957622640102 0.5703482536807185 0.7139806971499638 0.6073348798281671
0 0.36202343120112346 0.6229265613998057 0.37013107339407725 0.6243426868183312 0.3660971906040231 0.6474347698020061 0.35798954923598103 0.6460186475962928
1 0.35649777608011846 0.6656997811328449 0.31487158663094306 0.6614214247646666 0.32133196110453355 0.5985751236287766 0.36295764899659844 0.6028534540545506
9 0.3303061104107883 0.6750984190601481 0.33656913979029923 0.6759257701436968 0.323508340082185 0.7747804669980627 0.31724531249994925 0.7739531249999977
1 0.27154408375008643 0.5795192279576962 0.3269618549632014 0.587629895425447 0.318763196093073 0.6436425981585648 0.2633454340117396 0.6355319734224001
9 0.2765245475421807 0.6332973163556931 0.28762567619583024 0.6362690492147504 0.2653762694823172 0.7193720404874754 0.2542751508320862 0.7164003339637104
9 0.296518735535642 0.7310899977411044 0.2860030991091662 0.7300514913177697 0.2940423557383838 0.648661502522077 0.30455781249997926 0.649700000000003
7 0.2994275256734227 0.7405934874855608 0.28568358413872375 0.7460618975822578 0.2727014670253993 0.7134387010593787 0.28644531250006366 0.7079703124999794
7 0.2628243836652473 0.7271307804529721 0.2533770251710621 0.7344180111116754 0.24004173418370556 0.7171325255174165 0.24948906249994707 0.7098453125000227
1 0.2080376821053278 0.5804972658556933 0.23690091881007902 0.5467083297052913 0.2853607432712124 0.5880996248639604 0.256497709584778 0.6218883697477103
11 0.6834894686977577 0.25361573838422713 0.7316988375056326 0.24574508870482695 0.7576513320993854 0.4047049056063544 0.709441980192878 0.41257549165888385
0 0.18088945068359408 0.44599928024494484 0.16135809515890287 0.4420932262989582 0.1712311160797526 0.39272849019012246 0.19076234812314397 0.39663453131241505
6 0.6739309928094599 0.5842753401073879 0.6980020152894895 0.658197508197051 0.6282743153831234 0.6808994214044184 0.6042039121290372 0.6069777832962332
2 0.5721153843750244 0.5168269234374941 0.6083929900821659 0.5127964333267784 0.6125410661096566 0.550129234961522 0.5762634623978329 0.5541597127622121
2 0.7367787413189717 0.4495191840901262 0.7540032313474967 0.45721466360985774 0.7245339324746283 0.5231699449234853 0.7073094672778097 0.5154745066794891