2 0.7375999999999999 0.6384 0.7392 0.6384 0.7412 0.6408 0.7415999999999999 0.6456 0.7432 0.6464 0.7432 0.6424 0.7432 0.6376 0.7432 0.6336 0.7428 0.6288 0.7424000000000001 0.6232000000000001 0.742 0.6160000000000001 0.742 0.6127999999999999 0.742 0.6095999999999999 0.742 0.6063999999999999 0.7404000000000001 0.6072 0.7395999999999999 0.6072 0.7379999999999999 0.6072 0.7355999999999999 0.6056 0.7344 0.6032 0.7324 0.5992 0.7312 0.6008 0.73 0.6024 0.7292 0.6048 0.7288 0.6088 0.7288 0.6112 0.728 0.6168 0.7283999999999999 0.6232000000000001 0.7283999999999999 0.6272 0.7292 0.6328 0.73 0.6368 0.7332 0.64 0.7352 0.64 0.7375999999999999 0.6384
1 0.388 0.5888 0.3924 0.584 0.3948 0.5752 0.39640000000000003 0.5616 0.39640000000000003 0.5544 0.3956 0.548 0.39399999999999996 0.5416 0.3932 0.5352 0.3912 0.5296 0.39039999999999997 0.52 0.36 0.504 0.3568 0.5168 0.35479999999999995 0.5264 0.3532 0.5312 0.3512 0.5416 0.3508 0.5488000000000001 0.34919999999999995 0.5584 0.34919999999999995 0.5671999999999999 0.3524 0.5736 0.35559999999999997 0.5776 0.35919999999999996 0.5824 0.36160000000000003 0.5808 0.3656 0.5816 0.36879999999999996 0.5848 0.372 0.5864 0.376 0.5888 0.37920000000000004 0.5888 0.3848 0.5888 0.388 0.5888
2 0.3432 0.5871999999999999 0.3404 0.5848 0.3372 0.58 0.33199999999999996 0.5768 0.3288 0.5744 0.326 0.5744 0.3232 0.5816 0.3216 0.5864 0.3208 0.5928 0.31999999999999995 0.5992 0.3196 0.6072 0.3188 0.6103999999999999 0.3184 0.6184000000000001 0.318 0.6272 0.35479999999999995 0.6552000000000001 0.3576 0.6512 0.36040000000000005 0.648 0.36239999999999994 0.6376 0.36319999999999997 0.6336 0.3648 0.6256 0.36679999999999996 0.6160000000000001 0.36679999999999996 0.6088 0.3652 0.6024 0.364 0.5976 0.3608 0.5936 0.3584 0.592 0.35400000000000004 0.5912000000000001 0.3512 0.5903999999999999 0.34919999999999995 0.5888 0.3468 0.588 0.3432 0.5871999999999999
2 0.3796 0.6024 0.374 0.6008 0.3704 0.6024 0.3684 0.6063999999999999 0.36679999999999996 0.6144000000000001 0.366 0.6232000000000001 0.3648 0.6328 0.3648 0.6408 0.3644 0.648 0.3656 0.6512 0.40159999999999996 0.672 0.4024 0.6616000000000001 0.40359999999999996 0.6544 0.4052 0.6496 0.4072 0.644 0.4088 0.6376 0.41040000000000004 0.6336 0.4116 0.6256 0.41119999999999995 0.6176 0.40840000000000004 0.6127999999999999 0.4052 0.608 0.4032 0.608 0.39399999999999996 0.6095999999999999 0.392 0.6103999999999999 0.388 0.6088 0.3844 0.6056 0.3796 0.6024
2 0.4076 0.644 0.406 0.6527999999999999 0.406 0.6591999999999999 0.406 0.6648000000000001 0.4076 0.68 0.4296 0.6848 0.4304 0.6808 0.43079999999999996 0.6744 0.4316 0.6696000000000001 0.434 0.6599999999999999 0.43560000000000004 0.6504 0.436 0.6432 0.43560000000000004 0.6376 0.434 0.6304 0.4316 0.6232000000000001 0.4292 0.62 0.4248 0.6184000000000001 0.4204 0.62 0.4164 0.6216 0.4128 0.628 0.41 0.6352 0.4076 0.644
2 0.4368 0.6328 0.4352 0.64 0.4336 0.648 0.4324 0.6584000000000001 0.4324 0.664 0.43320000000000003 0.6712 0.43320000000000003 0.676 0.434 0.68 0.4576 0.6911999999999999 0.45840000000000003 0.6824 0.4596 0.6776 0.4612 0.672 0.4628 0.6656000000000001 0.46480000000000005 0.6584000000000001 0.46480000000000005 0.6464 0.4636 0.6408 0.4628 0.6352 0.46040000000000003 0.6304 0.45840000000000003 0.6288 0.4556 0.6272 0.45039999999999997 0.6264000000000001 0.4476 0.6272 0.44399999999999995 0.6272 0.4392 0.6288 0.4368 0.6328
2 0.5792 0.648 0.5792 0.6576 0.5804 0.6656000000000001 0.5812 0.6712 0.5828 0.6824 0.584 0.6864 0.6123999999999999 0.6824 0.6136 0.6784 0.6136 0.6672 0.612 0.6584000000000001 0.6116 0.6527999999999999 0.61 0.6432 0.6076 0.6392 0.6056 0.6336 0.6032 0.6312 0.5976 0.6312 0.5956 0.6312 0.5924 0.6336 0.5896 0.6352 0.5856 0.6336 0.5832 0.6336 0.5804 0.6392 0.5792 0.648
2 0.604 0.6392 0.604 0.6472 0.6056 0.6567999999999999 0.6064 0.6616000000000001 0.6076 0.668 0.61 0.6728000000000001 0.6116 0.6792 0.6379999999999999 0.6744 0.6388 0.6696000000000001 0.6388 0.6616000000000001 0.6388 0.6544 0.6396 0.6456 0.6396 0.64 0.6384000000000001 0.6328 0.636 0.628 0.6328 0.6264000000000001 0.6292 0.624 0.6248 0.6216 0.622 0.6208 0.6192 0.6208 0.6152 0.62 0.6116 0.6232000000000001 0.608 0.6304 0.604 0.6392
2 0.6587999999999999 0.6112 0.656 0.6112 0.6524 0.6103999999999999 0.6484 0.6095999999999999 0.644 0.6095999999999999 0.6396 0.6112 0.6372 0.62 0.6376 0.6296 0.6372 0.6424 0.6388 0.6519999999999999 0.6396 0.6567999999999999 0.6428 0.6656000000000001 0.6436 0.668 0.6904 0.6672 0.6892 0.6576 0.6892 0.6527999999999999 0.6896 0.6487999999999999 0.6916 0.6384 0.6916 0.6288 0.6916 0.624 0.6896 0.6184000000000001 0.6864 0.6103999999999999 0.6836 0.6072 0.6804 0.6063999999999999 0.6772 0.6063999999999999 0.6724 0.6056 0.6696 0.6056 0.6656 0.6072 0.6628000000000001 0.6103999999999999 0.6587999999999999 0.6112
2 0.7024 0.5936 0.696 0.5952000000000001 0.6916 0.6008 0.6868 0.608 0.686 0.6192000000000001 0.686 0.6272 0.6868 0.636 0.6888 0.644 0.6924 0.6536 0.6952 0.6616000000000001 0.7436 0.6392 0.7432 0.632 0.7432 0.6264000000000001 0.7424000000000001 0.6184000000000001 0.7415999999999999 0.6112 0.7412 0.6072 0.7408 0.6016 0.7384000000000001 0.5952000000000001 0.7352 0.588 0.7312 0.5816 0.7288 0.5816 0.724 0.5808 0.72 0.5848 0.716 0.5871999999999999 0.7128 0.5896 0.7084 0.5928 0.7024 0.5936
2 0.658 0.5624 0.6572 0.5552 0.656 0.5496 0.6547999999999999 0.5424 0.6536000000000001 0.5344 0.6268 0.5432 0.6264 0.548 0.6264 0.5536 0.6256 0.5608 0.626 0.5696 0.6264 0.5808 0.6287999999999999 0.5864 0.6328 0.592 0.6352 0.5944 0.6404000000000001 0.5992 0.6432 0.6016 0.6476000000000001 0.6024 0.6516000000000001 0.5992 0.6556000000000001 0.5952000000000001 0.6584 0.588 0.6592 0.5831999999999999 0.6608 0.5784 0.6596 0.5680000000000001 0.658 0.5624
2 0.7004 0.5608 0.7004 0.5544 0.6992 0.5472 0.6972 0.54 0.6952 0.5344 0.6943999999999999 0.5256000000000001 0.6943999999999999 0.52 0.6556000000000001 0.5304 0.6536000000000001 0.5392 0.6536000000000001 0.5448 0.6536000000000001 0.5544 0.6536000000000001 0.564 0.6544 0.5720000000000001 0.6567999999999999 0.5831999999999999 0.6596 0.5896 0.6659999999999999 0.592 0.6699999999999999 0.592 0.6752 0.592 0.6796000000000001 0.5871999999999999 0.6831999999999999 0.5848 0.6872 0.5848 0.6912 0.5848 0.696 0.58 0.6988 0.5728 0.7 0.5656 0.7004 0.5608
9 0.3748 0.4184 0.3704 0.42160000000000003 0.3684 0.4288 0.366 0.4392 0.366 0.4464 0.36360000000000003 0.4576 0.36319999999999997 0.46640000000000004 0.36319999999999997 0.4768 0.36160000000000003 0.48800000000000004 0.36160000000000003 0.49520000000000003 0.35960000000000003 0.5024000000000001 0.39080000000000004 0.5176 0.39 0.5136 0.39 0.5072 0.3892 0.4984 0.38839999999999997 0.4928 0.388 0.4848 0.3872 0.4784 0.38680000000000003 0.47040000000000004 0.3872 0.4632 0.38639999999999997 0.4568 0.3848 0.4504 0.384 0.44480000000000003 0.38199999999999995 0.4392 0.38 0.4344 0.37879999999999997 0.4296 0.3772 0.4232 0.3748 0.4184
7 0.36077724334365324 0.7085336535714286 0.35036057708978324 0.7254607369047619 0.34515224334365324 0.7606169869047619 0.34515224334365324 0.7723357369047619 0.34775641052631584 0.7853565702380952 0.3737980767801858 0.7840544869047619 0.38291266006191954 0.7345753202380952 0.38421474365325076 0.7176482369047619 0.38681891021671827 0.6968149035714286 0.3737980767801858 0.6837940702380952 0.36077724334365324 0.7085336535714286
11 0.78125 0.546875 0.760416666873065 0.5559895833333334 0.744791666873065 0.6197916666666666 0.7473958334365325 0.6354166666666666 0.7721354167182664 0.6666666666666666 0.8046874996904025 0.6692708333333334 0.8190104167182664 0.6588541666666666 0.8151041665634675 0.62109375 0.8033854167182664 0.6002604166666666 0.7838541665634675 0.55078125 0.78125 0.546875
13 0.2994791665634675 0.44921875 0.30598958328173376 0.4700520833333333 0.3255208334365325 0.4895833333333333 0.36588541671826624 0.5221354166666666 0.36848958328173376 0.5221354166666666 0.44921874984520127 0.5494791666666666 0.489583333126935 0.5520833333333334 0.5182291665634675 0.55078125 0.5533854167182662 0.55078125 0.5924479164086688 0.5494791666666666 0.6289062501547987 0.5403645833333334 0.6679687498452012 0.5377604166666666 0.6953125003095975 0.5286458333333334 0.7122395832817336 0.515625 0.7382812501547988 0.4908854166666667 0.7617187498452012 0.46484375 0.7526041665634675 0.4557291666666667 0.744791666873065 0.4674479166666667 0.7317708334365325 0.4765625 0.7109374996904025 0.4986979166666667 0.6966145832817336 0.5208333333333334 0.6692708334365325 0.5234375 0.6171874996904024 0.5325520833333334 0.557291666873065 0.5416666666666666 0.5299479164086688 0.5403645833333334 0.4869791665634675 0.5390625 0.41796874984520127 0.5234375 0.401041666873065 0.515625 0.36848958328173376 0.5013020833333334 0.328125 0.48046875 0.3007812501547988 0.4427083333333333 0.2994791665634675 0.44921875
13 0.4700520835913312 0.6861979166666666 0.5065104167182662 0.6901041666666666 0.6158854167182662 0.69140625 0.6953124996904025 0.6705729166666666 0.7421874996904025 0.6393229166666666 0.7513020835913313 0.62890625 0.734375 0.6184895833333334 0.697916666873065 0.6484375 0.666666666873065 0.6666666666666666 0.6432291665634675 0.671875 0.614583333126935 0.6731770833333334 0.572916666873065 0.6783854166666666 0.5390624996904024 0.6783854166666666 0.5078124996904024 0.671875 0.44921874984520127 0.6627604166666666 0.40625 0.6588541666666666 0.37890625015479873 0.6549479166666666 0.3567708334365325 0.6471354166666666 0.3294270835913312 0.6315104166666666 0.3164062501547988 0.62890625 0.28776041671826624 0.62109375 0.35546874984520127 0.6627604166666666 0.4700520835913312 0.6861979166666666
11 0.29557291640866873 0.5546875 0.2851562501547988 0.5546875 0.27213541671826624 0.5651041666666666 0.2695312501547988 0.6002604166666666 0.2682291665634675 0.6432291666666666 0.26432291640866873 0.6640625 0.2695312501547988 0.6953125 0.28125 0.7005208333333334 0.28776041671826624 0.703125 0.29166666687306503 0.7096354166666666 0.31380208359133127 0.64453125 0.317708333126935 0.63671875 0.32031249969040243 0.60546875 0.32161458328173376 0.609375 0.32031249969040243 0.5729166666666666 0.29557291640866873 0.5546875
