11 0.2804687498452012 0.5375 0.2734374996904025 0.5171875 0.265625 0.5046875 0.2570312501547988 0.48671875 0.2546874996904025 0.47421875 0.24921874984520123 0.46015625 0.24140625015479877 0.446875 0.23593749969040248 0.43828125 0.21796874984520123 0.4375 0.21015625015479877 0.44140625 0.20390625015479877 0.44765625 0.19921874984520122 0.46328125 0.203125 0.478125 0.209375 0.496875 0.21640625015479878 0.528125 0.228125 0.55234375 0.24531250030959753 0.58515625 0.25546874984520124 0.6015625 0.2804687498452012 0.5375
11 0.31015625015479875 0.3375 0.31093749969040246 0.31796875 0.3164062501547988 0.29453125 0.32578125015479875 0.278125 0.32890625015479874 0.2578125 0.3164062501547988 0.22265625 0.31093749969040246 0.228125 0.3054687498452012 0.2390625 0.2898437498452012 0.26015625 0.278125 0.27421875 0.26718749969040245 0.2953125 0.2695312501547988 0.31328125 0.2734374996904025 0.33828125 0.29453125015479875 0.35625 0.31015625015479875 0.3375
11 0.7203125003095975 0.378125 0.7257812501547988 0.36171875 0.73125 0.35078125 0.728125 0.33359375 0.7234374996904025 0.31796875 0.7117187498452012 0.30078125 0.7070312501547988 0.29375 0.6953125003095975 0.271875 0.6835937498452012 0.2640625 0.6796874996904025 0.27734375 0.678125 0.31640625 0.6929687498452012 0.35390625 0.70625 0.3890625 0.7203125003095975 0.378125
11 0.7132812501547988 0.57734375 0.715625 0.58203125 0.7257812501547988 0.596875 0.7382812501547988 0.6125 0.7476562501547989 0.6234375 0.7554687498452012 0.61015625 0.7601562501547988 0.5875 0.7585937498452012 0.56484375 0.753125 0.5484375 0.7515625003095975 0.53671875 0.7453125003095975 0.5203125 0.7375 0.49296875 0.7304687498452012 0.48984375 0.7140625003095975 0.48828125 0.7046874996904026 0.49921875 0.696875 0.52578125 0.7078125003095975 0.5625 0.7132812501547988 0.57734375
2 0.678125 0.52578125 0.6695312501547989 0.5328125 0.6625 0.53828125 0.6632812501547988 0.55078125 0.6671874996904025 0.55625 0.6828125003095975 0.5546875 0.6882812501547988 0.51875 0.678125 0.52578125
2 0.646875 0.49453125 0.6429687498452011 0.50546875 0.6515625003095975 0.50859375 0.6585937498452011 0.50859375 0.6609374996904025 0.50390625 0.6671874996904025 0.49765625 0.6742187498452011 0.48984375 0.6695312501547989 0.48203125 0.6648437498452012 0.48203125 0.659375 0.47890625 0.6492187498452012 0.48125 0.6453125003095975 0.4984375 0.646875 0.49453125
2 0.6976562501547988 0.48046875 0.7023437498452012 0.4765625 0.7070312501547988 0.46875 0.715625 0.45078125 0.7078125003095975 0.44765625 0.7015625003095974 0.453125 0.69375 0.459375 0.684375 0.471875 0.6898437498452011 0.48515625 0.6976562501547988 0.48046875
2 0.646875 0.55078125 0.6359374996904025 0.55390625 0.6320312501547988 0.55859375 0.6179687498452012 0.56796875 0.60625 0.57421875 0.6070312501547988 0.57734375 0.6226562501547988 0.5796875 0.6445312501547988 0.58671875 0.6484374996904025 0.5765625 0.6507812501547988 0.56640625 0.6523437498452012 0.553125 0.646875 0.55078125
2 0.3234374996904024 0.478125 0.3328125003095976 0.4859375 0.334375 0.4875 0.3367187498452013 0.4890625 0.34140625015479875 0.4953125 0.34921874984520124 0.4984375 0.3546874996904024 0.4953125 0.3546874996904024 0.478125 0.34843749969040244 0.46875 0.340625 0.4625 0.321875 0.4640625 0.3234374996904024 0.478125
2 0.28359374984520125 0.44140625 0.2890625003095975 0.45390625 0.29453125015479875 0.46328125 0.3046874996904025 0.4796875 0.3078125003095975 0.478125 0.3117187498452012 0.46171875 0.3054687498452012 0.45078125 0.29453125015479875 0.43984375 0.28281250030959754 0.42421875 0.28359374984520125 0.44140625
2 0.375 0.559375 0.371875 0.5546875 0.3679687498452013 0.54921875 0.3640625003095976 0.5453125 0.35703125015479875 0.540625 0.3523437498452013 0.5375 0.33906250030959756 0.525 0.33359374984520124 0.53046875 0.33828125015479876 0.546875 0.3507812501547987 0.56015625 0.378125 0.5734375 0.375 0.559375
2 0.33046874984520125 0.5375 0.33203125015479873 0.525 0.33046874984520125 0.52109375 0.32421874984520127 0.5140625 0.31796874984520124 0.5109375 0.3117187498452012 0.50625 0.30703125015479876 0.503125 0.29453125015479875 0.49921875 0.29375 0.51015625 0.296875 0.5203125 0.30703125015479876 0.53828125 0.33125 0.5390625 0.33046874984520125 0.5375
