11 0.30104989004246363 0.5822075732179436 0.24879555505810913 0.6043961052158108 0.18403996632559938 0.45190716354219584 0.23629316517269672 0.42971890003059104
11 0.3045297379353542 0.3588811087742204 0.253960652816545 0.34557381310171753 0.28825708967997343 0.21524873464357033 0.3388256027916441 0.22855595056974512
11 0.6612161014828644 0.27272449314749075 0.7000978674417411 0.2576740429592994 0.7451316160070292 0.37401218121222557 0.7062498987424988 0.38906253919478745
11 0.6880157276624459 0.4960391568937367 0.735254321272123 0.4819693601806127 0.7749703762262925 0.6153021930580913 0.7277318534954702 0.6293718239418287
2 0.6504199108974262 0.476595432288294 0.6759383355587261 0.48318033707317404 0.668267614541378 0.5129044134138012 0.64274919549473 0.5063195238410311
2 0.27455462909904327 0.4290355375962886 0.28815590259637247 0.4211019600612648 0.31670807789532773 0.4700486851085602 0.30310682712536163 0.4779822317823967
2 0.3348941481191332 0.45934790522974434 0.3691019146808685 0.49013273765995957 0.35213882396294593 0.5089805370366883 0.31793111205797686 0.4781957619338412
2 0.38349961344135863 0.5630184636965215 0.3682336870292602 0.5787319952798096 0.3358579482578534 0.5472813895269869 0.35112381858209574 0.5315679181233668
2 0.33720101940321 0.5234166570119262 0.3291939077528241 0.5382858684281875 0.3001537713420248 0.5226489221477233 0.308160886576502 0.5077797494624292
2 0.6395876688153521 0.5950193083454556 0.6174891433250878 0.5882943393867199 0.6291663141712434 0.5499268806104012 0.6512646951309762 0.5566518259936649
2 0.6842937862526242 0.5167387780680673 0.7001710658278171 0.5345991026689413 0.6696211229079836 0.5617545828866979 0.6537439061628447 0.5438943184253605
2 0.6888020828124581 0.48242187499996686 0.6813760371463786 0.47334619291501684 0.7002017497062525 0.457943367928479 0.7076277865437532 0.46701903426509206
2 0.7148437595477617 0.4622395828125001 0.7063801971609109 0.4622395828125001 0.7063802112209032 0.4407552078125 0.7148437486830517 0.4407552078125