1 0.30055445441109896 0.5194557326339938 0.3555953600209705 0.5301852721342806 0.3402618511413493 0.608836377162801 0.2852209674764481 0.5981069116393644
1 0.500613835664808 0.5928516897928641 0.4726489136735381 0.5934319575647862 0.4704915968180785 0.4894606325518051 0.498456032600302 0.4888803698738253
1 0.5275141424833691 0.594425 0.4993202006610318 0.594425 0.4993204463712573 0.49337968749999994 0.5275139105366407 0.49337968749999994
1 0.6540839879178293 0.5348666777798543 0.7100862400869801 0.5253737740454765 0.7235753155827069 0.60494344774174 0.6675730796495145 0.6144362851141123
11 0.7312498474159383 0.516406218434119 0.8059099298587853 0.531851530354082 0.7845676956468424 0.6350060612388277 0.709907658414977 0.6195608935753648
11 0.21272834099124793 0.506628566621178 0.2837187921711575 0.4938879527738451 0.3054579591439506 0.6150072884038029 0.23446754260658054 0.6277477683383931
9 0.484375 0.4033203125 0.4912109375 0.4033203125 0.4912109375 0.4875 0.484375 0.4875
9 0.5170663183316719 0.492120257621155 0.5116348570870741 0.49220381376093636 0.5101936077936671 0.3985210556085658 0.515625 0.3984374999999997
9 0.3078387023703044 0.5985479653912577 0.31524787212470073 0.6002765515802508 0.2922549923106317 0.698817779564717 0.2848458284240678 0.6970892106668852
9 0.31718737144240094 0.6062499807189652 0.3277314244591025 0.6078313744449663 0.31366904971889653 0.7015813787663132 0.30312500000002274 0.700000000000004
9 0.7000000000000455 0.6171874999999979 0.706844873811292 0.6165508526337131 0.7153233836019126 0.7076952252380244 0.7084785106104619 0.708331866721512
9 0.6984376161442469 0.7093749938879464 0.6877044547768492 0.7099398231671429 0.6830170342956308 0.6208773240834506 0.693749999999909 0.6203125000000022
2 0.6710487745148157 0.5124726512692759 0.6769868074484293 0.5431494647849282 0.6421800165878722 0.5498862369798557 0.6362420836292131 0.5192095109950783