0 0.25614531269349844 0.4986984369047619 0.26061562476780187 0.4917453119047619 0.2670718749226006 0.487771875 0.2685609374613003 0.46889843809523807 0.26756874984520124 0.450025 0.26359531269349845 0.4371125 0.25862812507739935 0.4251921869047619 0.2536609374613003 0.4122796869047619 0.24720468730650155 0.4182390619047619 0.24372812507739938 0.431153125 0.23925781238390093 0.45399843809523804 0.23776874984520124 0.472871875 0.23925781238390093 0.4867796869047619 0.2447218749226006 0.49273906309523813 0.24919218761609907 0.49273906309523813 0.2511781250773994 0.503665625 0.25614531269349844 0.4986984369047619
0 0.6902296873065016 0.518565625 0.68725 0.51061875 0.6822828123839009 0.5056515630952381 0.6788062501547987 0.5056515630952381 0.67235 0.504659375 0.6678796873065015 0.5086328119047618 0.6609265622291022 0.503665625 0.6549656247678018 0.51061875 0.6559593752321982 0.52551875 0.659932812383901 0.5324718749999999 0.6688734377708979 0.534459375 0.6743359374613003 0.546378125 0.6817859374613002 0.5563125 0.6847656247678019 0.554325 0.6956921876160991 0.5493578119047619 0.693209375232198 0.534459375 0.6902296873065016 0.518565625
0 0.779132812383901 0.446053125 0.7746624996904025 0.4341328130952381 0.7677093752321982 0.42618593809523814 0.7622453126934985 0.4192328130952381 0.7547953126934984 0.4093 0.7473453126934985 0.42121875000000003 0.7473453126934985 0.44108593809523805 0.7488359374613003 0.4549921880952381 0.7533062501547988 0.4708859380952381 0.7622453126934985 0.48578593809523807 0.7687015622291021 0.48181250000000003 0.7736687498452012 0.4778390630952381 0.7771453126934985 0.46889843809523807 0.7821125003095974 0.460953125 0.779132812383901 0.446053125
0 0.751815624767802 0.6526640630952381 0.7538015622291022 0.6407453130952381 0.7533062501547988 0.628825 0.7508218749226007 0.617898438095238 0.7488359374613003 0.606971875 0.742875 0.602998436904762 0.7389015622291022 0.5960453130952381 0.732942187616099 0.592071875 0.7304593752321981 0.602998436904762 0.7294656247678019 0.622865625 0.7284718749226006 0.6377640619047619 0.7314515622291021 0.6526640630952381 0.7393984377708979 0.665578125 0.742875 0.6645843749999999 0.7483390625386996 0.65961875 0.751815624767802 0.6526640630952381
0 0.7161041665634675 0.6674682285714286 0.7225604167182663 0.6754151035714286 0.733983853869969 0.6724338535714285 0.7300104167182663 0.6535619785714286 0.7285213541795665 0.6436276035714286 0.7250447919504645 0.6366744785714286 0.721566666873065 0.6257479166666666 0.7180901040247678 0.6197885416666667 0.7146135417956656 0.6247541666666666 0.713124479256966 0.6416416666666667 0.7126276043343653 0.6565416666666667 0.7161041665634675 0.6674682285714286
0 0.6842687498452013 0.6606109380952381 0.6783093752321981 0.6645843749999999 0.6773156247678018 0.675510938095238 0.6793031250773993 0.6864374999999999 0.6837718749226006 0.6943843749999999 0.688242187616099 0.697364063095238 0.6912218749226006 0.690410936904762 0.6937062501547987 0.681471875 0.6922156247678019 0.6715375 0.6887390625386997 0.662598438095238 0.6842687498452013 0.6606109380952381
0 0.64255 0.7291515630952381 0.6480125003095975 0.737096875 0.6539734377708979 0.7400781249999999 0.6609265622291022 0.7351109369047619 0.6678796873065015 0.7291515630952381 0.6743359374613003 0.725178125 0.6768187498452012 0.7152437500000001 0.6778124996904025 0.697364063095238 0.6763218749226007 0.6864374999999999 0.6698656247678018 0.6715375 0.6639062501547988 0.669551561904762 0.6559593752321982 0.6745171869047619 0.6455296873065016 0.679484375 0.6380796873065016 0.68544375 0.636092187616099 0.704317186904762 0.6385765622291022 0.7192171869047619 0.64255 0.7291515630952381
9 0.6845312501547988 0.7658765619047619 0.6987796873065016 0.806584375 0.6916562501547988 0.774696875 0.6824968749226007 0.74213125 0.6757125003095975 0.7197421869047619 0.6719812501547987 0.726526561904762 0.6780859374613002 0.744167186904762 0.6845312501547988 0.7658765619047619
9 0.6675703126934984 0.7923374999999999 0.6631609374613003 0.7774109380952381 0.6611250000000001 0.759092188095238 0.6590890625386997 0.7360249999999999 0.6516265622291022 0.7380609369047619 0.6533234377708979 0.7468796880952381 0.6560374996904025 0.7658765619047619 0.6607859374613003 0.782159375 0.665875 0.7998 0.6736765622291022 0.8147265619047619 0.6811390625386997 0.8228671869047619 0.6743546873065016 0.8072625 0.6675703126934984 0.7923374999999999
9 0.6180437498452013 0.742809375 0.6194000000000001 0.757057811904762 0.6231312501547988 0.7672343749999999 0.6238093752321981 0.7557 0.6234703126934984 0.7414531249999999 0.621775 0.721098438095238 0.6180437498452013 0.726526561904762 0.6180437498452013 0.742809375
9 0.6268625003095974 0.8337234369047619 0.6309343752321982 0.8479703130952382 0.6295765622291022 0.8405078119047619 0.6282203126934984 0.8249031250000001 0.627542187616099 0.8120125 0.6258453126934984 0.79844375 0.6244890625386997 0.7855531250000001 0.6207578123839009 0.780803125 0.6221140625386997 0.80115625 0.6238093752321981 0.8140468750000001 0.6268625003095974 0.8337234369047619
2 0.6031645832817337 0.6710375000000001 0.6004520835913313 0.6859624999999999 0.6048614582043343 0.68935625 0.6082536458204335 0.7002109369047619 0.6096098959752322 0.7090312499999999 0.6109677083591332 0.7219218749999999 0.6133427083591332 0.7273484369047618 0.6208052080495357 0.7327765619047619 0.624875520743034 0.72870625 0.6289458334365325 0.7219218749999999 0.6330177083591331 0.71785 0.6364098959752321 0.711745311904762 0.6394630210526315 0.7015671869047618 0.6391239585139319 0.6927484369047618 0.636748958513932 0.68460625 0.6296255207430341 0.681214061904762 0.624875520743034 0.67714375 0.6208052080495357 0.6751078119047619 0.6150380210526315 0.671715625 0.6082536458204335 0.6669671869047619 0.6031645832817337 0.6710375000000001
2 0.5905901040247677 0.6817484369047618 0.5848229164086687 0.6851406250000001 0.5783776043343654 0.6885328119047619 0.579733853869969 0.692603125 0.5841447919504643 0.7014234369047619 0.5871979164086687 0.706173436904762 0.5858401040247678 0.7129578119047618 0.5878760414860681 0.72245625 0.5909291665634675 0.7278843749999999 0.5939822916408668 0.7272046869047619 0.5990697919504644 0.726526561904762 0.601783853869969 0.7278843749999999 0.6048369789473684 0.730596875 0.6075510414860681 0.7285624999999999 0.6078901040247678 0.721778125 0.6072119789473684 0.7149921869047619 0.6085682291021671 0.7041375 0.6082291665634675 0.696675 0.6055151040247678 0.6892109369047619 0.603141666873065 0.6824265619047618 0.598391666873065 0.6803921869047619 0.5929651040247678 0.6803921869047619 0.5905901040247677 0.6817484369047618
9 0.5375921876160991 0.77926875 0.5393765622291022 0.756840625 0.5370828123839009 0.738998436904762 0.5365734377708978 0.7282953119047619 0.5327500000000001 0.73645 0.5317312501547987 0.7502140630952381 0.5332593752321981 0.76295625 0.5332593752321981 0.774170313095238 0.5337703126934984 0.78844375 0.5342796873065015 0.8042453119047619 0.5335140625386997 0.8276921869047619 0.5335140625386997 0.839417186904762 0.5368281250773994 0.808832811904762 0.5375921876160991 0.77926875
7 0.4920374996904025 0.8227062500000001 0.4870718749226006 0.8371546880952381 0.4821046873065015 0.857925 0.4848140625386997 0.8768890619047619 0.4924890625386997 0.8768890619047619 0.4997140625386997 0.8777921880952381 0.5051312501547988 0.886821875 0.5091953126934984 0.8985609369047619 0.517775 0.903076563095238 0.5222890625386997 0.890434375 0.5263531250773994 0.8759859380952381 0.5236437498452012 0.857925 0.5231921876160991 0.8434765630952381 0.5186765622291022 0.825415625 0.5155171876160991 0.8371546880952381 0.5128078123839009 0.8470890619047619 0.5064859374613003 0.8452828130952381 0.5051312501547988 0.8353499999999999 0.5060343752321981 0.823609375 0.5060343752321981 0.8091609380952381 0.5015203126934984 0.811870313095238 0.4965531250773994 0.8227062500000001 0.4920374996904025 0.8227062500000001
0 0.4190718749226006 0.6746953130952381 0.4146625003095975 0.6672312499999999 0.4099124996904025 0.6706234380952381 0.4075375003095975 0.683514063095238 0.4068593752321982 0.6957265630952381 0.4099124996904025 0.7025109380952381 0.41364374984520125 0.697084375 0.4180546873065015 0.690298438095238 0.4194109374613003 0.683514063095238 0.4190718749226006 0.6746953130952381
0 0.37598906253869974 0.7038687499999999 0.3800609374613003 0.7004765630952381 0.3844703126934984 0.6923343750000001 0.38752343777089787 0.688264063095238 0.3905765622291022 0.683514063095238 0.39125468730650154 0.676051561904762 0.3878625003095975 0.666553125 0.38548749969040247 0.6618046880952381 0.38175625015479875 0.65976875 0.3770078123839009 0.6604468750000001 0.37395468730650155 0.6699453130952381 0.37157968730650154 0.680121875 0.37191874984520124 0.6923343750000001 0.37259687492260063 0.705225 0.37598906253869974 0.7038687499999999
2 0.33222968730650154 0.6339874999999999 0.3359609374613003 0.6380578130952381 0.3400312501547988 0.64755625 0.34410156222910215 0.6563765630952381 0.3461374996904025 0.651626563095238 0.3498687498452013 0.651626563095238 0.35461874984520125 0.6509484380952382 0.35801093746130036 0.657054688095238 0.3603859374613003 0.65501875 0.3651343752321981 0.654340625 0.36852656222910213 0.6529843750000001 0.3705624996904025 0.645520311904762 0.36411718761609907 0.6339874999999999 0.3597062501547988 0.631951563095238 0.35292187492260063 0.6244890619047619 0.3454593752321981 0.616346875 0.34037031269349843 0.6122765630952381 0.33392499999999997 0.6095625 0.3301937498452013 0.61566875 0.3284984377708979 0.6305953130952381 0.33222968730650154 0.6339874999999999
7 0.25643437523219814 0.758271875 0.23621249969040248 0.7481625 0.21415468730650156 0.787684375 0.21691250030959752 0.828125 0.24264687492260062 0.849264063095238 0.26102968730650156 0.8327203130952381 0.26286718761609906 0.804228125 0.25643437523219814 0.758271875
7 0.3318015622291021 0.8541666666666666 0.3308828123839009 0.8743869785714286 0.35202187492260056 0.8835791666666667 0.3694859374613003 0.8743869785714286 0.3566171876160991 0.8504901035714286 0.3318015622291021 0.8541666666666666
6 0.330208333126935 0.471875 0.33125 0.48020833333333335 0.339583333126935 0.48854166666666665 0.352083333126935 0.4739583333333333 0.358333333126935 0.4708333333333333 0.334375 0.45729166666666665 0.330208333126935 0.471875
2 0.525 0.728125 0.53125 0.7177083333333333 0.521875 0.703125 0.51875 0.7208333333333333 0.525 0.728125
2 0.497916666873065 0.721875 0.5 0.7302083333333333 0.516666666873065 0.7208333333333333 0.5125 0.7114583333333333 0.505208333126935 0.690625 0.496875 0.703125 0.497916666873065 0.721875
7 0.715625 0.803125 0.720833333126935 0.8166666666666667 0.734375 0.8229166666666666 0.75 0.825 0.757291666873065 0.8208333333333333 0.7625 0.8083333333333333 0.760416666873065 0.7916666666666666 0.754166666873065 0.7822916666666667 0.736458333126935 0.7833333333333333 0.71875 0.7875 0.715625 0.803125
