2 0.374425 0.5578578130952381 0.37387968730650156 0.5512734369047619 0.3716937498452012 0.5392046880952381 0.3651375003095975 0.532621875 0.3580359374613003 0.5392046880952381 0.34984062476780187 0.54359375 0.352025 0.564440625 0.3591281250773994 0.571023436904762 0.3662296873065016 0.5688296869047619 0.36950781238390096 0.56334375 0.374425 0.5578578130952381
2 0.3716937498452012 0.542496875 0.3777031250773994 0.55346875 0.38535156222910216 0.542496875 0.3826203126934985 0.53371875 0.3798890625386997 0.5227468749999999 0.3749718749226006 0.524940625 0.36950781238390096 0.53371875 0.3716937498452012 0.542496875
2 0.393 0.5205515630952381 0.38862968730650155 0.5194546880952381 0.38480625015479875 0.5161625 0.3798890625386997 0.5183578130952381 0.3831671876160991 0.531523438095238 0.38425937523219816 0.5413984380952381 0.38862968730650155 0.5457875 0.393 0.5457875 0.39791718761609907 0.5457875 0.4028343752321981 0.542496875 0.40720468730650156 0.5359125 0.41048281238390094 0.5293296880952381 0.4126687498452012 0.5172609380952381 0.41048281238390094 0.509579686904762 0.4061124996904025 0.5019 0.4033812501547988 0.50409375 0.3995562501547988 0.5073859369047619 0.3957328123839009 0.5183578130952381 0.393 0.5205515630952381
0 0.4197703126934984 0.5106765630952381 0.416492187616099 0.5019 0.41321406253869974 0.49421875000000004 0.4077515622291022 0.493121875 0.4099374996904025 0.5304265619047619 0.41758593746130035 0.5227468749999999 0.4197703126934984 0.5106765630952381
0 0.5962359374613003 0.5392046880952381 0.5962359374613003 0.5183578130952381 0.5995140625386997 0.5084828119047619 0.6033375003095975 0.5008015619047619 0.6027906247678019 0.48982968690476186 0.598967187616099 0.48982968690476186 0.5913187498452013 0.48982968690476186 0.5869484377708979 0.4975109369047619 0.5853093752321982 0.515065625 0.5907718749226006 0.532621875 0.5962359374613003 0.5392046880952381
1 0.598967187616099 0.524940625 0.6022453126934985 0.5381078119047619 0.6088015622291022 0.5512734369047619 0.6159031250773994 0.552371875 0.6262828123839009 0.556759375 0.6317468749226006 0.542496875 0.6333859374613002 0.5227468749999999 0.636117187616099 0.50409375 0.633932812383901 0.4997046869047619 0.6257374996904025 0.4975109369047619 0.6197281250773994 0.4997046869047619 0.6142640625386997 0.5019 0.6060687498452012 0.50409375 0.598967187616099 0.5106765630952381 0.598967187616099 0.524940625
9 0.6267781250773994 0.4491703130952381 0.6307171876160991 0.4501 0.6358140625386998 0.39239999999999997 0.6267781250773994 0.4491703130952381
2 0.63835 0.5285140630952381 0.6350453126934984 0.51789375 0.630417187616099 0.5311703130952381 0.6277734377708979 0.5497562500000001 0.672725 0.5723265619047619 0.6687593752321982 0.5550671880952381 0.6621484377708978 0.547101563095238 0.6555374996904025 0.533825 0.6489281250773994 0.5285140630952381 0.63835 0.5285140630952381
2 0.6947140625386997 0.6510390630952381 0.6996390625386997 0.6559843750000001 0.7045656247678018 0.6535125 0.7127734377708979 0.6469171869047619 0.7144156247678018 0.6394984380952381 0.7115421876160991 0.6263078119047619 0.7090796873065015 0.6188890630952381 0.7021015622291022 0.6205375 0.6959453126934984 0.623010936904762 0.6901984377708977 0.6263078119047619 0.6914296873065015 0.6362 0.6906093752321981 0.64361875 0.6947140625386997 0.6510390630952381
2 0.6516140625386996 0.6197125 0.6466890625386997 0.6205375 0.6429953126934984 0.62878125 0.6434046873065016 0.6403218749999999 0.645457812383901 0.649390625 0.648742187616099 0.6559843750000001 0.6532562501547987 0.654335936904762 0.6598234377708978 0.6535125 0.6626968749226007 0.6411468749999999 0.6602343752321982 0.62878125 0.6565406247678018 0.6213624999999999 0.6516140625386996 0.6197125
9 0.6273867182662539 0.4984365845238095 0.6320734551083591 0.4515342392857143 0.626432279876161 0.45065104166666664 0.6164511566563468 0.49999999285714286 0.6273867182662539 0.4984365845238095
13 0.6253037764705882 0.6616353142857143 0.6044740452012384 0.6564239416666667 0.5857272551083591 0.6532971273809524 0.5659390340557275 0.6543394452380952 0.5435470569659443 0.6538182761904762 0.5185514030959752 0.655902813095238 0.49668016160990713 0.6553816833333334 0.4774126761609907 0.649649163095238 0.46179037770897835 0.649649163095238 0.4461680786377709 0.6501703119047619 0.43210802600619197 0.6517337595238095 0.4034671455108359 0.6569451107142857 0.3847203554179566 0.6590296285714285 0.3727432835913313 0.6616353142857143 0.3456646092879257 0.6637198702380952 0.3258763882352941 0.6668466857142857 0.2987977133126935 0.6673678547619047 0.2753642656346749 0.6631987416666667 0.2717190786377709 0.6626776119047618 0.2732813244582043 0.6788328571428571 0.29150733931888545 0.6856076559523809 0.3107748247678019 0.687171044047619 0.32535565263157895 0.6944669714285714 0.34826832569659444 0.7054108452380953 0.3581624557275542 0.7054108452380953 0.37222254860681114 0.6986360857142858 0.3862826012383901 0.6876921726190476 0.4024256352941177 0.6814385428571428 0.4242968767801858 0.673100355952381 0.44408509783281735 0.673100355952381 0.4716845077399381 0.6725792261904762 0.5039705752321981 0.6725792261904762 0.5367774185758514 0.6725792261904762 0.5586486204334365 0.6720580571428572 0.5742709188854489 0.6767483 0.5909346879256966 0.6788328571428571 0.6060362910216718 0.6819596714285715 0.6200963436532508 0.6850864869047619 0.631552679876161 0.6861287845238094 0.6581106191950464 0.6861287845238094 0.6726914470588234 0.687171044047619 0.6805025962848297 0.6902978583333333 0.6746093628482972 0.666796875 0.6508201659442725 0.6710157988095238 0.6253037764705882 0.6616353142857143
13 0.6914381578947368 0.5115478119047618 0.6872721956656347 0.5110266821428571 0.677898879876161 0.509463275 0.6612350315789474 0.5021673464285714 0.6430090167182663 0.4959136964285714 0.6200963436532508 0.4948714380952381 0.6044740452012384 0.49226575238095244 0.6060362910216718 0.5021673464285714 0.6211378142414861 0.5021673464285714 0.631552679876161 0.5042519023809524 0.6404053003095975 0.5099844035714286 0.6539446569659443 0.5183226107142856 0.6695669560371517 0.5204071476190476 0.683723946130031 0.5248697916666667 0.6914381578947368 0.5115478119047618
13 0.36441139938080497 0.5105055523809524 0.3805544328173375 0.5068575892857143 0.39513522105263155 0.4964348452380952 0.4065915975232198 0.48809663809523807 0.4071123325077399 0.4745470797619048 0.3920107696594427 0.4844487035714286 0.37430548978328176 0.49435028809523807 0.357641720743034 0.4974771238095238 0.34097795108359136 0.5000828095238096 0.3316045566563468 0.5011250678571428 0.3227519362229102 0.5000828095238096 0.32890623777089784 0.5216145833333333 0.3425401572755418 0.5146746464285714 0.36441139938080497 0.5105055523809524
16 0.7346598662538699 0.4839275452380953 0.7336183956656347 0.5084209964285714 0.7330976204334365 0.5376046702380952 0.7294524334365324 0.55688675 0.7310146792569661 0.5819013297619048 0.7346598662538699 0.5985777238095238 0.741950240247678 0.6095216166666666 0.7554895975232199 0.5975354452380952 0.7591347845201238 0.5850281654761904 0.7705911213622291 0.5865915726190476 0.7726741417956656 0.5605347142857142 0.7648629925696594 0.536562411904762 0.7586140891640867 0.47767390476190474 0.7560103727554179 0.4526593142857143 0.7508029399380804 0.43806747738095236 0.740364571517028 0.43893229166666664 0.7388258284829722 0.4620397892857143 0.7346598662538699 0.4839275452380953
16 0.26182494860681116 0.4448422571428572 0.2529723281733746 0.4516170464285714 0.2529723281733746 0.47089911547619046 0.2503686117647059 0.4886177880952381 0.24776489535603716 0.5021673464285714 0.2425574625386997 0.5188437392857143 0.23630853931888543 0.5376046702380952 0.23266333250773993 0.5600135845238096 0.23735000990712074 0.5740842726190476 0.24724416037151703 0.5740842726190476 0.2503686117647059 0.5824224797619048 0.25557604458204336 0.5891972583333334 0.2659909102167183 0.5928452226190476 0.27380206006191954 0.5871127023809524 0.2769265114551083 0.5740842726190476 0.28005096346749225 0.5537599345238096 0.27900949287925697 0.529787613095238 0.27744724705882357 0.5063364392857143 0.2784887572755418 0.4755893488095238 0.2769265114551083 0.4526593142857143 0.27744724705882357 0.43754633809523813 0.27484353065015477 0.42712359523809523 0.27096353003095974 0.42265625 0.261304213003096 0.43441951309523813 0.26182494860681116 0.4448422571428572
13 0.5591693554179566 0.4688145892857143 0.549796000619195 0.47142027499999994 0.5362566829721362 0.47715276547619045 0.5232381009287925 0.4813218595238095 0.5086572730650155 0.4813218595238095 0.4977216718266254 0.47715276547619045 0.48886901238390096 0.4745470797619048 0.4768919405572755 0.46777229047619046 0.46751854551083594 0.4672511619047619 0.45658294489164086 0.4599552333333333 0.45189624705882353 0.45734954761904767 0.45293775727554175 0.4781950345238095 0.46751854551083594 0.4766316464285714 0.4774126761609907 0.48340640595238094 0.48678607120743034 0.4886177880952381 0.499804653250774 0.4917446023809524 0.5076158024767802 0.4948714380952381 0.5268832879256966 0.49330801071428576 0.535215172755418 0.492786880952381 0.5414641157894737 0.4896600654761905 0.549796000619195 0.4886177880952381 0.5574218631578948 0.4903645833333333 0.5591693554179566 0.4688145892857143
6 0.3414077956656347 0.6313136857142857 0.33227036099071205 0.6371284166666666 0.33891576842105264 0.6512499071428572 0.3488838792569659 0.6520805833333334 0.36051334179566563 0.6512499071428572 0.36217469349845205 0.6454351761904761 0.3654973969040247 0.6371284166666666 0.36715874860681114 0.6296523345238095 0.36965077647058825 0.6271603059523809 0.36217469349845205 0.6296523345238095 0.3414077956656347 0.6313136857142857
2 0.303800746749226 0.6603865345238096 0.31629865572755417 0.6567079440476191 0.31482833374613006 0.6169791547619047 0.29644902229102166 0.6096219726190476 0.2832720421052632 0.6196691178571428 0.2861565962848297 0.6567079440476191 0.303800746749226 0.6603865345238096
