2 0.23622187492260063 0.516275 0.23094218761609908 0.5176609380952382 0.22641562476780183 0.5239 0.2298109374613003 0.5384546880952381 0.2343359374613003 0.5342953130952381 0.24376562476780186 0.53706875 0.25357187492260064 0.5474640630952381 0.2614921876160991 0.5509296880952381 0.2679046873065015 0.54885 0.27205312507739937 0.541920313095238 0.2739390625386997 0.5308296869047618 0.27507031269349846 0.5148890630952381 0.2743171876160991 0.5024140630952381 0.26941406253869965 0.493403125 0.26375625015479875 0.4954828119047619 0.2588531250773994 0.5044921880952381 0.25357187492260064 0.5114234369047619 0.24678281238390093 0.519048436904762 0.23622187492260063 0.516275
1 0.2845 0.5072656249999999 0.27620312507739936 0.5086515619047619 0.27356250030959756 0.5211265630952381 0.2709218749226006 0.5322171880952381 0.27054531269349846 0.5474640630952381 0.27356250030959756 0.5613265630952381 0.28374531269349845 0.5647921869047619 0.29468437523219815 0.5654843749999999 0.3056218749226006 0.5647921869047619 0.31316562476780185 0.5654843749999999 0.31957812507739936 0.5606328119047619 0.31882343777089783 0.5474640630952381 0.31882343777089783 0.52320625 0.3165593752321981 0.506571875 0.30524531269349847 0.5100375 0.29694687492260063 0.5079578130952381 0.2845 0.5072656249999999
2 0.30071874984520125 0.491325 0.29920937523219815 0.4649875 0.29392968730650154 0.4636015619047619 0.2912890625386997 0.474690625 0.28600937523219816 0.47954218690476186 0.2863859374613003 0.48716562500000005 0.28751718761609907 0.4961765630952381 0.2867640625386997 0.5093453119047618 0.28751718761609907 0.5225125 0.2901578123839009 0.536375 0.29204374984520126 0.54954375 0.2961921876160991 0.553009375 0.3014734377708978 0.553009375 0.30788437523219814 0.5502359380952381 0.310525 0.541920313095238 0.31392031269349846 0.5273640619047619 0.31392031269349846 0.514196875 0.3086390625386997 0.5017203130952381 0.3056218749226006 0.48716562500000005 0.30071874984520125 0.491325
9 0.30411406253869966 0.487859375 0.3102859374613003 0.4992 0.30925625015479874 0.49037968809523813 0.31165625015479875 0.47651718690476186 0.3126859374613003 0.452575 0.3106281250773994 0.417290625 0.3096 0.43367187500000004 0.30788437523219814 0.46076562499999996 0.30411406253869966 0.487859375
9 0.2921124996904025 0.467065625 0.29862656222910217 0.4563546880952381 0.29759843777089784 0.4412328119047619 0.29862656222910217 0.41855 0.30102812507739934 0.3612125 0.29622656222910215 0.3908265619047619 0.2938265622291022 0.41225 0.29245468730650154 0.4349328130952381 0.2921124996904025 0.467065625
9 0.2900546873065015 0.470846875 0.2869687498452012 0.4462734369047619 0.28594062476780185 0.4746265630952381 0.2900546873065015 0.470846875
2 0.3216 0.52629375 0.32022968730650153 0.5470859380952381 0.32125781238390094 0.5640984380952381 0.324 0.5703984369047619 0.3332593752321981 0.5741796880952381 0.33943125015479875 0.5741796880952381 0.3449171876160991 0.5710296880952381 0.35005937523219816 0.564728125 0.35314531269349847 0.54645625 0.35074531269349846 0.5338546869047619 0.33771562476780187 0.5351140619047619 0.33668749969040246 0.5477156249999999 0.33291562476780184 0.548346875 0.3318874996904025 0.534484375 0.328457812383901 0.5370046869047619 0.32537187492260067 0.5351140619047619 0.3216 0.52629375
0 0.3293468749226006 0.515 0.3251312501547987 0.5158609380952381 0.3244281250773994 0.5218859369047619 0.3241937498452012 0.5248984380952381 0.3246625003095975 0.5279109369047619 0.32723906253869967 0.5300625 0.3298140625386997 0.52661875 0.3298140625386997 0.5214546869047619 0.3293468749226006 0.515
2 0.3782937498452012 0.5558828119047619 0.3747796873065015 0.555021875 0.37056406253869967 0.557175 0.36892500000000006 0.5541625 0.36986249969040247 0.5442640630952381 0.3647093752321981 0.5412515630952381 0.3607281250773994 0.534365625 0.3558109374613003 0.5347953130952381 0.3520625003095975 0.5378078119047619 0.3515953126934984 0.545984375 0.3506578123839009 0.5533015619047619 0.3515953126934984 0.5610468750000001 0.3518296873065015 0.5692234380952381 0.35440468730650154 0.5782609369047619 0.35838593746130026 0.5817046869047618 0.36283593746130033 0.5829953130952381 0.3658812501547988 0.5817046869047618 0.3710328123839009 0.5804125 0.3759515622291022 0.579553125 0.3789953126934985 0.5786921869047619 0.3806343752321981 0.5722359369047619 0.3806343752321981 0.5653515619047619 0.3799328123839009 0.5593265630952381 0.3782937498452012 0.5558828119047619
0 0.37688749969040247 0.5335046869047619 0.3743125003095975 0.5412515630952381 0.3717359374613003 0.5472765619047619 0.373375 0.55674375 0.3801671876160991 0.5563140619047618 0.38110312507739935 0.546415625 0.38250781238390097 0.5365171869047619 0.38180625015479874 0.5292015630952381 0.3794640625386997 0.5292015630952381 0.37688749969040247 0.5335046869047619
2 0.39164218761609904 0.525328125 0.3876609374613003 0.5304921869047619 0.38461562476780187 0.5365171869047619 0.3857874996904025 0.5421125 0.38484999999999997 0.5498578119047619 0.38344531269349846 0.5619078119047619 0.38438281238390093 0.5726671869047619 0.38836406253869965 0.579121875 0.3923453126934985 0.5799828130952381 0.3944531250773994 0.57783125 0.3970281250773994 0.570084375 0.39866874984520123 0.5606171880952381 0.3989015622291022 0.552009375 0.40030781238390095 0.5481374999999999 0.4014781250773994 0.5382390619047619 0.4021812501547988 0.528340625 0.39796562476780184 0.5214546869047619 0.39164218761609904 0.525328125
0 0.42232187492260065 0.558034375 0.42302500000000004 0.55071875 0.4216187498452012 0.543403125 0.4178718749226006 0.5365171869047619 0.41576406253869974 0.545984375 0.41482812507739936 0.5545921880952381 0.4145937498452012 0.564490625 0.41576406253869974 0.570515625 0.4188093752321982 0.5666421880952381 0.42232187492260065 0.558034375
0 0.44012031269349844 0.542971875 0.4375437498452012 0.55071875 0.4361390625386997 0.558034375 0.4373109374613003 0.5636296869047619 0.44012031269349844 0.5679328119047619 0.44129218761609906 0.57180625 0.4417593752321981 0.5636296869047619 0.4417593752321981 0.552440625 0.44012031269349844 0.542971875
0 0.44784843777089783 0.5662109380952381 0.4499562501547988 0.5623390619047619 0.45089374984520125 0.55373125 0.44714687492260063 0.545125 0.4452734377708978 0.55071875 0.44457031269349845 0.5545921880952381 0.44386718761609906 0.55975625 0.4441015622291022 0.570084375 0.4448046873065015 0.57180625 0.44784843777089783 0.5662109380952381
2 0.4693953126934985 0.5726671869047619 0.46635000000000004 0.57783125 0.46658437523219815 0.5855781250000001 0.4689265622291022 0.5903109369047619 0.47220468730650156 0.5924625 0.4740781250773994 0.5924625 0.47782656222910214 0.594615625 0.4804015622291022 0.59590625 0.4820421876160991 0.5920328130952381 0.48274374984520124 0.5799828130952381 0.48274374984520124 0.5679328119047619 0.4813390625386997 0.5588953119047619 0.47946562476780186 0.552440625 0.4733765622291022 0.564490625 0.4693953126934985 0.5726671869047619
2 0.48344687492260063 0.5713765619047619 0.48344687492260063 0.594615625 0.48719374984520125 0.5997796869047619 0.4925796873065016 0.5980578119047619 0.502182812383901 0.602360938095238 0.51155 0.5997796869047619 0.5199812501547988 0.5933234369047619 0.522557812383901 0.5877296869047619 0.5209171876160991 0.5653515619047619 0.5209171876160991 0.537378125 0.5199812501547988 0.51758125 0.5143609374613003 0.5038109380952381 0.5012453126934985 0.5020890619047619 0.49304843777089785 0.5158609380952381 0.4869593752321981 0.5365171869047619 0.48414999999999997 0.555021875 0.48344687492260063 0.5713765619047619
2 0.5267734377708978 0.595475 0.5309875003095975 0.5950453130952381 0.5394187498452012 0.5907421869047619 0.549957812383901 0.5868687499999999 0.5537046873065016 0.579553125 0.5534703126934984 0.5472765619047619 0.5506609374613003 0.519734375 0.5450406247678018 0.5068234380952381 0.5368437498452012 0.5051015619047619 0.5316906247678018 0.513709375 0.5272406247678019 0.5300625 0.5234937498452013 0.5455546869047619 0.5218546873065015 0.5662109380952381 0.5227921876160991 0.5890203119047619 0.5267734377708978 0.595475
2 0.5534703126934984 0.5339359380952381 0.5537046873065016 0.5438328130952381 0.5555781250773995 0.5614781249999999 0.5553453126934985 0.57481875 0.5604968749226006 0.58084375 0.5698640625386997 0.582134375 0.5768906247678018 0.576540625 0.5827453126934985 0.5666421880952381 0.5843843752321981 0.552440625 0.5843843752321981 0.5300625 0.5829796873065015 0.507684375 0.5785296873065016 0.49692499999999995 0.5712703126934985 0.49520312499999997 0.5649468749226005 0.50295 0.5581546873065015 0.519303125 0.5534703126934984 0.5339359380952381
1 0.6244328123839009 0.564490625 0.6270078123839009 0.555021875 0.6286468749226006 0.5425421869047619 0.6277109374613002 0.531353125 0.6267734377708979 0.516290625 0.6249 0.5059625 0.6211531250773994 0.49864687500000004 0.617875 0.4947734369047619 0.6129562501547988 0.49520312499999997 0.608975 0.49692499999999995 0.6061656247678019 0.501659375 0.6038234377708979 0.5038109380952381 0.6003093752321982 0.50295 0.5970312501547987 0.504240625 0.5911765622291022 0.5081140619047619 0.5857906247678019 0.5141390619047619 0.58415 0.519303125 0.58415 0.5218859369047619 0.5839156247678019 0.5274796869047619 0.5843843752321981 0.5352265630952381 0.586257812383901 0.5442640630952381 0.5869609374613003 0.55071875 0.5888343752321982 0.5636296869047619 0.5911765622291022 0.5649203119047619 0.5960937498452012 0.5666421880952381 0.5991390625386998 0.5679328119047619 0.6059312501547988 0.57180625 0.6101468749226007 0.573096875 0.6148296873065016 0.5743890619047619 0.6192796873065015 0.5722359369047619 0.6244328123839009 0.564490625
9 0.6065406247678019 0.431971875 0.6060125003095975 0.420978125 0.6061890625386996 0.3850890619047619 0.6046046873065015 0.3922015619047619 0.6030218749226006 0.4080453119047619 0.6030218749226006 0.4332640619047619 0.6072437498452012 0.441025 0.6065406247678019 0.431971875
9 0.5866578123839009 0.3989921869047619 0.58525 0.4229171869047619 0.586832812383901 0.440378125 0.5912328123839009 0.443934375 0.5905281250773994 0.43423437499999995 0.5891203126934984 0.4238875 0.5866578123839009 0.3989921869047619
0 0.6580046873065016 0.5138281250000001 0.6526203126934984 0.5117453119047619 0.6517703126934984 0.5216390619047618 0.6506359374613003 0.53309375 0.6517703126934984 0.538301561904762 0.6554531250773994 0.535178125 0.6599875003095975 0.52945 0.6597046873065016 0.5226796869047619 0.6580046873065016 0.5138281250000001
2 0.6693390625386998 0.520596875 0.6764234377708978 0.5226796869047619 0.6852078123839009 0.5242421869047619 0.6914421876160991 0.523721875 0.6976765622291022 0.5232 0.7047609374613003 0.5185140619047619 0.7039109374613004 0.5065375 0.6976765622291022 0.4987265630952381 0.6886078123839009 0.4956015630952381 0.680107812383901 0.4945609380952381 0.6710390625386997 0.49820624999999996 0.6656546873065016 0.5112234369047619 0.6662218749226005 0.51643125 0.6693390625386998 0.520596875
2 0.6701890625386997 0.5247625 0.6665046873065016 0.53309375 0.6639546873065015 0.5419468749999999 0.6636718749226006 0.55600625 0.6696218749226006 0.561214063095238 0.6741562501547987 0.5643375 0.6852078123839009 0.5679828130952381 0.6951265622291022 0.564859375 0.6962593752321982 0.5580890630952381 0.6948421876160992 0.548715625 0.6934265622291022 0.53934375 0.6905921876160991 0.538821875 0.687757812383901 0.53778125 0.685775 0.543509375 0.680107812383901 0.5414265619047619 0.6812406247678018 0.5356984369047619 0.6786906247678018 0.5226796869047619 0.6755734377708977 0.5226796869047619 0.6701890625386997 0.5247625
1 0.6308 0.6007890619047619 0.6279656247678018 0.615890625 0.6296656247678019 0.6294281249999999 0.6305171876160991 0.63671875 0.631932812383901 0.64505 0.6358999999999999 0.6570265619047619 0.6418515622291022 0.6710875 0.6480859374613004 0.6794187500000001 0.6554531250773994 0.6841046880952381 0.6682062501547987 0.6783765619047619 0.6761406247678018 0.675253125 0.680957812383901 0.666921875 0.684075 0.64505 0.684925 0.625784375 0.683507812383901 0.612245311904762 0.6778406247678018 0.6039125 0.6659390625386997 0.6023515619047619 0.6574374996904024 0.5981859369047619 0.6520531250773993 0.5919359369047619 0.6407187498452012 0.5966234369047618 0.6308 0.6007890619047619
2 0.6594203126934985 0.61536875 0.6472359374613004 0.619534375 0.6410015622291022 0.6294281249999999 0.6412843752321982 0.6492171880952381 0.6404343752321981 0.6783765619047619 0.6441187498452012 0.686709375 0.6461015622291022 0.688270311904762 0.6500687498452011 0.6856671880952381 0.6520531250773993 0.662234375 0.6605546873065016 0.6643171880952381 0.6642375003095975 0.6788984380952381 0.6667890625386997 0.687229688095238 0.6693390625386998 0.686709375 0.6724562501547987 0.67785625 0.6699062501547988 0.6679624999999999 0.6679218749226006 0.653382813095238 0.6710390625386997 0.6460921880952382 0.6704718749226006 0.627867186904762 0.6656546873065016 0.6164109380952381 0.6594203126934985 0.61536875
1 0.5987781250773994 0.6346359369047619 0.6007624996904025 0.650778125 0.6067124996904025 0.65806875 0.6129468749226007 0.6643171880952381 0.6197484377708978 0.670565625 0.6242828123839009 0.6716078119047619 0.62825 0.665359375 0.6296656247678019 0.6570265619047619 0.6316499999999999 0.6424468750000001 0.631932812383901 0.6273453119047618 0.6305171876160991 0.612245311904762 0.6239984377708978 0.605996875 0.6163484377708979 0.6007890619047619 0.6069968749226006 0.602871875 0.6013281250773993 0.6096406249999999 0.5973609374613004 0.61536875 0.5970781250773993 0.627867186904762 0.5987781250773994 0.6346359369047619
9 0.6931421876160991 0.76013125 0.6888921876160992 0.750757811904762 0.683225 0.7299296869047619 0.6781234377708978 0.712225 0.6724562501547987 0.6861875000000001 0.6693390625386998 0.688792188095238 0.6721734377708978 0.705975 0.678407812383901 0.7330531250000001 0.6871921876160991 0.763254688095238 0.6917249999999999 0.7689828130952381 0.6931421876160991 0.76013125
9 0.6492187498452012 0.7502374999999999 0.6523359374613004 0.764296875 0.6472359374613004 0.6929578119047619 0.6458187498452012 0.7085796869047619 0.6463859374613004 0.72211875 0.6480859374613004 0.7382609380952381 0.6492187498452012 0.7502374999999999
9 0.6449687498452013 0.688270311904762 0.6418515622291022 0.6830640619047619 0.6404343752321981 0.705975 0.6404343752321981 0.7288875 0.6432687498452012 0.747634375 0.6466687498452012 0.756485938095238 0.6435515622291021 0.7335734380952381 0.6432687498452012 0.7064968749999999 0.6449687498452013 0.688270311904762
9 0.6225812501547987 0.7278453119047619 0.6347671876160992 0.7939781250000001 0.6239984377708978 0.719514063095238 0.6225812501547987 0.7278453119047619
9 0.5919765622291021 0.721596875 0.5877265622291021 0.721076563095238 0.5902765622291022 0.7465921880952381 0.5945281250773994 0.7679421880952381 0.6001953126934985 0.7866875 0.6016124996904025 0.7846046869047619 0.5973609374613004 0.762734375 0.5931109374613003 0.7393015619047619 0.5919765622291021 0.721596875
2 0.38936406253869965 0.615890625 0.38652968730650156 0.6221390619047619 0.3853968749226006 0.6320328119047619 0.3848296873065016 0.64505 0.38766250030959754 0.6492171880952381 0.39304687492260065 0.6575484380952381 0.3953140625386997 0.65650625 0.40126562476780187 0.6492171880952381 0.403532812383901 0.64505 0.4058 0.63671875 0.41175 0.63828125 0.41486718761609903 0.63515625 0.4154343752321981 0.6263046869047619 0.41316718761609905 0.6200562500000001 0.40835 0.61536875 0.40438281238390095 0.612765625 0.3995656247678019 0.614848438095238 0.39474687492260063 0.61536875 0.38936406253869965 0.615890625
2 0.39049687492260066 0.63671875 0.3913468749226006 0.6247421869047619 0.3885140625386997 0.612245311904762 0.38369531269349844 0.6070375 0.3783124996904025 0.606517186904762 0.37236093746130033 0.604954686904762 0.3644265622291022 0.6096406249999999 0.359042187616099 0.6101625 0.3562078123839009 0.6164109380952381 0.35450781238390094 0.6247421869047619 0.354225 0.63828125 0.354225 0.6476546880952381 0.35564218761609906 0.6513 0.3624421876160991 0.652340625 0.3655593752321981 0.64505 0.36782656222910215 0.639321875 0.3695265622291022 0.634115625 0.37434374984520125 0.62995 0.3774609374613003 0.626825 0.37519531269349843 0.6200562500000001 0.3791624996904025 0.6237015619047619 0.3774609374613003 0.6346359369047619 0.3797281250773994 0.63984375 0.38511250030959754 0.6429671880952381 0.38936406253869965 0.6429671880952381 0.39049687492260066 0.63671875
2 0.35875937523219814 0.6184937500000001 0.35564218761609906 0.611723438095238 0.35110781238390093 0.606517186904762 0.3443062501547987 0.6018296869047619 0.33608906253869963 0.604434375 0.3301375003095975 0.60026875 0.32248593746130033 0.60026875 0.31738593746130034 0.59870625 0.30973437523219816 0.59870625 0.3040671876160991 0.6023515619047619 0.3029343752321981 0.6289078119047619 0.3074671876160991 0.6335953119047619 0.3122859374613003 0.6325531249999999 0.31426874984520126 0.6304703119047619 0.31710312507739935 0.6221390619047619 0.3219203126934984 0.615890625 0.3267374996904025 0.6174515619047619 0.33127187492260063 0.621617186904762 0.3349546873065015 0.6200562500000001 0.34005625015479873 0.621096875 0.33920625015479877 0.6304703119047619 0.34005625015479873 0.643489063095238 0.34600625015479874 0.6486953130952381 0.3496906247678019 0.648175 0.35450781238390094 0.64505 0.35875937523219814 0.6184937500000001
0 0.30633437523219814 0.6486953130952381 0.30973437523219816 0.6429671880952381 0.3069015622291022 0.635678125 0.30321718761609906 0.6330734369047619 0.3023671876160991 0.6408843750000001 0.30321718761609906 0.6513 0.30633437523219814 0.6486953130952381
2 0.2777124996904025 0.5825640630952381 0.2714796873065015 0.5810015630952381 0.26552812507739937 0.58048125 0.2624109374613003 0.592978125 0.2726125003095975 0.604954686904762 0.27827968730650154 0.614848438095238 0.2856484377708978 0.6164109380952381 0.2873484377708978 0.63671875 0.29159843777089783 0.64505 0.29499843777089785 0.6492171880952381 0.2967 0.645571875 0.29953281238390095 0.637760936904762 0.30208437523219817 0.6283875 0.3054843752321981 0.615890625 0.3046343752321981 0.606517186904762 0.3018 0.59714375 0.29613281238390093 0.5919359369047619 0.2876312501547988 0.5893328119047619 0.2777124996904025 0.5825640630952381
25 0.595131439628483 0.5085576071428571 0.600393707739938 0.5052662142857143 0.595131439628483 0.45655361666666666 0.5914473535603715 0.44917763214285716 0.5872380879256965 0.45721188571428567 0.595131439628483 0.5085576071428571
25 0.6076293386996904 0.49736686666666663 0.6135493275541796 0.4934172047619048 0.6082870594427244 0.45128736904761907 0.6046052482972136 0.4425986845238095 0.6023670705882352 0.4558953238095238 0.6076293386996904 0.49736686666666663
25 0.6253894049535603 0.7226027416666667 0.626047226006192 0.7074623154761904 0.6188115950464396 0.6469007107142858 0.610361827244582 0.6473684214285714 0.6188115950464396 0.7127285642857143 0.6253894049535603 0.7226027416666667
25 0.5898692216718266 0.7226027416666667 0.5911847634674923 0.7120702952380953 0.5905269925696595 0.6765232440476191 0.588553679876161 0.6462424166666666 0.5824013009287925 0.6457236845238096 0.5859225455108359 0.718653080952381 0.5898692216718266 0.7226027416666667
1 0.6010515287925696 0.6449258797619049 0.595131439628483 0.6146450523809524 0.5865803164086687 0.6027960428571428 0.5760558309597523 0.6074039976190476 0.5688202501547988 0.6311020154761904 0.5629002111455108 0.6462424166666666 0.5786869647058823 0.6712570214285715 0.5892114507739938 0.6824477357142856 0.5930920904024768 0.6819078952380953 0.5984203442724458 0.6699404595238095 0.6010515287925696 0.6449258797619049
13 0.7109009337461301 0.484964175 0.7069542080495357 0.47903967023809524 0.6924830458204334 0.48035625833333334 0.67011853250774 0.4810145142857143 0.6517006445820434 0.47903967023809524 0.6326250359133126 0.4757482773809524 0.6109182433436533 0.484964175 0.5832914117647059 0.49286352261904764 0.5642157529411764 0.5007628702380952 0.5405356470588235 0.505370825 0.5208022173374613 0.5132701726190476 0.4944909777089783 0.521169494047619 0.4787042241486068 0.5277522797619048 0.4550241182662539 0.5185363952380952 0.4352906885448916 0.5159032714285714 0.41753062229102167 0.5165615642857143 0.38003707554179567 0.5132701726190476 0.3543836068111455 0.5020794321428571 0.3260990544891641 0.49286352261904764 0.303076719504644 0.486939030952381 0.2813699269349845 0.47903967023809524 0.27479211702786377 0.47772312142857143 0.27281880433436534 0.4994463083333333 0.2905788705882353 0.5020794321428571 0.3037344904024768 0.5060290928571428 0.3228101492260062 0.5132701726190476 0.33596576904024766 0.5165615642857143 0.35175252321981426 0.5224860571428571 0.36425032198142415 0.52314435 0.38793047739938075 0.5218277880952381 0.4181883931888545 0.5277522797619048 0.4273973368421053 0.5290688416666667 0.443184040866873 0.5349933583333334 0.4596285653250774 0.5297271357142858 0.48265090030959756 0.5422344130952381 0.4944909777089783 0.5409178511904762 0.5161977708978328 0.5270940119047619 0.5267222563467492 0.5270940119047619 0.5398778761609907 0.5244608869047619 0.5556646303405572 0.5172198333333333 0.5668468866873065 0.5119536095238095 0.5865803164086687 0.5060290928571428 0.596447081733746 0.503395994047619 0.6188115950464396 0.49878803928571425 0.6359139411764706 0.4981297452380952 0.6523584656346749 0.4981297452380952 0.6734074377708978 0.4981297452380952 0.6885364204334365 0.4981297452380952 0.7090460377708979 0.5001644738095238 0.7109009337461301 0.484964175
13 0.6470961981424148 0.6620411619047619 0.6339405783281734 0.6620411619047619 0.6122337851393189 0.6613828428571429 0.5984203442724458 0.66072455 0.5734246965944272 0.658749769047619 0.5563224012383902 0.6561165952380952 0.5451400941176471 0.6567748880952381 0.5227755808049536 0.6561165952380952 0.49975324582043346 0.6567748880952381 0.48265090030959756 0.6567748880952381 0.4727841851393189 0.6567748880952381 0.45305075541795664 0.6561165952380952 0.44515740371517026 0.6561165952380952 0.431344013003096 0.6574331571428571 0.4148994879256966 0.6626993797619047 0.40437500247678015 0.6626993797619047 0.3899037907120743 0.658749769047619 0.3714859529411764 0.66072455 0.34977915975232193 0.6548000571428572 0.3182056526315789 0.6515086654761905 0.30505003281733745 0.6469007107142858 0.29715668049535604 0.6422928059523809 0.27084544086687307 0.6330768464285714 0.25900536346749226 0.6271523535714286 0.24913864829721363 0.619911275 0.24584974365325077 0.6324185773809523 0.26032095541795663 0.6455841988095238 0.28202769783281734 0.6574331571428571 0.291894413003096 0.6699404595238095 0.30176112755417955 0.6758649511904762 0.3260990544891641 0.679156344047619 0.3445168922600619 0.6837642988095238 0.36622368482972134 0.6837642988095238 0.38266820928792566 0.6765232440476191 0.40042827616099075 0.6752067321428572 0.4208195269349845 0.6752067321428572 0.4484463083591331 0.6752067321428572 0.460286386377709 0.6679656285714286 0.47607309040247675 0.6653325547619048 0.4964643411764706 0.6646742357142857 0.524748893498452 0.6646742357142857 0.5438245523219815 0.6646742357142857 0.5642157529411764 0.6692821654761905 0.5931582272445821 0.6686239476190476 0.6043404334365325 0.6732318511904762 0.6227583213622291 0.6732318511904762 0.6359139411764706 0.6824477357142856 0.649727281733746 0.679814636904762 0.67011853250774 0.6771815130952381 0.6878785993808049 0.6732318511904762 0.6860197219814241 0.6580592107142856 0.6720918953560372 0.6613828428571429 0.6470961981424148 0.6620411619047619
0 0.38727265634674923 0.6541417642857142 0.3859571145510836 0.6613828428571429 0.38727265634674923 0.6705987273809523 0.3892460191950465 0.6771815130952381 0.3958238291021672 0.6745484142857143 0.3958238291021672 0.6659907726190476 0.3940789325077399 0.6580592107142856 0.38727265634674923 0.6541417642857142
7 0.599735986377709 0.7924848678571428 0.5918425845201238 0.7859020821428571 0.5938158978328173 0.7957762607142856 0.599735986377709 0.8030173142857142 0.6056559752321982 0.8023590464285714 0.608944880495356 0.7977511416666666 0.6109182433436533 0.787876963095238 0.6070723535603715 0.7830592107142856 0.6043404334365325 0.7911683559523809 0.599735986377709 0.7924848678571428
7 0.6313093938080495 0.806966975 0.6385450247678018 0.8056504380952381 0.6411761089783282 0.7970928226190476 0.6405183882352941 0.7957762607142856 0.635256120123839 0.8010425083333333 0.6276315640866873 0.7945723690476191 0.6293361312693498 0.8049921702380953 0.6313093938080495 0.806966975
7 0.6510428235294118 0.788535180952381 0.661567359752322 0.7911683559523809 0.6655140854489163 0.7832689583333333 0.6655140854489163 0.7654954321428572 0.6602518179566563 0.751671644047619 0.6595939962848297 0.7641788952380952 0.6595939962848297 0.7766861726190476 0.6589362755417956 0.7839272523809523 0.6517006445820434 0.7826106892857142 0.6432565640866873 0.7756578952380953 0.6510428235294118 0.788535180952381
7 0.6852475151702787 0.7812941773809524 0.6937985882352941 0.7819523964285714 0.6997186773993808 0.7733947797619047 0.6990608557275542 0.7674702880952381 0.6977453139318885 0.768786825 0.6924830458204334 0.7753696107142857 0.6891941411764706 0.7753696107142857 0.6819078798761611 0.7699013166666666 0.6852475151702787 0.7812941773809524
7 0.36885481857585134 0.8023590464285714 0.3701703609907121 0.8128914928571428 0.38003707554179567 0.8214491333333334 0.38727265634674923 0.8234239392857143 0.396481600619195 0.8188160095238095 0.39516605820433437 0.8049921702380953 0.3892460191950465 0.8063087071428571 0.3839837517027864 0.8076252940476191 0.38003707554179567 0.8076252940476191 0.37872153374613 0.8056504380952381 0.37872153374613 0.8036755833333333 0.37806376284829724 0.7951179666666667 0.37806376284829724 0.7905100369047618 0.3784539325077399 0.7838815797619048 0.3695125894736842 0.7924848678571428 0.36885481857585134 0.8023590464285714
