9 0.3052 0.6559999999999999 0.3096 0.6519999999999999 0.3116 0.6487999999999999 0.3132 0.6456 0.316 0.6408 0.3176 0.6352 0.31720000000000004 0.6424 0.3164 0.6464 0.3152 0.6536 0.314 0.6584000000000001 0.3132 0.6616000000000001 0.3128 0.6656000000000001 0.3116 0.6696000000000001 0.3108 0.6736 0.31 0.6792 0.31 0.6864 0.3108 0.6896 0.3156 0.6888 0.31720000000000004 0.6872 0.3208 0.6824 0.322 0.6808 0.32439999999999997 0.6744 0.32839999999999997 0.6664 0.3308 0.6591999999999999 0.33320000000000005 0.6504 0.33440000000000003 0.6447999999999999 0.3356 0.6384 0.3372 0.628 0.33880000000000005 0.6192000000000001 0.34 0.6135999999999999 0.3348 0.6120000000000001 0.326 0.6072 0.3196 0.6008 0.3136 0.592 0.3108 0.5896 0.306 0.584 0.3044 0.5912000000000001 0.3032 0.5984 0.3004 0.608 0.2996 0.6152000000000001 0.2972 0.6232000000000001 0.2964 0.6296 0.29319999999999996 0.6368 0.292 0.6408 0.2896 0.6472 0.2896 0.6519999999999999 0.2896 0.6591999999999999 0.2904 0.6648000000000001 0.2924 0.668 0.2948 0.668 0.296 0.6696000000000001 0.2988 0.6648000000000001 0.3004 0.6624000000000001 0.3052 0.6559999999999999
2 0.344 0.5544 0.342 0.5536 0.34080000000000005 0.5528 0.3372 0.5488000000000001 0.3364 0.548 0.33240000000000003 0.5424 0.328 0.5367999999999999 0.3236 0.5344 0.3224 0.5328 0.3196 0.5312 0.3152 0.5312 0.3116 0.5344 0.3088 0.5448 0.3088 0.552 0.3088 0.5592 0.3088 0.5648 0.308 0.5744 0.3064 0.5848 0.3108 0.5888 0.3164 0.5984 0.3216 0.6048 0.32839999999999997 0.6103999999999999 0.3364 0.6135999999999999 0.34 0.6127999999999999 0.3436 0.6024 0.34919999999999995 0.5936 0.3508 0.5888 0.35200000000000004 0.5864 0.35400000000000004 0.58 0.35400000000000004 0.5752 0.35400000000000004 0.5680000000000001 0.3524 0.5624 0.3496 0.5599999999999999 0.3468 0.5568 0.344 0.5544
1 0.4052 0.5432 0.4052 0.5584 0.408 0.5648 0.4128 0.5704 0.41800000000000004 0.5736 0.42519999999999997 0.5688 0.43079999999999996 0.5624 0.4336 0.5512 0.4336 0.5432 0.434 0.5367999999999999 0.4324 0.5248 0.4292 0.5176 0.4248 0.5112 0.41600000000000004 0.5088 0.408 0.5176 0.4068 0.5312 0.4052 0.5432
1 0.5584 0.5648 0.5584 0.5504 0.5579999999999999 0.532 0.5552 0.5184 0.5544 0.512 0.5452 0.5096 0.5396 0.5112 0.536 0.5136 0.5327999999999999 0.52 0.5316 0.5256000000000001 0.5304 0.5224 0.5264 0.516 0.5244 0.516 0.5208 0.5168 0.5184 0.52 0.516 0.5216 0.5144 0.524 0.5132 0.5272 0.5104000000000001 0.5192 0.5092 0.5176 0.5035999999999999 0.5176 0.496 0.5216 0.49200000000000005 0.5312 0.4912 0.5416 0.4916 0.6152000000000001 0.4944 0.6216 0.5004 0.6232000000000001 0.51 0.6224000000000001 0.5136000000000001 0.6192000000000001 0.5164 0.6127999999999999 0.5208 0.6176 0.528 0.6160000000000001 0.5327999999999999 0.6127999999999999 0.5352 0.608 0.5376000000000001 0.6112 0.5404 0.6152000000000001 0.5496 0.6112 0.5544 0.604 0.5576 0.5936 0.5591999999999999 0.5808 0.5584 0.5648
1 0.5751999999999999 0.7063999999999999 0.5808 0.7031999999999999 0.5871999999999999 0.7 0.5916 0.6928 0.5912000000000001 0.6832 0.59 0.6712 0.5888 0.6576 0.5856 0.6447999999999999 0.5836 0.632 0.5792 0.6296 0.5736 0.6344 0.5672 0.6344 0.5616 0.6424 0.5604 0.6544 0.5640000000000001 0.668 0.5676 0.6816 0.5708 0.6968 0.5751999999999999 0.7063999999999999
2 0.5836 0.628 0.5871999999999999 0.6424 0.592 0.6496 0.5988 0.6632 0.608 0.6591999999999999 0.6148 0.6559999999999999 0.6268 0.6512 0.6312 0.6384 0.6304 0.6216 0.63 0.608 0.6252 0.6024 0.6236 0.5944 0.6176 0.5871999999999999 0.6104 0.5848 0.6052 0.5928 0.6015999999999999 0.5984 0.598 0.5984 0.5908 0.5944 0.584 0.6024 0.582 0.6095999999999999 0.5836 0.628
1 0.634 0.636 0.6432 0.6559999999999999 0.6504 0.6696000000000001 0.662 0.6616000000000001 0.6712 0.648 0.6732 0.6408 0.6724 0.6232000000000001 0.6708000000000001 0.6120000000000001 0.6708000000000001 0.6008 0.6692 0.5912000000000001 0.6644000000000001 0.584 0.6628000000000001 0.5831999999999999 0.6524 0.5856 0.6487999999999999 0.5912000000000001 0.6464 0.5944 0.6399999999999999 0.5928 0.6336 0.592 0.63 0.6024 0.6312 0.6184000000000001 0.634 0.636
3 0.5511363634674923 0.5028409095238096 0.5482954544891641 0.4801136369047619 0.5482954544891641 0.44034090952380955 0.5482954544891641 0.39346590952380955 0.5482954544891641 0.35653409047619045 0.5355113634674923 0.35653409047619045 0.53125 0.43181818214285717 0.5340909089783282 0.5042613630952381 0.5511363634674923 0.5028409095238096
3 0.5099431820433437 0.49715909047619045 0.5085227275541795 0.4758522726190476 0.5014204544891641 0.44744318214285717 0.49715909102167183 0.4133522726190476 0.4943181820433436 0.3678977273809524 0.4786931820433436 0.3678977273809524 0.47727272755417954 0.38778409047619045 0.4857954544891641 0.4460227273809524 0.4943181820433436 0.49715909047619045 0.5099431820433437 0.49715909047619045
3 0.59375 0.7940340904761906 0.5980113634674923 0.8039772726190476 0.6022727275541795 0.8011363630952382 0.6008522724458205 0.7627840904761906 0.5923295455108359 0.7059659095238094 0.578125 0.7045454547619048 0.5852272724458205 0.7613636369047618 0.59375 0.7940340904761906
3 0.6633522724458205 0.7414772726190476 0.6803977275541795 0.75 0.6860795455108359 0.7372159095238094 0.6803977275541795 0.7102272726190476 0.6761363634674923 0.65625 0.6576704544891641 0.666193182142857 0.6633522724458205 0.7414772726190476
9 0.3224431820433436 0.6065340904761904 0.31534090897832817 0.5994318178571428 0.29403409102167183 0.6605113630952382 0.3224431820433436 0.6065340904761904
11 0.27130681795665634 0.5710227273809524 0.25994318204334366 0.5497159095238096 0.2372159089783282 0.5710227273809524 0.23295454551083591 0.6065340904761904 0.23295454551083591 0.640625 0.24289772755417957 0.671875 0.2642045455108359 0.6875 0.296875 0.6903409095238094 0.30113636346749223 0.6576704547619048 0.2954545455108359 0.5866477273809524 0.27130681795665634 0.5710227273809524
13 0.4730113634674923 0.7159090904761906 0.515625 0.7159090904761906 0.5681818179566563 0.7173295452380952 0.6122159089783282 0.703125 0.671875 0.6633522726190476 0.6917613634674923 0.6590909095238094 0.6960227275541795 0.6392045452380952 0.6491477275541795 0.6377840904761906 0.6363636365325077 0.6519886369047618 0.6079545455108359 0.6704545452380952 0.5880681820433437 0.681818182142857 0.5667613634674923 0.6903409095238094 0.5426136365325077 0.7002840904761906 0.484375 0.693181817857143 0.4517045455108359 0.6860795452380952 0.4048295455108359 0.6690340904761906 0.36221590897832817 0.6335227273809524 0.31960227244582046 0.5994318178571428 0.30113636346749223 0.5852272726190476 0.30681818204334366 0.6051136369047619 0.30681818204334366 0.6055871214285714 0.3380681820433436 0.6420454547619048 0.38778409102167183 0.6732954547619048 0.4275568179566564 0.697443182142857 0.4730113634674923 0.7159090904761906
13 0.3181818179566564 0.45880681785714283 0.34375 0.47443181785714283 0.3764204544891641 0.49005681785714283 0.4261363634674923 0.5227272726190476 0.4701704544891641 0.5482954547619048 0.4943181820433436 0.5269886369047619 0.5340909089783282 0.5198863630952381 0.5681818179566563 0.5042613630952381 0.6036931820433437 0.5042613630952381 0.671875 0.4772727273809524 0.6590909089783282 0.4616477273809524 0.6193181820433437 0.47869318214285717 0.5596590910216718 0.4772727273809524 0.4985795455108359 0.4801136369047619 0.4801136365325077 0.5071022726190476 0.4375 0.4928977273809524 0.3963068179566564 0.4758522726190476 0.31676136346749223 0.4232954547619047 0.3181818179566564 0.45880681785714283
