1 0.3559882996387387 0.47571739912269845 0.40316641904848893 0.47826432011513914 0.3989657830602482 0.5560690805625363 0.351787664896392 0.5535221751615677
1 0.37399630373045056 0.5650381877408556 0.4274536305855463 0.5770263894299473 0.414651733868709 0.6341059205419947 0.36119442820961467 0.6221177829709883
1 0.6145510655676389 0.601298271154322 0.661588308928799 0.5917756440494857 0.6765485231013599 0.6656633024188168 0.6295112999703179 0.6751858604439859
11 0.8020346938940293 0.6922963224410347 0.7487910731020975 0.7155552921780267 0.6986082357138912 0.6006922154547584 0.7518507260700744 0.5774335278484657
2 0.6412259609375 0.5306490390625 0.6748798078125 0.5306490390625 0.6748798078125 0.580528846875 0.6412259609375 0.580528846875
1 0.6593287462679882 0.5648941435180787 0.7060743915614012 0.559051578017218 0.7147097392922888 0.6281347111789155 0.6679641009710622 0.6339772397616543
9 0.36286506299211396 0.43741761292066184 0.3659411794701555 0.43682831779186 0.37165041471632776 0.4666286551130285 0.3685742985842353 0.4672179490080505
9 0.37987129800944786 0.3990587420939235 0.388526710182191 0.40014754614126113 0.37864208456210235 0.47872061077218564 0.3699866734374382 0.47763181249999687
9 0.3851821978305452 0.47904232361018323 0.3785836420209989 0.47891236722167135 0.3797835084550343 0.4179946433984097 0.3863820091526122 0.41812459924275563
9 0.37810526554824264 0.6214166437415265 0.38649078118737634 0.6240733921886694 0.3681959631493328 0.6818101454969209 0.35981045467849526 0.6791534129887413
9 0.38849290402333736 0.7129079405752029 0.3739195280600143 0.7104707497294519 0.3881547460367756 0.6253630193105983 0.4027278734374704 0.6278001890625037
7 0.36239846418470734 0.7383908228895998 0.3451017370276759 0.7361797523978332 0.35168932332692293 0.6846554831388235 0.36898585714743604 0.686866541079996
7 0.3791159386802292 0.7105774190970273 0.39037738413003353 0.7131464312255161 0.383258866391202 0.7443459527810219 0.37199742397638147 0.7417769497766573
3 0.6798282502327311 0.779601209790702 0.6565009153675874 0.7823251121210646 0.6456037150403517 0.6890151801055506 0.6689305640690009 0.6862913064462033