3 0.33056578909906875 0.41317474356581246 0.3015668891481482 0.4156321762831118 0.2928893061380222 0.31323495008875535 0.3218878764027977 0.3107775314646291
1 0.34834487625016664 0.48632656541117636 0.3111434325119262 0.49678882261391644 0.2942720799624112 0.43680149680659486 0.3314732140624983 0.42633928593749615
11 0.19034556932615487 0.5954374313681728 0.23513605311654828 0.5696294430563175 0.2959061039516655 0.6750853053800142 0.25111584270314324 0.7008929898585766
3 0.6183035718750001 0.2734375 0.6417410718750001 0.2734375 0.6417410718750001 0.3984375 0.6183035718750001 0.3984375
3 0.5871412887587439 0.4295850462509064 0.5728877311306633 0.4297470120497564 0.5716573139326329 0.3214640192288823 0.5859106949108082 0.3213020544341768
3 0.6062393620140938 0.42231395243069947 0.5850077680504455 0.42306327393055415 0.5802475628024695 0.2881866327018462 0.6014788453028359 0.28743731672275574
3 0.36718761248357623 0.4408482124084056 0.34580616267737696 0.44116263120397614 0.3441619733475818 0.32934989891410105 0.36554314459510806 0.32903548215784256
1 0.6444472652630111 0.622746571345737 0.6058035016806116 0.6310265224369683 0.5885398915473843 0.5504619761644693 0.6271831034426896 0.5421820863304538
1 0.6791514536986369 0.6001418527823147 0.6362582762543525 0.6038180594685757 0.6299066407650571 0.5297130976339768 0.6727992764450619 0.5260369141752458
1 0.33928571406249997 0.453125 0.3727678578125 0.453125 0.3727678578125 0.5133928578125 0.33928571406249997 0.5133928578125
1 0.3962054345627166 0.5401785718750001 0.36495528061198 0.5401785718750001 0.3649554407335245 0.47767857187499996 0.39620529129592796 0.47767857187499996
9 0.4343679179089577 0.4655531692973141 0.428016101609046 0.46598933680498406 0.4198839407882815 0.347568004152544 0.42623566168322213 0.3471318399855755
9 0.4802669033269922 0.4395472918487843 0.4757243581144621 0.4400023369052853 0.46850070066648186 0.36789480237727396 0.47304320521504906 0.3674397593887272
9 0.5127981194781341 0.4507495218147951 0.5074237635261625 0.4507693077890534 0.5070851761837503 0.3587943971710857 0.512459470296335 0.3587746113117541
7 0.36228230744222856 0.6858590590367368 0.3750220481415454 0.6873179761007314 0.37213457163647945 0.7125286396191352 0.359394831615532 0.7110697264974665
7 0.31795045391129406 0.686627832390543 0.30298562779239546 0.6806217762620402 0.3137045920017272 0.6539179616107449 0.32866933989703284 0.6599240000809979
3 0.5861056917348151 0.7778477425532998 0.5673468836281472 0.779410060063786 0.5582371237098869 0.6700445069822422 0.5769954762736234 0.6684822086481405
3 0.6549498748130418 0.7585924996807198 0.6334702573252571 0.7615932793961263 0.6182956010436556 0.6529885065050917 0.6397747031249992 0.6499877640625048
3 0.6907253663611073 0.7260256048532652 0.6696430170104577 0.7281006027059496 0.6593138313222653 0.6231672745537271 0.6803957171874799 0.6210923000000049