1 0.6259949411988828 0.5785112409191717 0.6441543425988812 0.6403522327482143 0.5909662424394355 0.6559685578456353 0.5728072143713234 0.5941278823135617
1 0.622844593028617 0.573017697624805 0.670477558257403 0.5665778153688906 0.6776580240227759 0.6196829997319298 0.6300250650103862 0.6261228507955413
1 0.38221345624276637 0.4766609725341593 0.3849871396267872 0.5467670554301198 0.34003454769720065 0.548545224183018 0.3372611208917533 0.47843938978445444
1 0.4171636243950161 0.5996660969988256 0.3946250000000191 0.6453484374999539 0.34564799998543094 0.6211867737912367 0.36818666774058784 0.5755046616782772
1 0.3729505147468899 0.576700523334895 0.35398701033989255 0.6228310295860731 0.3049400511511067 0.6026705258301867 0.3239036340465873 0.5565402371678856
1 0.29962428227361215 0.5309608721929142 0.30678343503916494 0.4999295979053186 0.3429774709263711 0.5082791461120715 0.3358184230688721 0.5393103297793815
11 0.6755446991329563 0.5531186621952443 0.7625632129894484 0.556263562253428 0.759068273554135 0.6529571939969785 0.672049760981281 0.6498123219797172
9 0.35722329374993933 0.37353486093750066 0.3617606420265247 0.37344956546746777 0.36339543845508615 0.4604092478428965 0.35885809019191584 0.460494542841752
9 0.36549999559679236 0.40862499989539564 0.37017123661678397 0.40873597064532924 0.36888422366473606 0.4629088875651065 0.36421298265941005 0.4627979172151014
9 0.3478395712317024 0.42243947486932404 0.3512553248469885 0.4219781160880578 0.35655068259541167 0.4611809712702166 0.3531349292276218 0.4616423288202417
9 0.6152117816567397 0.6456056032941748 0.6206698148453142 0.6437148640965663 0.6419793595853207 0.7052211492069256 0.6365213325364039 0.7071118757296978
9 0.6138933033147396 0.7109923637695231 0.6085236723384924 0.7115834957112706 0.6021477193826286 0.6536747377389417 0.6075172859374334 0.6530836093750056
9 0.6634277237125161 0.7010275450695953 0.6551059485450423 0.7022304217379939 0.6462886599867943 0.6412387036947346 0.6546103320235943 0.6400358345935777
9 0.6786129076914449 0.7067752703043848 0.6731662752843022 0.7079626159941436 0.6586995253682062 0.6416094686474568 0.6641460843750338 0.6404221312499906
9 0.3351045624606286 0.6326726790818302 0.3425979825781269 0.6342246059822843 0.3317180707051648 0.6867510091658842 0.324224653125043 0.6851990906250094
9 0.32310810849980953 0.6242871612242902 0.3301005124999392 0.6260396015624888 0.31708997718237697 0.6779462747781504 0.31009757656249803 0.6761938437499994
7 0.3244516321329911 0.711545428017414 0.3122808739760785 0.7117354875390246 0.31178446009027994 0.6799492104396442 0.3239551359374673 0.6797591515625008
7 0.3185235284591954 0.6813617821758657 0.3120131341636352 0.6962139584567701 0.295946324498118 0.6891721196846068 0.3024567269626459 0.6743199706323462
7 0.6673504248350355 0.3626977363584462 0.7085907608530988 0.3764378579455737 0.6911978597599955 0.42863937102804295 0.6499575450595785 0.41489929495481914
9 0.38051466211913976 0.6470588179219244 0.38911198892230914 0.6481333305506847 0.3817590896468346 0.706956859184138 0.3731617640625018 0.7058823531250015
9 0.3685661352824354 0.6341911644821329 0.37538030165512737 0.6361852888140282 0.3590326178291434 0.6920399671185591 0.35221845633225257 0.690045854498373
1 0.38880036450325406 0.49227143544438756 0.41984900205670783 0.49911630182080485 0.4078493776256664 0.5535426881836852 0.37680074990498724 0.5466978522725463
1 0.5834603466859107 0.5566634152221117 0.5798379004878598 0.5039282140417851 0.6895754094583708 0.4963906808938352 0.6931982866232147 0.5491254087357824
2 0.5759693385581386 0.6262859528526512 0.5673802876976879 0.6264809578733145 0.5668927850736054 0.6050104958995859 0.5754818013582508 0.6048154912715391
2 0.42111570580834723 0.6137060299149686 0.41404076468108997 0.615757872928365 0.40925348417204077 0.5992527179340797 0.4163284041892439 0.597200878177766