2 0.2974009616099071 0.537010938095238 0.28947908668730654 0.5404765619047619 0.2838228365325077 0.5515656250000001 0.2815587739938081 0.5661203130952381 0.28193689907120745 0.5792890630952381 0.27741033684210525 0.5841406250000001 0.2736384613003096 0.5903796880952381 0.2800509616099071 0.59523125 0.2940056489164087 0.5966171869047618 0.3068290866873065 0.591765625 0.3139962743034056 0.584834375 0.31512752383900927 0.5737453119047619 0.30984783653250775 0.555725 0.304566586377709 0.550873438095238 0.2992868990712074 0.546021875 0.2974009616099071 0.537010938095238
2 0.32131562476780184 0.5633484380952382 0.3145265622291022 0.5702796869047619 0.3107546873065016 0.591071875 0.3171671876160991 0.6083999999999999 0.3277281250773994 0.6111718749999999 0.3348937498452012 0.609092188095238 0.34017499999999995 0.6021609369047619 0.34432343777089786 0.591765625 0.34696406253869966 0.5737453119047619 0.34055156222910216 0.5605765630952381 0.33036718761609907 0.5564171880952381 0.32131562476780184 0.5633484380952382
2 0.36392075913312694 0.5418625 0.35901763405572756 0.5474078130952381 0.3560004464396285 0.5529531249999999 0.3544910712074303 0.5633484380952382 0.34845669659442724 0.5668140630952381 0.3469473213622291 0.5730515630952381 0.34619419628482967 0.5869140630952381 0.3469473213622291 0.6021609380952381 0.34996607120743034 0.6097859380952381 0.3541145089783282 0.6097859380952381 0.36203482167182666 0.6118640630952381 0.36957857151702783 0.6111718749999999 0.37372700866873065 0.6035484380952381 0.36995513374613004 0.591071875 0.3673160712074304 0.5744374999999999 0.3688238842105263 0.5494875 0.36392075913312694 0.5418625
9 0.29127187492260065 0.5026625 0.2904218749226006 0.53755 0.29382187492260065 0.5359875 0.2955218749226006 0.47870781190476186 0.29693906253869967 0.46360781309523813 0.29240468730650154 0.480790625 0.29127187492260065 0.5026625
9 0.3323609374613003 0.5536921869047619 0.3332109374613003 0.49589218690476194 0.33037812507739933 0.4573578130952381 0.33094374984520125 0.5177625 0.32867812507739935 0.554734375 0.3323609374613003 0.5536921869047619
9 0.32528125015479875 0.473834375 0.3263453126934985 0.49652656309523807 0.3282624996904025 0.5008296869047619 0.3276234377708978 0.4808765630952381 0.3210234377708978 0.440971875 0.32528125015479875 0.473834375
9 0.3653078123839009 0.541909375 0.3674359374613003 0.528215625 0.3689265622291022 0.5027859380952381 0.3687140625386997 0.44762187499999995 0.3670109374613003 0.4531 0.3667984377708978 0.4887015630952381 0.36296562476780186 0.536040625 0.3633906247678019 0.500046875 0.36232656222910214 0.46953125 0.3597718749226006 0.539953125 0.3653078123839009 0.541909375
2 0.4172562501547987 0.582596875 0.4181078123839009 0.5876828130952381 0.41981093746130027 0.5943328119047618 0.4232171876160991 0.5939421869047619 0.4257718749226006 0.592376561904762 0.42790156222910214 0.588465625 0.4264109374613003 0.57829375 0.4221531250773994 0.5739890630952381 0.4191718749226006 0.5767281249999999 0.4172562501547987 0.582596875
2 0.437907812383901 0.57711875 0.4357796873065015 0.580640625 0.4362046873065015 0.58885625 0.437907812383901 0.60333125 0.4430171876160991 0.60724375 0.4459984377708978 0.6041140619047619 0.44876562476780185 0.5962890619047619 0.4474890625386997 0.5876828130952381 0.44386874984520125 0.584553125 0.437907812383901 0.57711875
2 0.5978 0.58885625 0.5950312501547987 0.5880734380952382 0.5912000000000001 0.5880734380952382 0.5880062501547988 0.5833796869047618 0.5863031250773993 0.5767281249999999 0.5869406247678018 0.564209375 0.5860890625386996 0.5552109369047619 0.5837484377708978 0.5559921869047619 0.5820437498452012 0.5536453130952381 0.5805546873065015 0.5469953130952381 0.5786374996904025 0.5469953130952381 0.5752312501547988 0.5556015619047618 0.5726765622291022 0.575945311904762 0.5726765622291022 0.5915953119047619 0.5711859374613003 0.5978546880952381 0.5705468749226007 0.6092 0.5686312501547988 0.6260234369047619 0.5722515622291022 0.625240625 0.5762953126934984 0.625240625 0.5803406247678018 0.629153125 0.5843859374613003 0.6346296880952381 0.5909859374613002 0.634239063095238 0.5946062501547987 0.629935936904762 0.5973734377708978 0.619371875 0.5992890625386997 0.6052875 0.5978 0.58885625
9 0.5814062501547987 0.4761828119047619 0.5780000000000001 0.5313453119047619 0.5805546873065015 0.5286062499999999 0.5814062501547987 0.4761828119047619
9 0.5860890625386996 0.49104843809523807 0.5820437498452012 0.528215625 0.5854515622291022 0.528215625 0.5860890625386996 0.49104843809523807
1 0.6572312501547988 0.5420359380952381 0.6452296873065015 0.54140625 0.6359718749226005 0.5489671869047619 0.6297999999999999 0.563459375 0.6297999999999999 0.5773203130952381 0.6325437498452012 0.6081953130952381 0.6431718749226006 0.6126046869047619 0.6589453126934984 0.6094546869047619 0.678832812383901 0.60504375 0.6856906247678018 0.593703125 0.6860328123839009 0.5842515619047619 0.681575 0.5647187499999999 0.6791750000000001 0.556528125 0.6664890625386998 0.549596875 0.6572312501547988 0.5420359380952381
9 0.668457812383901 0.5455921869047619 0.6755421876160992 0.518515625 0.6800765622291022 0.488834375 0.6693078123839009 0.5273671869047619 0.664207812383901 0.5414265619047619 0.668457812383901 0.5455921869047619
9 0.6474875003095976 0.5330953119047619 0.6480546873065016 0.539865625 0.6497546873065015 0.5273671869047619 0.6483390625386997 0.4950828130952381 0.6491890625386996 0.48154375000000005 0.6463546873065016 0.5117453119047619 0.6474875003095976 0.5330953119047619
9 0.622267187616099 0.46331875 0.6171671876160991 0.4950828130952381 0.6205671876160991 0.4950828130952381 0.622267187616099 0.46331875
2 0.7038796873065016 0.629429686904762 0.7064296873065016 0.6169328119047619 0.7092640625386998 0.6132875000000001 0.7069968749226005 0.60026875 0.7035968749226006 0.60183125 0.6987796873065016 0.5971453119047619 0.6933953126934984 0.59870625 0.6888609374613004 0.60339375 0.6851765622291022 0.6054765619047618 0.6806437498452013 0.6096421880952381 0.6727093752321982 0.6164109380952381 0.6735593752321982 0.62161875 0.6752593752321981 0.6242218749999999 0.6800765622291022 0.627346875 0.6854609374613003 0.625784375 0.6860281250773994 0.630471875 0.6902781250773994 0.6372406249999999 0.6942453126934984 0.6372406249999999 0.6987796873065016 0.6351578119047618 0.7038796873065016 0.629429686904762
2 0.6438046873065016 0.6440093750000001 0.6503218749226006 0.64140625 0.6528718749226006 0.6382828119047619 0.6534390625386998 0.6325546869047619 0.6542890625386998 0.6200562500000001 0.6262343752321982 0.6200562500000001 0.6259515622291022 0.6263046869047619 0.622267187616099 0.627346875 0.622267187616099 0.630992186904762 0.6256687498452013 0.6320328119047619 0.6259515622291022 0.6408859369047619 0.6324687498452013 0.6497375 0.6401203126934983 0.6559875 0.6432375003095976 0.6513 0.6438046873065016 0.6440093750000001
0 0.6134828123839009 0.6466140630952381 0.61065 0.647134375 0.6117828123839009 0.6528625 0.6143328123839009 0.660153125 0.6168843752321982 0.665359375 0.618867187616099 0.661714061904762 0.6205671876160991 0.6559875 0.6197171876160991 0.6481765630952381 0.6168843752321982 0.64453125 0.6134828123839009 0.6466140630952381
1 0.34030781238390095 0.63984375 0.33889218761609907 0.6252640619047619 0.334925 0.6153703119047619 0.3295406247678019 0.6112046880952381 0.32387343777089783 0.6153703119047619 0.31253750030959754 0.615890625 0.3026203126934985 0.6174531249999999 0.29525156222910215 0.6179734380952381 0.2904343752321981 0.6200562500000001 0.28703437523219816 0.6252640619047619 0.28561718761609906 0.643489063095238 0.2873171876160991 0.6570281250000001 0.2898671876160991 0.6611937499999999 0.2924187498452012 0.665359375 0.30687031269349846 0.6695249999999999 0.32075625015479875 0.6721296880952381 0.3281234377708978 0.668484375 0.33124062476780186 0.6627562499999999 0.33690781238390094 0.658590625 0.338607812383901 0.6502593750000001 0.34030781238390095 0.63984375
9 0.3188562501547988 0.719854686904762 0.3162796873065016 0.718995313095238 0.31347031269349845 0.7116781249999999 0.3132359374613003 0.721146875 0.3118296873065015 0.7349171880952381 0.3094890625386997 0.7486890619047619 0.3041015622291022 0.771496875 0.3094890625386997 0.7659031249999999 0.3130015622291022 0.754282811904762 0.31604531269349845 0.7413734369047619 0.31838749969040253 0.730614061904762 0.3188562501547988 0.719854686904762
9 0.28185312507739935 0.7504109369047619 0.2865374996904025 0.7353484380952381 0.2891140625386997 0.723728125 0.2856 0.7224375 0.28161874984520124 0.7396515619047619 0.2769359374613003 0.7594484380952381 0.28185312507739935 0.7504109369047619
7 0.3015265622291022 0.7499796880952381 0.29871562476780184 0.7473984369047619 0.29567031269349847 0.745676563095238 0.29262656222910216 0.743954688095238 0.28981562476780187 0.747828125 0.2872406247678019 0.75514375 0.28279062476780187 0.763751561904762 0.27763749969040247 0.768484375 0.27272031269349845 0.7646125 0.2713140625386997 0.752992188095238 0.2734218749226006 0.7400812499999999 0.2715484377708978 0.743954688095238 0.26920625015479877 0.7499796880952381 0.26686562476780185 0.7616 0.2670984377708978 0.7723578130952381 0.26850468730650157 0.783117186904762 0.2708468749226006 0.78828125 0.2792765622291022 0.790864061904762 0.2891140625386997 0.795167188095238 0.2994187498452012 0.796028125 0.30480468730650156 0.7968890630952381 0.3085515622291022 0.794735938095238 0.31276718761609906 0.7895718749999999 0.31745156222910215 0.781826561904762 0.32072968730650153 0.7723578130952381 0.3221343752321982 0.7616 0.3202609374613003 0.7465375 0.3179187498452012 0.750840625 0.3158125003095975 0.757726561904762 0.3132359374613003 0.763751561904762 0.3085515622291022 0.771928125 0.30550781238390096 0.7770921880952381 0.3001203126934984 0.768915625 0.3001203126934984 0.7633203119047619 0.3005890625386997 0.756435936904762 0.3015265622291022 0.7499796880952381
2 0.2781390625386997 0.61983125 0.27972187492260064 0.61013125 0.2735640625386997 0.6088375 0.2696921876160991 0.6056046869047619 0.270925 0.602048436904762 0.26775781238390095 0.60301875 0.2645906247678018 0.6017250000000001 0.26194999999999996 0.6014015619047619 0.25878281238390094 0.596875 0.2533281250773994 0.6017250000000001 0.24840156222910217 0.5988140619047618 0.24030781238390095 0.597521875 0.23960468730650156 0.6017250000000001 0.24171562476780187 0.606575 0.24857812507739938 0.6136874999999999 0.2538562501547988 0.615628125 0.25561562476780186 0.622417188095238 0.2621265622291022 0.6237109380952381 0.26564531269349845 0.621125 0.2711 0.621125 0.2781390625386997 0.61983125
2 0.2907366074303406 0.6819196428571429 0.28459821424148607 0.7204241071428571 0.2907366074303406 0.72265625 0.3018973213622291 0.67578125 0.3125 0.6339285714285714 0.3069196427244582 0.6322544642857143 0.3030133925696594 0.6422991071428571 0.2907366074303406 0.6819196428571429
2 0.3169642854489164 0.6707589285714286 0.31417410712074306 0.7159598214285714 0.32087053560371515 0.71875 0.3219866074303406 0.68359375 0.31975446439628485 0.6339285714285714 0.31361607120743035 0.6339285714285714 0.3169642854489164 0.6707589285714286
0 0.3643973213622291 0.6875 0.36941964272445815 0.6958705357142857 0.37611607120743035 0.6802455357142857 0.37555803591331266 0.6702008928571429 0.3699776786377709 0.6623883928571429 0.3638392854489164 0.67578125 0.3643973213622291 0.6875
0 0.579799107120743 0.6919642857142857 0.5837053572755418 0.7053571428571429 0.5881696427244582 0.70703125 0.5892857145510836 0.6958705357142857 0.5898437498452013 0.68359375 0.5792410712074303 0.671875 0.579799107120743 0.6919642857142857
25 0.609375 0.5 0.6082589287925697 0.5251116071428571 0.6032366074303406 0.5675223214285714 0.6015625003095976 0.5959821428571429 0.607700892879257 0.6110491071428571 0.6177455356037151 0.6138392857142857 0.6199776786377709 0.5848214285714286 0.6194196427244582 0.5535714285714286 0.6227678569659443 0.5150669642857143 0.6171874996904024 0.5083705357142857 0.6132812501547987 0.4994419642857143 0.609375 0.5
0 0.376674107120743 0.5920758928571429 0.37611607120743035 0.6149553571428571 0.388950892879257 0.6138392857142857 0.3861607145510836 0.5959821428571429 0.3839285715170278 0.5775669642857143 0.376674107120743 0.5920758928571429
25 0.6506696427244582 0.515625 0.6501116074303405 0.5368303571428571 0.6517857145510837 0.5608258928571429 0.659598214241486 0.5385044642857143 0.6607142854489163 0.51171875 0.654575892879257 0.5055803571428571 0.6506696427244582 0.515625
7 0.28962053560371515 0.43080357142857145 0.28794642848297214 0.43526785714285715 0.2862723213622291 0.44642857142857145 0.2873883925696594 0.44810267857142855 0.2929687498452012 0.44754464285714285 0.29520089287925694 0.44419642857142855 0.296875 0.44419642857142855 0.3007812501547988 0.44698660714285715 0.3080357145510836 0.45089285714285715 0.31361607120743035 0.44419642857142855 0.31361607120743035 0.43582589285714285 0.31082589287925694 0.42410714285714285 0.3102678569659443 0.4174107142857143 0.29799107120743035 0.41629464285714285 0.2924107145510836 0.42075892857142855 0.28962053560371515 0.43080357142857145
