2 0.2652095359450186 0.5275895194729182 0.298111378748672 0.5073087140852414 0.3322905104224674 0.562753152330748 0.29938875137861487 0.583033847706013
10 0.6784057962023553 0.7018423991716427 0.6982562862782515 0.6988764258814955 0.7049504673386764 0.7436718476588519 0.6850999805795936 0.7466378061654518
2 0.6130827641782162 0.6124716143783817 0.6399385980211036 0.610914282612051 0.6425874199004511 0.6565871219894421 0.6157315866951194 0.6581444468676815
1 0.41451198243078125 0.6200522925740831 0.4466018416389943 0.6227458851186297 0.4410458200327412 0.6889285747830991 0.40895596298003056 0.6862350000657926
1 0.3671051531401872 0.6911770855731785 0.3641723398246768 0.6246588813969474 0.41998304008086507 0.6221985251020826 0.42291620828552823 0.6887163561463039
9 0.4292064130728477 0.8051111977474129 0.4185584883050524 0.8048331457724709 0.422157085170511 0.6670578896811435 0.4328046875000382 0.6673359374999996
9 0.40221706701595394 0.6999012690146293 0.4079501950664053 0.6999540627918726 0.4069925030411241 0.8039371681504427 0.4012593749999951 0.8038843750000002
9 0.3945578125000111 0.6973828124999997 0.39846113822613916 0.697358288460099 0.3988720727805912 0.7627536011566637 0.39496874705639584 0.7627781250184944
10 0.34628469732012945 0.8198664628084043 0.30670204992782146 0.8143558607062718 0.3258032123906105 0.6771817941385271 0.3653846156249756 0.6826923078124927
7 0.6542840418455853 0.8572670383388131 0.6239091070566474 0.8681950314678845 0.6073649180808616 0.8222189537778981 0.6377395091294602 0.8112910284370615
7 0.33390559337590275 0.8264688502270766 0.31680048395890026 0.8208427273446228 0.32427674370785553 0.7981174417046762 0.34138175956593386 0.8037435479157242
7 0.2874245150647994 0.7627096812979003 0.28742457492694484 0.7950331497868427 0.2518067463586249 0.7950330910305349 0.2518068231872803 0.762709759749795
7 0.3337232748516499 0.7503830938912821 0.3258115393045955 0.7787301327280164 0.28377751573771093 0.7670002475072688 0.2916893383171555 0.7386533522609142
9 0.36998371093739024 0.7916529265624923 0.36507438926332725 0.7909492812828798 0.3761930711217474 0.7133884091928794 0.38110230592781136 0.7140920481496894
9 0.37393258407553276 0.7879349659539565 0.3695102082963331 0.787263444179746 0.3782168685004308 0.7299352518309837 0.3826391863245817 0.7306067691443761
6 0.7723696816236725 0.6810464105664067 0.7044270828125718 0.7109374999999793 0.6677355656772761 0.6275470651116503 0.7356770828124581 0.5976562499999942