2 0.2917468749226006 0.5706375 0.2981031250773994 0.5734 0.30536718761609905 0.5697171880952381 0.317625 0.5715578130952381 0.3239812501547988 0.567875 0.3221656247678019 0.5503812499999999 0.31898749969040247 0.5411734380952381 0.30491250030959755 0.5384109380952381 0.29764843777089783 0.5246 0.2962859374613003 0.5190765630952381 0.2894765622291022 0.51263125 0.2803953126934985 0.552221875 0.2849359374613003 0.5595890630952381 0.2917468749226006 0.5706375
10 0.6876515622291021 0.700460936904762 0.6790250000000001 0.7059859380952381 0.6817484377708979 0.7161140630952381 0.6835656247678018 0.7363703119047619 0.692192187616099 0.745578125 0.6976390625386997 0.733607813095238 0.6994562501547987 0.70690625 0.6876515622291021 0.700460936904762
2 0.6222718749226006 0.654425 0.6322609374613003 0.6571859369047619 0.6381624996904025 0.6498203119047619 0.6413406247678018 0.635089061904762 0.6377093752321981 0.6203578130952381 0.6295374996904025 0.6212781249999999 0.6200031250773993 0.6120703130952381 0.6131921876160991 0.6129906249999999 0.6136468749226006 0.622198436904762 0.6145546873065015 0.637851563095238 0.617732812383901 0.6461375 0.6222718749226006 0.654425
1 0.4160593752321981 0.68683125 0.4235015622291022 0.6805421880952381 0.4297031250773994 0.6698515630952381 0.43342499999999995 0.665448438095238 0.44055625015479877 0.6610468749999999 0.4439671876160991 0.6541296869047619 0.44334687492260066 0.631489061904762 0.43838593746130033 0.62205625 0.42474218761609905 0.6245718749999999 0.4172984377708978 0.6289750000000001 0.41233750030959754 0.6459546869047619 0.4098562501547987 0.675510938095238 0.41109687492260066 0.684315625 0.4160593752321981 0.68683125
1 0.3717140625386997 0.6862015619047619 0.3800874996904025 0.6906046880952381 0.3921812501547987 0.687459375 0.40861562476780183 0.689346875 0.41481874984520123 0.679284375 0.42164062476780184 0.6597890630952381 0.4200906247678019 0.647210936904762 0.41543906253869967 0.631489061904762 0.4089265622291021 0.6226859369047619 0.3955921876160991 0.629603125 0.3853578123839009 0.631489061904762 0.3741953126934984 0.6352625 0.3676828123839009 0.646582813095238 0.36644218761609904 0.6761406249999999 0.3717140625386997 0.6862015619047619
9 0.43001250030959753 0.774245311904762 0.4303234377708978 0.727079688095238 0.4312531250773994 0.698779688095238 0.4328046873065015 0.6673359380952381 0.4281531250773994 0.6748828130952381 0.42164062476780184 0.68683125 0.4238109374613003 0.7069546880952381 0.42722187492260066 0.7358828119047619 0.42722187492260066 0.805059375 0.43001250030959753 0.774245311904762
9 0.40708437523219815 0.7632515630952381 0.40755 0.7434062499999999 0.4073171876160991 0.7197828119047619 0.40615156222910215 0.6999375 0.4021906247678019 0.7027734369047619 0.4035890625386997 0.7141125 0.40475312507739936 0.7438796880952381 0.4012593752321982 0.803884375 0.40545312507739933 0.781204686904762 0.40708437523219815 0.7632515630952381
9 0.3970656247678019 0.749076561904762 0.3984624996904025 0.697575 0.3945578123839009 0.6973828119047619 0.39496874984520125 0.762778125 0.3970656247678019 0.749076561904762
9 0.3760968749226006 0.7783703130952381 0.37819374984520127 0.7613609380952381 0.38075625015479875 0.74104375 0.3830859374613003 0.725925 0.3679421876160991 0.800576561904762 0.3721359374613003 0.793017186904762 0.3760968749226006 0.7783703130952381
9 0.3406828123839009 0.783284375 0.3491406247678019 0.7531406249999999 0.3514468749226006 0.7287125000000001 0.35682968730650155 0.697528125 0.3522156247678018 0.6990875000000001 0.3496531250773994 0.711042186904762 0.34632187492260064 0.740665625 0.33094374984520125 0.8087515619047619 0.335557812383901 0.799915625 0.3406828123839009 0.783284375
9 0.3376078123839009 0.777046875 0.3435015622291022 0.7510609380952382 0.3470906247678019 0.722475 0.35170312507739937 0.6985671880952381 0.3470906247678019 0.6964890630952381 0.34529687492260064 0.7058437500000001 0.34017031269349846 0.7437843749999999 0.32735625015479874 0.803554686904762 0.3327390625386997 0.796278125 0.3376078123839009 0.777046875
9 0.31146718761609904 0.77185 0.31479843777089783 0.770290625 0.3206937498452012 0.7598968749999999 0.3235125003095975 0.74534375 0.330175 0.720396875 0.3383765622291022 0.6933703130952381 0.333507812383901 0.6876531250000001 0.33171406253869967 0.6933703130952381 0.3263312501547988 0.7183171880952381 0.3176171876160991 0.7484624999999999 0.31146718761609904 0.77185
10 0.2419668173374613 0.4468530059523809 0.24385227306501547 0.44308209404761906 0.24008136160990712 0.43114087500000003 0.23379650897832818 0.4210851107142857 0.22122680433436534 0.4060014654761905 0.21117104086687305 0.4022305535714286 0.21242801114551083 0.40914389166666665 0.21431346687306502 0.4298839035714286 0.2256262012383901 0.44936694642857145 0.24070984705882353 0.44936694642857145 0.2419668173374613 0.4468530059523809
2 0.24070984705882353 0.5222712345238095 0.2413383318885449 0.5398688214285714 0.2545365219814241 0.5492961 0.27150562352941177 0.5474106440476191 0.28093290216718264 0.5367263952380952 0.2796759318885449 0.5298130571428571 0.27087713869969043 0.5235282047619048 0.26647774179566563 0.5203857785714285 0.24762318452012386 0.5222712345238095 0.24070984705882353 0.5222712345238095
25 0.3871469077399381 0.7202440845238096 0.38840387801857584 0.7095598357142857 0.38903236346749226 0.7032749833333334 0.39154630464396284 0.6963616464285715 0.39154630464396284 0.6881913380952381 0.38463296656346746 0.6819064857142858 0.38149054055727555 0.6938477047619048 0.3802335702786378 0.7083028654761905 0.38149054055727555 0.7277859083333333 0.3871469077399381 0.7202440845238096
10 0.3450383969040248 0.7925198880952381 0.361379013003096 0.7196156 0.36577840990712074 0.6863058821428571 0.358236586996904 0.6831634559523809 0.3525802198142415 0.6825349702380953 0.33246869164086684 0.6749931476190476 0.3224129281733746 0.6863058821428571 0.319898986996904 0.6976186166666667 0.319898986996904 0.7183586297619048 0.3154995907120743 0.7422410678571428 0.3092147380804954 0.7661235071428573 0.3148711052631579 0.7862350357142857 0.3400105145510836 0.7083028654761905 0.33686808854489164 0.7233865107142857 0.33435414736842106 0.7409840976190476 0.3330971770897833 0.768008963095238 0.32681232445820435 0.7988047404761905 0.32995475108359135 0.8151453559523809 0.3450383969040248 0.7925198880952381
13 0.38028071331269353 0.6917669261904762 0.4567190476780186 0.6755237797619048 0.5150032773993808 0.6726573416666666 0.5599107987616099 0.6707463833333334 0.6468594043343654 0.6974998011904762 0.6755237795665635 0.7080100714285715 0.6631025504643963 0.6525922797619047 0.5484450489164087 0.6353936535714286 0.4576745269349845 0.6411265285714286 0.36881496284829723 0.6602361130952381 0.24746910712074302 0.6239279035714286 0.23504787801857585 0.657369675 0.31053073312693497 0.6879450083333334 0.38028071331269353 0.6917669261904762
0 0.37755578266253864 0.4876256357142857 0.37674644582043343 0.4949096702380953 0.37755578266253864 0.4945050011904762 0.3848398173374613 0.49329099642857144 0.39455186315789476 0.49045831547619045 0.398193879876161 0.48438828690476193 0.40062189164086687 0.4734622357142857 0.39657520557275544 0.46779687499999995 0.3909098458204334 0.46698753809523813 0.386863159752322 0.47184356071428574 0.37796045139318885 0.47953226428571427 0.37755578266253864 0.4876256357142857
