11 0.23985431393188852 0.6150582797619047 0.24814102724458204 0.572243594047619 0.24768065448916407 0.5478438273809524 0.24491841671826625 0.5326515190476191 0.2357109572755418 0.5225233142857143 0.2053263417956656 0.515617719047619 0.19519813684210527 0.5146969738095238 0.18553030464396283 0.5137762273809524 0.1726398613003096 0.5137762273809524 0.17862471021671827 0.5372552488095238 0.18553030464396283 0.5598135238095238 0.19197552569659443 0.5736247130952381 0.20210373126934986 0.5897377666666667 0.21821678513931891 0.6178205178571429 0.2195979040247678 0.6201223821428571 0.232488346749226 0.6288694690476191 0.23985431393188852 0.6150582797619047
2 0.34297785820433435 0.5869755285714285 0.3406759931888545 0.5819114261904762 0.3369930092879257 0.5763869511904761 0.33100816099071206 0.572243594047619 0.32502331269349843 0.5685606107142858 0.3185780910216718 0.5657983726190476 0.31167249659442725 0.5644172535714286 0.30568764767801854 0.5634965071428572 0.3033857832817337 0.5644172535714286 0.30292540990712075 0.568100236904762 0.3075291399380805 0.5759265773809523 0.31167249659442725 0.5828321726190476 0.3213403287925697 0.5883566476190476 0.32640443157894733 0.5911188857142857 0.3300874148606811 0.59342075 0.3374533826625387 0.5929603773809524 0.3383741281733746 0.589277394047619 0.34297785820433435 0.5869755285714285
11 0.7435023368421053 0.28957459404761904 0.7407400984520124 0.2785256428571429 0.7338345040247678 0.2794463892857143 0.7273892829721362 0.28635198333333334 0.7237062990712075 0.298321680952381 0.713578094117647 0.34297785833333333 0.7066724996904025 0.3931585107142857 0.7089743640866873 0.4042074619047619 0.713117720743034 0.413875294047619 0.7248380495356037 0.4174815488095238 0.7347552501547988 0.413875294047619 0.7490268123839009 0.40650932738095236 0.7531701690402477 0.37474359285714287 0.7435023368421053 0.28957459404761904
11 0.7425815907120742 0.6196620095238095 0.7421212179566564 0.6270279761904761 0.7421212179566564 0.6371561821428571 0.7425815907120742 0.6491258785714287 0.747645693498452 0.6578729654761905 0.7550116606811146 0.664318186904762 0.7665209845201238 0.6528088630952381 0.7941433628482972 0.6233449928571428 0.8125582811145511 0.5731643404761905 0.8139394 0.5519871833333334 0.8088752972136223 0.5450815892857143 0.8042715678018576 0.5437004702380952 0.7941433628482972 0.5441608428571428 0.7853962761609907 0.5441608428571428 0.7711247145510837 0.5473834535714286 0.7614568823529412 0.5542890488095238 0.7550116606811146 0.5588927785714286 0.747645693498452 0.5648776261904762 0.7402797256965944 0.5713228476190476 0.7342948773993808 0.5800699345238095 0.7342948773993808 0.5869755285714285 0.7361363690402477 0.5984848523809524 0.7398193529411764 0.609073430952381 0.7425815907120742 0.6196620095238095
2 0.6905323343653251 0.5665729095238096 0.6845417300309596 0.5688769880952381 0.682237652012384 0.5820102357142857 0.6912235578947368 0.588692063095238 0.6960621226006192 0.5896136952380953 0.702974358513932 0.5854663535714286 0.706891292260062 0.582240644047619 0.7108082253869968 0.577862894047619 0.7154163826625386 0.5748675928571428 0.7195637238390092 0.5709506583333334 0.7223286179566564 0.5661120940476191 0.7230198414860681 0.5596606738095238 0.7194936 0.5550324821428572 0.7142643430340557 0.5541308857142857 0.7080433312693499 0.5596606738095238 0.7002094643962848 0.5626559761904761 0.6905323343653251 0.5665729095238096
2 0.6868458086687307 0.605511836904762 0.6847721380804954 0.593991444047619 0.6833896910216718 0.588461655952381 0.6794727572755418 0.5843143142857143 0.6755558241486068 0.5817798273809525 0.6709476668730651 0.5810886047619047 0.665878694117647 0.5820102357142857 0.6605793133126935 0.5840839059523809 0.6509021839009288 0.5877704321428572 0.6432987244582042 0.5926089976190476 0.6322391479876162 0.6013644952380953 0.6297046613003096 0.6050510214285715 0.6285526222910217 0.6078159154761904 0.6299350693498452 0.6105808095238096 0.6340824105263158 0.6133457035714285 0.6375385281733745 0.6151889666666667 0.6423770934984521 0.6214099785714285 0.6509021839009288 0.6253269119047619 0.6615009448916409 0.6230228333333334 0.6697956278637771 0.6186450845238095 0.6753254160990712 0.615419375 0.6769382712074303 0.6128848880952381 0.6801639808049535 0.6126544797619048 0.6861545851393188 0.6085071392857143 0.6868458086687307 0.605511836904762
11 0.2776041826625387 0.3899091809523809 0.28593754798761606 0.3409800964285714 0.2765625318885449 0.3024614738095238 0.23593751578947367 0.3409800964285714 0.2401041987616099 0.37533454642857145 0.2526041665634675 0.3958333333333333 0.2776041826625387 0.3899091809523809
13 0.6911458972136223 0.6126926511904762 0.6734375956656347 0.6189389797619047 0.6484374996904025 0.6397598642857143 0.5901041826625387 0.6689090130952381 0.6161458495356037 0.682442619047619 0.6390625634674922 0.6814015916666667 0.6992187498452012 0.6393229166666666 0.6911458972136223 0.6126926511904762
13 0.40989581733746133 0.6408008130952382 0.3578124842105263 0.6345546428571428 0.33489584953560375 0.6199799285714286 0.3036458495356037 0.6002001130952381 0.2817708650154799 0.5960359202380953 0.2776041826625387 0.6022822095238095 0.2984375157894737 0.6303903702380953 0.33489584953560375 0.6480881297619048 0.40625 0.65234375 0.40989581733746133 0.6408008130952382
13 0.5567708811145511 0.47631584047619047 0.4859375157894737 0.48776735000000004 0.4348958334365325 0.4783979357142857 0.3890624842105263 0.47943896428571425 0.39531254798761606 0.49297257023809526 0.4203124842105263 0.4992188202380953 0.46197915046439625 0.49817779166666665 0.5359375479876161 0.49713672380952384 0.5651041665634675 0.4869791666666667 0.5567708811145511 0.47631584047619047
