1 0.37871904497444575 0.48472444786573265 0.3475364571748969 0.4821037616550103 0.35346551351653943 0.41156264887661803 0.38464779513458325 0.41418332197256835
11 0.8417165450110815 0.553530661849976 0.7794713737145003 0.6103589116523275 0.6978658346673683 0.5209820832613683 0.7601102937500173 0.4641544124999876
3 0.356617646875 0.26930147031249996 0.3768382359375 0.26930147031249996 0.3768382359375 0.42738970624999995 0.356617646875 0.42738970624999995
0 0.7119804952044433 0.4766582022421617 0.7260056851740728 0.4783080916786377 0.7184394584379561 0.542621229542358 0.7044142698931637 0.5409713484223443
2 0.5273160326006519 0.43981385845036164 0.5388747456597685 0.4390914841993252 0.5402623600541574 0.4612933523192382 0.5287036470980411 0.46201572546752706
2 0.28947257884033206 0.45817455455064815 0.2894725909105773 0.44575640368480884 0.29941246606813365 0.4457564150501542 0.29941246249995856 0.4581745573986126
2 0.286159286876682 0.4595958769372305 0.28022168239283474 0.45920043571885427 0.2812560824920638 0.4436698302257487 0.28719367433359366 0.4440652710224239
2 0.3522546892303353 0.447024867168497 0.3570895324778576 0.4773842059885246 0.3186414981358894 0.4835067025706055 0.3138067488589513 0.45314744754735725
2 0.3737665469470812 0.45200368419795756 0.399154790082207 0.44892939804654086 0.4057603931498761 0.5034764721119447 0.3803721523532886 0.5065507459233969
2 0.38243443339331407 0.5130529762312356 0.4131400127151892 0.5159506318327834 0.4099942723028107 0.5492822606881949 0.3792886940760809 0.5463846129344139
2 0.609923066470742 0.5064309238496932 0.579080804942123 0.5090419998134352 0.5743154405042787 0.45275526092628976 0.6051574463867837 0.45014419590809873
2 0.6066458552061249 0.45290319673950463 0.6348020365834373 0.45429186554316914 0.6322285747502292 0.5064669447543115 0.6040723937500161 0.5050782812500012
2 0.5906046706953703 0.5229775461725538 0.6009176431838341 0.4983522799449997 0.6349887481758287 0.5126199894202755 0.6246758603836042 0.5372451838039505
2 0.6441969894719932 0.4884743851127486 0.6215657959807004 0.4474967127688784 0.6519407877162848 0.4307222957712078 0.6745719861405632 0.47169986760879945
2 0.6768244619825055 0.5232448167653417 0.6570920013863315 0.4954945552782332 0.7012675836277822 0.4640848508266855 0.7210000096928297 0.49183499958756877