2 0.6284 0.4984 0.6268 0.48879999999999996 0.6252 0.4816 0.6236 0.4728 0.6232 0.4696 0.5996 0.4728 0.5988 0.4848 0.598 0.4928 0.5976 0.5008 0.5972 0.5072 0.598 0.5152 0.5992 0.5207999999999999 0.6032 0.5312 0.6072000000000001 0.536 0.6112 0.5376 0.6132 0.5392 0.6172 0.54 0.62 0.5367999999999999 0.624 0.5352 0.6268 0.5296 0.6272 0.5216 0.6275999999999999 0.5136 0.628 0.5056 0.6284 0.4984
2 0.6672 0.5184 0.6696 0.5112 0.6708000000000001 0.5 0.6708000000000001 0.4968 0.6696 0.4848 0.6679999999999999 0.476 0.6656 0.47040000000000004 0.6632 0.4608 0.6608 0.4544 0.628 0.468 0.6264 0.4752 0.6252 0.49039999999999995 0.6252 0.49520000000000003 0.6256 0.504 0.6268 0.5112 0.6284 0.5176 0.6295999999999999 0.5216 0.6336 0.5256000000000001 0.6355999999999999 0.5272 0.6388 0.5272 0.646 0.524 0.648 0.5216 0.6507999999999999 0.5207999999999999 0.654 0.5207999999999999 0.656 0.5216 0.6587999999999999 0.5216 0.6624 0.5216 0.6672 0.5184
1 0.7095999999999999 0.4912 0.7108 0.48800000000000004 0.7124 0.4792 0.7128 0.4744 0.7124 0.46719999999999995 0.7115999999999999 0.45999999999999996 0.7084 0.4504 0.7075999999999999 0.4464 0.7064 0.44 0.7051999999999999 0.436 0.6683999999999999 0.4552 0.6659999999999999 0.4632 0.6659999999999999 0.4712 0.6659999999999999 0.4808 0.6668000000000001 0.48879999999999996 0.6692 0.4968 0.6719999999999999 0.5024000000000001 0.6748 0.5032 0.6784 0.5048 0.6828 0.5072 0.6856 0.5048 0.6908000000000001 0.5032 0.6928000000000001 0.5008 0.696 0.4984 0.698 0.4984 0.702 0.4968 0.7044 0.49520000000000003 0.7075999999999999 0.49360000000000004 0.7095999999999999 0.4912
1 0.6612 0.5352 0.6587999999999999 0.5376 0.656 0.54 0.654 0.54 0.6507999999999999 0.54 0.6476000000000001 0.5392 0.6436 0.5424 0.6416 0.5456 0.6399999999999999 0.5512 0.6384000000000001 0.5568 0.6388 0.5648 0.6396 0.5696 0.6419999999999999 0.5776 0.644 0.5816 0.648 0.5871999999999999 0.65 0.592 0.6516000000000001 0.6 0.6884 0.5808 0.688 0.5744 0.6884 0.5671999999999999 0.6884 0.5599999999999999 0.6884 0.5552 0.6892 0.5488000000000001 0.6892 0.5432 0.6884 0.5392 0.6876 0.536 0.6848 0.5312 0.6824 0.5304 0.678 0.5288 0.6744 0.5288 0.6716 0.5288 0.6688000000000001 0.5304 0.6648000000000001 0.5312 0.6612 0.5352
1 0.46480000000000005 0.48800000000000004 0.4472 0.48879999999999996 0.44520000000000004 0.4976 0.4436 0.5088 0.4424 0.5176 0.4424 0.5288 0.4424 0.5416 0.4444 0.552 0.4472 0.5568 0.45039999999999997 0.5576 0.45239999999999997 0.5576 0.45799999999999996 0.5576 0.46040000000000003 0.552 0.4628 0.5456 0.4644 0.5384 0.46480000000000005 0.528 0.46480000000000005 0.5176 0.46480000000000005 0.508 0.4644 0.4992 0.46480000000000005 0.48800000000000004
1 0.5232 0.5344 0.5236000000000001 0.5256000000000001 0.5236000000000001 0.5192 0.5232 0.512 0.5228 0.504 0.5228 0.4968 0.522 0.48879999999999996 0.4972 0.48879999999999996 0.4964 0.5016 0.496 0.512 0.4956 0.52 0.4956 0.5296 0.4968 0.5376 0.4972 0.5439999999999999 0.4972 0.5504 0.498 0.5552 0.5004 0.5592 0.5052 0.5599999999999999 0.5092 0.5616 0.5128 0.5608 0.5167999999999999 0.5608 0.5208 0.5592 0.522 0.5552 0.5224 0.5496 0.5232 0.5416 0.5232 0.5344
1 0.5484 0.5336 0.548 0.5256000000000001 0.5476 0.5176 0.5464 0.512 0.5448 0.5056 0.5439999999999999 0.4992 0.5256000000000001 0.4976 0.5248 0.508 0.5244 0.516 0.5236000000000001 0.5224 0.5232 0.5296 0.5232 0.5376 0.5232 0.548 0.5248 0.5552 0.5276 0.5599999999999999 0.53 0.5616 0.5344 0.5624 0.5376000000000001 0.5624 0.5416 0.5616 0.5436 0.5592 0.5459999999999999 0.5576 0.5476 0.5544 0.548 0.548 0.5488 0.5424 0.5484 0.5336
2 0.3204 0.5104 0.32439999999999997 0.5088 0.32839999999999997 0.5056 0.3304 0.5008 0.33199999999999996 0.4928 0.33240000000000003 0.4864 0.3328 0.4816 0.33240000000000003 0.4744 0.3312 0.468 0.33 0.4624 0.3292 0.456 0.3288 0.4504 0.2952 0.44320000000000004 0.2928 0.4504 0.2912 0.4592 0.29000000000000004 0.46559999999999996 0.29000000000000004 0.4768 0.2908 0.4848 0.292 0.4912 0.2924 0.49360000000000004 0.294 0.4992 0.296 0.5008 0.298 0.5008 0.30079999999999996 0.4992 0.3024 0.4984 0.3052 0.5008 0.3072 0.504 0.3096 0.5064 0.314 0.508 0.31720000000000004 0.5104 0.3204 0.5104
1 0.35600000000000004 0.5264 0.36119999999999997 0.5216 0.3648 0.5184 0.3664 0.5176 0.36879999999999996 0.5136 0.36920000000000003 0.5096 0.37 0.504 0.37120000000000003 0.4984 0.3716 0.49360000000000004 0.3716 0.49039999999999995 0.3716 0.4848 0.3704 0.48 0.3704 0.476 0.3696 0.47040000000000004 0.36879999999999996 0.46640000000000004 0.3348 0.4616 0.33399999999999996 0.46559999999999996 0.3328 0.4712 0.3316 0.4816 0.3308 0.4864 0.3288 0.49360000000000004 0.3288 0.4992 0.32839999999999997 0.504 0.32839999999999997 0.508 0.3288 0.5136 0.3308 0.5168 0.33399999999999996 0.5207999999999999 0.338 0.5216 0.34159999999999996 0.5216 0.3444 0.5224 0.3468 0.524 0.3496 0.5264 0.3524 0.5264 0.35600000000000004 0.5264
1 0.3312 0.5416 0.3288 0.5408 0.3252 0.5408 0.3228 0.5408 0.32120000000000004 0.5408 0.31999999999999995 0.5408 0.31720000000000004 0.5392 0.3136 0.5367999999999999 0.31120000000000003 0.5344 0.3084 0.5336 0.306 0.5352 0.3028 0.5376 0.30119999999999997 0.54 0.2984 0.5464 0.29760000000000003 0.5512 0.2968 0.5592 0.29560000000000003 0.5671999999999999 0.2952 0.5744 0.2952 0.5792 0.2952 0.5848 0.2952 0.5928 0.33599999999999997 0.6048 0.3376 0.5976 0.33959999999999996 0.5896 0.3404 0.5864 0.342 0.5792 0.3432 0.5752 0.344 0.5712 0.3452 0.5671999999999999 0.34640000000000004 0.5608 0.346 0.5544 0.3456 0.552 0.344 0.548 0.34159999999999996 0.5464 0.33959999999999996 0.5456 0.3368 0.5464 0.3356 0.5464 0.3312 0.5416
2 0.37639999999999996 0.5632 0.3732 0.5632 0.37 0.5616 0.3684 0.5599999999999999 0.366 0.5576 0.364 0.5576 0.36160000000000003 0.5568 0.358 0.5528 0.35400000000000004 0.5528 0.3504 0.5528 0.3476 0.5544 0.3436 0.5568 0.34159999999999996 0.5616 0.34080000000000005 0.5680000000000001 0.33959999999999996 0.5752 0.33959999999999996 0.5824 0.33959999999999996 0.588 0.3392 0.5936 0.3392 0.6 0.33880000000000005 0.608 0.37560000000000004 0.6272 0.3772 0.6224000000000001 0.3796 0.6168 0.3816 0.6135999999999999 0.38320000000000004 0.6095999999999999 0.3852 0.6063999999999999 0.38639999999999997 0.6024 0.38680000000000003 0.5976 0.38760000000000006 0.592 0.388 0.5848 0.388 0.5776 0.38760000000000006 0.5736 0.3872 0.5680000000000001 0.3848 0.5656 0.3824 0.5648 0.37920000000000004 0.5632 0.37639999999999996 0.5632
9 0.3568 0.3336 0.3532 0.3408 0.3512 0.348 0.3496 0.36 0.3488 0.36879999999999996 0.3476 0.37599999999999995 0.346 0.3736 0.3456 0.36719999999999997 0.3452 0.3608 0.3436 0.35440000000000005 0.34080000000000005 0.34959999999999997 0.338 0.34959999999999997 0.3356 0.3592 0.3352 0.368 0.33399999999999996 0.3808 0.33399999999999996 0.3912 0.3336 0.4016 0.3328 0.4168 0.3328 0.42400000000000004 0.33399999999999996 0.4344 0.33599999999999997 0.4464 0.33599999999999997 0.4536 0.3352 0.4592 0.37 0.46640000000000004 0.3704 0.4608 0.36920000000000003 0.4528 0.3684 0.44079999999999997 0.36800000000000005 0.432 0.3684 0.41759999999999997 0.36800000000000005 0.4048 0.36800000000000005 0.3936 0.36879999999999996 0.3832 0.36879999999999996 0.3736 0.3696 0.36160000000000003 0.3696 0.35440000000000005 0.37 0.344 0.3684 0.336 0.36679999999999996 0.33120000000000005 0.362 0.3304 0.3568 0.3336
9 0.4468 0.3832 0.4468 0.39599999999999996 0.4468 0.412 0.4468 0.42160000000000003 0.4464 0.4352 0.4464 0.4512 0.4456 0.47040000000000004 0.4456 0.48800000000000004 0.4644 0.4856 0.46480000000000005 0.4824 0.46480000000000005 0.4736 0.4652 0.4624 0.4644 0.44320000000000004 0.46480000000000005 0.4336 0.46480000000000005 0.42079999999999995 0.46480000000000005 0.412 0.4632 0.3952 0.4616 0.3824 0.46040000000000003 0.37439999999999996 0.45799999999999996 0.3656 0.4568 0.36 0.4536 0.35760000000000003 0.45 0.3608 0.4484 0.372 0.4468 0.3832
9 0.5012 0.3928 0.5004 0.4056 0.49960000000000004 0.4168 0.4992 0.4248 0.4992 0.436 0.4988 0.456 0.498 0.47040000000000004 0.498 0.48879999999999996 0.5224 0.48719999999999997 0.5224 0.4808 0.5228 0.47040000000000004 0.5228 0.4576 0.5224 0.44239999999999996 0.522 0.432 0.5224 0.4248 0.522 0.41519999999999996 0.5216000000000001 0.39919999999999994 0.5204 0.388 0.5192 0.3784 0.5172 0.372 0.5156 0.3704 0.5116 0.3712 0.5068 0.37760000000000005 0.5032 0.3856 0.5012 0.3928
9 0.5332 0.3768 0.5319999999999999 0.3784 0.53 0.3824 0.5296 0.39039999999999997 0.5292 0.39680000000000004 0.5287999999999999 0.4032 0.5284 0.4144 0.5284 0.42000000000000004 0.5284 0.432 0.528 0.44239999999999996 0.5276 0.4568 0.5276 0.468 0.5268 0.4856 0.5264 0.4968 0.5439999999999999 0.4976 0.5432 0.4856 0.5432 0.4768 0.5432 0.46719999999999995 0.5428 0.4592 0.5428 0.448 0.5424 0.44 0.5428 0.4272 0.5428 0.42160000000000003 0.5424 0.4128 0.542 0.40800000000000003 0.5412 0.39919999999999994 0.5408000000000001 0.3936 0.5388000000000001 0.38480000000000003 0.538 0.38 0.5356 0.3768 0.5332 0.3768
9 0.7024 0.34959999999999997 0.7024 0.34559999999999996 0.7028 0.3376 0.7024 0.3336 0.7016 0.3304 0.7008 0.32639999999999997 0.6992 0.3232 0.6972 0.3216 0.696 0.32 0.6943999999999999 0.32 0.6928000000000001 0.3216 0.6916 0.3248 0.6904 0.32799999999999996 0.6884 0.33440000000000003 0.6864 0.3384 0.6848 0.3432 0.6844 0.3472 0.6831999999999999 0.3488 0.682 0.3464 0.6816000000000001 0.3432 0.6804 0.3376 0.68 0.33120000000000005 0.68 0.32959999999999995 0.6784 0.32239999999999996 0.6772 0.3216 0.676 0.32239999999999996 0.6728 0.3272 0.6712 0.3304 0.6708000000000001 0.33280000000000004 0.6688000000000001 0.3392 0.6679999999999999 0.3432 0.6672 0.3472 0.6659999999999999 0.3536 0.6648000000000001 0.3624 0.6644000000000001 0.368 0.6636 0.3784 0.6636 0.3856 0.6639999999999999 0.39599999999999996 0.6644000000000001 0.4032 0.6664000000000001 0.4128 0.6683999999999999 0.4272 0.6696 0.43679999999999997 0.6696 0.4456 0.6683999999999999 0.4544 0.7051999999999999 0.436 0.7044 0.4344 0.7031999999999999 0.4296 0.702 0.4248 0.7012 0.42000000000000004 0.7 0.41519999999999996 0.6992 0.412 0.6992 0.4064 0.6992 0.40080000000000005 0.6996 0.3952 0.6996 0.3896 0.6996 0.38480000000000003 0.7004 0.3784 0.7008 0.372 0.7016 0.3656 0.702 0.3552 0.7024 0.34959999999999997
9 0.6756 0.696 0.6768 0.6983999999999999 0.678 0.6983999999999999 0.6796000000000001 0.6951999999999999 0.68 0.6911999999999999 0.68 0.6872 0.6791999999999999 0.6808 0.678 0.676 0.6768 0.6696000000000001 0.676 0.6624000000000001 0.6752 0.6559999999999999 0.6744 0.6504 0.6744 0.644 0.6744 0.6392 0.6756 0.6368 0.6764 0.6376 0.6796000000000001 0.6424 0.6816000000000001 0.6464 0.6836 0.6519999999999999 0.6848 0.6576 0.6868 0.664 0.6884 0.6696000000000001 0.69 0.676 0.6904 0.6792 0.6912 0.6824 0.6924 0.6856 0.694 0.6848 0.6952 0.6824 0.6968000000000001 0.6776 0.6963999999999999 0.6728000000000001 0.6963999999999999 0.664 0.696 0.6552000000000001 0.6948000000000001 0.6472 0.694 0.6384 0.6932 0.6304 0.6928000000000001 0.6216 0.6916 0.6103999999999999 0.6904 0.604 0.6896 0.5976 0.6884 0.5912000000000001 0.688 0.584 0.6524 0.6016 0.6531999999999999 0.6088 0.6547999999999999 0.6208 0.6564 0.6296 0.658 0.6368 0.6596 0.6456 0.6604 0.6504 0.6612 0.6544 0.6628000000000001 0.6608 0.6639999999999999 0.6664 0.6652 0.6704 0.6668000000000001 0.676 0.6679999999999999 0.6792 0.6699999999999999 0.6839999999999999 0.6708000000000001 0.6872 0.6719999999999999 0.6896 0.6732 0.6928 0.6744 0.6944 0.6756 0.696
9 0.2905774315789474 0.7039949333333333 0.31425770030959754 0.6270653571428572 0.3046874996904025 0.7083333333333334 0.3234667077399381 0.6507359916666667 0.3268229164086688 0.6080729166666666 0.30598958328173376 0.6041666666666666 0.2905774315789474 0.7039949333333333
11 0.7018229164086687 0.6080729166666666 0.7109374996904025 0.6640625 0.7122395832817336 0.6875 0.734375 0.6888020833333334 0.75 0.6171875 0.7473958334365325 0.5442708333333334 0.7421874996904025 0.5221354166666666 0.6888020835913313 0.5481770833333334 0.7018229164086687 0.6080729166666666
25 0.5195312501547987 0.5013020833333334 0.5078125003095976 0.4440104166666667 0.5013020835913312 0.4986979166666667 0.5195312501547987 0.5013020833333334
13 0.2884615386996904 0.42668269285714283 0.3052884613003096 0.44230769285714283 0.3545673077399381 0.47235576904761906 0.3930288464396285 0.48918269285714283 0.4362980767801858 0.49759615357142856 0.4663461535603715 0.5 0.504807692260062 0.49639423095238094 0.5288461535603716 0.49519230714285717 0.5528846154798761 0.49038461547619044 0.5793269232198143 0.4855769226190476 0.6069711535603716 0.48197115357142856 0.640625 0.4699519226190476 0.6730769232198143 0.45673076904761906 0.707932692260062 0.42668269285714283 0.7103365386996905 0.41105769285714283 0.6790865386996905 0.43028846190476194 0.640625 0.45072115357142856 0.5637019232198143 0.47115384642857144 0.5180288464396284 0.4675480773809524 0.4471153845201239 0.46875 0.3689903845201239 0.44350961547619044 0.29206730773993805 0.41586538452380956 0.2884615386996904 0.42668269285714283
13 0.4567307690402477 0.671875 0.5300480767801857 0.6502403845238095 0.6021634613003096 0.6370192309523809 0.6790865386996905 0.605769230952381 0.723557692260062 0.581730769047619 0.6742788464396284 0.59375 0.6177884613003096 0.6129807690476191 0.5841346154798761 0.6225961535714286 0.5612980767801857 0.625 0.5228365386996904 0.6334134619047619 0.4867788464396285 0.6394230773809523 0.4435096154798761 0.6418269226190477 0.4158653845201239 0.640625 0.3653846154798761 0.6153846154761905 0.3233173077399381 0.5961538464285714 0.3040865386996904 0.5865384619047619 0.28605769226006195 0.5997596154761905 0.4050480767801858 0.6430288464285714 0.4567307690402477 0.671875
2 0.4007480773993808 0.6155579964285715 0.4038741226006192 0.6374203226190477 0.4126270123839009 0.6230536797619047 0.4207547498452012 0.6036898678571428 0.4188791034055727 0.5843261035714286 0.4056249857585139 0.5821875011904762 0.4007480773993808 0.5924464142857143 0.4007480773993808 0.6155579964285715
19 0.4670202334365325 0.6099362464285715 0.465769786996904 0.5862000357142857 0.4524999857585139 0.5884375011904762 0.4526404049535604 0.6124348071428571 0.4670202334365325 0.6099362464285715
19 0.5157865157894737 0.5961942321428572 0.5207882080495356 0.6105609226190476 0.5399999857585139 0.5931250011904762 0.5357932359133126 0.5880739214285714 0.5157865157894737 0.5961942321428572
9 0.6142079380804953 0.5356703321428571 0.6273636482972136 0.5317252845238095 0.624074720743034 0.4929316678571428 0.6161813145510836 0.3594555369047619 0.604998880495356 0.3568254928571428 0.5997366761609907 0.47715125357142857 0.6021381430340557 0.5289473690476191 0.6142079380804953 0.5356703321428571
