2 0.336075 0.526617188095238 0.33925312507739935 0.520803125 0.34172500000000006 0.515715625 0.34525625015479877 0.50626875 0.3463156247678018 0.50118125 0.3487874996904025 0.4851921880952381 0.3487874996904025 0.4808328130952381 0.3148890625386997 0.4524890630952381 0.30994531269349845 0.45757656190476187 0.3085328123839009 0.46557031190476195 0.30570781238390093 0.47283749999999997 0.30429531269349847 0.4808328130952381 0.30429531269349847 0.48810000000000003 0.30429531269349847 0.49536718809523805 0.30464843777089784 0.5040875 0.30712031269349843 0.5084484369047618 0.3106515622291022 0.510628125 0.31382968730650157 0.5135359380952381 0.3159484377708978 0.5135359380952381 0.31771406253869966 0.5164421880952381 0.31947968730650156 0.52225625 0.3208921876160991 0.5258906250000001 0.3261890625386997 0.530978125 0.32936562476780185 0.530978125 0.3318375003095975 0.530978125 0.336075 0.526617188095238
1 0.37817812507739934 0.5530515619047619 0.38170937523219817 0.5515984380952381 0.38524062476780185 0.5501453130952382 0.38983125015479875 0.5472390630952381 0.3923015622291021 0.545784375 0.3944203126934984 0.542878125 0.39583281238390094 0.5385171880952381 0.3961859374613003 0.533429688095238 0.39583281238390094 0.527615625 0.3944203126934984 0.5188953130952382 0.3933609374613003 0.510175 0.39194843777089783 0.5043609369047619 0.3908890625386997 0.4978203119047619 0.3894781250773994 0.49418593809523814 0.3513421876160991 0.4796515619047619 0.3428671876160991 0.5058140619047619 0.3407484377708978 0.514534375 0.33933593746130036 0.519621875 0.3396890625386997 0.52834375 0.34180781238390096 0.53415625 0.3439265622291022 0.53924375 0.3467515622291022 0.5421515619047619 0.3509890625386997 0.5450578119047619 0.35416718761609906 0.5465109369047619 0.3576984377708979 0.5465109369047619 0.3591109374613003 0.5465109369047619 0.36228750030959755 0.5486921880952381 0.36405312507739934 0.552325 0.36687812507739936 0.5537796869047619 0.3686437498452012 0.5552328119047619 0.37217500000000003 0.5552328119047619 0.3753531250773994 0.55450625 0.37817812507739934 0.5530515619047619
1 0.3993640625386997 0.60174375 0.39795156222910216 0.600290625 0.3944203126934984 0.5981109369047619 0.39194843777089783 0.593023438095238 0.3894781250773994 0.59084375 0.38630000000000003 0.5893890630952381 0.3813562501547988 0.5879359380952381 0.3774718749226006 0.587209375 0.37429374984520125 0.5879359380952381 0.3697031250773994 0.5879359380952381 0.3661718749226006 0.5893890630952381 0.36158125015479875 0.59375 0.3591109374613003 0.600290625 0.35840468730650155 0.6097390630952381 0.3566390625386997 0.6206390619047619 0.3555796873065016 0.63299375 0.35452031269349843 0.650435938095238 0.3930078123839009 0.68459375 0.39583281238390094 0.676598438095238 0.396892187616099 0.6715109369047619 0.3990109374613003 0.6656984380952381 0.4007765622291022 0.659884375 0.40183593746130036 0.655523438095238 0.4039546873065015 0.6489828119047619 0.4053671876160991 0.644621875 0.4064265622291022 0.63808125 0.40783906253869967 0.62790625 0.40783906253869967 0.619185938095238 0.4074859374613003 0.6155515619047619 0.4060734377708978 0.6111921880952381 0.4050140625386997 0.6075578119047619 0.4032484377708978 0.605378125 0.40183593746130036 0.6031984380952381 0.3993640625386997 0.60174375
2 0.6912796873065015 0.5159890619047619 0.6923390625386997 0.5058140619047619 0.6930453126934984 0.5 0.691632812383901 0.4912796869047619 0.6905734377708979 0.483284375 0.6873953126934985 0.4774703119047619 0.6474937498452014 0.4905515619047619 0.6467874996904024 0.4956390619047619 0.6467874996904024 0.50290625 0.6467874996904024 0.50799375 0.6464343752321982 0.514534375 0.6464343752321982 0.519621875 0.6482 0.525435936904762 0.6506718749226007 0.5297968750000001 0.6531437498452013 0.5327031249999999 0.6577343752321981 0.53415625 0.6616187498452012 0.534884375 0.6662093752321983 0.53415625 0.6711515622291022 0.531976561904762 0.6746828123839009 0.5297968750000001 0.6782140625386996 0.527615625 0.6824515622291022 0.527615625 0.6859828123839009 0.525435936904762 0.6895140625386997 0.521075 0.6912796873065015 0.5159890619047619
2 0.33593749969040243 0.576171875 0.32226562476780185 0.5654296880952381 0.3193359374613003 0.5830078119047619 0.32714843777089786 0.603515625 0.333007812383901 0.6142578119047618 0.35351562476780185 0.61328125 0.3525390625386997 0.58203125 0.33593749969040243 0.576171875
11 0.23242187492260064 0.5927734380952381 0.234375 0.6015625 0.24218750030959751 0.6220703119047618 0.2539062501547988 0.6357421880952382 0.2744140625386997 0.6533203119047618 0.296875 0.6640625 0.3046875003095975 0.6552734380952382 0.3076171876160991 0.6416015619047618 0.30957031269349844 0.619140625 0.3076171876160991 0.6015625 0.29980468730650156 0.5751953119047619 0.2861328123839009 0.5771484380952381 0.2763671876160991 0.5771484380952381 0.2412109374613003 0.5830078119047619 0.23242187492260064 0.5927734380952381
9 0.671875 0.396484375 0.662109375232198 0.443359375 0.6572265622291023 0.486328125 0.6826171876160991 0.478515625 0.6904296873065014 0.46484375 0.6865234377708977 0.44921875 0.6845703126934986 0.427734375 0.6796875003095975 0.3955078119047619 0.671875 0.396484375
2 0.6357421876160991 0.6611328119047618 0.6386718749226006 0.6572265619047618 0.6416015622291023 0.6416015619047618 0.6396484377708977 0.6357421880952382 0.6318359374613003 0.625 0.6162109374613003 0.630859375 0.625 0.65625 0.6357421876160991 0.6611328119047618
2 0.65625 0.6044921880952381 0.6650390625386997 0.6103515619047618 0.677734375232198 0.6064453119047619 0.6845703126934986 0.5966796880952381 0.6914062501547988 0.583984375 0.6875 0.568359375 0.6689453126934986 0.5849609380952381 0.65625 0.6044921880952381
6 0.662109375232198 0.6708984380952382 0.6650390625386997 0.6650390619047618 0.6679687498452012 0.650390625 0.6640625003095975 0.6435546880952382 0.6416015622291023 0.6591796880952382 0.662109375232198 0.6708984380952382
9 0.401367187616099 0.7021484380952382 0.395507812383901 0.7705078119047618 0.4082031250773994 0.7744140619047618 0.41210937523219815 0.751953125 0.4150390625386997 0.728515625 0.41894531269349844 0.703125 0.421875 0.677734375 0.41015625015479873 0.6630859380952382 0.401367187616099 0.7021484380952382
2 0.42285156222910214 0.658203125 0.42773437523219815 0.626953125 0.40917968730650156 0.6328125 0.40722656222910214 0.6591796880952382 0.42285156222910214 0.669921875 0.42285156222910214 0.658203125
13 0.41210937523219815 0.537109375 0.4707031250773994 0.5537109380952381 0.5332031250773994 0.5595703119047619 0.583007812383901 0.5478515619047619 0.65625 0.4990234380952381 0.6591796873065014 0.4658203119047619 0.6308593752321981 0.4970703119047619 0.5791015622291021 0.5185546880952381 0.5185546873065016 0.5302734380952381 0.48828125015479873 0.525390625 0.42089843777089786 0.505859375 0.41210937523219815 0.537109375
7 0.6147470588235294 0.7892989773809523 0.6190393188854489 0.7978834976190475 0.6295315108359133 0.8050372654761905 0.6419313739938081 0.806468019047619 0.644792880495356 0.8021757583333333 0.6500389764705882 0.7807144571428571 0.6524235659442724 0.7668838404761904 0.6490851411764705 0.7439917857142857 0.6476543876160991 0.7334995940476191 0.6385929492260062 0.7277765797619047 0.6347776068111455 0.7487609630952381 0.6381160315789474 0.7654530869047619 0.6343006891640867 0.7783298678571429 0.6295315108359133 0.7773760321428571 0.6242854148606811 0.7664069226190476 0.6142701405572756 0.7616377440476191 0.6142701405572756 0.7788067857142857 0.6147470588235294 0.7892989773809523
