11 0.2607285872055627 0.3087519577864304 0.2125216686611111 0.2874148787453143 0.24832938374072455 0.20651665416915632 0.2965360112817734 0.2278536584810818
11 0.2621491190463985 0.40532378385207324 0.30580604545491497 0.40449227949765326 0.30866038182705324 0.5543454292846629 0.26500345573651884 0.5551769246077417
2 0.3667420215850825 0.4337303779494112 0.359096340411611 0.4668602061908382 0.3073787770410945 0.4549254339896817 0.31502454030862737 0.42179572439289126
0 0.7230351961164843 0.41889321229772003 0.7553907365087298 0.42563355079054316 0.7466023721201509 0.4678176965888448 0.7142468377152227 0.4610773777487801
7 0.6808085709488978 0.5809053691803215 0.7019217056679281 0.5771813905193195 0.7088894092693181 0.616680618151957 0.6877762780954981 0.6204045831713522
7 0.6610402050686162 0.6100443313731312 0.683086067957106 0.5979778493610006 0.6994765862012855 0.6279204436211634 0.6774307505625075 0.6399868868202772
7 0.37601639367790085 0.6255233929144435 0.36636191003026397 0.6567695370368195 0.3374640247499201 0.6478416402694377 0.34711855943135106 0.6165955873451622
7 0.7287622193604193 0.5457379320690015 0.7444172235491351 0.563620380819709 0.718553198662903 0.5862605028603348 0.7028982500104348 0.5683781069762367
2 0.38304313583455496 0.494746625577122 0.36024844854807725 0.46412270638662 0.38393546653674093 0.4464926902547264 0.40673012868580827 0.47711654422474015
2 0.6514499451392339 0.4948895978675043 0.62866141670861 0.48739038271704527 0.642221187407813 0.44618815316397886 0.6650095844665884 0.4536873448608501
2 0.6782117664487259 0.4599459498558932 0.6609305091706119 0.4411405316418425 0.705250315367266 0.40041516978792285 0.7225315121499989 0.4192205130752558