1 0.3600546875 0.6459937499999999 0.394021875 0.6459937499999999 0.394021875 0.7080140625 0.3600546875 0.7080140625
1 0.2864969043170049 0.5153928284068251 0.3308911124962606 0.5205887336206111 0.32119334333606275 0.6034395272717831 0.27679914158682095 0.5982436590363914
11 0.20999879105954733 0.6146596126624242 0.2947506358729015 0.6566721793198094 0.25229636596202454 0.7423027860849174 0.16754478947632379 0.7002906347570222
11 0.7662940844847981 0.7351610978344097 0.7141299474945981 0.7239959759600126 0.7428781189838674 0.5897061465631973 0.7950408660328776 0.6008711148097536
0 0.3286520430588098 0.5646136933393262 0.35174000312599674 0.5671787550030208 0.3475047831445863 0.6052957812831953 0.32441682450291864 0.6027307283872538
2 0.4750234169130181 0.6351803864770418 0.4628390134161009 0.634745279562309 0.4643151013874558 0.5934162290503023 0.4764994113756984 0.5938513343020826
2 0.6821861825716269 0.5948651186356406 0.6793050537837644 0.5771366432007168 0.7043025646460137 0.5730745983641827 0.7071837253396325 0.5908030340391922
2 0.31699775837853394 0.6418971620306315 0.3383094043554138 0.6234810899399793 0.37019080823154127 0.6603705560105244 0.3488792453805445 0.6787865390045048
2 0.26142583640069006 0.6367518248903771 0.27285123549609125 0.6063600838182435 0.31804582169058904 0.6233483981630255 0.3066205890979745 0.6537399979018926
9 0.3679401253471042 0.762047129331437 0.3631267029496712 0.7613789757074767 0.3707665569490928 0.7063504770991064 0.3755799203124752 0.7070186265624981
7 0.35576161079927715 0.7523252485779579 0.37754893004728274 0.7540263967581575 0.37496455026700914 0.7871197079345688 0.3531772317892319 0.7854185663804727
7 0.3049162246589958 0.7648248121507031 0.27833549043202765 0.7614189867459447 0.2832682279514529 0.72292891270221 0.30984873100237564 0.7263347231023948
9 0.306881956053644 0.4619511321922983 0.31144508220052103 0.46223919064846886 0.30749559045375463 0.5247984886380755 0.30293246443523003 0.5245104315373654
9 0.3018307455580498 0.5246770288087228 0.29769422650269917 0.524984753678162 0.29215717903639415 0.45055960512543525 0.29629365223638615 0.4502518819733828
9 0.31438093277245116 0.46805984061090655 0.31860154793650963 0.4685372330695724 0.31211044419171685 0.5259207426122566 0.307889829378837 0.5254433522337657
7 0.28803664605140966 0.49953802830368066 0.260175318472875 0.48806405492959815 0.2839419791879436 0.4303575413091256 0.31180309042156296 0.4418314644447678
7 0.33128716879446074 0.44988582620593665 0.3322443779738933 0.4699776362525132 0.31085588823430044 0.4709965188472959 0.30989871048632267 0.45090473875213627
2 0.40049656171879633 0.6012994939516358 0.4134191121740969 0.6128886997618448 0.40065678335736266 0.6271176857587818 0.38773425265105743 0.6155285006821855