1 0.39922187492260064 0.593023438095238 0.3935640625386997 0.590115625 0.39250312507739943 0.590115625 0.3868453126934984 0.59084375 0.3836640625386997 0.5952031249999999 0.38118750030959747 0.5981109369047619 0.3776515622291022 0.6024703130952381 0.3762375003095975 0.6097390630952381 0.37659062476780186 0.61700625 0.37659062476780186 0.628634375 0.37659062476780186 0.6373546880952381 0.37659062476780186 0.6518890619047619 0.3833093752321981 0.65915625 0.38613906253869973 0.6613375 0.39250312507739943 0.6613375 0.3999296873065015 0.6613375 0.4027578123839009 0.6613375 0.40523281238390096 0.65915625 0.4073546873065016 0.6511625 0.40947656222910217 0.6438953119047619 0.4119515622291022 0.6337203130952381 0.41407343777089783 0.619185938095238 0.4147812501547988 0.6111921880952381 0.41407343777089783 0.6031984380952381 0.41301249969040243 0.5988375 0.4091234377708978 0.5952031249999999 0.40487968730650153 0.59375 0.40169687492260064 0.59375 0.39922187492260064 0.593023438095238
2 0.30104992755417953 0.5770192130952381 0.304174386996904 0.5813967702380952 0.3085486117647059 0.5820221261904762 0.310423306501548 0.5813967702380952 0.31667222600619194 0.5832728595238096 0.3197966854489164 0.584523594047619 0.3235460278637771 0.5832728595238096 0.3241709102167183 0.5782699476190476 0.3241709102167183 0.5732670119047619 0.32104645015479877 0.5707655678571428 0.31667222600619194 0.5695148333333334 0.3116730712074303 0.5688894785714286 0.310423306501548 0.567638744047619 0.30917354179566564 0.5651372761904762 0.3060490817337461 0.5620104535714285 0.30354950464396285 0.5601343642857143 0.2973005851393189 0.5595090095238096 0.29546873560371517 0.5595312511904762 0.29605077275541797 0.5713909226190476 0.30104992755417953 0.5770192130952381
2 0.33916832631578947 0.5932786845238095 0.33916832631578947 0.6020337976190476 0.33979320866873064 0.6114142666666667 0.3416679034055728 0.6170425345238095 0.34416748111455103 0.6214200916666667 0.3504164 0.6276737380952381 0.35416574241486065 0.6308005607142857 0.3585399665634675 0.622670825 0.36166442662538695 0.6151664452380953 0.3666635814241486 0.6070367107142858 0.36978804086687306 0.601408419047619 0.3722876179566563 0.5976562404761905 0.3754120780185759 0.5926533285714286 0.37291250030959755 0.5857743035714286 0.3722876179566563 0.5857743035714286 0.3691631585139319 0.5807713916666667 0.36978804086687306 0.580146036904762 0.3635391213622291 0.5795206583333333 0.35916489721362227 0.580146036904762 0.3585399665634675 0.580146036904762 0.3529159777089783 0.5782699476190476 0.3472919405572755 0.575143125 0.3392187356037152 0.5743750011904762 0.33916832631578947 0.5838982142857143 0.33916832631578947 0.5932786845238095
2 0.456982799380805 0.5553725095238095 0.4596609349845201 0.5643062892857144 0.46233903653250774 0.5553725095238095 0.46144631331269353 0.5442052833333333 0.4599330253869969 0.5397321428571429 0.4565364551083591 0.5455453476190476 0.456982799380805 0.5553725095238095
2 0.48688836284829723 0.5593927 0.4909055318885449 0.572346688095238 0.4922445659442724 0.5562658738095237 0.4922990972136223 0.5419642857142857 0.48822739628482975 0.548225475 0.48688836284829723 0.5593927
2 0.49492266749226005 0.5768135785714286 0.49760080309597526 0.5741334333333333 0.49938618142414865 0.5643062892857144 0.5002789046439629 0.5544791273809524 0.5007252489164087 0.5446519654761904 0.4956473114551084 0.5441964285714286 0.4940299783281734 0.5629662083333333 0.49492266749226005 0.5768135785714286
2 0.5310771566563468 0.5629662083333333 0.5328625349845201 0.5526923642857143 0.5328625349845201 0.538845011904762 0.5296874897832817 0.5347098214285714 0.5292917442724457 0.5468854107142856 0.5310771566563468 0.5629662083333333
2 0.6462357938080495 0.5406317583333333 0.6560555108359133 0.5500122380952381 0.6578409572755418 0.5410784571428571 0.6573945789473684 0.5303579142857143 0.6627507820433437 0.527677786904762 0.6663216068111455 0.5370582500000001 0.6739095665634675 0.5325913595238095 0.6725705665634676 0.5205307523809524 0.6685533634674923 0.5138304178571429 0.6605190247678019 0.5160638630952381 0.6506993077399381 0.5160638630952381 0.646682172755418 0.5075767821428571 0.6418526681114551 0.5006696428571429 0.6386478340557276 0.5218708333333334 0.6462357938080495 0.5406317583333333
11 0.2387169814241486 0.5531390642857144 0.22845090340557278 0.5656463523809524 0.21684575665634676 0.575920230952381 0.21015048606811146 0.5893209011904762 0.20613333374613002 0.6036149178571429 0.20390157708978326 0.6134420630952381 0.19943806315789472 0.6299695761904762 0.20166981981424148 0.6433702464285714 0.2052406278637771 0.6527507095238095 0.21818482476780185 0.6554308369047619 0.2315753665634675 0.6500705821428572 0.24318049535603714 0.644710294047619 0.2605882061919505 0.6424768488095238 0.27263968049535603 0.6362232297619047 0.2775495554179567 0.6304162583333334 0.2829057585139319 0.6156755083333333 0.2811203801857585 0.6089751726190477 0.27844224458204336 0.6031682357142857 0.27933496780185757 0.5937877738095237 0.27978131269349843 0.584407294047619 0.27844224458204336 0.5772602607142857 0.27442509226006195 0.572346688095238 0.273532386377709 0.5701132428571428 0.2713006297213622 0.5647530059523809 0.2713006297213622 0.5584993178571429 0.27174699133126934 0.5526923642857143 0.27263968049535603 0.5473320928571429 0.27263968049535603 0.5446519654761904 0.2713006297213622 0.5406317583333333 0.2695152340557276 0.537951630952381 0.2672834773993808 0.5357181857142858 0.26462052569659444 0.5330357142857143 0.25478562476780187 0.537951630952381 0.2387169814241486 0.5531390642857144
9 0.3721760359133127 0.7967265273809523 0.3735151040247678 0.7971732095238095 0.38921090773993805 0.7657331261904762 0.41316529535603713 0.6168601190476191 0.3996258452012384 0.5981208273809524 0.38087900557275545 0.5991619214285715 0.3683810328173375 0.758445667857143 0.3721760359133127 0.7967265273809523
2 0.6234719145510836 0.618944305952381 0.6341843201238391 0.6251979416666668 0.6440040371517028 0.6193909880952381 0.6489139294117647 0.6144774166666667 0.6480212402476779 0.5943764107142857 0.6498066185758514 0.5845492404761905 0.6426649696594426 0.5832091940476191 0.6350770092879258 0.5876760845238096 0.6297208061919505 0.5908028857142857 0.6252572922600619 0.5921429654761905 0.6189732043343653 0.5972098214285714 0.6194547108359133 0.6086704452380952 0.6234719145510836 0.618944305952381
2 0.6654289176470588 0.5805290416666666 0.668107052631579 0.5872293761904762 0.6730168773993808 0.5876760845238096 0.6779267696594427 0.582762486904762 0.6814975944272447 0.5854426392857143 0.6864074191950464 0.5841025583333334 0.6877464866873064 0.5765088595238096 0.6931026897832817 0.5720419690476191 0.6997979603715171 0.568915125 0.7029224068111455 0.5590879726190476 0.7024760959752322 0.5559611464285714 0.6944417572755418 0.5550677726190476 0.69087093250774 0.5590879726190476 0.6895318650154798 0.5622147904761905 0.6864074191950464 0.5648949261904762 0.6850683510835913 0.5644482357142857 0.6814975944272447 0.5648949261904762 0.678373080495356 0.5666816809523809 0.6753348111455109 0.5715401785714286 0.6654289176470588 0.5747220880952381 0.6654289176470588 0.5805290416666666
11 0.7176520160990713 0.5648239571428572 0.7109567448916408 0.5768845464285715 0.7051541634674922 0.5925186619047619 0.7051541634674922 0.6041325869047619 0.7060469207430341 0.6211067654761905 0.712295813003096 0.638527644047619 0.7265790439628483 0.647014725 0.7386305176470589 0.6586286488095238 0.7466648563467493 0.6671157297619047 0.7555918835913312 0.6764961916666666 0.7685361151702785 0.674709463095238 0.7747850068111456 0.6572885678571428 0.7779094532507741 0.6282537821428571 0.7779094532507741 0.6144064297619047 0.7747850068111456 0.5987723154761905 0.7671970470588234 0.584031580952381 0.7618408439628483 0.5786713095238095 0.7529138160990713 0.5661640214285715 0.7480039238390093 0.5541034142857143 0.7457721671826625 0.5438295702380953 0.7395232749226006 0.5393626809523809 0.7311383826625386 0.5363839285714286 0.7230082191950463 0.5482964607142857 0.7176520160990713 0.5648239571428572
13 0.6167766433436532 0.6403143892857144 0.6096349938080495 0.6416544523809523 0.5993688984520124 0.6532683773809524 0.5868710458204335 0.6590753654761904 0.5743732619195047 0.6599687119047619 0.5596436185758513 0.660862094047619 0.5493775566563467 0.6613088107142857 0.5337552582043343 0.6599687119047619 0.5261672643962848 0.6523750297619049 0.5248282303405573 0.6738160654761904 0.5453603876160991 0.6796230357142856 0.567231612383901 0.6760495095238095 0.57972946501548 0.6742627476190477 0.6011543448916409 0.6626488392857144 0.626596360371517 0.6510349321428571 0.6542701325077399 0.6425478345238095 0.6654289176470588 0.638527644047619 0.669446052631579 0.6358474988095238 0.6624999894736842 0.61953125 0.6489139294117647 0.6309339273809524 0.6167766433436532 0.6403143892857144
