11 0.6971663659442724 0.531872169047619 0.6976870613003096 0.546464005952381 0.695604120123839 0.5605347142857142 0.6935211789473685 0.5730420142857143 0.6893552167182663 0.5912818154761904 0.6883137455108359 0.6022256880952381 0.6919589331269349 0.6131695607142856 0.7039360445820434 0.6147329880952381 0.7195583430340557 0.6121273023809524 0.7383050532507739 0.6110850238095238 0.7580933139318885 0.606394780952381 0.763300746749226 0.5928452226190476 0.7580933139318885 0.5819013297619048 0.749240694117647 0.5803379226190476 0.7424710154798762 0.5725208654761905 0.7461162024767802 0.5673094928571428 0.7544481269349845 0.5683517714285714 0.7617385009287926 0.5709574571428572 0.7659044631578947 0.5662672142857144 0.76694593374613 0.5548022130952381 0.7586140891640867 0.546464005952381 0.7466369777089784 0.5412526345238096 0.7351806414860681 0.536562411904762 0.7221620594427244 0.525618519047619 0.7143509102167183 0.5162380535714286 0.709114571517028 0.5125 0.6987286117647058 0.517801461904762 0.6971663659442724 0.531872169047619
11 0.25765902600619195 0.5355201333333333 0.243598933126935 0.5475062845238096 0.23787076532507742 0.5584501571428572 0.23682927492260064 0.5673094928571428 0.24151595232198145 0.5719997357142858 0.2529723281733746 0.5730420142857143 0.2560967801857585 0.5761688285714286 0.25088934736842106 0.5850281654761904 0.24307819814241485 0.5897183880952381 0.24099521671826624 0.591802944047619 0.2514100823529412 0.604310244047619 0.2639079294117647 0.6100427857142857 0.2821339442724458 0.6136907095238094 0.2894243585139319 0.6152541571428571 0.30348441114551084 0.6136907095238094 0.30712963777089786 0.6058736523809524 0.3092125789473684 0.5923240738095238 0.3092125789473684 0.5819013297619048 0.3092125789473684 0.5688729011904762 0.307650373374613 0.5579290285714286 0.3055673919504644 0.5485485630952381 0.3050466569659443 0.5386469488095238 0.3050466569659443 0.529787613095238 0.30296367554179565 0.524055111904762 0.2987977133126935 0.5204071476190476 0.2917968631578947 0.5170572916666667 0.2717190786377709 0.5292664833333334 0.25765902600619195 0.5355201333333333
2 0.36186274489164083 0.5471428595238096 0.36282413869969043 0.5553207452380953 0.36378549659442727 0.5630174964285715 0.3709957882352941 0.5591691023809524 0.37387989721362225 0.5538775630952382 0.3791674371517028 0.554358605952381 0.3820515832817338 0.5562828119047619 0.3858970501547988 0.5567638535714285 0.3892618749226006 0.5505102488095238 0.39070391083591327 0.5461807571428571 0.3820515832817338 0.5428134238095238 0.3791674371517028 0.5404081749999999 0.37387989721362225 0.5375218666666667 0.367631 0.5341545142857143 0.36522756965944275 0.5322303261904762 0.3570558835913313 0.5312682607142857 0.3570558835913313 0.5404081749999999 0.36186274489164083 0.5471428595238096
4 0.38419962043343653 0.5980565940476191 0.3763884705882353 0.6298459547619047 0.368056586377709 0.6621564833333333 0.3597247015479876 0.6840442285714287 0.3581624557275542 0.7074954011904763 0.3862826012383901 0.6673678547619047 0.40450861609907124 0.6157752464285715 0.41596495232198144 0.5876338511904762 0.4112782947368421 0.5626192702380952 0.3914900340557275 0.5584501571428572 0.3862826012383901 0.5761688285714286 0.38419962043343653 0.5980565940476191
4 0.6013495535603716 0.6741426142857143 0.6378015839009288 0.7319888321428571 0.63519786749226 0.6991572142857143 0.6143681356037152 0.6465223880952381 0.6081192321981425 0.6126484714285715 0.5977043665634675 0.5928452226190476 0.5886718631578948 0.6036458333333333 0.581561372755418 0.629324825 0.6013495535603716 0.6741426142857143
2 0.6148889108359132 0.5667883642857142 0.6086400074303405 0.5704363285714286 0.6075985368421053 0.5746054214285714 0.613847440247678 0.5746054214285714 0.613847440247678 0.579295644047619 0.6107229486068111 0.5834647571428572 0.6107229486068111 0.585549294047619 0.6143681356037152 0.585549294047619 0.6185340978328173 0.5829436083333334 0.6211378142414861 0.5819013297619048 0.6237415306501548 0.5845070154761904 0.6258245517027864 0.5772111071428572 0.6294697386996904 0.5719997357142858 0.6331149256965944 0.5673094928571428 0.6362394173374614 0.5636615285714286 0.6362394173374614 0.5563656202380952 0.631640613003096 0.5580729166666667 0.6247830018575852 0.5647038071428572 0.6148889108359132 0.5667883642857142
2 0.6289489634674923 0.5078998666666666 0.6216585894736842 0.5073787178571428 0.6238281133126935 0.5203125 0.631552679876161 0.519364869047619 0.6289489634674923 0.5078998666666666
2 0.617492627244582 0.5224917035714286 0.6180134024767802 0.5120689607142856 0.6117644191950464 0.508942125 0.603432574613003 0.5099844035714286 0.5990885300309597 0.5151041666666667 0.6091607027863777 0.5172803321428572 0.617492627244582 0.5224917035714286
11 0.3140932160990712 0.3970539083333333 0.31986147430340556 0.3826222166666667 0.3246683684210527 0.3672284261904762 0.33043662724458206 0.3412513738095238 0.32659117027863777 0.3037289773809524 0.31024768606811143 0.28737308928571426 0.30159526191950464 0.3056531928571428 0.28621321486068113 0.34413770476190475 0.2852518507739938 0.371076855952381 0.3054407919504644 0.4037887059523809 0.3140932160990712 0.3970539083333333
6 0.43186782600619195 0.4987769261904762 0.42839202848297214 0.500514825 0.4309988767801857 0.5057285202380952 0.43708152198142414 0.5109422166666666 0.44142626873065016 0.508335369047619 0.44316416780185763 0.508335369047619 0.44403311702786374 0.5065974702380952 0.4466399653250774 0.500514825 0.44403311702786374 0.499645875 0.43795047182662544 0.4987769261904762 0.43186782600619195 0.4987769261904762
2 0.3575284334365325 0.4851700416666667 0.35719860990712077 0.4887980976190476 0.3585179034055727 0.49341562380952386 0.36181613622291026 0.49869279642857145 0.3674231318885449 0.5006717357142857 0.3743494204334365 0.4996822666666667 0.37995641609907116 0.49341562380952386 0.38292482600619193 0.4878086285714286 0.38622305882352936 0.47362622738095234 0.38358447244582045 0.4716472880952381 0.376328360371517 0.4732964035714286 0.3700617182662539 0.4739560511904762 0.3654441919504644 0.47560516666666663 0.3637950755417957 0.47692446071428574 0.36016701981424154 0.4782437535714286 0.3575284334365325 0.48451039523809525 0.3575284334365325 0.4851700416666667
13 0.30044404210526315 0.41757622261904764 0.32738444396284827 0.4316320845238095 0.36545240247678024 0.4585724857142857 0.4099626309597523 0.48609854761904764 0.4609151294117647 0.4948834619047619 0.5452502990712075 0.5042540357142857 0.6371990606811145 0.487855530952381 0.6811236284829721 0.4626721119047619 0.6735100365325077 0.4292894404761905 0.6126013027863777 0.4509588940476191 0.5657484309597524 0.46150079047619047 0.511867627863777 0.47028570357142857 0.44920191145510835 0.45564418095238096 0.40234903900928787 0.42694679761904764 0.35901013250773994 0.41523357857142856 0.32621312198142416 0.39532110833333334 0.30044404210526315 0.41757622261904764
13 0.41464791826625386 0.6254858428571428 0.46442909473684213 0.6424700083333333 0.5552065343653251 0.6442269916666666 0.6067446934984521 0.6377847214285713 0.6600398359133126 0.6049877107142857 0.6512549219814242 0.5634057869047618 0.5862465622291021 0.5915175107142857 0.4866842092879257 0.5973741190476191 0.38126524705882353 0.5692623964285715 0.35139654055727554 0.542907655952381 0.34319728792569654 0.5446646380952381 0.3390976619195047 0.579218630952381 0.3836078904024768 0.6155296071428571 0.41464791826625386 0.6254858428571428
