2 0.2663330179566563 0.480371875 0.2592892681114551 0.4740859380952381 0.25298614303405575 0.469371875 0.24705489287925697 0.472515625 0.24482989287925697 0.4811578119047619 0.24890801795665635 0.49215625 0.25446895541795667 0.500798438095238 0.26225489287925696 0.5055125 0.27152364272445817 0.507084375 0.2774564557275542 0.5086546869047619 0.2815345801857585 0.5055125 0.2789392681114551 0.5000125 0.2733767678018576 0.4850859369047619 0.2663330179566563 0.480371875
2 0.3142656247678019 0.500798438095238 0.31092968730650156 0.5102265630952381 0.3101875003095975 0.4984421880952381 0.30240156222910214 0.5023703119047619 0.29721250030959756 0.503942188095238 0.293875 0.4984421880952381 0.2920218749226006 0.503942188095238 0.29313281238390093 0.5165125 0.29721250030959756 0.528296875 0.30314374984520126 0.5345828119047619 0.31871562476780185 0.52986875 0.3320625003095975 0.5306546880952381 0.3276124996904025 0.5172984380952381 0.3213109374613003 0.5110125 0.3179734377708978 0.49608437499999997 0.3142656247678019 0.500798438095238
2 0.35838593746130026 0.51336875 0.3539359374613003 0.5157265619047618 0.3494874996904025 0.514154688095238 0.34503906253869965 0.5157265619047618 0.3417015622291022 0.528296875 0.3480046873065015 0.5314390619047619 0.3554187498452012 0.5330109380952381 0.36431718761609905 0.52986875 0.36876562476780184 0.522796875 0.37024843777089783 0.5117984369047619 0.37173281238390093 0.4913703119047619 0.3691374996904025 0.49608437499999997 0.36246406253869967 0.507870311904762 0.35838593746130026 0.51336875
2 0.3779283306501548 0.5086546880952382 0.37385020557275545 0.51336875 0.3723673931888545 0.5330109380952381 0.3757033306501548 0.5385109380952381 0.3786705182662539 0.5432250000000001 0.38497208049535603 0.5463671880952381 0.3968361430340557 0.539296875 0.4001736427244582 0.5330109380952381 0.39757833065015485 0.5212265630952381 0.38905020557275544 0.520440625 0.3820064557275542 0.5172984380952381 0.3779283306501548 0.5086546880952382
2 0.5956640625386997 0.5062984369047618 0.589732812383901 0.5172984380952381 0.5901031250773994 0.5259406249999999 0.5967765622291021 0.5243687499999999 0.6041906247678018 0.5235828130952381 0.6119765622291021 0.5157265619047618 0.6142015622291022 0.503942188095238 0.6127187498452012 0.49215625 0.6078984377708978 0.5023703119047619 0.6015953126934984 0.5055125 0.5956640625386997 0.5062984369047618
2 0.639782812383901 0.4929421880952381 0.6375578123839009 0.4929421880952381 0.6316265622291022 0.49215625 0.6279187498452012 0.4874421880952381 0.6231 0.49451406190476194 0.6171671876160991 0.4850859369047619 0.6190218749226006 0.503942188095238 0.6234703126934984 0.512584375 0.6286609374613004 0.5172984380952381 0.6357046873065015 0.51886875 0.6468265622291022 0.507870311904762 0.6531296873065016 0.49765625 0.6535 0.480371875 0.6446031250773995 0.480371875 0.639782812383901 0.4929421880952381
2 0.6928453126934984 0.46715 0.6894093752321981 0.4655328119047619 0.6806265622291022 0.45906093690476185 0.6756640625386997 0.46715 0.6710828123839009 0.46876875 0.6695546873065015 0.47038749999999996 0.6642093752321981 0.4720046880952381 0.6558093752321982 0.475240625 0.6561921876160991 0.48414062500000005 0.6581 0.4930390630952381 0.6619187498452013 0.5011296869047619 0.6672640625386996 0.5051749999999999 0.6741359374613003 0.50679375 0.6836812501547987 0.5027484380952382 0.6959000000000001 0.4930390630952381 0.6970453126934985 0.482521875 0.6928453126934984 0.46715
0 0.6570429281733746 0.587199919047619 0.6627710532507739 0.585582730952381 0.6658257405572756 0.578299919047619 0.670788240866873 0.570210855952381 0.6633023034055728 0.561160855952381 0.6577741783281734 0.562296794047619 0.6546944904024767 0.578160855952381 0.6478804278637771 0.580728044047619 0.6402444904024768 0.5758733559523809 0.6337538656346748 0.575063980952381 0.6379538656346749 0.5847733559523809 0.6429163653250773 0.588009294047619 0.6570429281733746 0.587199919047619
2 0.6556923931888545 0.5405407488095239 0.6472923931888545 0.5421579369047619 0.6388923931888545 0.5429673119047619 0.6316392681114551 0.5470126238095239 0.6316392681114551 0.5631938738095238 0.6354564557275542 0.5704751238095238 0.6438564557275541 0.5769469988095238 0.6514923931888545 0.578564186904762 0.6564564557275542 0.5712829369047618 0.6602736427244582 0.5607657488095238 0.6698189554179567 0.5575298119047619 0.6667642681114551 0.5356860619047619 0.6633283306501547 0.5364954369047619 0.6556923931888545 0.5405407488095239
7 0.7168984377708979 0.731703125 0.7184265622291022 0.715523438095238 0.7168984377708979 0.7001515630952381 0.7084984377708979 0.6823531249999999 0.6959000000000001 0.671026561904762 0.691317187616099 0.669407813095238 0.6901718749226007 0.6799249999999999 0.6939906247678019 0.7074328130952381 0.6928453126934984 0.7228046880952381 0.6863546873065015 0.724421875 0.6817718749226006 0.71795 0.6775734377708977 0.7001515630952381 0.6749 0.683970311904762 0.6639281250773994 0.6984796869047619 0.6756609374613004 0.7207328119047619 0.6757156247678018 0.7427406249999999 0.6720312501547988 0.74975625 0.6618843752321981 0.7448421880952381 0.6485562501547987 0.7066234380952381 0.6512281250773994 0.7260406250000001 0.6546640625386997 0.7422203130952381 0.6626828123839009 0.7543562500000001 0.6695546873065015 0.756782813095238 0.6741359374613003 0.7575921869047619 0.6806265622291022 0.7486937499999999 0.6917 0.755165625 0.7027718749226006 0.7495015619047619 0.7115531250773993 0.7486937499999999 0.7168984377708979 0.731703125
2 0.3318322773993808 0.5644655011904762 0.3215244650154799 0.5660842511904761 0.3161791523219814 0.5677014380952381 0.32076040247678017 0.5887373761904762 0.32992446501547984 0.6000639380952381 0.3425229021671827 0.6041092511904762 0.34786821486068115 0.6049170630952381 0.3528322773993808 0.6016811261904762 0.35817759009287925 0.5960186261904762 0.3612322773993808 0.5830733130952381 0.354741652631579 0.5774108130952381 0.34557759009287925 0.5733655011904762 0.3318322773993808 0.5644655011904762
0 0.3083671876160991 0.5820328119047619 0.3083671876160991 0.593359375 0.3114218749226006 0.6046859380952381 0.31638437523219815 0.599021875 0.3175296873065015 0.5868875 0.3129484377708978 0.5658515630952381 0.30989374984520124 0.5747515630952381 0.3083671876160991 0.5820328119047619
0 0.3079843752321981 0.587696875 0.30989374984520124 0.5755609369047618 0.3076031250773994 0.5690890619047619 0.2999671876160991 0.573942186904762 0.2992031250773994 0.58526875 0.3022578123839009 0.5982140630952382 0.30645781238390096 0.5974046869047619 0.3079843752321981 0.587696875
2 0.29588416965944275 0.5501838392857142 0.28786698204334366 0.5501838392857142 0.2836669820433437 0.5485666523809524 0.2756497944272446 0.5372400892857143 0.26763104458204334 0.5396666523809525 0.26724979442724456 0.5534197773809524 0.2714497944272446 0.5590838392857143 0.2783216693498452 0.5736463392857143 0.2844310445820433 0.5728369642857143 0.2909216693498452 0.5679822773809524 0.2981763572755418 0.5712182142857143 0.3050482321981424 0.5712182142857143 0.3054294817337461 0.5598916523809524 0.3027576068111455 0.5542291523809524 0.29588416965944275 0.5501838392857142
11 0.2301774068111455 0.3438126369047619 0.22489204767801857 0.35940444761904766 0.21934241981424146 0.37208930952380953 0.2198709560371517 0.3892667285714286 0.22357070773993806 0.3940235523809524 0.2312344786377709 0.40459427142857146 0.2489404334365325 0.4130508464285714 0.25316872074303404 0.4080297547619048 0.25871834860681114 0.3993089119047619 0.2600396879256966 0.3874168523809524 0.2624181003095975 0.3771104011904762 0.2624181003095975 0.364954075 0.2629466359133127 0.3464553166666667 0.26532504767801857 0.33482752499999996 0.26321090402476777 0.3192357142857143 0.2576612761609907 0.3081364595238095 0.24814762910216717 0.29941561666666666 0.24074812569659443 0.2980942761904762 0.24074812569659443 0.3076079238095238 0.23731264210526315 0.32531387857142857 0.23414142662538698 0.3369416690476191 0.2301774068111455 0.3438126369047619
11 0.18393051145510836 0.6136302404761904 0.1852518507739938 0.6202369392857142 0.19502976594427246 0.62922205 0.20401487739938082 0.6321289988095238 0.21326425634674925 0.6268436392857143 0.2209280278637771 0.6173299916666667 0.2349342303405573 0.6051736642857143 0.24339080557275541 0.5969813571428572 0.25184738080495356 0.5874677107142857 0.25686847244582045 0.5758399190476191 0.25845408049535606 0.5644763964285714 0.25422579256965944 0.5562840892857143 0.25211164891640864 0.5517915333333333 0.2489404334365325 0.5446562976190475 0.24444787739938081 0.5359354547619047 0.24154093003095975 0.526950344047619 0.24021959009287924 0.5190223047619048 0.23599130216718264 0.511887069047619 0.22991313869969038 0.5150582845238095 0.22515631517027865 0.5200793761904762 0.21802107987616098 0.5301215595238096 0.21617120433436532 0.5354069190476191 0.2143213281733746 0.5412208142857142 0.21247145263157893 0.5465061738095238 0.2114143808049536 0.5507344619047618 0.2077146291021672 0.5560198214285714 0.20084366191950462 0.5626265202380952 0.19265135417956655 0.5679118797619047 0.1878945306501548 0.573725775 0.18393051145510836 0.5824466190476191 0.18366624334365328 0.5924888023809524 0.1865731907120743 0.6057022011904762 0.18393051145510836 0.6136302404761904
11 0.7370433845201239 0.5531128738095238 0.7447071560371517 0.567383344047619 0.7547493386996904 0.5816538142857143 0.7647915219814242 0.6014739130952381 0.7735123653250774 0.609930488095238 0.7840830842105263 0.6123088999999999 0.7885756396284829 0.6088734166666666 0.796767947368421 0.6020024488095238 0.7991463591331269 0.5903746583333334 0.7980892873065015 0.5798039392857143 0.7991463591331269 0.5710830952380952 0.7957108755417956 0.5615694488095239 0.7864614959752323 0.5512629976190476 0.7832902804953561 0.5435992261904762 0.7824974761609907 0.537785330952381 0.7819689405572755 0.5298572916666667 0.7798547969040247 0.5161153571428572 0.775097973374613 0.50131635 0.7721910253869969 0.4894242916666667 0.7610917702786378 0.4878386833333333 0.758977626625387 0.4952381869047619 0.756599214860681 0.5023734226190476 0.7436500842105263 0.4986736702380952 0.7404788681114551 0.5018448857142858 0.7381004563467491 0.5103014619047619 0.7378361888544891 0.5182295011904762 0.7367791164086688 0.5280074154761905 0.7341364371517027 0.543863494047619 0.7370433845201239 0.5531128738095238
11 0.7283225411764706 0.35966871547619045 0.7272654693498452 0.37208930952380953 0.7325508291021672 0.3845099047619047 0.7441786198142415 0.3855669761904762 0.7584490904024769 0.3749962571428571 0.7592418947368422 0.3683895583333333 0.7692840773993808 0.3588759107142857 0.766905665634675 0.3340347214285714 0.7600346984520124 0.32029278690476193 0.7568634829721362 0.3044367083333333 0.750785319504644 0.2941302571428571 0.7441786198142415 0.2782741785714286 0.7425930123839009 0.26585358333333337 0.7333436328173375 0.2624181 0.7288510773993808 0.2640037083333333 0.7251513256965944 0.270874675 0.7235657176470588 0.28329527023809525 0.723829985758514 0.307343655952381 0.7246227894736842 0.32531387857142857 0.7235657176470588 0.3467195845238096 0.7283225411764706 0.35966871547619045
