0 0.35333437523219813 0.5361609369047619 0.3504609374613003 0.5488734380952381 0.35661874984520125 0.56238125 0.3644171876160991 0.5599968750000001 0.3664687498452012 0.548078125 0.3652375003095975 0.53854375 0.3623640625386997 0.5226531249999999 0.3615437498452012 0.51311875 0.3570281250773994 0.5226531249999999 0.35333437523219813 0.5361609369047619
2 0.3874031250773993 0.571915625 0.39438125015479875 0.5671484380952381 0.3976640625386997 0.5615859380952382 0.40094843777089784 0.55681875 0.39930625015479876 0.540928125 0.4005374996904025 0.5274203119047619 0.39848593746130034 0.5250359380952381 0.39314999999999994 0.534571875 0.3915078123839009 0.54410625 0.3849406247678019 0.54410625 0.3771421876160991 0.5488734380952381 0.37426874984520125 0.5425171880952381 0.3681109374613003 0.529009375 0.3660593752321981 0.5401328130952381 0.36729062476780183 0.5576140619047619 0.36934218761609905 0.566353125 0.37344687492260065 0.5735046880952381 0.3771421876160991 0.5758875 0.3874031250773993 0.571915625
2 0.43789062476780183 0.55125625 0.43953281238390096 0.5425171880952381 0.43789062476780183 0.526625 0.4300921876160991 0.518679686904762 0.42516562476780184 0.5067625 0.4153140625386997 0.5035828130952381 0.40833750030959753 0.5083515630952381 0.40012812507739937 0.516296875 0.39930625015479876 0.5250359380952381 0.39930625015479876 0.5329828119047619 0.39848593746130034 0.547284375 0.4013593752321981 0.556025 0.4099781250773994 0.553640625 0.4161359374613003 0.556025 0.42147187492260063 0.5576140619047619 0.42721874984520125 0.559203125 0.43255468730650154 0.558407811904762 0.43789062476780183 0.55125625
9 0.4115296873065016 0.43297343809523814 0.41012812507739943 0.417234375 0.40900625015479875 0.39986875 0.40732343777089786 0.3835875 0.4067640625386997 0.4085515619047619 0.4081656247678019 0.4313453119047619 0.408725 0.44979687500000004 0.4115296873065016 0.47204687500000003 0.41265 0.495925 0.4118093752321981 0.5035234369047619 0.41853749969040244 0.5002671869047619 0.4162953126934984 0.47584531190476187 0.41349218761609907 0.455765625 0.4115296873065016 0.43297343809523814
9 0.40956718761609906 0.38413125000000004 0.4148937498452012 0.417234375 0.41741718761609903 0.447625 0.41909843777089784 0.48290000000000005 0.4205 0.5013515619047619 0.42638749969040246 0.500809375 0.424425 0.473675 0.4219031250773994 0.44816875 0.4179781250773994 0.42157656309523805 0.41293125015479876 0.40366718690476194 0.40956718761609906 0.38413125000000004
0 0.6592609374613003 0.529259375 0.6592609374613003 0.545121875 0.6647249999999999 0.55675625 0.6707343752321981 0.5620437500000001 0.6701875003095975 0.5461796869047619 0.6707343752321981 0.531375 0.6712812501547987 0.514453125 0.6696421876160991 0.5049359369047619 0.6630859374613003 0.514453125 0.6592609374613003 0.529259375
0 0.6978078123839009 0.501359375 0.6940765622291022 0.502673438095238 0.6893281250773994 0.5164625 0.6879703126934985 0.5282828130952381 0.6866140625386997 0.5407593749999999 0.6879703126934985 0.549953125 0.6893281250773994 0.5584890619047619 0.6971296873065015 0.5630859380952381 0.7045921876160991 0.5643984369047619 0.7022187498452012 0.5558625 0.7001828123839009 0.5460125 0.7018796873065015 0.5328796880952381 0.7032359374613002 0.5223734380952381 0.7035750000000001 0.5085828130952381 0.7039140625386997 0.4967640619047619 0.6978078123839009 0.501359375
0 0.6499765622291022 0.641884375 0.650317187616099 0.634660938095238 0.6482812501547988 0.6300656250000001 0.6438703126934985 0.622184375 0.6411578123839009 0.630721875 0.6425140625386996 0.643198436904762 0.6438703126934985 0.6543609380952381 0.6452281250773994 0.65633125 0.6486203126934985 0.651078125 0.6499765622291022 0.641884375
0 0.6401390625386997 0.621528125 0.6367468749226006 0.6248125 0.6336937498452012 0.6326921869047619 0.6333546873065016 0.64516875 0.6364078123839009 0.651734375 0.6411578123839009 0.658301563095238 0.6418359374613003 0.6458250000000001 0.6418359374613003 0.6366312500000001 0.6401390625386997 0.621528125
0 0.4315140625386997 0.652392186904762 0.4342281250773994 0.6596140619047619 0.4366031250773994 0.651078125 0.4386375003095975 0.6386015630952381 0.43728125015479874 0.628751563095238 0.4349062501547988 0.6359750000000001 0.4304968749226006 0.641228125 0.4315140625386997 0.652392186904762
0 0.38884832136222913 0.6561891023809524 0.3857951962848297 0.6693219154761905 0.38647332136222906 0.6778594154761906 0.3856761015479876 0.6826045821428571 0.3859769411764706 0.6928331214285715 0.39079037151702783 0.6991507488095238 0.39530296222910216 0.6997524273809524 0.39597175851393185 0.7001859773809523 0.4010608210526316 0.6870516023809523 0.4024170712074303 0.6758891023809523 0.4024170712074303 0.6607859773809523 0.40275613374613 0.6529062904761904 0.39970300866873065 0.6483094154761905 0.3935967585139319 0.6515922273809525 0.38884832136222913 0.6561891023809524
11 0.8203125003095975 0.731370313095238 0.8635812501547988 0.692307813095238 0.8677890625386998 0.614182813095238 0.8413468749226005 0.640625 0.8100968749226005 0.642428125 0.7914656247678018 0.658053125 0.7866593752321982 0.701321875 0.796875 0.7271640619047619 0.8203125003095975 0.731370313095238
