2 0.34291562476780185 0.5332203130952381 0.3374296873065015 0.5262890619047619 0.3305718749226006 0.524398436904762 0.32234374984520126 0.528809375 0.3196 0.5445609380952381 0.32131406253869965 0.5571625 0.3237140625386997 0.574175 0.32234374984520126 0.577325 0.3247437498452012 0.5861468750000001 0.3274859374613003 0.5911875 0.33571562476780187 0.593076563095238 0.34805937523219815 0.59055625 0.35388906253869973 0.58110625 0.3566312501547988 0.573545313095238 0.3573171876160991 0.5577921880952381 0.3542312501547988 0.5363703130952381 0.34943125015479876 0.535109375 0.34291562476780185 0.5332203130952381
9 0.33571562476780187 0.4878546869047619 0.3336578123839009 0.5180984380952381 0.33914531269349846 0.52376875 0.33914531269349846 0.48722343690476194 0.33571562476780187 0.461390625 0.33160156222910214 0.4532 0.33571562476780187 0.4878546869047619
9 0.32508593746130027 0.5275484369047619 0.33091562476780184 0.524398436904762 0.3343437498452012 0.523139063095238 0.3292015622291022 0.5010859380952382 0.3274859374613003 0.48029375 0.3233718749226006 0.44311874999999995 0.3254296873065015 0.493525 0.32405781238390097 0.5105375 0.3168562501547988 0.495415625 0.3093140625386997 0.4796625 0.3014265622291022 0.46013125 0.3216578123839009 0.5199874999999999 0.32508593746130027 0.5275484369047619
2 0.38680625015479875 0.528809375 0.3785765622291022 0.524398436904762 0.3703468749226006 0.5281796880952381 0.36657500000000004 0.535109375 0.3634890625386997 0.546451561904762 0.35903125015479875 0.5508624999999999 0.35766093746130034 0.555271875 0.35903125015479875 0.5729140630952381 0.36383281238390097 0.5779546880952381 0.3672609374613003 0.5798453130952381 0.36966093746130035 0.585515625 0.37377656222910216 0.5911875 0.38577656222910217 0.5861468750000001 0.3888625003095975 0.5729140630952381 0.3888625003095975 0.5571625 0.3874906247678019 0.54015 0.38680625015479875 0.528809375
2 0.4118359374613003 0.528809375 0.4046359374613003 0.5199874999999999 0.39915 0.5275484369047619 0.3912624996904025 0.528809375 0.38789892074303406 0.538721730952381 0.38838078266253867 0.5526957297619047 0.3888626445820434 0.5823302428571429 0.39194843777089783 0.58740625 0.4025781250773994 0.59055625 0.4118359374613003 0.58425625 0.415607812383901 0.580475 0.4241796873065016 0.5754343749999999 0.4255515622291021 0.565353125 0.42006562476780185 0.5596828119047619 0.41492187492260063 0.552121875 0.4118359374613003 0.528809375
9 0.36280312507739937 0.47147187500000004 0.3703468749226006 0.4790328130952381 0.36554687492260063 0.4418578119047619 0.36280312507739937 0.47147187500000004
9 0.4025781250773994 0.48344375 0.4029218749226006 0.5218781250000001 0.4108078123839009 0.518728125 0.40977812507739936 0.46958124999999995 0.4049781250773994 0.45635 0.4018921876160991 0.42988750000000003 0.4025781250773994 0.48344375
9 0.3898218749226006 0.4293203119047619 0.39239843777089783 0.458196875 0.394975 0.4610375 0.3898218749226006 0.4293203119047619
0 0.46684843777089785 0.592165625 0.46839374984520127 0.5770171869047619 0.46762187492260066 0.5651828119047619 0.4689093752321981 0.5561875 0.4714859374613003 0.550507811904762 0.47328906253869973 0.5438796880952381 0.47122812507739936 0.5348859380952381 0.4655609374613003 0.5377265630952381 0.46092343777089784 0.54340625 0.45705937523219814 0.5547671869047619 0.4562859374613003 0.57275625 0.45654374984520124 0.5831703119047619 0.4580890625386997 0.5926390619047619 0.45860468730650156 0.5964265630952381 0.4619546873065016 0.5978453119047619 0.4647875003095975 0.59831875 0.46684843777089785 0.592165625
0 0.4879734377708978 0.599265625 0.4879734377708978 0.5954796880952381 0.4861703126934985 0.5850640619047619 0.48204843777089784 0.575596875 0.47844062476780186 0.5708624999999999 0.4714859374613003 0.575123438095238 0.47071249969040246 0.580804686904762 0.4696828123839009 0.588851561904762 0.4696828123839009 0.5978453119047619 0.47200156222910217 0.603053125 0.4735468749226006 0.60589375 0.4758656247678018 0.6063671869047619 0.4810171876160991 0.6063671869047619 0.4869421876160991 0.603526561904762 0.4879734377708978 0.599265625
2 0.5031718749226006 0.6092078119047619 0.5065218749226006 0.6082609369047619 0.5075515622291021 0.597373438095238 0.5060062501547988 0.590271875 0.5052328123839009 0.5732296880952381 0.5042031250773994 0.5623421869047619 0.49595937523219813 0.559028125 0.4946718749226006 0.566129686904762 0.49003437523219817 0.56896875 0.4884890625386997 0.57465 0.48719999999999997 0.5817515630952381 0.4879734377708978 0.5907453130952381 0.4913218749226006 0.59831875 0.49389843777089787 0.6044734369047619 0.4951859374613003 0.6092078119047619 0.5031718749226006 0.6092078119047619
0 0.5088406247678019 0.5642359380952381 0.5075515622291021 0.582225 0.508067187616099 0.597373438095238 0.5096124996904025 0.603526561904762 0.5137343752321981 0.6016328130952381 0.5173406247678018 0.595953125 0.5175984377708979 0.58743125 0.5150234377708978 0.5779640619047619 0.5127046873065015 0.5703890619047619 0.5088406247678019 0.5642359380952381
2 0.5325406247678018 0.560448438095238 0.5315093752321982 0.5670765619047619 0.535375 0.575596875 0.53795 0.5817515630952381 0.53795 0.568021875 0.5374343752321982 0.5524015619047619 0.535375 0.544353125 0.5333140625386997 0.5495609380952381 0.5325406247678018 0.560448438095238
2 0.5485125003095975 0.545773438095238 0.5459359374613003 0.542932811904762 0.5443906247678019 0.5400921869047619 0.5418140625386997 0.540565625 0.5418140625386997 0.56896875 0.5423296873065016 0.599265625 0.5446484377708978 0.603526561904762 0.552892187616099 0.6025796880952381 0.5611359374613003 0.6006859380952381 0.5626812501547988 0.588378125 0.5644843752321981 0.562815625 0.5629390625386996 0.5467203130952382 0.5577859374613003 0.55098125 0.5485125003095975 0.545773438095238
9 0.6093093752321981 0.5230515630952381 0.6085375003095975 0.5202109380952381 0.6080218749226006 0.49748749999999997 0.6059609374613003 0.42837343690476193 0.6046718749226007 0.4463625 0.6054453126934984 0.48802031309523813 0.6049296873065015 0.538671875 0.6093093752321981 0.5410390619047619 0.6147187498452013 0.540565625 0.6154921876160991 0.5358328119047618 0.6172953126934985 0.4903875 0.6211593752321981 0.43216093809523815 0.6178109374613003 0.4373671880952381 0.6149765622291021 0.47949843809523807 0.6121437498452013 0.522578125 0.6093093752321981 0.5230515630952381
0 0.7618171876160991 0.5940593750000001 0.7631062501547988 0.5926390619047619 0.7628484377708978 0.582696875 0.7613015622291022 0.577490625 0.7553765622291022 0.575123438095238 0.7512546873065015 0.5703890619047619 0.7450718749226006 0.560448438095238 0.7396625003095976 0.5571343750000001 0.7360562501547987 0.5576078130952381 0.7334796873065015 0.559028125 0.73245 0.560921875 0.7311609374613003 0.5632890619047619 0.7321921876160992 0.56896875 0.7345109374613003 0.5760703130952382 0.7337374996904025 0.5831703119047619 0.7321921876160992 0.589325 0.7314187498452013 0.5931124999999999 0.7337374996904025 0.6016328130952381 0.7401781250773994 0.604946875 0.7466187498452013 0.6025796880952381 0.7509968749226006 0.60210625 0.7546046873065015 0.5987921869047619 0.7618171876160991 0.5940593750000001
7 0.605825 0.778253125 0.6091375003095976 0.8046359369047619 0.6157640625386998 0.8229015630952381 0.6262562501547988 0.8269609369047619 0.6411671876160991 0.8137687499999999 0.6444796873065015 0.795503125 0.6466890625386997 0.7691203130952381 0.6361968749226007 0.7467953130952381 0.6262562501547988 0.733603125 0.6268093752321982 0.756942186904762 0.630675 0.778253125 0.6334359374613003 0.7965187499999999 0.6290187498452012 0.797532813095238 0.6207343752321981 0.789415625 0.6152125003095975 0.778253125 0.6080343752321982 0.753898438095238 0.605825 0.753898438095238 0.605825 0.778253125
2 0.25345941919504644 0.5584780738095237 0.24888173003095973 0.556309694047619 0.24550869597523217 0.5539003845238095 0.2433403170278638 0.5526957297619047 0.23755797275541793 0.5514910749999999 0.23273935232198142 0.5510092119047619 0.2259932842105263 0.5510092119047619 0.22406583653250775 0.5522138678571429 0.22141559504643962 0.5567915571428571 0.22093373312693498 0.5599236595238095 0.22093373312693498 0.5632966940476191 0.22286118142414862 0.5669106583333333 0.2259932842105263 0.5710064857142857 0.22792073250773995 0.5736567273809524 0.232016559752322 0.5775116226190476 0.23900355851393187 0.5828121047619047 0.2409310068111455 0.5835348988095238 0.2510501089783282 0.5832939678571428 0.25731431517027864 0.5804027952380952 0.26116921114551084 0.5746204511904762 0.26333759009287927 0.5693199690476191 0.26454224520123837 0.5606464523809523 0.26526503839009286 0.5536594535714285 0.2628557281733746 0.5490817642857143 0.25970092693498453 0.5478670428571429 0.25635059133126936 0.5567915571428571 0.25345941919504644 0.5584780738095237
2 0.2700836588235294 0.5601645904761905 0.2659878315789474 0.5606464523809523 0.26454224520123837 0.5628148321428571 0.26406038328173376 0.5649832107142857 0.2635785213622291 0.5693199690476191 0.26381945263157897 0.5748613821428571 0.26478317647058824 0.5801618642857143 0.2688790037151703 0.5890763119047618 0.2708064513931889 0.5924493452380952 0.27586600247678017 0.5972679654761904 0.27972089907120745 0.5987135511904762 0.283093933126935 0.5989544833333333 0.29586327616099073 0.594376794047619 0.30309120619195046 0.5844986226190476 0.2980316551083591 0.5741385892857143 0.2891172080495356 0.5673925214285714 0.2874306910216718 0.5661878654761905 0.2845395188854489 0.5628148321428571 0.27682972693498453 0.5601645904761905 0.2700836588235294 0.5601645904761905
25 0.3642876823529412 0.48210294404761905 0.36597419938080494 0.4922220464285714 0.3642876823529412 0.5040276666666667 0.36260116532507736 0.52643425 0.3630830272445821 0.5375170761904762 0.3679016470588235 0.532216594047619 0.37344306068111455 0.5257114571428572 0.37272026749226006 0.5170379404761904 0.37272026749226006 0.5088462857142857 0.37272026749226006 0.5008955630952381 0.37272026749226006 0.489571805952381 0.3703109572755418 0.48186201309523813 0.36886537151702786 0.48017549642857144 0.3657332681114551 0.4758387380952381 0.3642876823529412 0.48210294404761905
25 0.39247660990712074 0.4707791869047619 0.39295847182662536 0.4905355297619048 0.39536778204334366 0.5107737345238095 0.39753616099071204 0.5240249392857143 0.4013910569659443 0.5237840083333334 0.4013910569659443 0.5163151476190476 0.39994547120743035 0.5037867345238095 0.3982589541795666 0.4869215642857143 0.39705429907120743 0.46788801547619047 0.3951268507739938 0.4654787047619048 0.3922356792569659 0.46306939523809526 0.39247660990712074 0.4707791869047619
0 0.6023110241486068 0.5512189297619048 0.5972737752321982 0.559134605952381 0.5987129894736842 0.5778443869047619 0.6023110241486068 0.5871992773809523 0.6059090588235294 0.591516919047619 0.6195815907120743 0.5871992773809523 0.6195815907120743 0.5677698904761905 0.6195815907120743 0.5605738202380952 0.6267776606811145 0.546181680952381 0.6181423770897833 0.5382660047619048 0.6087874866873065 0.5418640392857142 0.6023110241486068 0.5512189297619048
0 0.6108239046439629 0.6452059809523809 0.6086556656346749 0.6526399428571428 0.6083459176470588 0.6582154142857143 0.6098946594427245 0.6650298797619048 0.6151603826625387 0.6625518928571429 0.6194968606811145 0.6520204464285715 0.6213553517027863 0.6427279928571429 0.620735854489164 0.6356037797619049 0.6194968606811145 0.6269308238095238 0.6170188736842106 0.6201163583333333 0.6145408860681114 0.6191871130952381 0.6123726470588235 0.636533025 0.6108239046439629 0.6452059809523809
6 0.6374622699690402 0.6225943452380952 0.634364785758514 0.622904094047619 0.6309575529411765 0.6244528357142858 0.6287893139318885 0.6250723321428571 0.6263113263157895 0.6272405714285714 0.6225943455108359 0.6321965464285715 0.622904093498452 0.6362232761904761 0.6272405715170278 0.6411792511904761 0.6374622699690402 0.646444975 0.6479937164086687 0.6461352261904763 0.6579056662538699 0.6448962321428572 0.6647201318885448 0.6424182452380952 0.6665786222910216 0.6294088107142857 0.6641006346749226 0.6275503202380953 0.6579056662538699 0.6256918297619047 0.6566666724458204 0.6256918297619047 0.6520204464396284 0.6235235904761904 0.6405597541795666 0.622904094047619 0.6374622699690402 0.6225943452380952
6 0.29825970526315787 0.6259529333333334 0.2884485306501548 0.6239906988095238 0.28256182600619195 0.6318396380952381 0.2805995907120743 0.6396885773809523 0.287467413003096 0.6553864571428571 0.29727858761609904 0.6632353964285714 0.30708976222910217 0.6671598666666667 0.32180652383900926 0.6710843369047619 0.3247498761609907 0.6671598666666667 0.3316176984520124 0.6671598666666667 0.3443722253869969 0.6691221011904761 0.3541834 0.6632353964285714 0.36203233931888545 0.6514619869047619 0.33357993312693496 0.6308585214285715 0.29825970526315787 0.6259529333333334
6 0.62595293374613 0.5268600714285714 0.62595293374613 0.5347090107142858 0.6288962860681114 0.5405957154761905 0.6328207560371517 0.5405957154761905 0.6357641083591331 0.5396145976190476 0.6396885777089784 0.5376523630952381 0.641650813003096 0.5356901285714286 0.6465564 0.5337278928571428 0.6514619876160991 0.5327467761904762 0.6524431046439628 0.528822305952381 0.6524431046439628 0.5268600714285714 0.6494997523219814 0.5170488964285714 0.6279151684210527 0.5190111309523809 0.62595293374613 0.5268600714285714
