1 0.3179997079024588 0.5254511633940354 0.354353960848357 0.522407052591933 0.3601010003326337 0.5910346732046264 0.3237467496823001 0.5940787661345258
9 0.3316015624999409 0.453200000000001 0.3380608334839508 0.45299535891148585 0.340302055470147 0.5237321025363062 0.33384278453763727 0.5239367425471004
1 0.39123843079948983 0.5899212322720906 0.3603362427558068 0.5921621402555354 0.35554311992598286 0.5260687435238188 0.3864449632136484 0.52382784804223
1 0.4310068433539982 0.5798873402040351 0.38945736567666245 0.5954802850455686 0.36649566773405695 0.5343010787339033 0.408044727395918 0.5187082210358902
9 0.3703468990451029 0.4790328093955098 0.36388707511741814 0.4798668426269452 0.3590870848930763 0.4426918435105813 0.36554687499995 0.4418578125000057
9 0.40189218749992506 0.4298875000000004 0.40981239859775087 0.4297988524084824 0.4108420794433414 0.5217894780777106 0.40292186835552 0.5218781250743681
9 0.39497501421681136 0.46103749769032165 0.3929143498395433 0.46137227608092446 0.3877612195159372 0.4296550901494006 0.3898218749999387 0.4293203125000058
0 0.4660060551668721 0.5984812713858136 0.4514867751908014 0.5965448027369264 0.4599125706818086 0.5333767487265239 0.47443169248469985 0.5353132066525494
0 0.48797345688012683 0.6063671875 0.46968278585995904 0.6063671875 0.4696828398599564 0.5708624999999998 0.48797339368059056 0.5708624999999998
2 0.5086329538042946 0.608685872548279 0.48985975529228654 0.610480111659982 0.4850415546874274 0.560071594822712 0.5038145846137922 0.5582773638387807
0 0.5069414505982195 0.5643005751347692 0.5167996943528124 0.563965053776795 0.5181364174758301 0.6032364554121741 0.508278173781946 0.6035719755958695
2 0.5384027354111822 0.5817366191848012 0.5320002688088152 0.5819479436637018 0.5307643162346949 0.5445053090754196 0.5371667419133246 0.54429398527037
2 0.5418140625000001 0.5400921875 0.5644843749999999 0.5400921875 0.5644843749999999 0.6035265625 0.5418140625000001 0.6035265625
0 0.6119554290729639 0.5287093031924684 0.635136868703853 0.5351591695020896 0.6174060187533996 0.5988794906495151 0.5942245937948201 0.5924296609774024
7 0.6026975653264799 0.7474911805696749 0.6462819982835981 0.7452316637054522 0.6499618264768969 0.8161999541989722 0.6063773949365441 0.8184594519317536
6 0.3775749845390237 0.6464328553062467 0.3656803224679379 0.7118471849219078 0.2673676685786859 0.6939721273025429 0.2792628431882349 0.6285584662407698
2 0.2622007608503054 0.5500582218274509 0.26634703608624477 0.5859066426225039 0.22666808548376594 0.590495372473331 0.22252194645886902 0.5546470760110429
9 0.3308013298908463 0.5173575259281986 0.3252649121460536 0.5176727394997186 0.3213628918390441 0.44914198185527704 0.32689925411557397 0.44882676986014464
7 0.7122577476385459 0.738393804689748 0.7249026995974646 0.7250540101025547 0.7429567661229157 0.7421648514425001 0.7303118524371257 0.7555046085564785
7 0.7717333013031293 0.7187907575199395 0.7431684762331088 0.6999845986455521 0.761985347799282 0.6714079106778316 0.7905500207120895 0.6902140014994957
9 0.6039427203125001 0.42606782499999996 0.6093624171875 0.42606782499999996 0.6093624171875 0.5429997656250001 0.6039427203125001 0.5429997656250001
9 0.6191739992627845 0.4244732810379809 0.6269888586595016 0.425210078735917 0.6163184007407381 0.5383789650125216 0.6085035421875773 0.5376421734375034
9 0.3294583913649376 0.5259416840136821 0.3240429930328901 0.5281045267252049 0.29833679730552376 0.4637453549024114 0.30375214535126815 0.46158252346225614
6 0.6195362839973768 0.5144963960228736 0.6614583328124581 0.5138888890625002 0.6625817661580413 0.5914063861177669 0.6206597174925719 0.5920138891260067
6 0.6207046011097646 0.6223967218794735 0.6858791942141806 0.6235202732678383 0.6848958328124581 0.6805555562500002 0.6197212398241163 0.6794320112195821
0 0.7239262980806416 0.576641769689342 0.7340299761050346 0.559401564010339 0.764817509578279 0.5774428775183623 0.7547138937637783 0.5946830292191307
2 0.2600561434804831 0.5635914667966326 0.29779411096558306 0.5370662667152944 0.322937662237905 0.5728351627856838 0.2851997792574821 0.5993602621592408