2 0.3237140625386997 0.574175 0.32234374984520126 0.577325 0.3247437498452012 0.5861468750000001 0.3274859374613003 0.5911875 0.33571562476780187 0.593076563095238 0.34805937523219815 0.59055625 0.35388906253869973 0.58110625 0.3566312501547988 0.573545313095238 0.3573171876160991 0.5577921880952381 0.3542312501547988 0.5363703130952381 0.34943125015479876 0.535109375 0.34291562476780185 0.5332203130952381 0.3374296873065015 0.5262890619047619 0.3305718749226006 0.524398436904762 0.32234374984520126 0.528809375 0.3196 0.5445609380952381 0.32131406253869965 0.5571625 0.3237140625386997 0.574175
9 0.33571562476780187 0.4878546869047619 0.3336578123839009 0.5180984380952381 0.33914531269349846 0.52376875 0.33914531269349846 0.48722343690476194 0.33571562476780187 0.461390625 0.33160156222910214 0.4532 0.33571562476780187 0.4878546869047619
9 0.3254296873065015 0.493525 0.32405781238390097 0.5105375 0.3168562501547988 0.495415625 0.3093140625386997 0.4796625 0.3014265622291022 0.46013125 0.3216578123839009 0.5199874999999999 0.32508593746130027 0.5275484369047619 0.33091562476780184 0.524398436904762 0.3343437498452012 0.523139063095238 0.3292015622291022 0.5010859380952382 0.3274859374613003 0.48029375 0.3233718749226006 0.44311874999999995 0.3254296873065015 0.493525
2 0.35766093746130034 0.555271875 0.35903125015479875 0.5729140630952381 0.36383281238390097 0.5779546880952381 0.3672609374613003 0.5798453130952381 0.36966093746130035 0.585515625 0.37377656222910216 0.5911875 0.38577656222910217 0.5861468750000001 0.3888625003095975 0.5729140630952381 0.3888625003095975 0.5571625 0.3874906247678019 0.54015 0.38680625015479875 0.528809375 0.3785765622291022 0.524398436904762 0.3703468749226006 0.5281796880952381 0.36657500000000004 0.535109375 0.3634890625386997 0.546451561904762 0.35903125015479875 0.5508624999999999 0.35766093746130034 0.555271875
2 0.38406250030959754 0.58110625 0.39194843777089783 0.58740625 0.4025781250773994 0.59055625 0.4118359374613003 0.58425625 0.415607812383901 0.580475 0.4241796873065016 0.5754343749999999 0.4255515622291021 0.565353125 0.42006562476780185 0.5596828119047619 0.41492187492260063 0.552121875 0.4118359374613003 0.528809375 0.4046359374613003 0.5199874999999999 0.39915 0.5275484369047619 0.3912624996904025 0.528809375 0.38303437523219813 0.5376296880952381 0.3823484377708978 0.5546421869047619 0.38406250030959754 0.58110625
9 0.36280312507739937 0.47147187500000004 0.3703468749226006 0.4790328130952381 0.36554687492260063 0.4418578119047619 0.36280312507739937 0.47147187500000004
9 0.4025781250773994 0.48344375 0.4029218749226006 0.5218781250000001 0.4108078123839009 0.518728125 0.40977812507739936 0.46958124999999995 0.4049781250773994 0.45635 0.4018921876160991 0.42988750000000003 0.4025781250773994 0.48344375
9 0.3898218749226006 0.4293203119047619 0.39239843777089783 0.458196875 0.394975 0.4610375 0.3898218749226006 0.4293203119047619
0 0.47122812507739936 0.5348859380952381 0.4655609374613003 0.5377265630952381 0.46092343777089784 0.54340625 0.45705937523219814 0.5547671869047619 0.4562859374613003 0.57275625 0.45654374984520124 0.5831703119047619 0.4580890625386997 0.5926390619047619 0.45860468730650156 0.5964265630952381 0.4619546873065016 0.5978453119047619 0.4647875003095975 0.59831875 0.46684843777089785 0.592165625 0.46839374984520127 0.5770171869047619 0.46762187492260066 0.5651828119047619 0.4689093752321981 0.5561875 0.4714859374613003 0.550507811904762 0.47328906253869973 0.5438796880952381 0.47122812507739936 0.5348859380952381
0 0.47071249969040246 0.580804686904762 0.4696828123839009 0.588851561904762 0.4696828123839009 0.5978453119047619 0.47200156222910217 0.603053125 0.4735468749226006 0.60589375 0.4758656247678018 0.6063671869047619 0.4810171876160991 0.6063671869047619 0.4869421876160991 0.603526561904762 0.4879734377708978 0.599265625 0.4879734377708978 0.5954796880952381 0.4861703126934985 0.5850640619047619 0.48204843777089784 0.575596875 0.47844062476780186 0.5708624999999999 0.4714859374613003 0.575123438095238 0.47071249969040246 0.580804686904762
2 0.49595937523219813 0.559028125 0.4946718749226006 0.566129686904762 0.49003437523219817 0.56896875 0.4884890625386997 0.57465 0.48719999999999997 0.5817515630952381 0.4879734377708978 0.5907453130952381 0.4913218749226006 0.59831875 0.49389843777089787 0.6044734369047619 0.4951859374613003 0.6092078119047619 0.5031718749226006 0.6092078119047619 0.5065218749226006 0.6082609369047619 0.5075515622291021 0.597373438095238 0.5060062501547988 0.590271875 0.5052328123839009 0.5732296880952381 0.5042031250773994 0.5623421869047619 0.49595937523219813 0.559028125
0 0.5175984377708979 0.58743125 0.5150234377708978 0.5779640619047619 0.5127046873065015 0.5703890619047619 0.5088406247678019 0.5642359380952381 0.5075515622291021 0.582225 0.508067187616099 0.597373438095238 0.5096124996904025 0.603526561904762 0.5137343752321981 0.6016328130952381 0.5173406247678018 0.595953125 0.5175984377708979 0.58743125
2 0.535375 0.544353125 0.5333140625386997 0.5495609380952381 0.5325406247678018 0.560448438095238 0.5315093752321982 0.5670765619047619 0.535375 0.575596875 0.53795 0.5817515630952381 0.53795 0.568021875 0.5374343752321982 0.5524015619047619 0.535375 0.544353125
2 0.5446484377708978 0.603526561904762 0.552892187616099 0.6025796880952381 0.5611359374613003 0.6006859380952381 0.5626812501547988 0.588378125 0.5644843752321981 0.562815625 0.5629390625386996 0.5467203130952382 0.5577859374613003 0.55098125 0.5485125003095975 0.545773438095238 0.5459359374613003 0.542932811904762 0.5443906247678019 0.5400921869047619 0.5418140625386997 0.540565625 0.5418140625386997 0.56896875 0.5423296873065016 0.599265625 0.5446484377708978 0.603526561904762
0 0.6026109374613003 0.56755 0.5974593752321982 0.580804686904762 0.6013234377708978 0.5831703119047619 0.604157812383901 0.588851561904762 0.6075062501547988 0.595953125 0.6136890625386997 0.5978453119047619 0.6178109374613003 0.5916921869047619 0.6229625003095975 0.5789109380952381 0.6229625003095975 0.5637624999999999 0.6242515622291022 0.5524015619047619 0.6245093752321981 0.5391453130952382 0.6188406247678019 0.530625 0.6147187498452013 0.531098438095238 0.6090515622291022 0.5391453130952382 0.6069906247678019 0.5471937499999999 0.6062187498452012 0.5557140619047619 0.6026109374613003 0.56755
9 0.6049296873065015 0.538671875 0.6093093752321981 0.5410390619047619 0.6147187498452013 0.540565625 0.6154921876160991 0.5358328119047618 0.6172953126934985 0.4903875 0.6211593752321981 0.43216093809523815 0.6178109374613003 0.4373671880952381 0.6149765622291021 0.47949843809523807 0.6121437498452013 0.522578125 0.6093093752321981 0.5230515630952381 0.6085375003095975 0.5202109380952381 0.6080218749226006 0.49748749999999997 0.6059609374613003 0.42837343690476193 0.6046718749226007 0.4463625 0.6054453126934984 0.48802031309523813 0.6049296873065015 0.538671875
0 0.7450718749226006 0.560448438095238 0.7396625003095976 0.5571343750000001 0.7360562501547987 0.5576078130952381 0.7334796873065015 0.559028125 0.73245 0.560921875 0.7311609374613003 0.5632890619047619 0.7321921876160992 0.56896875 0.7345109374613003 0.5760703130952382 0.7337374996904025 0.5831703119047619 0.7321921876160992 0.589325 0.7314187498452013 0.5931124999999999 0.7337374996904025 0.6016328130952381 0.7401781250773994 0.604946875 0.7466187498452013 0.6025796880952381 0.7509968749226006 0.60210625 0.7546046873065015 0.5987921869047619 0.7618171876160991 0.5940593750000001 0.7631062501547988 0.5926390619047619 0.7628484377708978 0.582696875 0.7613015622291022 0.577490625 0.7553765622291022 0.575123438095238 0.7512546873065015 0.5703890619047619 0.7450718749226006 0.560448438095238
0 0.6211593752321981 0.6295625 0.6196140625386997 0.6229359380952382 0.6167796873065016 0.618675 0.6134312501547987 0.617728125 0.6118859374613003 0.6219890619047619 0.6118859374613003 0.62766875 0.6118859374613003 0.63524375 0.6103406247678018 0.6432906249999999 0.6075062501547988 0.64991875 0.6062187498452012 0.6527593749999999 0.6059609374613003 0.66080625 0.606732812383901 0.664120313095238 0.6103406247678018 0.666960936904762 0.61575 0.66080625 0.6178109374613003 0.6603328119047619 0.6190984377708978 0.6603328119047619 0.6206453126934984 0.6532328130952381 0.6209015622291022 0.6456578119047619 0.621675 0.6357171869047619 0.6211593752321981 0.6295625
7 0.6040656470588235 0.7687929535714285 0.6040656470588235 0.7731175357142857 0.6042622185758514 0.7774421190476191 0.6048519349845202 0.7815701309523809 0.605048506501548 0.7847152821428571 0.6048519349845202 0.7890398654761905 0.6052450786377709 0.7929713047619048 0.6060313665634676 0.7970993154761905 0.6064245102167183 0.7996547511904761 0.6079970860681114 0.803389619047619 0.6101593777089783 0.8069279142857142 0.6113388092879257 0.8086970619047619 0.6129113851393189 0.811449069047619 0.6166462526315789 0.8143976488095238 0.6211674080495356 0.8173462285714286 0.6278508544891641 0.8173462285714286 0.6353205894736843 0.8118422130952381 0.6394486006191951 0.8045690511904762 0.6423971801857585 0.7994581797619047 0.6453457591331269 0.7933644488095238 0.6465251913312693 0.7894330095238096 0.6479011950464396 0.7817667023809524 0.6479011950464396 0.7764592595238096 0.6475080507739938 0.7727243928571428 0.6459354755417958 0.7685963809523809 0.6439697554179566 0.7644683702380952 0.6427903238390094 0.7613232178571427 0.641610892260062 0.7579814952380953 0.639645172136223 0.7542466273809524 0.6370897368421052 0.7511014761904762 0.6341411572755419 0.7489391845238096 0.6321754377708979 0.7483494690476191 0.6278508544891641 0.7461871773809524 0.6256885628482972 0.7473666095238095 0.6278508544891641 0.7534603392857143 0.6282439987616099 0.7573917785714286 0.6290302860681115 0.763288938095238 0.6298165739938081 0.7687929535714285 0.6323720099071207 0.7756729714285714 0.6341411572755419 0.7825529904761905 0.6347308730650154 0.7856981416666667 0.6329617256965945 0.7921850166666667 0.6266714229102167 0.7912021571428571 0.6170393962848297 0.7817667023809524 0.6156633925696594 0.7725278202380952 0.6140908167182663 0.7654512297619047 0.6127148130030959 0.7599472142857142 0.6121250972136223 0.7538534833333334 0.6089964885448916 0.7538446119047619 0.6034759306501548 0.76250265 0.6040656470588235 0.7687929535714285
6 0.6367764693498452 0.6274856785714287 0.6289150315789473 0.6310590595238095 0.627485679256966 0.6389204976190476 0.6267710024767802 0.6446379071428572 0.6267710024767802 0.6474966119047619 0.6310590600619195 0.6489259642857143 0.6374911455108359 0.6503553166666666 0.6396351739938081 0.6503553166666666 0.6510699925696595 0.6489259642857143 0.6532140210526316 0.6474966119047619 0.6675075448916409 0.6432085547619047 0.6617901349845201 0.6310590595238095 0.6417792024767802 0.6282003547619048 0.6367764693498452 0.6274856785714287
6 0.3323244198142415 0.6382058214285714 0.3166015442724458 0.6353471166666668 0.2944465826625387 0.6360617928571429 0.2815824117647059 0.6396351738095238 0.2772943547987616 0.6582167547619048 0.28086773560371514 0.6689368964285715 0.2951612588235294 0.6810863916666666 0.3237483058823529 0.6860891250000001 0.33446844829721367 0.682515744047619 0.3523353529411765 0.6760836583333333 0.3601967907120743 0.6725102773809524 0.3673435523219814 0.6532140214285714 0.3509060006191951 0.6424938785714285 0.3323244198142415 0.6382058214285714
6 0.6267710024767802 0.5467272714285714 0.6267710024767802 0.5588767666666666 0.632488412383901 0.5638795 0.6396351739938081 0.5588767666666666 0.6424938786377709 0.5531593571428571 0.6517846687306501 0.5410098619047619 0.632488412383901 0.5410098619047619 0.6267710024767802 0.5467272714285714
25 0.3653653721362229 0.48225847619047624 0.36496845201238387 0.4939676333333333 0.3651995238390093 0.5052760535714286 0.3627853888544892 0.5152028821428571 0.3621900080495356 0.5185767071428572 0.3637776904024768 0.5392165761904761 0.36877290464396284 0.530289719047619 0.3716316092879257 0.5252869869047618 0.37409762476780184 0.5207597702380952 0.3735022439628483 0.5134167404761905 0.3742960848297213 0.5062721702380952 0.3742960848297213 0.49257841071428576 0.3723462854489164 0.4838357678571429 0.3669530544891641 0.4757092869047619 0.3653653721362229 0.48225847619047624
25 0.39092786625387 0.4745449785714285 0.3916425424148607 0.4981292916666667 0.39092786625387 0.5188549011904762 0.4023626848297214 0.5245723107142857 0.40093333250773994 0.5145668440476191 0.3987893040247678 0.503132025 0.3987893040247678 0.49098252976190476 0.3980746278637771 0.4831210916666666 0.3980746278637771 0.46811289285714286 0.3945012470588235 0.46168080714285714 0.39092786625387 0.4745449785714285
2 0.25253222352941174 0.5590408 0.2502189510835913 0.5607757547619048 0.247712906501548 0.5590408 0.2413514074303406 0.5540287107142857 0.23286940928792568 0.5534503916666667 0.2292067281733746 0.5555708916666666 0.22496572879256968 0.5576913916666667 0.22323077461300309 0.5607757547619048 0.22380909287925696 0.5630890261904762 0.22670068297213622 0.5665589357142857 0.23074890959752323 0.571571025 0.23383327244582044 0.5761975690476191 0.23672486315789473 0.580438569047619 0.23980922600619195 0.58410125 0.243664679876161 0.5868000678571429 0.25195390526315786 0.5875711583333333 0.2575443133126935 0.5837157047619047 0.2610142216718266 0.5744626154761905 0.2625564037151703 0.5665589357142857 0.26294194860681114 0.5611613 0.2627491758513932 0.5547998011904762 0.26120699442724454 0.550173255952381 0.25600213188854487 0.5542214833333333 0.25253222352941174 0.5590408
2 0.2627491758513932 0.562703480952381 0.26332749411764705 0.5686794345238095 0.2650624482972136 0.5742698428571429 0.26737572074303406 0.5785108416666667 0.2702673108359133 0.5850651130952381 0.27566494613003095 0.5908482940476191 0.2808698086687306 0.5954748380952382 0.2870385349845201 0.5985592011904762 0.2928217157894737 0.5958603845238095 0.29956875975232194 0.591426611904762 0.3011109411764706 0.5856434309523809 0.3014964866873065 0.5796674785714285 0.3009181684210526 0.5756192511904762 0.2982193510835913 0.5704143892857143 0.295520533126935 0.5704143892857143 0.2918578520123839 0.570028844047619 0.28761685325077396 0.5663661619047619 0.28433971764705884 0.5654022988095238 0.27392999195046436 0.5623179357142857 0.2691106749226006 0.5600046630952381 0.26332749411764705 0.5559564369047619 0.2627491758513932 0.562703480952381
