2 0.31963750030959753 0.4877953130952381 0.31588437523219814 0.500246875 0.31076874984520125 0.502321875 0.3080390625386997 0.543828125 0.30087656222910214 0.5493625 0.29882968730650156 0.570115625 0.3049687498452013 0.578415625 0.30769843777089784 0.5908671869047619 0.3148609374613003 0.5943265630952381 0.32373125015479876 0.5901765630952381 0.33396406253869965 0.5894843750000001 0.3397624996904025 0.5846421869047619 0.3459031250773994 0.5846421869047619 0.34419687492260065 0.5535125 0.3387390625386997 0.5293015630952381 0.3363515622291022 0.5223828119047619 0.33055312507739937 0.519615625 0.32782343777089784 0.5009390630952381 0.32373125015479876 0.49886250000000004 0.31963750030959753 0.4877953130952381
0 0.3499968749226006 0.519615625 0.34522031269349845 0.528609375 0.34146874984520126 0.5369109369047619 0.34419687492260065 0.547978125 0.34726718761609904 0.565271875 0.34795000000000004 0.583257813095238 0.34146874984520126 0.586025 0.3407859374613003 0.59294375 0.3503374996904025 0.5943265630952381 0.3575 0.59294375 0.36295781238390096 0.5887921880952381 0.3670515622291022 0.574265625 0.3673921876160991 0.559046875 0.3673921876160991 0.5472859369047619 0.36295781238390096 0.5320671880952381 0.35852343777089785 0.519615625 0.3499968749226006 0.519615625
9 0.32407187492260064 0.49817187500000004 0.32782343777089784 0.462890625 0.3274828123839009 0.441446875 0.32611874984520123 0.41654375 0.32407187492260064 0.402015625 0.3250953126934984 0.44905625 0.3230484377708978 0.4691171880952381 0.31963750030959753 0.4898703119047619 0.32407187492260064 0.49817187500000004
9 0.32407187492260064 0.48502812500000003 0.32338906253869965 0.44006249999999997 0.3244124996904025 0.4027078130952381 0.3244124996904025 0.37849687499999995 0.3223656247678019 0.38264687500000005 0.3192953126934984 0.4345296869047619 0.3165671876160991 0.4898703119047619 0.3189546873065015 0.4926375 0.32407187492260064 0.48502812500000003
9 0.3138390625386997 0.491253125 0.3059921876160991 0.46565781309523807 0.30224062476780184 0.4317625 0.2981468749226006 0.4068578119047619 0.30053437523219817 0.4504390619047619 0.30565156222910217 0.476034375 0.3087218749226006 0.49402031190476187 0.31110937523219817 0.502321875 0.3138390625386997 0.491253125
0 0.3684156247678018 0.5894843750000001 0.37216874984520126 0.5950187499999999 0.37592031269349846 0.5922515619047619 0.3789906247678018 0.5846421869047619 0.3817187498452012 0.578415625 0.3841078123839009 0.56873125 0.38240156222910215 0.5604296880952381 0.3800140625386997 0.550745311904762 0.37557968730650154 0.5514375 0.3714859374613003 0.5514375 0.36909843777089785 0.5597390630952381 0.36875781238390093 0.5735734369047619 0.3684156247678018 0.5894843750000001
2 0.47757187492260067 0.606778125 0.48371250030959756 0.6081624999999999 0.4891703126934984 0.6074703119047619 0.4895109374613003 0.5798 0.4895109374613003 0.5535125 0.48712343777089784 0.547978125 0.48337031269349845 0.547978125 0.47961874984520125 0.5548953119047619 0.47552500000000003 0.5749578119047619 0.47450156222910217 0.5964015619047619 0.47757187492260067 0.606778125
2 0.4987203126934985 0.5659640619047619 0.49360468730650153 0.559046875 0.4918984377708978 0.565271875 0.49121562476780184 0.5825671880952381 0.4918984377708978 0.6033203119047619 0.49667343777089784 0.5964015619047619 0.5000859374613003 0.587409375 0.5017906247678018 0.5749578119047619 0.4987203126934985 0.5659640619047619
2 0.5055437498452012 0.5417531250000001 0.5024734377708978 0.5555875 0.5034968749226006 0.570115625 0.5045203126934984 0.5825671880952381 0.5103187498452012 0.5846421869047619 0.5144124996904025 0.585334375 0.516457812383901 0.5984765619047618 0.5205515622291021 0.6081624999999999 0.5277156247678019 0.6040109380952381 0.527032812383901 0.593634375 0.5253281250773995 0.580490625 0.5243046873065016 0.5548953119047619 0.5229390625386997 0.550745311904762 0.5167999999999999 0.5535125 0.5130468749226006 0.5472859369047619 0.5096359374613003 0.54036875 0.5055437498452012 0.5417531250000001
2 0.5331734377708979 0.5694234369047619 0.5294203126934984 0.563196875 0.5277156247678019 0.5798 0.5304437498452013 0.5984765619047618 0.5379484377708978 0.5964015619047619 0.5427234377708978 0.5894843750000001 0.5440890625386997 0.585334375 0.5355609374613003 0.5791078130952381 0.5331734377708979 0.5694234369047619
2 0.5509109374613004 0.556971875 0.5461359374613003 0.5604296880952381 0.5437468749226007 0.5680390630952381 0.5430656247678018 0.5818749999999999 0.5471578123839009 0.5901765630952381 0.552957812383901 0.59294375 0.552957812383901 0.5770328119047619 0.552957812383901 0.56458125 0.5509109374613004 0.556971875
2 0.5590968749226006 0.565271875 0.5556859374613002 0.5528203119047619 0.5532984377708978 0.56665625 0.552957812383901 0.586025 0.5550046873065015 0.59709375 0.5601203126934984 0.59709375 0.5638734377708978 0.591559375 0.5631906247678019 0.576340625 0.5590968749226006 0.565271875
9 0.516117187616099 0.5396765619047619 0.516457812383901 0.49332968690476187 0.5171406247678019 0.4573578130952381 0.5181640625386997 0.4027078130952381 0.5133890625386996 0.4462890619047619 0.5113421876160991 0.491253125 0.5103187498452012 0.53621875 0.516117187616099 0.5472859369047619 0.516117187616099 0.5396765619047619
2 0.6648421876160991 0.5798 0.6723468749226006 0.578415625 0.6791687498452013 0.5791078130952381 0.6822390625386997 0.576340625 0.686332812383901 0.5721906250000001 0.6945187498452011 0.5721906250000001 0.6948593752321982 0.565271875 0.6887203126934984 0.550745311904762 0.6815562501547988 0.5493625 0.6733703126934985 0.5528203119047619 0.6685937498452013 0.543828125 0.6624546873065015 0.5472859369047619 0.6552906247678019 0.5576625000000001 0.6587015622291021 0.5708062500000001 0.6648421876160991 0.5798
2 0.6539265622291022 0.6136953130952381 0.6464218749226007 0.6185390630952381 0.6419875003095976 0.6226890630952381 0.644375 0.63168125 0.6481281250773994 0.6344484380952381 0.65495 0.636525 0.6590437498452012 0.640675 0.665525 0.644825 0.6716640625386997 0.6386 0.6743937498452012 0.635140625 0.6747343752321983 0.626148436904762 0.6795093752321981 0.619921875 0.6849671876160991 0.6102375 0.6822390625386997 0.6060859380952381 0.6760984377708978 0.6012437500000001 0.6689359374613003 0.6033203119047619 0.6617718749226007 0.6081624999999999 0.6539265622291022 0.6136953130952381
0 0.6317546873065015 0.6282234380952381 0.6286843752321982 0.633065625 0.6283437498452012 0.6455171880952381 0.6338015622291021 0.649667188095238 0.6338015622291021 0.6413671880952381 0.6341421876160991 0.632373438095238 0.6317546873065015 0.6282234380952381
0 0.6051468749226006 0.663503125 0.6054890625386997 0.6531265619047619 0.603442187616099 0.636525 0.598325 0.632373438095238 0.5942312501547987 0.649667188095238 0.5966203126934985 0.665578125 0.6027593752321981 0.672495311904762 0.6051468749226006 0.663503125
0 0.6447171876160991 0.652434375 0.6460812501547988 0.646209375 0.6447171876160991 0.637907811904762 0.6416468749226005 0.633757811904762 0.6358468749226006 0.6413671880952381 0.6382359374613003 0.6545109380952381 0.6447171876160991 0.652434375
0 0.5836578123839009 0.6468999999999999 0.5771765622291022 0.650359375 0.577517187616099 0.663503125 0.5799046873065016 0.669729686904762 0.5833156247678019 0.6731874999999999 0.5853624996904025 0.6711125 0.5874093752321982 0.663503125 0.5867281250773994 0.655201561904762 0.5836578123839009 0.6468999999999999
0 0.39024687492260063 0.6531265619047619 0.38922343777089785 0.668345311904762 0.3922937498452012 0.6745718749999999 0.3963875003095975 0.6718046880952381 0.398775 0.6662703130952381 0.3984343752321981 0.6558937499999999 0.3950234377708978 0.6489765630952381 0.39024687492260063 0.6531265619047619
2 0.32611874984520123 0.6136953130952381 0.32134218761609906 0.6102375 0.3138390625386997 0.6074703119047619 0.30701562476780186 0.619229688095238 0.31417968730650153 0.62753125 0.3152031250773994 0.635140625 0.31861406253869967 0.6427499999999999 0.3223656247678019 0.6455171880952381 0.32134218761609906 0.6572765630952381 0.32816562476780187 0.65796875 0.33737500000000004 0.65174375 0.3407859374613003 0.6399828130952381 0.3459031250773994 0.635140625 0.3489734377708978 0.6302984380952381 0.3493140625386997 0.6226890630952381 0.34419687492260065 0.615771875 0.34146874984520126 0.6164624999999999 0.3346468749226006 0.615771875 0.32611874984520123 0.6136953130952381
0 0.2551671876160991 0.6178468749999999 0.25891874984520125 0.6143875 0.25755468730650155 0.6053953119047619 0.25550781238390097 0.59709375 0.25107343777089786 0.608853125 0.25039218761609905 0.620614061904762 0.2551671876160991 0.6178468749999999
0 0.30633437523219814 0.637215625 0.3073578123839009 0.62753125 0.3049687498452013 0.62338125 0.30155781238390095 0.624764061904762 0.2981468749226006 0.63168125 0.2978062501547987 0.6455171880952381 0.3032640625386997 0.6441343749999999 0.30633437523219814 0.637215625
0 0.7003558873065016 0.5044769047619048 0.6991061226006192 0.5169841964285714 0.7041052767801858 0.5194856642857143 0.7059798767801857 0.5169841964285714 0.7084795015479876 0.5113559297619047 0.70972926625387 0.50385155 0.7091043362229101 0.4975979035714286 0.7017187356037151 0.49625000119047624 0.7003558873065016 0.5044769047619048
0 0.7334751789473685 0.6483107654761905 0.7328502489164086 0.6608180571428571 0.7422236284829722 0.6533137011904762 0.7434733931888545 0.648936144047619 0.7384374854489164 0.6345312511904763 0.7347249442724458 0.6420571190476191 0.7334751789473685 0.6483107654761905
13 0.6559885213622291 0.67332535 0.6359919981424149 0.6758268654761905 0.6216194643962848 0.6820805107142858 0.5991234117647058 0.6858326654761905 0.579126840866873 0.684581930952381 0.5622547777089784 0.6864580202380952 0.5497569386996903 0.6877087309523809 0.534134640247678 0.6858326654761905 0.5241363312693499 0.6852073345238096 0.5085140328173375 0.6852073345238096 0.49101708668730654 0.6858326654761905 0.4741449758513932 0.6864580202380952 0.45852267739938085 0.6864580202380952 0.44040084953560377 0.689584844047619 0.4229038557275542 0.689584844047619 0.4122807120743034 0.689584844047619 0.3979081783281734 0.689584844047619 0.37666184272445824 0.6864580202380952 0.3529159777089783 0.6795789952380953 0.32667048730650156 0.669573219047619 0.30104992755417953 0.6620687916666667 0.284802746130031 0.6589419678571429 0.2510585721362229 0.6376795857142857 0.2479341120743034 0.6551897904761904 0.2760542495356037 0.669573219047619 0.304174386996904 0.6789536880952382 0.34479236346749226 0.6908355535714286 0.3710378055727554 0.7002160226190477 0.395408600619195 0.7064696690476191 0.41415535913312695 0.7058443142857143 0.4341519300309597 0.7033428464285715 0.4635218321981424 0.698965313095238 0.49226685201238396 0.698965313095238 0.5178874117647059 0.6983399571428571 0.5353844049535603 0.6983399571428571 0.5591303182662538 0.6995906678571429 0.5860006427244582 0.7002160226190477 0.6178701702786378 0.6958384892857142 0.6509894619195046 0.689584844047619 0.6916074383900929 0.6752014619047618 0.7228520352941177 0.6645702595238095 0.7428485585139318 0.6514375880952381 0.7415987931888545 0.6358034726190477 0.6954687356037151 0.6556250011904762 0.6784846693498452 0.6626941702380952 0.6559885213622291 0.67332535
13 0.27730401424148604 0.5125072833333334 0.2929263133126935 0.520011663095238 0.3060490817337461 0.5181355738095238 0.3260456049535604 0.5193862845238095 0.34291766811145513 0.5268906642857143 0.3460421281733746 0.5150087511904762 0.3354189839009288 0.510631194047619 0.31792199071207433 0.510631194047619 0.29792546749226007 0.5043775476190476 0.2873023238390093 0.5043775476190476 0.27105509535603717 0.4993746357142857 0.25293326687306505 0.49124487738095235 0.2540624854489164 0.5048437511904762 0.2629315281733746 0.5075043714285714 0.27730401424148604 0.5125072833333334
13 0.4210291609907121 0.5375219154761905 0.4304025399380805 0.5406487380952382 0.43915103653250775 0.5406487380952382 0.45352357027863777 0.5406487380952382 0.46102225448916406 0.5425247797619048 0.45852267739938085 0.525014575 0.44040084953560377 0.523138486904762 0.4241536204334365 0.525014575 0.40353221547987617 0.523138486904762 0.3929090235294118 0.5218877523809524 0.3985937356037152 0.5360937511904762 0.40978113436532504 0.5375219154761905 0.4210291609907121 0.5375219154761905
13 0.7284760247678018 0.5093804607142858 0.740348933126935 0.5075043714285714 0.7390991684210526 0.48686734404761906 0.7203524105263157 0.4931209892857143 0.69535673250774 0.501250725 0.6866082835913313 0.5025014595238095 0.6954687356037151 0.5157812511904762 0.7122287962848298 0.510631194047619 0.7284760247678018 0.5093804607142858
