2 0.677828177646802 0.5288133748982459 0.6612988123699779 0.5171397396258606 0.6897194789722789 0.47690052366366925 0.7062487560464206 0.4885741147057979
2 0.6187110913313063 0.5103548878857603 0.6267909299124312 0.5097006810689046 0.6292625825050209 0.5402245172623199 0.6211827441200057 0.5408787224768602
2 0.633983694846961 0.511204138462477 0.6641202684611471 0.5144615811629282 0.6608016722029788 0.5451613487362322 0.6306650999019894 0.5419039141139553
11 0.30307009609600755 0.6513565009592289 0.22606211528488984 0.6557704961007015 0.2200883275590968 0.5515486842137135 0.2970948443614816 0.5471347310310926
11 0.26913338688370914 0.42765794325779327 0.2932469892724612 0.31312539085320296 0.337584630889296 0.3224599623890277 0.3134713733697936 0.4369922090719346
11 0.7000780355107281 0.5649961643464654 0.7471945961957545 0.5658935203707692 0.744479707936307 0.7084248316282337 0.69736314763054 0.7075274879454392
11 0.6823359078638305 0.3263539998388612 0.7255296324040046 0.32451045415911545 0.7309867729570669 0.4523641394106563 0.6877930494080147 0.4542076710316137
2 0.6664388395331571 0.6077811804633149 0.6447661604148607 0.5903409305500006 0.6762845679820657 0.5511777666652617 0.6979571230830288 0.568617938186067
2 0.6278830918804488 0.6299502607200502 0.6044114247346215 0.6134875598022976 0.6263121009222914 0.5822663418403949 0.6497836501334859 0.5987289842943246
2 0.5938636785999734 0.5314449936220789 0.6051502947861991 0.5493522357581533 0.5806977828668778 0.5647627573497547 0.569411215936384 0.5468555584035749
2 0.3525754981804994 0.6023796408134338 0.3588130329677597 0.579948355158004 0.389249579691068 0.5884110269641935 0.3830121199627001 0.6108422482673884
2 0.3452513059174862 0.5639248866235747 0.34225016753316595 0.5849114857053523 0.3056764857376493 0.579681795789256 0.3086776799081008 0.5586952644748668
2 0.38026213342800474 0.5032249752885968 0.3823533478191621 0.5366495240623448 0.3400635930016733 0.5392950607104949 0.33797249747408387 0.5058706250634339
2 0.3316772281177691 0.5102453722241983 0.3118423936189174 0.5168502761471776 0.29509218952466654 0.4665521418451643 0.3149268788536119 0.4599472642315738