10 0.4022843752321981 0.46090625 0.40162031269349846 0.4447296880952381 0.39563749969040246 0.4218125 0.3943078123839009 0.3948515630952381 0.39032031269349843 0.389459375 0.38699531269349846 0.3948515630952381 0.38699531269349846 0.42990156309523814 0.38699531269349846 0.467646875 0.39098437523219814 0.4797796880952381 0.3963015622291022 0.47843125 0.4022843752321981 0.47303906309523813 0.4022843752321981 0.46090625
10 0.4235562501547988 0.45147031190476195 0.4375156247678018 0.44338125 0.4421687498452012 0.428553125 0.4288734377708978 0.413725 0.4202328123839009 0.428553125 0.4235562501547988 0.45147031190476195
10 0.40162031269349846 0.428553125 0.40427968730650155 0.463603125 0.41424999999999995 0.46090625 0.4175734377708979 0.454165625 0.4175734377708979 0.44068593690476193 0.41159062476780184 0.41642031309523814 0.40627343777089786 0.40024375 0.40295 0.4083328130952381 0.40162031269349846 0.428553125
0 0.5711265622291022 0.5256125 0.5764437498452012 0.514828125 0.57445 0.4946078119047619 0.565807812383901 0.4797796880952381 0.5638140625386997 0.51348125 0.5644781250773994 0.5269609369047619 0.5711265622291022 0.5256125
10 0.6901125003095976 0.43798906190476194 0.6847953126934985 0.4231609369047619 0.6808062501547987 0.3962 0.6814718749226006 0.36789062499999997 0.677482812383901 0.34767031190476194 0.6708359374613003 0.36249843809523813 0.6668468749226006 0.389459375 0.6635234377708978 0.446078125 0.6695062501547988 0.4582109369047619 0.6734937498452012 0.4582109369047619 0.6834656247678019 0.44742656309523815 0.6901125003095976 0.43798906190476194
10 0.6967593752321982 0.29644375 0.7007484377708978 0.33149375 0.7007484377708978 0.3948515630952381 0.7007484377708978 0.4447296880952381 0.7246781250773994 0.446078125 0.7193609374613004 0.413725 0.7147078123839009 0.3584546880952381 0.7107187498452012 0.3058796880952381 0.7034078123839009 0.27083125 0.6967593752321982 0.29644375
10 0.7193609374613004 0.32205625 0.7226843752321982 0.3449734369047619 0.7280015622291021 0.38137187499999997 0.7313265622291022 0.43529375 0.7532624996904025 0.442034375 0.7525968749226006 0.41776874999999997 0.7393031250773994 0.3840671880952381 0.737307812383901 0.3530625 0.7293312501547988 0.32070937499999996 0.7193609374613004 0.32205625
0 0.516742187616099 0.6644625000000001 0.5180703126934985 0.6995125 0.5200656247678018 0.68603125 0.5267125003095975 0.66850625 0.5293718749226006 0.644242186904762 0.5247187498452013 0.62536875 0.5154124996904025 0.6294125 0.516742187616099 0.6644625000000001
0 0.5034468749226005 0.6415453130952381 0.49613437523219817 0.6550265619047619 0.4934765622291022 0.6631140619047619 0.49414062476780185 0.690075 0.5014531250773994 0.68603125 0.5134171876160991 0.6887281249999999 0.5147468749226006 0.66041875 0.5147468749226006 0.634804686904762 0.5107593752321982 0.6159328130952381 0.5081 0.6199765630952381 0.5034468749226005 0.6415453130952381
10 0.5143225690402476 0.4504090964285714 0.5179403126934985 0.4335262916666667 0.5155284835913313 0.42508489047619047 0.5167343981424148 0.4057902571428571 0.5125136972136223 0.3967458976190476 0.5040722953560371 0.39795181190476187 0.5034693374613003 0.41724644523809523 0.5028663801857585 0.45221796785714286 0.5143225690402476 0.4504090964285714
6 0.4678948575851394 0.6252667107142856 0.4461883950464396 0.6325021976190476 0.4317174204334365 0.6318992404761904 0.415437573374613 0.630090369047619 0.40880504334365325 0.6427524714285714 0.4057902569659443 0.6590323190476189 0.4112168724458204 0.6704885071428571 0.42267306068111454 0.6759151226190476 0.4371440359133127 0.6819446952380952 0.44739430959752324 0.6867683535714285 0.4648800712074303 0.6885772261904761 0.4793510458204334 0.6747092083333333 0.48296879009287924 0.6602382333333333 0.48417470464396284 0.6560175321428571 0.4920131492260062 0.6427524714285714 0.48658653374613003 0.6385317714285714 0.4733214730650155 0.6276785392857143 0.4678948575851394 0.6252667107142856
6 0.7573143572755419 0.633708113095238 0.753696613622291 0.6439583869047618 0.7615350582043343 0.6536057035714286 0.7796237770897833 0.6560175321428571 0.7989184099071207 0.6548116178571428 0.8182130433436532 0.6505909166666666 0.8326840185758514 0.6427524714285714 0.830875146749226 0.6318992404761904 0.8230367015479877 0.6306933261904761 0.8127864278637771 0.6306933261904761 0.8061538978328173 0.6276785392857143 0.7729912464396286 0.6246637535714286 0.7573143572755419 0.633708113095238
13 0.5583384513931888 0.7060629869047619 0.5969277176470589 0.6970186285714285 0.6331051554179566 0.6915920119047618 0.6626500625386997 0.687974269047619 0.6958127133126936 0.6831506107142856 0.7235487486068111 0.6747092083333333 0.7518877417956656 0.673503294047619 0.7512847845201238 0.6349140273809524 0.7175191758513931 0.6367228988095237 0.5957218030959752 0.6427524714285714 0.537234946130031 0.6487820452380952 0.489601320123839 0.6572234464285713 0.49502793560371516 0.6982245428571429 0.5348231170278638 0.7078718595238095 0.5583384513931888 0.7060629869047619
13 0.5076900390092879 0.4847776619047619 0.5239698854489164 0.4902042773809524 0.6656648489164088 0.5076900392857143 0.6716944216718267 0.45945345595238096 0.6391347281733747 0.4642771142857143 0.5902951876160991 0.4630711988095238 0.5312053733746129 0.45643866904761904 0.504675252631579 0.4630711988095238 0.5076900390092879 0.4847776619047619
7 0.5253736848297214 0.28333471666666665 0.5316827572755418 0.2712901238095238 0.5391389343653251 0.294232205952381 0.5420066941176471 0.3447047869047619 0.5420066941176471 0.34585189047619047 0.5420066941176471 0.3556022761904762 0.5425802464396285 0.36879397261904767 0.5494628712074303 0.38485343095238095 0.5580661523219814 0.3842798785714286 0.5678165368421052 0.3756765976190476 0.568963640866873 0.3664997642857143 0.5666694328173375 0.3596171404761905 0.5638016724458205 0.35273451547619045 0.5597868080495356 0.33954281785714285 0.5563454959752322 0.3309395369047619 0.5506099752321981 0.31315942380952383 0.5488893188854489 0.3022619345238095 0.5465951108359134 0.29537930952380953 0.54315379876161 0.28046695595238097 0.5408595900928793 0.2689959154761905 0.5397124860681115 0.26326039404761903 0.5345505176470589 0.25351000952380953 0.5259472365325077 0.2575248738095238 0.5190646123839009 0.2758785392857143 0.5190646123839009 0.2948057571428571 0.5087406749226006 0.3286453285714286 0.509314227244582 0.35330806785714286 0.5144761956656346 0.3584700357142857 0.5230794767801857 0.3561758273809524 0.5230794767801857 0.35273451547619045 0.5248001325077399 0.34298413095238095 0.5253736848297214 0.28333471666666665
7 0.7129252074303405 0.2902173416666667 0.7146458637770898 0.30455614285714283 0.7157929678018575 0.3068503511904762 0.7209549362229102 0.31201231904761906 0.7238226965944272 0.3039825904761905 0.7255433529411764 0.2902173416666667 0.7215284885448916 0.27415788333333335 0.7157929678018575 0.26555460238095235 0.7129252074303405 0.2667017071428572 0.7094838953560372 0.27759919642857145 0.7129252074303405 0.2902173416666667
