10 0.40228439435918517 0.47977968750000016 0.38699522453237023 0.47977968750000016 0.3869953180850416 0.38945937499999994 0.40228430171441687 0.38945937499999994
10 0.4339534791937467 0.45473281627234863 0.4139838368240589 0.44846662307750024 0.42524339895771845 0.41258594210240646 0.4452129492123049 0.4188521197695424
10 0.39951131373311455 0.40075678729835756 0.41445784167740385 0.3996228053011011 0.4192262086978644 0.46246914818172197 0.40427968128619796 0.4636031254714322
0 0.5621626444122967 0.4799592485494156 0.5746955657670014 0.4793418765846556 0.5770110454869837 0.5263435678052517 0.5644781242990575 0.5269609375345278
10 0.6701220181676035 0.35590827516743345 0.6906058083192192 0.35603156290717847 0.6899900401519972 0.45833422445602445 0.6695062500000404 0.4582109375000002
10 0.7246783654718456 0.446078101057432 0.7011162812970042 0.44842405870041907 0.6836298433780712 0.27280046103865285 0.7071914837200666 0.2704545253786355
10 0.7242801553741174 0.3210208272528673 0.7465464676779447 0.3196478786097856 0.754090025870255 0.4419833498212047 0.7318237145525472 0.44335628867456406
0 0.5152727617924029 0.625726841818126 0.5286506543534415 0.6252196938275032 0.5314481863414358 0.6990053564717934 0.518070293997198 0.6995125007014233
0 0.514746974652212 0.690075 0.49347649694459506 0.690075 0.4934766772199737 0.6159328125 0.514746840974226 0.6159328125
10 0.5038253746525925 0.39659610656892164 0.5185726537220035 0.3968503558215217 0.5176136587346036 0.4524722170898794 0.502866379687589 0.4522179687500008
6 0.49134222381553627 0.6244080132939727 0.49535381505711484 0.7340912598165877 0.3711627548573233 0.738631488821112 0.3671526284028914 0.6289496782241503
6 0.7422722791590104 0.7060920903346007 0.7498677527266864 0.6225611681223067 0.8585804317244765 0.6324450111246565 0.850985957739681 0.7159750064694855
7 0.6764178683832824 0.27079927112488744 0.7163493111607977 0.2599137191162044 0.7360378469884381 0.33213529082159987 0.6961064187999 0.3430208056224531
7 0.5479969232699204 0.3491251956605114 0.5198875763895785 0.3518979444820295 0.5109285439699534 0.26107520605928225 0.539037661882162 0.2583024683590278
6 0.7647569437499442 0.48003472187501295 0.7611548230640892 0.3993344182794868 0.8583765667763146 0.3949950853242772 0.8619791857584005 0.47569485973989256
6 0.49380236266813426 0.4826210980169924 0.43692692183242343 0.4744965245983954 0.4449826831914834 0.4181077098561589 0.5018576901006782 0.4262322519987506
6 0.34288194375005787 0.3967013890624944 0.3788632337506215 0.392653733758796 0.38758096052652036 0.4701449934581427 0.3515996740572973 0.4741926278749467