2 0.2816625003095975 0.4554140619047619 0.2955281250773994 0.45109374999999996 0.3040921876160991 0.44158749999999997 0.3012374996904025 0.416525 0.2967515622291022 0.396646875 0.2947125003095975 0.4001046880952381 0.29145 0.39405468809523814 0.28370156222910214 0.3802265619047619 0.27758437523219814 0.38195468690476186 0.2747281250773994 0.40356093809523813 0.2682031250773994 0.431215625 0.26575625015479876 0.45282187500000004 0.27228125015479876 0.4631921869047619 0.2816625003095975 0.4554140619047619
2 0.2951203126934985 0.3957828119047619 0.2951203126934985 0.40788125 0.2967515622291022 0.4476359380952381 0.3024609374613003 0.45282187500000004 0.3053156247678019 0.45887187500000004 0.3151031250773994 0.46665 0.32040468730650157 0.46665 0.3265218749226006 0.4614640619047619 0.33304687492260066 0.45109374999999996 0.3301921876160991 0.4424515619047619 0.3285609374613003 0.431215625 0.31877343777089784 0.427759375 0.3142875003095975 0.44072343690476196 0.31265625015479875 0.43467343690476196 0.30980156222910216 0.416525 0.3024609374613003 0.408746875 0.30042187492260064 0.3992390630952381 0.2951203126934985 0.3957828119047619
9 0.28533281238390096 0.3223234380952381 0.27595156222910217 0.280840625 0.2816625003095975 0.3162734380952381 0.2828859374613003 0.34219999999999995 0.2796234377708978 0.3724484369047619 0.2832937498452012 0.377634375 0.2861484377708978 0.346521875 0.28533281238390096 0.3223234380952381
9 0.27146562476780184 0.3439296869047619 0.27187343777089784 0.352571875 0.2763593752321981 0.34219999999999995 0.27432031269349844 0.31454531190476187 0.27065 0.2834328119047619 0.2698343752321981 0.318865625 0.27146562476780184 0.3439296869047619
1 0.35274374984520124 0.41577968690476186 0.3478421876160991 0.4398046880952381 0.34845468730650153 0.46382812500000004 0.35580781238390097 0.48265781309523814 0.3656124996904025 0.48395625000000003 0.3726593752321981 0.4768140630952381 0.37970781238390094 0.46317968809523813 0.3833843752321981 0.4313625 0.38277187492260056 0.41383125 0.3751109374613003 0.4060390619047619 0.36837031269349846 0.4014953119047619 0.36224218761609905 0.39954687499999997 0.35887187492260064 0.40279375 0.35274374984520124 0.41577968690476186
1 0.4055468749226006 0.43282499999999996 0.4017609374613003 0.45555781309523813 0.40049843777089783 0.476953125 0.4080718749226006 0.4970125 0.4175374996904025 0.5036984380952381 0.4282656247678019 0.49500625 0.43079062476780183 0.48564531190476196 0.43236718761609905 0.4575640630952381 0.4320531250773994 0.4288125 0.42794999999999994 0.4241328130952381 0.4216390625386997 0.418115625 0.41375156222910214 0.416109375 0.4080718749226006 0.4214578130952381 0.4055468749226006 0.43282499999999996
1 0.37809531269349844 0.47762187500000003 0.3799875003095975 0.483640625 0.38409062476780187 0.48965781190476193 0.3922937498452012 0.49233281309523813 0.4014453126934984 0.482971875 0.40933281238390096 0.4682625 0.4124890625386997 0.444859375 0.40996406253869966 0.40073125000000004 0.4055468749226006 0.38869531190476186 0.3938718749226006 0.38535312499999996 0.38787656222910216 0.3913703119047619 0.38188125015479873 0.4054109380952381 0.37809531269349844 0.4341625 0.37588593746130033 0.4575640630952381 0.37809531269349844 0.47762187500000003
3 0.3992359374613003 0.2629953130952381 0.3916624996904025 0.3659625 0.39260937523219813 0.3759921880952381 0.390717187616099 0.384684375 0.40744062476780185 0.3893640619047619 0.4055468749226006 0.3779984369047619 0.40901718761609906 0.3713125 0.41375156222910214 0.26968125 0.40617812507739937 0.257646875 0.3992359374613003 0.2629953130952381
9 0.3752546873065016 0.2970953119047619 0.3724156247678019 0.33921875 0.37588593746130033 0.3438984369047619 0.3752546873065016 0.2970953119047619
9 0.4184843752321981 0.2763671880952381 0.4178531250773994 0.33788124999999997 0.42132343777089787 0.3445671880952381 0.4184843752321981 0.2763671880952381
1 0.5491187498452013 0.3893640619047619 0.5459625003095975 0.40808593809523813 0.5443859374613003 0.452215625 0.5481718749226007 0.48029687499999996 0.5576374996904024 0.4883203119047619 0.5671046873065015 0.48965781190476193 0.5781484377708979 0.479628125 0.5809875003095976 0.46759375000000003 0.5816187498452012 0.4408484369047619 0.5746765622291022 0.386021875 0.5696281250773993 0.384684375 0.5658421876160991 0.38869531190476186 0.5598468749226007 0.386021875 0.5532203126934985 0.383346875 0.5491187498452013 0.3893640619047619
1 0.6028625003095975 0.47156875 0.6154625003095975 0.45781406190476187 0.6162265622291022 0.4359703130952381 0.6089718749226006 0.368821875 0.6005718749226007 0.3429328119047619 0.5925546873065015 0.3429328119047619 0.5833906247678018 0.3550671880952381 0.5757546873065016 0.3801484369047619 0.5769 0.4141265619047619 0.5803359374613003 0.449725 0.5837734377708979 0.46347812499999996 0.5952265622291022 0.47237656309523807 0.6028625003095975 0.47156875
3 0.5990453126934985 0.30814375 0.5814812501547988 0.2223875 0.5742281250773994 0.2256234369047619 0.5830093752321982 0.3267515630952381 0.5841546873065016 0.3299875 0.5856812501547988 0.352640625 0.5944640625386998 0.34131406309523815 0.6001906247678018 0.3388875 0.5994265622291022 0.32837031309523806 0.5994265622291022 0.31623437499999996 0.5990453126934985 0.30814375
9 0.564682812383901 0.2774015630952381 0.5665921876160991 0.243421875 0.5616281250773993 0.29358125 0.560482812383901 0.314615625 0.5654468749226006 0.3186609369047619 0.564682812383901 0.2774015630952381
2 0.666625 0.3801484369047619 0.6673874996904025 0.3987546869047619 0.6612796873065016 0.4019921869047619 0.6559343752321981 0.4019921869047619 0.6502062501547988 0.3882375 0.6486796873065015 0.38095625 0.6429531250773993 0.3801484369047619 0.6398984377708979 0.3728671880952381 0.6322625003095975 0.396328125 0.6299718749226006 0.42302656309523806 0.6341718749226006 0.4311171880952381 0.6433343752321982 0.431925 0.6524984377708979 0.43354375 0.6601343752321981 0.434353125 0.666625 0.4375890630952381 0.675025 0.431925 0.6792234377708979 0.4286890630952381 0.6830421876160991 0.41331875 0.6830421876160991 0.3939015630952381 0.6826609374613003 0.373675 0.6784609374613003 0.368821875 0.6754062501547987 0.36639375 0.6692968749226007 0.3704390630952381 0.666625 0.3801484369047619
2 0.6891515622291022 0.4214078130952381 0.6883875003095975 0.43354375 0.6967875003095976 0.440015625 0.7101500000000001 0.4311171880952381 0.71435 0.42302656309523806 0.7101500000000001 0.412509375 0.7009874996904025 0.40441875 0.6944968749226006 0.40846406190476187 0.6891515622291022 0.4214078130952381
1 0.5753734377708979 0.5540890630952381 0.5830093752321982 0.566225 0.5902640625386997 0.574315625 0.5982812501547987 0.5840234369047619 0.6066812501547988 0.5824046869047619 0.6108812501547988 0.566225 0.6112625003095975 0.5516625000000001 0.6116453126934984 0.5136375 0.6051531250773994 0.4974578119047619 0.5959906247678018 0.48532187499999996 0.5898812501547988 0.4942203119047619 0.5776640625386997 0.48532187499999996 0.5688828123839009 0.5087828119047619 0.5727 0.541953125 0.5753734377708979 0.5540890630952381
1 0.5467374996904024 0.5557078130952381 0.5555187498452012 0.572696875 0.5631546873065015 0.5913046880952381 0.5673546873065015 0.5969671880952381 0.5738453126934985 0.5921140619047619 0.5799546873065016 0.5832140619047619 0.5822453126934984 0.54438125 0.5784281250773994 0.5160640619047618 0.5734640625386996 0.5031203119047619 0.564682812383901 0.4901765630952381 0.5559015622291021 0.4901765630952381 0.5467374996904024 0.4974578119047619 0.5433015622291021 0.5225375 0.5440656247678018 0.5459984380952381 0.5467374996904024 0.5557078130952381
2 0.3825609374613003 0.5047390630952381 0.37797968730650155 0.5023109369047619 0.3722531250773994 0.5104015619047618 0.366525 0.5257734380952381 0.3737796873065015 0.534671875 0.3802703126934985 0.52981875 0.38485156222910216 0.512828125 0.3825609374613003 0.5047390630952381
9 0.3806515622291021 0.685151561904762 0.387525 0.663307811904762 0.3928703126934984 0.6447 0.39783281238390095 0.6147671880952381 0.3989796873065016 0.5913046880952381 0.40050625015479874 0.572696875 0.3943968749226006 0.5621796880952381 0.3951609374613003 0.575932811904762 0.39096093746130034 0.601821875 0.38981562476780185 0.628520313095238 0.3806515622291021 0.685151561904762
9 0.3592718749226006 0.682725 0.36308906253869966 0.6746343749999999 0.3680531250773994 0.6487453130952381 0.37301562476780187 0.612339061904762 0.3756890625386997 0.5840234369047619 0.3783609374613003 0.5484265630952381 0.3714890625386997 0.5371 0.36957968730650154 0.54438125 0.3722531250773994 0.563796875 0.3688156247678019 0.6074859369047619 0.3592718749226006 0.682725
13 0.5340909089783282 0.5767045452380952 0.5894886365325077 0.5795454547619048 0.6136363634674923 0.5752840904761904 0.6107954544891641 0.5511363630952381 0.5142045455108359 0.5454545452380952 0.4630681820433436 0.5482954547619048 0.4005681820433436 0.5525568178571428 0.3707386365325077 0.5497159095238096 0.3693181820433436 0.5738636369047619 0.4332386365325077 0.5866477273809524 0.5340909089783282 0.5767045452380952
13 0.2642045455108359 0.3835227273809524 0.28551136346749223 0.38494318214285717 0.40625 0.4076704547619047 0.4730113634674923 0.4289772726190476 0.546875 0.4204545452380953 0.578125 0.3835227273809524 0.6477272724458205 0.35369318214285717 0.7130681820433437 0.38068181785714283 0.7144886365325077 0.35369318214285717 0.65625 0.34375 0.6349431820433437 0.328125 0.5838068179566563 0.3323863630952381 0.5582386365325077 0.38494318214285717 0.5340909089783282 0.4019886369047619 0.47159090897832817 0.4076704547619047 0.3636363634674923 0.3764204547619047 0.25852272755417954 0.36221590952380955 0.2642045455108359 0.3835227273809524
6 0.640625 0.615056817857143 0.6860795455108359 0.5951704547619048 0.6903409089783282 0.5795454547619048 0.6747159089783282 0.5227272726190476 0.6235795455108359 0.5255681821428572 0.6150568179566563 0.5710227273809524 0.640625 0.615056817857143
6 0.6960227275541795 0.5994318178571428 0.71875 0.6292613630952382 0.7386363634674923 0.6278409095238094 0.7755681820433437 0.609375 0.7670454544891641 0.5610795452380952 0.7642045455108359 0.5440340904761904 0.7329545455108359 0.4957386369047619 0.6960227275541795 0.515625 0.6832386365325077 0.5553977273809524 0.6960227275541795 0.5994318178571428
6 0.328125 0.5809659095238096 0.32102272755417954 0.6363636369047618 0.3224431820433436 0.681818182142857 0.3394886365325077 0.6846590904761906 0.3579545455108359 0.6335227273809524 0.36789772755417954 0.5724431821428572 0.375 0.5369318178571428 0.33664772755417954 0.5426136369047619 0.328125 0.5809659095238096
6 0.2670454544891641 0.6363636369047618 0.25568181795665634 0.6946022726190476 0.27272727244582046 0.7116477273809524 0.3139204544891641 0.6860795452380952 0.31676136346749223 0.646306817857143 0.3295454544891641 0.5426136369047619 0.2798295455108359 0.5454545452380952 0.2670454544891641 0.6363636369047618
6 0.6335227275541795 0.39630681785714283 0.6434659089783282 0.3664772726190476 0.6434659089783282 0.3451704547619047 0.6434659089783282 0.33806818214285717 0.6434659089783282 0.30255681785714283 0.6363636365325077 0.2769886369047619 0.625 0.2684659095238095 0.6136363634674923 0.296875 0.609375 0.32528409047619045 0.6051136365325077 0.33096590952380955 0.6150568179566563 0.40909090952380955 0.6335227275541795 0.39630681785714283
6 0.3295454544891641 0.3295454547619047 0.3323863634674923 0.390625 0.34090909102167183 0.4332386369047619 0.36221590897832817 0.40625 0.36221590897832817 0.3835227273809524 0.36221590897832817 0.38068181785714283 0.3636363634674923 0.3295454547619047 0.3295454544891641 0.3295454547619047
