0 0.24762187492260063 0.484096875 0.2439 0.490384375 0.2404890625386997 0.49856093809523805 0.23862812507739936 0.5117671869047619 0.2383187498452012 0.5230859369047619 0.2408 0.53440625 0.24545156222910217 0.5381796880952381 0.24917187492260062 0.533778125 0.2494828123839009 0.5199421869047619 0.25010312507739935 0.50799375 0.24917187492260062 0.49164218809523813 0.24762187492260063 0.484096875
0 0.25444374984520124 0.5004468750000001 0.25196250030959755 0.50799375 0.25227343777089783 0.5136531249999999 0.25568437523219817 0.5123953119047618 0.260025 0.505478125 0.260025 0.49793125 0.2587859374613003 0.4884984369047619 0.25444374984520124 0.5004468750000001
2 0.2770812501547988 0.4784359380952381 0.27429062476780186 0.4784359380952381 0.2724296873065016 0.49164218809523813 0.27056874984520124 0.501704688095238 0.2696390625386997 0.5193140630952381 0.2671578123839009 0.5193140630952381 0.2649875003095975 0.520571875 0.2640578123839009 0.526859375 0.26064531269349844 0.526859375 0.25816562476780186 0.5287468750000001 0.2578546873065015 0.5463546869047619 0.26622812507739935 0.552015625 0.26653749969040247 0.5589328119047619 0.27522031269349845 0.56270625 0.28142343777089784 0.5595609380952381 0.29134531269349845 0.56081875 0.29754843777089784 0.550128125 0.2984781250773994 0.536921875 0.2994093752321981 0.510509375 0.2994093752321981 0.4941578130952381 0.29630781238390097 0.5042203130952382 0.29196562476780186 0.505478125 0.28452343777089784 0.50485 0.28204218761609906 0.49478750000000005 0.2801828123839009 0.482209375 0.2770812501547988 0.4784359380952381
10 0.31243281238390097 0.4966734369047619 0.31739374984520125 0.490384375 0.31987499999999996 0.48095156309523807 0.31894531269349846 0.4601984380952381 0.31584374984520125 0.44070312500000003 0.3155343752321981 0.41869375 0.3096421876160991 0.4036 0.30499062476780187 0.4155484380952381 0.3025093752321981 0.4300125 0.30157968730650153 0.44950781309523813 0.3018890625386997 0.469003125 0.30374999999999996 0.4960453130952381 0.3071609374613003 0.49793125 0.31243281238390097 0.4966734369047619
10 0.33072812507739935 0.505478125 0.33507031269349846 0.5010765630952381 0.34282343777089785 0.4878703130952381 0.3434437498452012 0.4696328119047619 0.33941093746130035 0.44070312500000003 0.33352031269349847 0.4237234369047619 0.3279375003095975 0.4130328130952381 0.3226656247678018 0.41492031190476186 0.318325 0.4287546880952381 0.32514687492260064 0.4520234380952381 0.3288687498452012 0.4702609369047619 0.3226656247678018 0.4891265619047619 0.3257671876160991 0.49793125 0.33072812507739935 0.505478125
0 0.44794687492260066 0.571510936904762 0.4454656247678018 0.5664796880952381 0.442675 0.5752828119047619 0.4432953126934984 0.5910046880952381 0.44453593746130027 0.59918125 0.4494984377708978 0.59729375 0.45073749969040244 0.589746875 0.4504281250773994 0.58094375 0.44794687492260066 0.571510936904762
1 0.5840812501547987 0.5218296869047618 0.5769500000000001 0.5287468750000001 0.5722984377708978 0.5287468750000001 0.5679562501547988 0.5287468750000001 0.5620640625386997 0.5287468750000001 0.5558625003095975 0.533778125 0.5543124996904025 0.545096875 0.5540015622291022 0.558303125 0.5546218749226006 0.574025 0.5571031250773993 0.5878609369047619 0.5598937498452012 0.601696875 0.5676468749226006 0.611129688095238 0.5753984377708978 0.61741875 0.5806703126934984 0.61741875 0.5878031250773994 0.6042125 0.5915234377708978 0.5910046880952381 0.5918343752321981 0.578428125 0.5912140625386997 0.5539015619047619 0.5918343752321981 0.5331484369047619 0.5902843752321981 0.5212 0.5840812501547987 0.5218296869047618
1 0.5924546873065015 0.5796859380952382 0.596175 0.585975 0.5995875003095975 0.5916343749999999 0.60765 0.5916343749999999 0.6154015622291021 0.58911875 0.6222234377708978 0.576540625 0.6216046873065015 0.555159375 0.6172625003095975 0.5274890630952381 0.6150921876160991 0.515540625 0.6095093752321981 0.5035921869047618 0.6048578123839009 0.5004468750000001 0.6002062501547988 0.50485 0.5946250000000001 0.520571875 0.5915234377708978 0.538809375 0.5899734377708978 0.5614484380952381 0.5924546873065015 0.5796859380952382
1 0.6206734377708979 0.57088125 0.6262546873065016 0.5771703119047619 0.6346281250773994 0.5822015619047619 0.6436218749226006 0.578428125 0.6507531250773994 0.5658500000000001 0.6498234377708979 0.5413234369047619 0.6454812501547987 0.5199421869047619 0.6411406247678019 0.49918906190476187 0.6355578123839009 0.492271875 0.6278062501547987 0.4929 0.6216046873065015 0.501704688095238 0.6160218749226006 0.5199421869047619 0.6172625003095975 0.54446875 0.6172625003095975 0.5658500000000001 0.6206734377708979 0.57088125
1 0.6467218749226007 0.5463546869047619 0.6479625003095976 0.5658500000000001 0.6541640625386996 0.5689953119047618 0.6606765622291021 0.571510936904762 0.6699796873065015 0.5677375 0.6761812501547988 0.5696234380952381 0.6854843752321982 0.5721390619047619 0.6935468749226006 0.557675 0.6916875003095976 0.53629375 0.6864156247678018 0.513025 0.680832812383901 0.4966734369047619 0.6746312501547987 0.48095156309523807 0.6650187498452013 0.47655000000000003 0.6538546873065015 0.4834671869047619 0.6479625003095976 0.497303125 0.6436218749226006 0.518684375 0.6467218749226007 0.5463546869047619
1 0.6919968749226006 0.4935296869047619 0.6876562501547988 0.5035921869047618 0.685175 0.51616875 0.685175 0.529375 0.6867249999999999 0.54446875 0.6929265622291021 0.55264375 0.7006796873065015 0.5614484380952381 0.7106031250773994 0.56081875 0.7186656247678018 0.5545312499999999 0.7236265622291022 0.552015625 0.7307593752321981 0.5463546869047619 0.7378921876160991 0.5406953130952381 0.7422328123839009 0.5281171880952381 0.7422328123839009 0.5136531249999999 0.7388218749226007 0.49856093809523805 0.7323093752321981 0.4784359380952381 0.7273484377708979 0.47969375 0.7152546873065015 0.484096875 0.7022296873065015 0.4878703130952381 0.6919968749226006 0.4935296869047619
8 0.7285890625386997 0.3916515630952381 0.7323093752321981 0.4042296869047619 0.7388218749226007 0.4155484380952381 0.7444046873065014 0.4262390630952381 0.7533968749226007 0.42057968690476194 0.7549468749226007 0.4098890630952381 0.7496765622291022 0.3973109380952381 0.7406828123839009 0.3841046880952381 0.732 0.3809609369047619 0.7285890625386997 0.3916515630952381
2 0.5803921876160991 0.641529686904762 0.5740125003095975 0.642290625 0.5691343752321981 0.64685625 0.565007812383901 0.650660936904762 0.5642562501547987 0.6605531250000001 0.5672593752321982 0.66511875 0.5702609374613002 0.6613140619047619 0.5740125003095975 0.6537046869047619 0.5777656247678019 0.6537046869047619 0.5796406247678019 0.6658796880952381 0.580767187616099 0.6871859369047618 0.5841437498452012 0.699360938095238 0.5886468749226006 0.6925125 0.5923984377708978 0.6788156249999999 0.5965265622291022 0.67425 0.5965265622291022 0.651421875 0.5939 0.6438125 0.5882718749226006 0.64076875 0.5803921876160991 0.641529686904762
2 0.39840781238390094 0.6841421869047619 0.4021609374613003 0.6788156249999999 0.4077890625386997 0.672728125 0.41116562476780183 0.6613140619047619 0.4149187498452013 0.6658796880952381 0.4190453126934985 0.666640625 0.42167187492260066 0.6613140619047619 0.42204687492260057 0.650660936904762 0.41566874984520125 0.642290625 0.40891406253869966 0.636964063095238 0.4032859374613003 0.636964063095238 0.39728281238390095 0.643051561904762 0.39540625015479874 0.6559875 0.39428125015479876 0.6788156249999999 0.39840781238390094 0.6841421869047619
1 0.36351250030959753 0.6316375000000001 0.36238750030959754 0.6438125 0.35976093746130033 0.666640625 0.3608859374613003 0.68338125 0.36238750030959754 0.693273436904762 0.3642624996904025 0.6963171869047619 0.36876562476780184 0.699360938095238 0.37589531269349846 0.6963171869047619 0.383025 0.694034375 0.3894031250773994 0.6925125 0.3946562501547987 0.6856640619047619 0.3961578123839009 0.667401563095238 0.39728281238390095 0.6460953119047619 0.39840781238390094 0.6354421880952381 0.3946562501547987 0.629354688095238 0.38790156222910216 0.624028125 0.38077343777089784 0.624028125 0.37139218761609905 0.6232671880952381 0.36351250030959753 0.6316375000000001
1 0.3342453126934985 0.6095703119047619 0.32786718761609907 0.6103312500000001 0.3218624996904025 0.613375 0.31435937523219815 0.620223436904762 0.31060625015479876 0.6354421880952381 0.30948125015479877 0.6567484380952381 0.3113562501547988 0.672728125 0.31548437523219813 0.6871859369047618 0.32373906253869966 0.697078125 0.3346203126934984 0.699360938095238 0.3458765622291022 0.694034375 0.35713437523219815 0.6841421869047619 0.36351250030959753 0.6681625 0.3653890625386997 0.6491390630952381 0.3657640625386997 0.629354688095238 0.36388750030959754 0.62250625 0.35750937523219817 0.613375 0.3511296873065015 0.614896875 0.3451265622291022 0.6179406249999999 0.33949843777089783 0.614896875 0.3342453126934985 0.6095703119047619
1 0.29222031269349846 0.6019609369047618 0.2888437498452012 0.6019609369047618 0.2813390625386997 0.5973953130952381 0.2760859374613003 0.6027218750000001 0.26820625015479876 0.6004390619047619 0.2607015622291022 0.5989171880952381 0.25695 0.605004686904762 0.2554484377708978 0.620223436904762 0.25469843777089785 0.63468125 0.25845 0.642290625 0.26557968730650156 0.65294375 0.2802140625386997 0.667401563095238 0.2903437498452012 0.67425 0.2978484377708978 0.6826203119047619 0.30272656222910216 0.68338125 0.30797968730650155 0.67425 0.31098125015479877 0.663596875 0.31210781238390095 0.647617188095238 0.31435937523219815 0.6354421880952381 0.31210781238390095 0.6179406249999999 0.3087296873065016 0.608809375 0.30385312507739937 0.6019609369047618 0.29709843777089784 0.6004390619047619 0.29222031269349846 0.6019609369047618
13 0.7315649702786378 0.4546092857142857 0.728156520743034 0.4568833154761905 0.7054331770897833 0.4648424988095238 0.6929352693498452 0.46825358095238095 0.6764608798761609 0.4688221178571429 0.6685077442724457 0.4693906119047619 0.6548736860681115 0.4767812797619048 0.6435120148606811 0.48815154523809523 0.6344227294117647 0.4909941119047619 0.6213567894736842 0.4909941119047619 0.6082908501547988 0.4955422142857143 0.5963610600619195 0.5046384392857143 0.5821589702786377 0.5120291083333333 0.5582994773993808 0.5239678785714286 0.5298952978328173 0.5222623428571429 0.5344399839009288 0.5376122059523809 0.5469378055727554 0.536475175 0.5617079702786377 0.5393177404761905 0.5730696414860681 0.5336326083333334 0.5889760427244582 0.529084505952381 0.6009057461300309 0.527947475 0.6145398037151703 0.521125311904762 0.626469507120743 0.5143031690476191 0.6457844012383901 0.5080495107142857 0.6650992080495356 0.5012273464285715 0.6895268198142415 0.4921311428571428 0.6991842229102168 0.48815154523809523 0.7156586123839009 0.48360344404761907 0.7316761232198142 0.47954545476190474 0.7315649702786378 0.4546092857142857
13 0.4458189541795666 0.5319270726190476 0.4407061931888545 0.5262419404761904 0.43275301424148604 0.5239678785714286 0.42195941733746134 0.5199883023809524 0.415710506501548 0.5177142404761904 0.40946159566563467 0.5125976119047619 0.4077573275541796 0.5108920773809523 0.3998041492260062 0.4989533071428571 0.38503398452012383 0.4915626380952381 0.3713999696594428 0.4909941119047619 0.3554936557275542 0.4909941119047619 0.34413198390092875 0.48985708095238095 0.32481713312693494 0.48985708095238095 0.31175119380804955 0.48985708095238095 0.29811722229102167 0.4858775166666667 0.2918682681114551 0.48246641309523813 0.2788023721362229 0.48076087738095236 0.2668726253869969 0.47507574404761904 0.2611917894736842 0.47791831071428575 0.25039819256965945 0.4796238464285714 0.22313016346749226 0.47791831071428575 0.21744932755417956 0.4966792452380952 0.22483443157894736 0.5012273464285715 0.23505991021671827 0.5017958726190476 0.24585350650154797 0.5029329035714286 0.257783253250774 0.5029329035714286 0.2657364321981424 0.5046384392857143 0.2770981040247678 0.506343975 0.2856193572755418 0.507481005952381 0.2918682681114551 0.5086180369047619 0.3055022829721362 0.5120291083333333 0.3185682229102167 0.5120291083333333 0.32538520804953563 0.5125976119047619 0.3464043269349845 0.5205568071428571 0.36401490959752325 0.5256734357142857 0.3748085058823529 0.527947475 0.3878744024767802 0.5330641035714285 0.3963956563467492 0.5381807107142857 0.41173393869969044 0.5410232761904762 0.4174147746130031 0.5410232761904762 0.4270721783281734 0.5410232761904762 0.4344572823529412 0.5415918023809524 0.44403407801857586 0.5505681821428572 0.4458189541795666 0.5319270726190476
13 0.4889932972136223 0.7172624154761905 0.4787677758513932 0.7155568583333334 0.4628614613003096 0.7144198488095238 0.45718062538699694 0.7138513452380952 0.4475231783281734 0.7138513452380952 0.4321849393188854 0.7121457880952381 0.419118999380805 0.7047550976190476 0.4066211777089784 0.701912530952381 0.39412331331269346 0.6973644511904763 0.3787850736842105 0.695658894047619 0.36231064148606806 0.6945218845238095 0.3509489696594427 0.6916793178571429 0.33674687987616103 0.6916793178571429 0.3231128656346749 0.6882682476190476 0.3049342080495356 0.6763294333333333 0.2964129541795666 0.6734868666666667 0.27766617894736845 0.665527736904762 0.2589194464396285 0.6427872059523809 0.24812584953560374 0.6615480964285715 0.2555109535603715 0.6638221583333332 0.2691449250773994 0.6751924238095238 0.2793704470588235 0.6808775571428571 0.2941406111455108 0.6945218845238095 0.3032299399380805 0.7047550976190476 0.316295879876161 0.7127142916666668 0.32822562600619193 0.7144198488095238 0.34583620866873066 0.7093032214285714 0.35435746253869965 0.7041865928571429 0.3662872520123839 0.6962273988095238 0.3782169987616099 0.6990699642857142 0.3901467455108359 0.7058921499999999 0.40264456718266256 0.7155568583333334 0.4253679102167182 0.7280641773809523 0.43616150712074303 0.7343178142857143 0.4639976111455108 0.7360233285714286 0.4929698650154799 0.7343178142857143 0.508308147987616 0.7337493095238096 0.5298952978328173 0.728632680952381 0.5435293126934985 0.7257901154761904 0.5565952526315789 0.7229475488095238 0.5747739095975232 0.7144198488095238 0.5878398061919504 0.7144198488095238 0.6048823139318885 0.7257901154761904 0.6293099250773994 0.7411399559523809 0.6452162829721362 0.7417084607142858 0.6713481622291022 0.7337493095238096 0.6912310879256967 0.7229475488095238 0.7122501628482972 0.7093032214285714 0.7258841343653252 0.6973644511904763 0.7230437164086687 0.6899737607142856 0.7150905808049536 0.6933848321428572 0.6952076551083592 0.7007755214285714 0.6781651479876161 0.7053236452380952 0.6503290006191951 0.7070291595238095 0.6344227294117647 0.7047550976190476 0.6105631498452012 0.7002070178571429 0.5969291783281734 0.695658894047619 0.5815909386996904 0.701912530952381 0.5679569244582043 0.7030495833333333 0.547505880495356 0.7053236452380952 0.5298952978328173 0.7093032214285714 0.5134208656346749 0.7166939107142857 0.494460214241486 0.7146306821428571 0.4889932972136223 0.7172624154761905
9 0.2550628631578947 0.5029001178571428 0.2523847089783282 0.5225317309523809 0.25684825386996907 0.5484097369047619 0.2639899523219814 0.5546561642857143 0.2764878910216718 0.5582255607142858 0.2943420693498452 0.5591178928571429 0.3005910043343653 0.5216393642857143 0.29969830897832817 0.4761297452380952 0.2916639151702786 0.3913569 0.28809306563467496 0.3619094976190476 0.28273682600619193 0.35655540238095235 0.28273682600619193 0.3752946833333333 0.28273682600619193 0.39760332738095233 0.2764878910216718 0.4208043023809524 0.2693461919504644 0.3663712261904762 0.2639899523219814 0.3619094976190476 0.2639899523219814 0.39046456785714284 0.2639899523219814 0.4288354285714286 0.2613839083591331 0.4745535726190476 0.2550628631578947 0.5029001178571428
9 0.5978631021671826 0.8375298035714286 0.6094682773993808 0.8393144678571428 0.6121464315789473 0.8116517642857143 0.6014339517027864 0.741156436904762 0.5978631021671826 0.6724458416666667 0.5951849486068111 0.6385366773809524 0.5630474408668731 0.6456754702380952 0.5728672253869969 0.6840462964285714 0.5749999795665635 0.6754464297619047 0.5853651640866873 0.7893431202380953 0.5978631021671826 0.8375298035714286
6 0.41217961981424145 0.5225317309523809 0.41128692445820436 0.4734527154761905 0.3439731938080495 0.4767857154761905 0.34611914551083595 0.5216393642857143 0.41217961981424145 0.5225317309523809
6 0.3001209318885449 0.8171020880952381 0.34457711145510833 0.824052655952381 0.35291263157894737 0.7601073976190477 0.34735558266253874 0.7114534202380952 0.29895830154798764 0.7104166678571429 0.2778927362229102 0.7837393392857143 0.3001209318885449 0.8171020880952381
6 0.686334294117647 0.801810805952381 0.7391260996904024 0.7503766440476191 0.7127301969040247 0.7058929964285714 0.6113143987616099 0.7434260761904762 0.6079860792569659 0.7381944452380953 0.6182606835913312 0.8101515202380952 0.686334294117647 0.801810805952381
