9 0.3010687498452012 0.3559640630952381 0.30069374984520125 0.3848796880952381 0.2999437498452012 0.40922968690476186 0.2961906247678019 0.42901406309523804 0.2905625003095975 0.45869218690476193 0.28643437523219817 0.4708671869047619 0.2905625003095975 0.4815203119047619 0.2984421876160991 0.4465171880952381 0.3036953126934985 0.42064375000000004 0.30444531269349845 0.403903125 0.30444531269349845 0.38031406309523813 0.3010687498452012 0.3559640630952381
9 0.28605937523219815 0.4799984380952381 0.28981249969040246 0.45412656309523813 0.29506562476780185 0.425209375 0.2999437498452012 0.39933749999999996 0.2999437498452012 0.38031406309523813 0.2961906247678019 0.39553281309523813 0.29093749969040245 0.4236875 0.28493437523219817 0.45184375 0.2853093752321981 0.429775 0.2868109374613003 0.40009843690476193 0.28981249969040246 0.376509375 0.28981249969040246 0.3529203119047619 0.28343281238390095 0.3970546869047619 0.2811812501547987 0.42901406309523804 0.2785546873065015 0.459453125 0.27930625015479876 0.47619374999999997 0.28605937523219815 0.4799984380952381
2 0.3845656247678019 0.557734375 0.3877421876160991 0.5731968749999999 0.39261406253869974 0.57878125 0.39790937523219816 0.5774921880952381 0.40277968730650154 0.5663250000000001 0.4105218613003096 0.5594061178571429 0.4092759678018576 0.5279473107142858 0.40722812507739936 0.51478125 0.404475 0.5036125 0.4000265622291022 0.49931718690476196 0.39367187492260064 0.5027546869047619 0.38922500000000004 0.51005625 0.3852 0.5238015630952381 0.3845656247678019 0.5457078130952381 0.3845656247678019 0.557734375
9 0.4026906247678019 0.42809062499999995 0.401 0.4635359380952381 0.4004359374613003 0.4806875 0.4024093752321981 0.4852609380952381 0.4024093752321981 0.4961234380952381 0.3987437498452012 0.500125 0.4057921876160991 0.504128125 0.40804687492260067 0.481259375 0.4072015622291022 0.45496093809523813 0.40635625015479876 0.42809062499999995 0.40297343777089784 0.38807187499999996 0.4026906247678019 0.42809062499999995
2 0.6059484377708978 0.5195640630952381 0.6045390625386997 0.5292828119047619 0.6022828123839009 0.5418609369047619 0.6014375003095975 0.552723438095238 0.6031296873065015 0.564728125 0.6084859374613003 0.5733046880952382 0.6160968749226006 0.5847375 0.6197625003095975 0.5807359369047619 0.6194796873065016 0.5710171880952382 0.6197625003095975 0.5618703119047619 0.6189156247678018 0.5487203119047619 0.6172249999999999 0.5349999999999999 0.6124328123839009 0.5207078130952381 0.6067937498452012 0.5127031249999999 0.6059484377708978 0.5195640630952381
2 0.6301921876160991 0.54243125 0.6276546873065015 0.5327125 0.6251187498452012 0.5315703119047619 0.620325 0.5327125 0.6177890625386997 0.544146875 0.6180703126934984 0.556153125 0.6220171876160991 0.5618703119047619 0.6256812501547988 0.5653 0.6301921876160991 0.568729688095238 0.6321656247678019 0.5607265619047619 0.6301921876160991 0.54243125
2 0.6411874996904026 0.524709375 0.64175 0.53614375 0.6349843752321981 0.532140625 0.6301921876160991 0.532140625 0.6265281250773994 0.543575 0.6268093752321982 0.556725 0.6301921876160991 0.5693015630952382 0.6389312501547988 0.579592188095238 0.6473890625386997 0.5813078119047619 0.6530265622291022 0.5761625 0.6589468749226005 0.568159375 0.6628937498452012 0.553865625 0.6634578123839009 0.535571875 0.6614843752321982 0.5195640630952381 0.6555640625386997 0.5207078130952381 0.6552828123839008 0.514990625 0.6510531250773993 0.51213125 0.6431609374613002 0.5172765630952381 0.6411874996904026 0.524709375
9 0.6413 0.4817734369047619 0.6428499999999999 0.514475 0.6471921876160991 0.511959375 0.6475015622291022 0.464165625 0.6490515622291021 0.4214015619047619 0.6502921876160991 0.3842984369047619 0.6459515622291022 0.4320921869047619 0.6447109374613003 0.39184375 0.6434703126934984 0.44467031190476186 0.6413 0.4817734369047619
2 0.6679687498452012 0.520764061904762 0.6630062501547989 0.5289390630952381 0.6630062501547989 0.5446609380952381 0.6667281250773994 0.5622703130952381 0.6757203126934985 0.571703125 0.6875046873065015 0.573590625 0.694326562229102 0.5698171869047619 0.7061100606811145 0.568438844047619 0.7110936340557276 0.555668438095238 0.7117165808049536 0.5273243630952381 0.708290373993808 0.5154883761904762 0.7023723801857585 0.5048982833333333 0.6887453126934985 0.498753125 0.6849298736842105 0.5070785964285714 0.6757203126934985 0.50944375 0.6710687498452013 0.511959375 0.6679687498452012 0.520764061904762
9 0.7020796873065015 0.45158750000000003 0.70425 0.42769062500000005 0.703940624767802 0.406309375 0.6995984377708978 0.449071875 0.6927765622291021 0.4735984380952381 0.6862640625386996 0.49246406309523805 0.6819234377708979 0.5018984369047619 0.6803718749226007 0.5100734369047619 0.6921562501547988 0.5075578119047619 0.6933968749226006 0.5063 0.6933968749226006 0.500010936904762 0.6968078123839009 0.4817734369047619 0.6977375003095975 0.4710828130952381 0.7020796873065015 0.45158750000000003
9 0.6930859374613003 0.49812500000000004 0.6949468749226007 0.47234062499999996 0.6949468749226007 0.4452984369047619 0.6937062501547987 0.42014375 0.6909156247678018 0.40379375 0.6881250000000001 0.4522171869047619 0.6856437498452013 0.485546875 0.6856437498452013 0.4968671880952381 0.6930859374613003 0.49812500000000004
9 0.6763406247678019 0.47485625000000004 0.6803718749226007 0.498753125 0.6850234377708978 0.49309375 0.680992187616099 0.480515625 0.679132812383901 0.45158750000000003 0.677892187616099 0.430834375 0.6797515622291022 0.4081953130952381 0.6760312501547988 0.4232890619047619 0.6754109374613002 0.44655625000000004 0.6763406247678019 0.47485625000000004
2 0.6648568953560371 0.6912146738095237 0.6673381455108359 0.6868115488095238 0.6676490829721362 0.6710896738095238 0.6660975207430341 0.6534818607142857 0.6623772080495355 0.6478209238095238 0.6561740829721363 0.6434193607142857 0.6527631455108358 0.6459349857142856 0.6549334582043344 0.6578834238095238 0.657105333126935 0.6698318607142857 0.6574147083591332 0.6811521738095238 0.6614459578947368 0.6874412357142857 0.6648568953560371 0.6912146738095237
2 0.6143237430340557 0.6685019023809524 0.6183549931888546 0.6766784654761905 0.6186659306501548 0.6861112773809525 0.6195956179566564 0.6968019023809523 0.6239378055727554 0.6974300273809524 0.6276581182662538 0.6936581523809524 0.6295190557275542 0.6785644023809524 0.6273487430340557 0.6628425273809524 0.6254878055727554 0.6565534654761904 0.6195956179566564 0.6496362773809524 0.6140143684210526 0.6464909654761904 0.6075018681114551 0.6464909654761904 0.6044003058823529 0.6552956523809524 0.6096721808049536 0.6615847154761906 0.6143237430340557 0.6685019023809524
2 0.7254214074303407 0.48994756309523807 0.723241094117647 0.4964885035714286 0.714519840866873 0.5067671238095238 0.714519840866873 0.5139310095238095 0.71576573374613 0.5285702571428571 0.7188804674922601 0.5397832976190476 0.7210607808049536 0.5472586571428572 0.7247984606811145 0.5550454904761905 0.7297820340557276 0.5581602238095238 0.745044227863777 0.5575372773809524 0.7531425349845201 0.5422750845238096 0.7621752619195046 0.53448825 0.7609293684210526 0.5126851166666667 0.7596834749226006 0.49461966309523814 0.7522081145510836 0.4762427357142857 0.7375688681114551 0.4796689428571429 0.7254214074303407 0.48994756309523807
2 0.4105218613003096 0.5267014166666667 0.41145628111455107 0.5503733904761905 0.4148824879256966 0.565012638095238 0.4251611083591331 0.5615864309523809 0.4267184749226006 0.5441439238095238 0.4248496352941176 0.5319964642857142 0.4229807950464396 0.5182916369047619 0.4208004817337461 0.5048982833333333 0.4145710148606811 0.5020950226190476 0.4123907015479876 0.5086359630952381 0.4105218613003096 0.5220293166666666 0.4105218613003096 0.5267014166666667
2 0.30088324582043346 0.5139310095238095 0.2990144055727554 0.5198490035714286 0.2949652526315789 0.5347997238095238 0.29589967244582044 0.542898030952381 0.30119471950464394 0.5550454904761905 0.30929302600619196 0.5640782178571428 0.318014279876161 0.5659470583333334 0.338571520123839 0.5690617916666667 0.34916161362229103 0.5615864309523809 0.3544566600619195 0.5270128904761905 0.3488501399380805 0.5142424833333333 0.337948573374613 0.5136195369047619 0.32766995294117646 0.5136195369047619 0.3183257529411765 0.5123736428571429 0.31116186625386993 0.5105048035714286 0.30430945263157894 0.5095703833333334 0.30088324582043346 0.5139310095238095
2 0.356636973374613 0.52047195 0.349784560371517 0.5304390976190476 0.35383371331269353 0.5469471845238095 0.35539108049535606 0.5587831714285714 0.36411233374613006 0.5727994714285715 0.37812863405572755 0.5718650511904761 0.38217778761609905 0.5612749571428571 0.38498104767801855 0.5435209773809524 0.3874728340557276 0.5214063702380952 0.3874728340557276 0.5161113238095237 0.381554840866873 0.508947436904762 0.3743909541795666 0.5058327035714286 0.36971885386996906 0.5070785964285714 0.3672270674922601 0.5108162761904762 0.35944023343653253 0.5192260571428571 0.35632550030959753 0.5214063702380952 0.356636973374613 0.52047195
2 0.2563425585139319 0.4967999761904762 0.2491786718266254 0.5014720761904762 0.25260487801857584 0.5120621702380953 0.2541622452012384 0.5316849904761904 0.26008023839009287 0.5481930773809524 0.2740965386996904 0.5603405380952381 0.28873578575851394 0.554422544047619 0.29558819938080494 0.5435209773809524 0.30057177275541797 0.52514405 0.29932587925696597 0.51112775 0.2990144055727554 0.49804587023809527 0.29714556594427244 0.4812263095238095 0.2865554724458204 0.4703247428571429 0.2768997987616099 0.4771771559523809 0.2675555987616099 0.4967999761904762 0.26880149164086686 0.5083244904761904 0.2566540315789474 0.5020950226190476 0.2563425585139319 0.4967999761904762
11 0.25714975232198145 0.3401146 0.25219662724458203 0.3487825702380952 0.24641798142414859 0.36364194523809523 0.23940105386996904 0.38882033214285716 0.2402265746130031 0.39790106190476193 0.24641798142414859 0.410283875 0.2542604297213622 0.4243177297619048 0.26375391950464394 0.4404153869047619 0.28067709783281736 0.42927085476190474 0.28397918080495355 0.3913445273809524 0.2852174625386997 0.3810255166666667 0.289345066873065 0.35543436904761905 0.29594923405572754 0.3323197845238095 0.29347267120743037 0.3145710857142857 0.2918216291021672 0.28320129285714285 0.2856302229102167 0.24889454404761904 0.27448569102167186 0.26705600357142856 0.2720091281733746 0.27613673333333333 0.2682942842105263 0.287694025 0.2629283987616099 0.30998308809523806 0.2608645962848297 0.33020835000000004 0.25714975232198145 0.3401146
11 0.13386697275541795 0.7128275083333334 0.13245487368421052 0.7314672130952381 0.13358455294117647 0.7537783750000001 0.13753842972136224 0.774395019047619 0.1547660359133127 0.7964237607142857 0.16408588854489164 0.8102623297619048 0.17284090154798762 0.8170404047619048 0.1793365560371517 0.8289020345238095 0.1928927052631579 0.8396339869047619 0.20870821238390092 0.8359625297619048 0.20786095294117649 0.8232536392857143 0.2092730520123839 0.808850230952381 0.21012031145510837 0.796706180952381 0.21209724953560372 0.7780664761904762 0.21124999071207431 0.7622509678571429 0.21040273126934983 0.7503893380952381 0.21040273126934983 0.7373980285714286 0.20729611393188854 0.7263836571428571 0.20136529845201237 0.7179110642857143 0.19176302600619197 0.7196055821428572 0.18526737151702785 0.7221473607142858 0.17905413622291022 0.7179110642857143 0.17368816037151702 0.7145220261904761 0.16662766625386996 0.7105681500000001 0.1629562092879257 0.7049197547619048 0.1598495919504644 0.6998361988095237 0.1494000600619195 0.6958823214285714 0.1381032693498452 0.6995537785714286 0.13527907120743032 0.7074615321428571 0.13386697275541795 0.7128275083333334
9 0.39855235232198144 0.48654442976190476 0.39885682291021674 0.4637091154761904 0.3970299975232198 0.44209168452380954 0.3948987015479876 0.4192563702380952 0.3900271678018576 0.4040328273809524 0.3912450513931889 0.4174295452380953 0.39307187678018574 0.4390469761904762 0.3933763473684211 0.4631001738095238 0.3939852891640867 0.501159030952381 0.3979434105263158 0.499332205952381 0.39855235232198144 0.48654442976190476
2 0.7069466204334365 0.655128542857143 0.7081803839009287 0.6526610154761904 0.7174336117647059 0.663148007142857 0.7174336117647059 0.6637648892857143 0.7236024309597523 0.6520441345238096 0.7205180210526316 0.6384727333333333 0.7161998482972136 0.6279857416666667 0.7124985572755418 0.6224338047619047 0.7100310297213623 0.6224338047619047 0.7026284470588235 0.6292195047619048 0.6970765102167182 0.6335376785714286 0.6933752191950465 0.636005205952381 0.6847388730650155 0.6409402607142857 0.6983102743034056 0.650193488095238 0.7069466204334365 0.655128542857143
11 0.784056853869969 0.6779531726190476 0.7815893263157895 0.6890570464285714 0.7828230897832817 0.7094141476190475 0.7939269634674921 0.7297712488095238 0.8161347108359133 0.7384075952380953 0.84142686749226 0.7445764142857143 0.854381386377709 0.7334725404761905 0.8599333232198142 0.7026284476190476 0.8617839690402476 0.6884401642857143 0.8815241888544892 0.6643817714285715 0.8815241888544892 0.6606804797619047 0.8679527876160992 0.6619142440476191 0.8537645046439628 0.6563623071428571 0.8352580489164088 0.6427909059523809 0.8297061120743034 0.6323039142857142 0.8247710569659443 0.6273688595238095 0.8130503015479876 0.6168818678571429 0.7988620185758515 0.612563694047619 0.7933100817337462 0.6205831583333333 0.7939269634674921 0.6335376785714286 0.7877581448916409 0.663148007142857 0.784056853869969 0.6779531726190476
7 0.5031942569659442 0.7460292964285715 0.4981873492260062 0.752037586904762 0.4964349312693499 0.7580458761904763 0.495934240247678 0.7638038202380952 0.4976866582043344 0.7715645273809524 0.4989383851393189 0.7773224714285715 0.4996894216718266 0.7798259261904762 0.4999397671826626 0.7810776523809524 0.5049466749226006 0.7843321428571429 0.509202546749226 0.7838314523809523 0.5107046191950464 0.7830804166666667 0.5134584185758514 0.7810776523809524 0.5144598 0.778824544047619 0.5162122179566564 0.7748190178571429 0.517213599380805 0.7713141821428571 0.5177142904024767 0.7690610738095238 0.5187156718266254 0.7643045107142857 0.5192163628482972 0.7600486392857143 0.5192163628482972 0.7555424214285714 0.519717053869969 0.752037586904762 0.5174639448916408 0.7480320595238096 0.5061984018575851 0.7457789511904762 0.5031942569659442 0.7460292964285715
