2 0.3198843752321981 0.453221875 0.3198843752321981 0.45922968690476185 0.3132531250773994 0.4642359380952381 0.3118328123839009 0.48125781190476186 0.2962031250773994 0.4672390630952381 0.28909843777089783 0.48125781190476186 0.2964281250773994 0.4945875 0.3099390625386997 0.5012828130952381 0.3175156247678019 0.49927968690476193 0.32414687492260064 0.453221875 0.3198843752321981 0.453221875
2 0.3355140625386997 0.4562265630952381 0.3265156247678018 0.455225 0.32367343777089785 0.46223281309523806 0.3194109374613003 0.4762515619047619 0.3194109374613003 0.492271875 0.3213046873065015 0.507290625 0.3255671876160991 0.5163015619047618 0.331725 0.5132984380952381 0.34025 0.522309375 0.3478281250773994 0.5233109369047619 0.35209062476780184 0.5153 0.35019531269349846 0.50028125 0.3454593752321981 0.4962765630952381 0.34167031269349846 0.492271875 0.34119687492260065 0.48025625 0.33882968730650154 0.4652375 0.3355140625386997 0.4562265630952381
2 0.3795593752321981 0.522309375 0.3729296873065015 0.5233109369047619 0.3729296873065015 0.5333234380952381 0.3790859374613003 0.547340625 0.38382187492260067 0.5453375 0.3876109374613003 0.5413328119047619 0.39045312507739943 0.5273156250000001 0.38903281238390097 0.5042859380952381 0.3871374996904025 0.49026875000000003 0.3786124996904025 0.482259375 0.37813906253869967 0.4942734369047619 0.38003437523219813 0.51029375 0.3795593752321981 0.522309375
2 0.3918734377708978 0.5323218749999999 0.38619062476780186 0.5433359380952382 0.38477031269349843 0.56035625 0.39045312507739943 0.567365625 0.399925 0.57036875 0.4070296873065015 0.558354686904762 0.4112921876160991 0.547340625 0.41508125015479874 0.5333234380952381 0.4136609374613003 0.512296875 0.408925 0.498278125 0.4027671876160991 0.4892671869047619 0.39329531269349843 0.495275 0.3918734377708978 0.5132984380952381 0.3918734377708978 0.5323218749999999
9 0.3762019232198142 0.4855769226190476 0.3743312501547988 0.390340625 0.37724218761609907 0.3657203119047619 0.37109687492260063 0.405384375 0.3762019232198142 0.4855769226190476
9 0.4024875003095975 0.46959218690476195 0.40015312507739936 0.42021875 0.3971484377708978 0.389890625 0.397817187616099 0.47311875000000003 0.4024875003095975 0.46959218690476195
9 0.41216562476780183 0.4159875 0.41149843777089784 0.40470156309523814 0.40816093746130033 0.3905953119047619 0.41083125015479877 0.4258625 0.41116406253869964 0.442084375 0.41216562476780183 0.4159875
1 0.5803453126934985 0.55916875 0.5900218749226006 0.5683375 0.6020343752321982 0.5683375 0.6117124996904025 0.5577578119047619 0.6120453126934985 0.5394203119047619 0.6067062501547987 0.5027421869047619 0.5966953126934984 0.48793125000000004 0.5873531250773993 0.490046875 0.5783421876160991 0.4963953119047619 0.5746718749226006 0.5126171869047619 0.5743390625386997 0.523196875 0.5756734377708977 0.5394203119047619 0.5803453126934985 0.55916875
2 0.6364046873065016 0.533071875 0.6360703126934985 0.51120625 0.631732812383901 0.4907515630952381 0.624392187616099 0.4766453130952381 0.6193859374613003 0.487225 0.6140468749226006 0.49992187499999996 0.6100437498452013 0.50133125 0.6103765622291022 0.538009375 0.6137140625386996 0.5415359380952381 0.6207218749226006 0.548589061904762 0.6297312501547988 0.55 0.6364046873065016 0.533071875
9 0.6227234377708978 0.475940625 0.6173843752321981 0.4237453119047619 0.6143812501547988 0.39200625 0.6077078123839009 0.365909375 0.6123796873065016 0.40329062499999996 0.6153828123839009 0.45266406190476194 0.61605 0.48299375 0.6163828123839009 0.48652031190476186 0.6227234377708978 0.475940625
2 0.6454140625386997 0.48087812500000005 0.6360703126934985 0.485109375 0.632067187616099 0.47946718690476187 0.6334015622291022 0.5006265630952381 0.6377390625386997 0.515439061904762 0.6420781250773994 0.5217859369047619 0.6470828123839009 0.5224921880952381 0.6540906247678019 0.518965625 0.6620984377708978 0.5147328119047619 0.6687734377708978 0.5048578119047619 0.670775 0.4928671880952381 0.6661031250773993 0.480171875 0.6587624996904025 0.4921625 0.6517546873065015 0.485109375 0.6500859374613004 0.4935734380952381 0.6464156247678019 0.49992187499999996 0.6447468749226005 0.48934062500000003 0.6454140625386997 0.48087812500000005
2 0.6791171876160991 0.46183281190476194 0.6741109374613002 0.4590125 0.6721093752321982 0.44772656309523806 0.6704406247678018 0.4674765630952381 0.671442187616099 0.48087812500000005 0.6751124996904024 0.490046875 0.6801187498452013 0.4935734380952381 0.6864578123839009 0.49498437500000003 0.6948000000000001 0.490046875 0.703142187616099 0.4836984380952381 0.710817187616099 0.4724140630952381 0.710817187616099 0.466065625 0.7044781250773994 0.4576015619047619 0.6998062501547987 0.4576015619047619 0.6941328123839009 0.46324375 0.6887937498452013 0.46959218690476195 0.6817859374613002 0.471003125 0.6791171876160991 0.46183281190476194
0 0.6614312501547988 0.4484328119047619 0.6600968749226006 0.46042343690476195 0.6627656247678018 0.475940625 0.6701078123839009 0.4766453130952381 0.6691062501547989 0.46395000000000003 0.6657687498452013 0.4491375 0.6614312501547988 0.4484328119047619
2 0.6694406247678018 0.5605796880952381 0.6804515622291022 0.5577578119047619 0.6924640625386997 0.5514109380952381 0.6924640625386997 0.54435625 0.6904624996904025 0.5288390619047619 0.6841218749226006 0.533071875 0.6804515622291022 0.52601875 0.6767812501547988 0.5337765630952381 0.6737781250773993 0.53095625 0.671442187616099 0.5394203119047619 0.6661031250773993 0.540125 0.6607640625386997 0.5478828130952381 0.6644343752321982 0.5605796880952381 0.6694406247678018 0.5605796880952381
2 0.6387406247678019 0.5902031249999999 0.6487515622291021 0.580328125 0.6507531250773994 0.57398125 0.6514203126934984 0.5612843750000001 0.6454140625386997 0.55916875 0.6414093752321981 0.5626953119047619 0.6367390625386997 0.5690437500000001 0.6314 0.5697484369047618 0.6250593752321981 0.5746859369047619 0.6210546873065016 0.5789187499999999 0.6120453126934985 0.581034375 0.6107109374613003 0.593025 0.6157156247678018 0.614889063095238 0.6193859374613003 0.6191218749999999 0.6253937498452012 0.618417188095238 0.624725 0.5979625 0.6300640625386996 0.5916140619047618 0.6340687498452012 0.5958453130952381 0.6387406247678019 0.5902031249999999
2 0.3594421876160991 0.56410625 0.35577187492260065 0.5690437500000001 0.3437593752321981 0.5556421880952381 0.3380859374613003 0.5725703130952381 0.35844062476780186 0.595140625 0.3594421876160991 0.5880875 0.36611562476780185 0.5937296880952381 0.36645 0.6085421869047619 0.375125 0.6205328130952381 0.38380156222910217 0.5838546869047618 0.3781281250773994 0.5760968750000001 0.37112187492260057 0.5775078119047619 0.3594421876160991 0.56410625
2 0.3304109374613003 0.54435625 0.32440468730650157 0.538009375 0.3173968749226006 0.5351875 0.3120578123839009 0.5288390619047619 0.3077203126934984 0.5253125 0.3033828123839009 0.5267234380952381 0.2967078123839009 0.520375 0.29237031269349845 0.523196875 0.2910359374613003 0.532365625 0.29604062476780185 0.547178125 0.30137968730650155 0.556346875 0.3110578123839009 0.5605796880952381 0.31672968730650153 0.5549375 0.32473906253869966 0.5584640619047618 0.3287421876160991 0.5535265619047619 0.3304109374613003 0.54435625
13 0.36718749969040243 0.6380208333333334 0.416666666873065 0.6666666666666666 0.447916666873065 0.6770833333333334 0.5039062501547987 0.6692708333333334 0.5638020835913312 0.6640625 0.625 0.640625 0.6875 0.6080729166666666 0.703125 0.5911458333333334 0.7148437498452012 0.57421875 0.7018229164086687 0.5638020833333334 0.6497395832817336 0.6119791666666666 0.598958333126935 0.6432291666666666 0.5494791665634675 0.6575520833333334 0.5026041665634675 0.66015625 0.4544270835913312 0.66015625 0.42838541671826624 0.6588541666666666 0.369791666873065 0.6276041666666666 0.3151041665634675 0.58984375 0.2773437498452012 0.5598958333333334 0.27213541671826624 0.5768229166666666 0.32421874984520127 0.6158854166666666 0.36718749969040243 0.6380208333333334
13 0.2851562501547988 0.4322916666666667 0.3007812501547988 0.4401041666666667 0.3411458334365325 0.4661458333333333 0.3919270835913312 0.4986979166666667 0.42838541671826624 0.51953125 0.4661458334365325 0.52734375 0.5182291665634675 0.5234375 0.5664062501547987 0.515625 0.598958333126935 0.50390625 0.640625 0.4817708333333333 0.6692708334365325 0.46484375 0.7057291665634675 0.4296875 0.7096354167182664 0.4140625 0.671875 0.4283854166666667 0.6393229164086687 0.453125 0.588541666873065 0.4869791666666667 0.5455729164086688 0.4986979166666667 0.4544270835913312 0.5013020833333334 0.40625 0.4778645833333333 0.36718749969040243 0.45703125 0.328125 0.4361979166666667 0.29036458328173376 0.4153645833333333 0.2851562501547988 0.4322916666666667
9 0.604567307739938 0.49639423095238094 0.5865384613003096 0.43269230714285717 0.588942307739938 0.49639423095238094 0.604567307739938 0.49639423095238094
