1 0.6361391228629145 0.5414249999999999 0.6067889913731506 0.5414249999999999 0.6067891282895062 0.48546562499999996 0.6361390005527028 0.48546562499999996
3 0.6333158652088287 0.49012058258727864 0.6170222965788525 0.4896060700619333 0.6205176492355804 0.37892696350979566 0.6368109764243854 0.3794414721905317
11 0.7459925658747579 0.5816292243924355 0.8042748994982958 0.604936582122348 0.7609241850016133 0.7133256742100242 0.7026420014711903 0.6900185847364259
2 0.35934186337806295 0.5397049021369696 0.35907608857189643 0.5503493471572405 0.3497810068623721 0.5501172772160905 0.3500467896712962 0.5394728404110646
2 0.362021956997296 0.5331502861840365 0.37824264872790536 0.5322500700517198 0.3794288471923437 0.5536218794312122 0.363208155596908 0.5545220939685086
2 0.6759083100433827 0.5195446632266506 0.674815221917811 0.5414141642224626 0.6439539218765731 0.5398717076273855 0.6450470615657196 0.5180022609658251
2 0.7150387514549266 0.5324840484374999 0.6898847955496876 0.5324840484374999 0.6898848394577044 0.5086768515625 0.7150386999999228 0.5086768515625
2 0.7274216454665066 0.618503256780473 0.6981969527656702 0.6226738696166844 0.6890026576026003 0.5582525149069923 0.7182270149285159 0.554081926350425
2 0.6754160597703276 0.5705347885178372 0.6824436426104512 0.5893941091642921 0.6521815798108719 0.6006694662651453 0.6451540610341908 0.5818101999164323
2 0.6387683907300925 0.6186407852292434 0.5997441198391016 0.6172965241680552 0.6011119040514359 0.5775984276144159 0.6401358944566482 0.5789426838594928
2 0.35951854779784753 0.6375730438921355 0.35951866737093496 0.5914283595105336 0.40211815672557805 0.591428481071305 0.4021182212391068 0.6375729811764949
2 0.316397415809206 0.5926052644037725 0.33695385319310844 0.572418558385462 0.3582681780178518 0.594120983962946 0.33771179553548336 0.6143076345083972
2 0.2998153222648625 0.613100686998601 0.2716805472919077 0.6106353415097743 0.2753352547326813 0.5689332496946311 0.3034698199828654 0.571398585973195