11 0.7522968743034056 0.4727796738095238 0.7422446315789474 0.4873716392857143 0.7402990359133126 0.5019636035714286 0.744190226625387 0.5233651523809524 0.7474328854489164 0.5512520202380953 0.761376318885449 0.5684381119047619 0.7678616371517027 0.5752476964285714 0.7766168160990712 0.5859484702380953 0.7941271746130031 0.5901639273809524 0.8035308854489164 0.5856242047619048 0.81163753250774 0.5736263666666667 0.8122860643962849 0.5635741238095238 0.8113132668730649 0.5522248178571428 0.8041794173374613 0.5360115226190476 0.7973698334365326 0.5256241190476191 0.7899117176470588 0.5155718761904762 0.7899117176470588 0.5110321535714285 0.7905602495356038 0.500007113095238 0.7902359839009288 0.4889820726190476 0.7873175907120743 0.4824967547619048 0.7840749318885449 0.47276877857142857 0.7808322730650155 0.4649863964285714 0.7788866773993809 0.4614194714285714 0.7736984229102166 0.45201576071428573 0.7642947120743033 0.4471517726190476 0.760403521362229 0.44974590000000003 0.7526211399380804 0.4627165357142857 0.7509998105263158 0.47179598095238096 0.7522968743034056 0.4727796738095238
2 0.6978202037151703 0.4954782857142857 0.69911726749226 0.5090974535714285 0.7137092328173376 0.5120158464285715 0.7224644117647059 0.5035849333333333 0.7292739956656347 0.493208425 0.732840920743034 0.48575030952380954 0.7347865157894737 0.4779679273809524 0.7321923888544892 0.4692127488095238 0.7266798687306502 0.4607818357142857 0.7188974873065016 0.46370022857142856 0.715979094117647 0.4682399511904762 0.7075481808049535 0.47667086428571426 0.6978202037151703 0.48899296785714286 0.6978202037151703 0.4954782857142857
2 0.6605296260061919 0.5506034880952381 0.6683120074303405 0.546388030952381 0.6735002619195046 0.5434696380952381 0.682579707120743 0.5330931297619047 0.6854980996904025 0.5282291416666667 0.6884164928792569 0.5175283666666667 0.6880922272445821 0.5052062630952381 0.6777157182662538 0.5039091988095238 0.6657178804953561 0.5107187833333333 0.6527472445820434 0.5220680892857142 0.6462619269349845 0.5327688642857142 0.6605296260061919 0.5506034880952381
2 0.6135110712074303 0.5716807714285714 0.6225905164086688 0.5723293023809524 0.6310214297213622 0.5632498583333333 0.6358854179566564 0.5564402738095238 0.6368582160990711 0.5515762857142857 0.6365339498452012 0.5460637654761905 0.6300486321981424 0.5405512452380952 0.621293452631579 0.5460637654761905 0.6112412105263157 0.5626013261904762 0.6135110712074303 0.5716807714285714
2 0.6157809325077399 0.5288776726190476 0.6219419845201238 0.5223923547619047 0.6248603777089783 0.5155827714285715 0.6229147826625387 0.5123401130952381 0.6174022619195046 0.5065033261904761 0.610268412383901 0.5090974535714285 0.6037830947368421 0.5120158464285715 0.598919106501548 0.5204467595238095 0.6024860309597523 0.5340659273809524 0.6086470829721362 0.5337416619047619 0.6157809325077399 0.5288776726190476
2 0.6397766086687307 0.5113673142857142 0.6420464699690402 0.5097459857142856 0.6504773832817338 0.5055305285714286 0.6511259151702785 0.5022878702380952 0.648856053869969 0.4980724130952381 0.6449648631578947 0.4945054880952381 0.6394523430340557 0.4909385630952381 0.6384795455108359 0.4909385630952381 0.632642759133127 0.4990452107142857 0.6329670253869969 0.5055305285714286 0.6352368866873066 0.5123401130952381 0.6397766086687307 0.5113673142857142
2 0.6679877417956657 0.4922356273809524 0.6741487938080495 0.493208425 0.6854980996904025 0.4863988404761905 0.6936047473684211 0.47602233214285716 0.6987930018575852 0.4679156845238095 0.6987930018575852 0.4633759630952381 0.6942532792569659 0.45656637857142857 0.6871194297213623 0.45818770833333333 0.6842010365325077 0.46175463333333333 0.6822554408668731 0.46370022857142856 0.6754458569659443 0.4598090380952381 0.6709061349845201 0.4607818357142857 0.6692848049535605 0.4646730261904762 0.6696090712074304 0.471158344047619 0.6709061349845201 0.4779679273809524 0.6666906780185758 0.4870473726190476 0.6679877417956657 0.4922356273809524
2 0.7104665739938081 0.45559358095238095 0.715979094117647 0.46013330357142856 0.7273284 0.4517023904761905 0.7354350476780185 0.4432714773809524 0.7367321114551083 0.4364618928571429 0.738353440866873 0.4306251071428572 0.7367321114551083 0.4234912571428572 0.7247342730650155 0.4238155238095238 0.7214916142414861 0.42316699166666666 0.7188974873065016 0.4254368523809524 0.7169518916408668 0.4332192345238095 0.7111151058823529 0.43873175476190474 0.710142307739938 0.44878399761904764 0.7104665739938081 0.45559358095238095
2 0.408575026625387 0.576869025 0.4088992922600619 0.5794631523809524 0.4105206216718266 0.5872455345238096 0.41441181238390096 0.5885425976190476 0.4179787374613003 0.5885425976190476 0.42154566191950466 0.5878940654761905 0.42381552321981425 0.5859484702380953 0.4264096507739938 0.5833543428571428 0.4296523095975232 0.5771932916666667 0.4277067139318886 0.5713565047619047 0.4228427256965944 0.5651954535714285 0.41538461052631576 0.5651954535714285 0.408575026625387 0.5739506321428571 0.408575026625387 0.576869025
2 0.3430733157894737 0.5480093607142857 0.3453431770897833 0.5473608285714285 0.34599170897832815 0.5509277535714285 0.34793730402476786 0.5557917428571428 0.3560439517027864 0.5557917428571428 0.3586380786377709 0.5522248178571428 0.3586380786377709 0.5473608285714285 0.3641505987616099 0.5522248178571428 0.36966311888544895 0.5457395 0.3722572464396285 0.5424968404761904 0.3699873851393189 0.5337416619047619 0.3631778012383901 0.5269320773809524 0.3515042291021672 0.5181768988095238 0.33626373188854486 0.512988644047619 0.3313997436532508 0.5185011642857142 0.3323725411764706 0.5288776726190476 0.33399387058823526 0.5369843202380952 0.33788506130030965 0.5460637654761905 0.3430733157894737 0.5480093607142857
2 0.28729958204334366 0.5042334654761904 0.29216357027863776 0.5068275928571429 0.29735182476780186 0.5087731880952381 0.30448567430340556 0.5159070369047619 0.3103224606811145 0.5159070369047619 0.31356511950464394 0.5142857083333333 0.31907763962848296 0.5090974535714285 0.3203747034055727 0.5000180083333333 0.31388938513931885 0.49158709523809524 0.3083768650154799 0.48834443690476187 0.30221581300309597 0.48542604285714286 0.29864888854489163 0.48218338452380954 0.290866507120743 0.47667086428571426 0.2830841256965944 0.4727796738095238 0.27692307368421054 0.4727796738095238 0.2736804142414861 0.47926499166666664 0.27497747801857586 0.48283191666666664 0.28146279628482973 0.4954782857142857 0.28729958204334366 0.5042334654761904
11 0.2117456291021672 0.6005404357142857 0.23476850712074304 0.5904881928571428 0.2490362068111455 0.5749234297619048 0.26233110835913315 0.5613042630952381 0.27238335108359135 0.5454152333333333 0.27011348978328176 0.5382813845238095 0.26200684210526315 0.5279048749999999 0.25876418328173373 0.5214195571428571 0.2590884495356037 0.5149342392857142 0.25876418328173373 0.5042334654761904 0.25714285386996905 0.49482975476190477 0.25325166315789477 0.4870473726190476 0.24579354736842104 0.47861645952380955 0.23314717770897833 0.4802377892857143 0.22471626439628484 0.49742388095238094 0.21693388297213623 0.5181768988095238 0.2094757678018576 0.5382813845238095 0.19845072693498453 0.5645469214285714 0.20007205634674924 0.5927580547619048 0.2117456291021672 0.6005404357142857
2 0.2756260099071208 0.45202665595238095 0.2837326569659443 0.45656637857142857 0.2954062297213622 0.45916050595238095 0.3002702179566563 0.4491082630952381 0.29183930464396285 0.43808322261904764 0.27984146625386996 0.43711042499999997 0.27724733931888546 0.4390560202380952 0.27497747801857586 0.44521707261904764 0.2756260099071208 0.45202665595238095
2 0.3174563102167183 0.47050981190476193 0.3203747034055727 0.48218338452380954 0.32296883034055723 0.4873716392857143 0.3352909343653251 0.49515402023809524 0.3453431770897833 0.5016393380952381 0.3573410154798761 0.4919113607142857 0.3563682173374613 0.486074575 0.352801292879257 0.48250765 0.346964506501548 0.47861645952380955 0.3443703795665634 0.4727796738095238 0.34339758204334364 0.46953701428571426 0.3421005182662539 0.46532155833333333 0.3401549226006192 0.46175463333333333 0.33464240247678023 0.46532155833333333 0.3317240092879257 0.4630516964285714 0.3206989690402477 0.4643487607142857 0.3174563102167183 0.47050981190476193
2 0.40111691083591333 0.509421719047619 0.3978742520123839 0.5133129107142858 0.3991713157894736 0.5249864821428571 0.4040353040247678 0.5304990023809524 0.4114934198142415 0.5330931297619047 0.41441181238390096 0.5204467595238095 0.40987208978328177 0.5142857083333333 0.40111691083591333 0.509421719047619
7 0.2897694513931889 0.6414401166666667 0.27720978452012385 0.6535512238095238 0.2691357133126935 0.667456569047619 0.2659957962848297 0.6764277595238095 0.2659957962848297 0.6916787833333333 0.2691357133126935 0.7019956523809523 0.2825924990712074 0.7127610809523809 0.29604928482972137 0.7136582 0.2982920823529412 0.7051355690476191 0.3014319987616099 0.6871931880952382 0.30277767739938083 0.6710450452380952 0.3041233560371517 0.6571397 0.3077118321981424 0.6369545214285713 0.3045719157894737 0.6297775690476191 0.2951521653250774 0.6369545214285713 0.2897694513931889 0.6414401166666667
