1 0.3894781250773994 0.50290625 0.3894781250773994 0.49927343809523805 0.3894781250773994 0.4912796869047619 0.36405312507739934 0.4811046869047619 0.36228750030959755 0.49273281190476187 0.3594625003095975 0.50799375 0.35840468730650155 0.5138078119047619 0.35805156222910217 0.521075 0.35840468730650155 0.53125 0.360875 0.5436046869047618 0.3651124996904025 0.54941875 0.37040937523219813 0.5537796869047619 0.37570625015479875 0.5537796869047619 0.3802968749226006 0.552325 0.38453437523219813 0.5501453130952382 0.3870062501547987 0.5436046869047618 0.3887718749226006 0.5363375 0.38983125015479875 0.527615625 0.38983125015479875 0.521075 0.38983125015479875 0.5152609369047619 0.3894781250773994 0.5072671880952381 0.3894781250773994 0.50290625
1 0.4191390625386997 0.537790625 0.4201984377708979 0.5327031249999999 0.4194921876160991 0.5261625 0.4194921876160991 0.5225296869047619 0.4191390625386997 0.514534375 0.41878593746130033 0.5094484380952381 0.4173734377708978 0.50290625 0.3930078123839009 0.49927343809523805 0.3912421876160991 0.5087203130952381 0.3901843752321982 0.5188953130952382 0.3887718749226006 0.5268890630952381 0.38771249969040245 0.533429688095238 0.3870062501547987 0.5421515619047619 0.38630000000000003 0.5530515619047619 0.389125 0.558865625 0.39194843777089783 0.5625 0.3951265622291022 0.5668609369047619 0.39795156222910216 0.5697671880952381 0.4014828123839009 0.5675875 0.4064265622291022 0.563226561904762 0.40995781238390094 0.5610468750000001 0.4134890625386997 0.558865625 0.4163140625386997 0.55450625 0.41772656222910215 0.5501453130952382 0.41843281238390095 0.5450578119047619 0.4191390625386997 0.537790625
9 0.37937930464396286 0.4967085976190476 0.38135266749226004 0.40323304047619046 0.3726973535603715 0.49440789523809525 0.37937930464396286 0.4967085976190476
9 0.40700608606811145 0.5085576071428571 0.40897944891640864 0.41969000357142855 0.3991127343653251 0.5039496511904762 0.40700608606811145 0.5085576071428571
2 0.32412569164086685 0.47301058095238097 0.3182056526315789 0.48420129523809524 0.31754788173374615 0.49736686666666663 0.31886347368421053 0.5046079452380953 0.3280723671826625 0.5151403916666667 0.3425435789473685 0.5151403916666667 0.3491213888544892 0.5046079452380953 0.3425435789473685 0.49934172261904763 0.3339924061919505 0.49473376785714285 0.33322366934984515 0.47878289523809525 0.32412569164086685 0.47301058095238097
2 0.2774232507739938 0.5348887476190476 0.2912366421052632 0.5441046571428572 0.3103123003095975 0.5520040047619047 0.31886347368421053 0.5513457119047619 0.32149455727554177 0.5388384345238095 0.3109700718266254 0.5355470416666667 0.3122856637770898 0.5263311321428572 0.3063656247678019 0.5335721857142857 0.3024189486068112 0.5329139178571428 0.29913004396284826 0.5283059630952381 0.2921052482972136 0.5281250011904762 0.2826855188854489 0.527647694047619 0.2774232507739938 0.5348887476190476
11 0.7240565535603715 0.5468423678571429 0.7128742972136223 0.5553999833333333 0.7148476600619195 0.581731125 0.7141898390092879 0.6093788285714286 0.7115587547987616 0.6284689166666667 0.7122164755417957 0.6429510238095237 0.7266876377708978 0.6429510238095237 0.7405010786377708 0.6271523535714286 0.7569456030959753 0.6153033452380953 0.7740479492260062 0.6041126047619048 0.7786523962848296 0.5856808107142857 0.7740479492260062 0.5606662071428571 0.7694434018575852 0.5573748142857142 0.7622078712074303 0.5521085904761904 0.737212173374613 0.5534251523809525 0.7240565535603715 0.5468423678571429
11 0.24716533560371515 0.5270940119047619 0.23006303962848296 0.5336767964285714 0.22216963777089785 0.545525805952381 0.22216963777089785 0.5751483392857143 0.23927193374613004 0.5988463821428571 0.2642676309597523 0.6153033452380953 0.2840010606811146 0.6008212130952381 0.2840010606811146 0.5830476869047619 0.27873879318885453 0.5672489916666666 0.2754498879256966 0.5540834214285714 0.28005438513931885 0.5336767964285714 0.2781249851393189 0.5240131583333333 0.2668987653250774 0.521169494047619 0.24716533560371515 0.5270940119047619
13 0.631527681114551 0.6152717011904761 0.6195105281733746 0.6215253619047619 0.605570586996904 0.6321084404761905 0.5945148650154799 0.64076735 0.588746573374613 0.6412484285714286 0.5911500037151703 0.6527935928571429 0.6036478718266254 0.6542367380952381 0.6161457399380805 0.636918938095238 0.6300856080495356 0.629222186904762 0.6574847015479875 0.6128664523809524 0.6743087151702787 0.5984349619047619 0.668990373374613 0.5884615392857142 0.6536391975232199 0.6003591678571428 0.631527681114551 0.6152717011904761
13 0.40175970650154796 0.636918938095238 0.3685923572755418 0.6147906583333334 0.32196581981424144 0.5840034702380952 0.3176396371517028 0.5993970642857143 0.32340785572755415 0.6070938714285714 0.36955371517027863 0.6287411071428571 0.39214598390092875 0.644615744047619 0.40464381547987616 0.6489451797619048 0.43540773374613 0.6691492714285714 0.43161056594427244 0.6545673083333333 0.4152188953560372 0.6450967857142857 0.40175970650154796 0.636918938095238
13 0.6517164829721362 0.46839866785714285 0.652677840247678 0.44915667976190476 0.6339311114551084 0.46118292261904764 0.6031671566563468 0.47561441309523805 0.5945148650154799 0.48379229880952385 0.5998797969040248 0.4983173083333334 0.622394600619195 0.4871596130952381 0.6517164829721362 0.46839866785714285
