2 0.3278953126934985 0.4884875 0.32487656222910216 0.5085890619047619 0.33522812507739935 0.510415625 0.34212968730650156 0.5140718750000001 0.3486 0.510415625 0.3498937498452012 0.4775234369047619 0.3425609374613003 0.4775234369047619 0.33954218761609906 0.49122812499999996 0.3278953126934985 0.4884875
1 0.3494625003095975 0.52138125 0.3529140625386997 0.533259375 0.36628437523219814 0.5296046869047619 0.37534374984520125 0.5186390619047619 0.3770687498452013 0.4948828130952381 0.3740484377708978 0.476609375 0.37059843777089785 0.4711265630952381 0.36024687492260066 0.46473125000000004 0.3529140625386997 0.467471875 0.3494625003095975 0.4775234369047619 0.3481687498452013 0.4875734380952381 0.3477375003095975 0.50310625 0.3494625003095975 0.52138125
9 0.35593281238390095 0.3221921869047619 0.3598156247678018 0.4053390619047619 0.3641281250773994 0.4035125 0.35593281238390095 0.3221921869047619
2 0.3956156247678018 0.51224375 0.38612656222910213 0.501279688095238 0.3869890625386997 0.4884875 0.38138125015479873 0.48391875 0.37620625015479875 0.4903140619047619 0.37620625015479875 0.500365625 0.3770687498452013 0.52138125 0.38655781238390097 0.5305171869047619 0.39216562476780187 0.5277765630952381 0.3956156247678018 0.51224375
2 0.6224984377708979 0.458334375 0.6173234377708978 0.4592484369047619 0.615167187616099 0.49396874999999996 0.6168921876160991 0.5241218750000001 0.62595 0.5268625 0.6350078123839009 0.5186390619047619 0.6363015622291022 0.4985375 0.6311265622291021 0.46473125000000004 0.6289687498452012 0.4601625 0.6224984377708979 0.458334375
0 0.6768765622291021 0.5057578130952382 0.6773218749226007 0.48596562499999996 0.6750968749226006 0.462403125 0.6710921876160991 0.4567484380952381 0.6670874996904024 0.4680578130952381 0.6666421876160991 0.48785 0.6728718749226006 0.49539062500000003 0.6768765622291021 0.5057578130952382
1 0.7222624996904025 0.44638124999999995 0.7155890625386997 0.420934375 0.7049093752321981 0.424703125 0.6871109374613004 0.44166875 0.6759859374613003 0.4586328119047619 0.6795468749226006 0.48313750000000005 0.6906703126934985 0.497275 0.7049093752321981 0.4887921880952381 0.7164781250773995 0.478425 0.7218187498452012 0.4661734380952381 0.7222624996904025 0.44638124999999995
2 0.682215624767802 0.46051875000000003 0.7013499999999999 0.452978125 0.7053546873065015 0.44166875 0.6986796873065015 0.41904843690476196 0.6906703126934985 0.4171640630952381 0.6839953126934986 0.4237609369047619 0.6795468749226006 0.44826562499999995 0.682215624767802 0.46051875000000003
9 0.6225906247678019 0.3917171880952381 0.6248156247678018 0.327628125 0.6185859374613003 0.4096234369047619 0.6163609374613003 0.45580625 0.623925 0.4567484380952381 0.6225906247678019 0.3917171880952381
9 0.6795468749226006 0.34365 0.6804359374613003 0.3163171869047619 0.6755421876160992 0.3587296869047619 0.6782109374613003 0.4077390619047619 0.6808812501547988 0.43507031309523814 0.6839953126934986 0.4143359380952381 0.6777671876160991 0.37098125000000004 0.6795468749226006 0.34365
9 0.6866656247678018 0.312546875 0.6839953126934986 0.32008749999999997 0.6897812501547987 0.36909687500000005 0.6906703126934985 0.38511875 0.6893359374613003 0.4124515630952381 0.6951203126934984 0.4096234369047619 0.6946749999999999 0.3577875 0.6866656247678018 0.312546875
2 0.6817718749226006 0.5161250000000001 0.6661968749226006 0.522721875 0.6706468749226006 0.5396875 0.6768765622291021 0.5406296880952381 0.6795468749226006 0.5396875 0.6942296873065016 0.5208375 0.6911156247678019 0.5114125 0.6817718749226006 0.5161250000000001
2 0.6163609374613003 0.5868109380952381 0.6176953126934984 0.566076561904762 0.6314906247678018 0.5755015630952381 0.6314906247678018 0.550054688095238 0.6190312501547988 0.5528828130952381 0.6110218749226006 0.5491125 0.6007875003095975 0.553825 0.6043468749226006 0.5820984380952381 0.6074625003095975 0.593409375 0.6163609374613003 0.5868109380952381
2 0.593667187616099 0.553825 0.5869937498452013 0.5519390619047618 0.5834343752321982 0.565134375 0.5958921876160991 0.5755015630952381 0.5990078123839009 0.583984375 0.6039015622291022 0.5896390630952381 0.6052374996904025 0.55759375 0.593667187616099 0.553825
2 0.33870156222910214 0.6084890619047619 0.3449312501547988 0.602834375 0.35205156222910217 0.5924671869047619 0.3565 0.5924671869047619 0.3649546873065016 0.5547671869047619 0.358725 0.5481703130952381 0.3444859374613003 0.5387453130952381 0.33247187492260066 0.5378015619047619 0.32668750030959753 0.574559375 0.3235734377708978 0.5896390630952381 0.3271328123839009 0.601892188095238 0.3346968749226006 0.5971796880952381 0.33870156222910214 0.6084890619047619
9 0.347225 0.6041703119047619 0.34254531269349847 0.6048796869047619 0.34354843777089783 0.6204578119047619 0.3412078123839009 0.645948438095238 0.33485625015479875 0.6742734380952381 0.33920156222910214 0.61054375 0.33452187492260066 0.6013390630952381 0.33452187492260066 0.643825 0.3315124996904025 0.6799375000000001 0.31713749969040245 0.7302140619047619 0.3234890625386997 0.71534375 0.33117812507739935 0.6948078130952381 0.33853437523219815 0.6820625 0.34287968730650153 0.6579875000000001 0.34655781238390093 0.6367437499999999 0.347225 0.6041703119047619
9 0.2997531250773994 0.713926563095238 0.30543749969040246 0.7040140630952381 0.30877968730650157 0.676396875 0.3107859374613003 0.6594031250000001 0.31947812507739937 0.6317875000000001 0.32783593746130035 0.602754686904762 0.3228203126934985 0.592840625 0.318475 0.6098359369047619 0.31145468730650155 0.6296625 0.3057718749226006 0.670025 0.2997531250773994 0.713926563095238
9 0.36666960557275546 0.46536441071428575 0.364746853869969 0.4033090202380953 0.3604207083591331 0.40475214642857144 0.361298065634675 0.4628605773809524 0.36666960557275546 0.46536441071428575
