2 0.26861250030959755 0.4756765619047619 0.26620468730650154 0.4671921880952381 0.25777343777089784 0.48416093690476186 0.25717031269349844 0.502340625 0.26018281238390095 0.5168843750000001 0.2631937498452012 0.5193078130952381 0.26680625015479875 0.530215625 0.2716234377708978 0.5326390619047618 0.2776468749226006 0.5399109380952382 0.2824640625386997 0.5447593749999999 0.2824640625386997 0.535064061904762 0.27644218761609907 0.5253671880952381 0.27583906253869966 0.5120359369047619 0.27463593746130033 0.502340625 0.27463593746130033 0.4914328119047619 0.2710218749226006 0.48900781190476195 0.26861250030959755 0.4756765619047619
0 0.27644218761609907 0.45386093690476187 0.2734312501547988 0.4514375 0.26620468730650154 0.4684046880952381 0.2704203126934985 0.47931250000000003 0.27583906253869966 0.486584375 0.2782484377708978 0.4696171869047619 0.27644218761609907 0.45386093690476187
0 0.38215312507739935 0.5950671880952382 0.38712968730650155 0.5890578119047619 0.39260468730650155 0.5820453130952381 0.39658593746130033 0.5760359380952381 0.39807812507739937 0.56601875 0.3970828123839009 0.5570046880952381 0.3940968749226006 0.5439828119047619 0.38712968730650155 0.5399765619047618 0.38364531269349844 0.5499937500000001 0.38115781238390095 0.56601875 0.38115781238390095 0.5840484369047619 0.38215312507739935 0.5950671880952382
10 0.35726718761609905 0.51994375 0.355775 0.547990625 0.3592578123839009 0.571028125 0.36473281238390093 0.564015625 0.37518437523219816 0.5459859369047619 0.38115781238390095 0.5299609380952381 0.38165468730650154 0.507925 0.38265 0.483884375 0.38115781238390095 0.45483749999999995 0.3786687498452012 0.44181562500000005 0.3761796873065016 0.43079843809523805 0.3692124996904025 0.422784375 0.36274218761609905 0.4197796869047619 0.3597562501547988 0.4257890619047619 0.3617468749226006 0.44381875 0.36025312507739937 0.4728671880952381 0.3577656247678018 0.49490312499999994 0.35726718761609905 0.51994375
0 0.5624609374613003 0.6134875000000001 0.5624609374613003 0.6011734369047619 0.5617812501547987 0.5895421880952381 0.5611 0.5820171869047619 0.5580406247678018 0.5779125 0.5556609374613003 0.5820171869047619 0.5546421876160991 0.5888578130952381 0.5546421876160991 0.5977515619047619 0.5560015622291022 0.6059609369047619 0.5594015622291022 0.61211875 0.5624609374613003 0.6134875000000001
0 0.5692593752321982 0.6025406249999999 0.5702781250773994 0.5895421880952381 0.5692593752321982 0.5820171869047619 0.5634796873065016 0.575175 0.5597406247678018 0.5806484369047619 0.5621203126934985 0.59433125 0.5641593752321982 0.6080140630952381 0.5658593752321981 0.616223436904762 0.5689187498452012 0.6100671869047619 0.5692593752321982 0.6025406249999999
0 0.6077734377708978 0.5842015619047619 0.61275 0.5761890630952381 0.6137453126934984 0.5601625 0.611257812383901 0.5481421869047619 0.6082718749226006 0.5381265630952381 0.6037921876160991 0.5381265630952381 0.5993125003095975 0.535121875 0.5933406247678018 0.5471406249999999 0.5923453126934984 0.568175 0.594832812383901 0.5872062499999999 0.6008062501547987 0.592215625 0.6032937498452012 0.5902109380952382 0.6077734377708978 0.5842015619047619
0 0.618225 0.56416875 0.6202156247678019 0.5781921880952381 0.6241968749226006 0.5821984380952381 0.6276812501547988 0.5862046869047619 0.6296718749226006 0.5781921880952381 0.6311656247678019 0.5691765630952381 0.6341515622291022 0.55615625 0.6321609374613003 0.5381265630952381 0.6301703126934984 0.52610625 0.6246953126934984 0.520096875 0.6192203126934984 0.516090625 0.6132484377708978 0.52610625 0.6162343752321982 0.5501453130952382 0.618225 0.56416875
2 0.6639296873065016 0.5606859369047619 0.6741671876160991 0.5606859369047619 0.6807906247678019 0.5618984369047619 0.6868140625386997 0.5582625 0.6904265622291021 0.5449296869047618 0.6922328123839009 0.5279625 0.6904265622291021 0.51463125 0.6940406247678018 0.507359375 0.6910296873065015 0.4976625 0.6819953126934984 0.4952390619047619 0.6771781250773994 0.4879671869047619 0.6705531250773994 0.4794828130952381 0.6615203126934984 0.490390625 0.6567031250773994 0.5158421869047619 0.6597140625386997 0.54250625 0.6639296873065016 0.5606859369047619
0 0.7377156247678018 0.59955 0.7395843752321981 0.607828125 0.7444453126934985 0.6070765630952382 0.7489328123839009 0.6055703119047618 0.7534203126934985 0.6003031249999999 0.7526718749226007 0.5784796869047619 0.7478109374613003 0.5649328130952381 0.742201562229102 0.568695311904762 0.7384624996904025 0.576221875 0.7362187498452013 0.58299375 0.733975 0.5905203119047618 0.7377156247678018 0.59955
2 0.7178968749226006 0.6010546880952381 0.7190187498452012 0.624384375 0.7250015622291023 0.6266421869047619 0.7294890625386997 0.624384375 0.7354718749226007 0.6221265619047619 0.7388359374613004 0.6130968750000001 0.7365937498452012 0.59955 0.7336015622291022 0.5905203119047618 0.7287406247678019 0.5860046880952381 0.7201406247678019 0.5807359369047619 0.7178968749226006 0.6010546880952381
0 0.7063046873065016 0.6003031249999999 0.7003218749226006 0.596540625 0.7014437498452013 0.611590625 0.7036874996904026 0.616859375 0.7070531250773994 0.6273953130952381 0.7081749999999999 0.620621875 0.7092968749226006 0.6085812500000001 0.7081749999999999 0.60481875 0.7063046873065016 0.6003031249999999
0 0.696582812383901 0.6010546880952381 0.6943390625386997 0.6085812500000001 0.6939656247678019 0.61986875 0.696582812383901 0.6288999999999999 0.6999484377708979 0.6326625 0.7006968749226007 0.6258890630952381 0.7006968749226007 0.6146015630952381 0.699575 0.6063234380952381 0.696582812383901 0.6010546880952381
0 0.6438593752321982 0.639435938095238 0.6464765622291021 0.6499703130952381 0.6509640625386997 0.657496875 0.6535812501547987 0.6567437500000001 0.6588156247678019 0.65298125 0.6625562501547988 0.647714063095238 0.6640515622291022 0.639435938095238 0.6610593752321982 0.628146875 0.6539546873065015 0.620621875 0.647225 0.6251375 0.6427374996904025 0.6304046869047619 0.6438593752321982 0.639435938095238
0 0.6434859374613003 0.6620125 0.6468499999999999 0.659001561904762 0.6464765622291021 0.6514765619047619 0.6431109374613003 0.640940625 0.6412421876160991 0.6326625 0.6375031250773995 0.633415625 0.6360062501547988 0.6447031249999999 0.6393718749226006 0.6559921869047619 0.6434859374613003 0.6620125
2 0.33125625015479876 0.624384375 0.32789062476780184 0.6311578119047618 0.33050937523219814 0.642445313095238 0.33499531269349847 0.64395 0.33761249969040247 0.635671875 0.33761249969040247 0.629651561904762 0.3417265622291022 0.634920311904762 0.3450921876160991 0.6319093749999999 0.351075 0.6311578119047618 0.3518218749226006 0.637178125 0.3529437498452012 0.6499703130952381 0.35817968730650157 0.6567437500000001 0.36154531269349843 0.6514765619047619 0.3645359374613003 0.6447031249999999 0.36790156222910214 0.636425 0.3686484377708978 0.6266421869047619 0.3664062501547987 0.6183640630952381 0.3619187498452012 0.6161062500000001 0.3563093752321982 0.621375 0.3499531250773994 0.615353125 0.3492046873065015 0.607828125 0.3443437498452012 0.607828125 0.3394828123839009 0.613848436904762 0.33499531269349847 0.610839061904762 0.3271437498452013 0.60481875 0.32078593746130035 0.6018078119047618 0.31891718761609905 0.607828125 0.3185421876160991 0.615353125 0.32302968730650156 0.62363125 0.32676874984520127 0.621375 0.33125625015479876 0.624384375
7 0.47247977275541797 0.46824608333333334 0.4817938904024768 0.46062544166666664 0.48518084210526313 0.46062544166666664 0.49364822167182665 0.46062544166666664 0.5055025529411764 0.4614721797619048 0.5148166699690402 0.45893196547619053 0.5207438359133127 0.4546982761904762 0.5309046910216718 0.4445374214285714 0.5368318569659443 0.4428439452380953 0.5402188086687307 0.43352982738095236 0.5402188086687307 0.4250624476190476 0.541065546749226 0.41490159285714284 0.5402188086687307 0.41151464047619046 0.5393720705882353 0.4030472619047619 0.5376785944272445 0.4030472619047619 0.5266710012383901 0.41490159285714284 0.5249775256965944 0.41490159285714284 0.5224373114551084 0.4174418071428571 0.5198970978328173 0.42082875833333333 0.5122764563467492 0.43183635119047614 0.5097362427244582 0.4377635178571429 0.5088895046439629 0.4419972071428571 0.5063492910216718 0.4445374214285714 0.50211560123839 0.4496178488095238 0.49195474551083596 0.4546982761904762 0.48518084210526313 0.4521580619047619 0.48518084210526313 0.44030373095238096 0.48348736656346747 0.4199820202380952 0.48094715232198143 0.42167549642857144 0.4733265108359133 0.4453841583333334 0.47163303529411765 0.4428439452380953 0.47163303529411765 0.43691677976190474 0.47163303529411765 0.4259091857142857 0.46993955913312696 0.42252223452380955 0.46993955913312696 0.41490159285714284 0.4690928210526316 0.40982116547619046 0.46824608297213627 0.4081276892857143 0.4640123938080495 0.41151464047619046 0.46147217956656345 0.4140548547619048 0.45723848978328174 0.4233689726190476 0.4555450142414861 0.43183635119047614 0.45723848978328174 0.4530048 0.4648591312693498 0.46316565595238096 0.47247977275541797 0.46824608333333334
2 0.29126942724458205 0.5055449416666666 0.28836399690402476 0.5099030880952381 0.2865481027863777 0.5164403071428572 0.28582174489164086 0.5204352738095238 0.28727446006191953 0.5269724928571429 0.28981671207430343 0.5316938178571429 0.29526439442724456 0.5338728904761905 0.29635393126934984 0.5320569964285714 0.3032543294117647 0.5342360690476191 0.3028911504643963 0.5229775261904762 0.30361750773993806 0.5197089166666667 0.30470704458204334 0.5131716976190477 0.30252797151702787 0.5026395107142857 0.30216479256965945 0.5022763321428572 0.3028911504643963 0.49973407976190476 0.29671711021671826 0.5022763321428572 0.29126942724458205 0.5055449416666666
6 0.7010615789473684 0.5125686071428571 0.699408131888545 0.5183556714285714 0.7076753671826626 0.520009119047619 0.7200762204334366 0.5150487773809523 0.72751673250774 0.5117418833333334 0.7316503504643962 0.5051280952380952 0.7324770736842106 0.5026479238095238 0.7258632854489163 0.5009944773809524 0.7217296674922601 0.49851430714285716 0.7200762204334366 0.49520741190476186 0.7142891554179567 0.4894203476190476 0.7051951962848297 0.5051280952380952 0.7010615789473684 0.5125686071428571
9 0.6008621517027863 0.5953674571428571 0.6164845665634675 0.5945857380952381 0.6149222297213622 0.48671107380952383 0.6008621517027863 0.3874351035714286 0.5875830043343653 0.37805472142857144 0.5844585690402476 0.40775933452380947 0.5852396773993808 0.48514766785714286 0.588085919504644 0.5392578130952381 0.6008621517027863 0.5953674571428571
9 0.6602272563467492 0.5781700988095239 0.6688196321981424 0.5672262202380952 0.6805364433436533 0.5711347226190476 0.6883476507739938 0.5680079392857142 0.6914720854489164 0.5398667023809524 0.6875664823529413 0.4585698678571429 0.6875664823529413 0.4061959285714286 0.6828798291021673 0.4030691142857143 0.6758496712074304 0.449971144047619 0.6633518105263158 0.3632024 0.6469482278637771 0.44840776785714287 0.6477293962848297 0.4976548928571428 0.6476562321981424 0.5490234380952381 0.6602272563467492 0.5781700988095239
6 0.34777896222910215 0.5336131047619047 0.3446544674922601 0.45778815000000006 0.317578107120743 0.4601562511904762 0.31887751888544896 0.5336131047619047 0.34777896222910215 0.5336131047619047
