2 0.6128710154798762 0.5570075416666667 0.6059971659442724 0.5538807178571429 0.5997482464396285 0.5476270726190476 0.5959989523219814 0.5445002488095237 0.5934993269349845 0.558258275 0.5941242569659443 0.5713909226190476 0.602872706501548 0.5820221261904762 0.6097465560371517 0.5782699476190476 0.6178701702786378 0.5770192130952381 0.625368854489164 0.5745177452380952 0.6341173034055728 0.5682640999999999 0.6384916229102167 0.5595090095238096 0.6314062359133127 0.5532812511904762 0.6178701702786378 0.5570075416666667 0.6128710154798762 0.5570075416666667
2 0.6578632160990713 0.5338690464285715 0.6528640613003096 0.534494425 0.6516142965944273 0.5407480714285714 0.6453653770897833 0.5570075416666667 0.6478650024767802 0.5682640999999999 0.6634873009287926 0.560759719047619 0.6703610551083591 0.5520046297619048 0.6784846693498452 0.5401226916666667 0.6735937356037152 0.5337500011904762 0.6641121356037152 0.5363705142857144 0.6578632160990713 0.5338690464285715
2 0.3829107622291022 0.5476270726190476 0.37666184272445824 0.5451256047619047 0.37478719566563473 0.5526299845238095 0.3797863021671827 0.5601343642857143 0.382285879876161 0.565762655952381 0.39103437647058825 0.5682640999999999 0.4004077554179567 0.5695148333333334 0.40603179256965943 0.5695148333333334 0.4104060173374613 0.565762655952381 0.4154051715170279 0.5570075416666667 0.4147802414860681 0.5457509833333334 0.4122807120743034 0.5407480714285714 0.40353221547987617 0.539497336904762 0.39665841362229104 0.5445002488095237 0.3829107622291022 0.5476270726190476
2 0.3316696421052632 0.5851489488095238 0.32667048730650156 0.5863996833333334 0.31292288359133125 0.584523594047619 0.30729884705882354 0.5876504166666666 0.30729884705882354 0.5957801523809524 0.31292288359133125 0.6057859761904762 0.3197966854489164 0.6032845321428572 0.33229452445820434 0.5964055071428571 0.33791856160990713 0.5857743035714286 0.3316696421052632 0.5851489488095238
11 0.24293495789473685 0.6345527630952381 0.23981049783281733 0.6445586345238096 0.25168345448916407 0.6570659261904762 0.26043195108359135 0.6589419678571429 0.2610568334365325 0.6689478166666666 0.24293495789473685 0.6777029059523809 0.24231007554179568 0.6814551083333333 0.26043195108359135 0.698965313095238 0.2741795547987616 0.7064696690476191 0.29417612569659446 0.7164755404761906 0.3079237294117647 0.7183516059523809 0.31104818885448915 0.6927116666666666 0.3029246222910217 0.6501868773809524 0.30354950464396285 0.6270483821428572 0.2991752321981424 0.6164171797619048 0.2916765479876161 0.6120396226190477 0.25918218637770896 0.6289244714285714 0.24293495789473685 0.6345527630952381
2 0.35978977956656344 0.6239215595238096 0.3660386984520124 0.6239215595238096 0.3660386984520124 0.6339273833333333 0.36978804086687306 0.6426824976190476 0.37603696037151707 0.6458093214285714 0.3866601040247678 0.6389302952380953 0.3854103393188854 0.6351781654761905 0.38416057461300307 0.6270483821428572 0.3904094941176471 0.6333020285714286 0.3904094941176471 0.6439332321428571 0.3916592588235294 0.6514375880952381 0.39665841362229104 0.6470600547619048 0.4004077554179567 0.6376795857142857 0.4029073325077399 0.6282991166666666 0.39478371826625386 0.6214200916666667 0.3829107622291022 0.6157918238095238 0.3672884637770898 0.608287444047619 0.35729020185758514 0.6039098869047619 0.35729020185758514 0.6170425345238095 0.35978977956656344 0.6239215595238096
2 0.6691112904024767 0.5882757714285715 0.6628623708978328 0.5964055071428571 0.6666117603715171 0.6057859761904762 0.6734855145510836 0.608287444047619 0.6859833535603715 0.5951547726190476 0.6934820377708978 0.59202795 0.6972314272445821 0.59202795 0.69535673250774 0.5788953023809524 0.6892187356037152 0.5798437511904763 0.6834838241486068 0.5863996833333334 0.6691112904024767 0.5882757714285715
2 0.6353671634674922 0.6214200916666667 0.6153705448916409 0.6289244714285714 0.6147457102167182 0.6383049880952382 0.6209946297213622 0.6364288511904762 0.6322427040247678 0.6458093214285714 0.6366169281733746 0.6358034726190477 0.6453653770897833 0.6308005607142857 0.6454687356037152 0.6173437511904762 0.6353671634674922 0.6214200916666667
2 0.3335442891640867 0.5219871321428572 0.3347941015479876 0.5269900452380952 0.33791856160990713 0.534494425 0.35166616532507744 0.5413734261904761 0.3547906247678018 0.5313676023809524 0.34666705820433436 0.5207363988095238 0.3321874854489164 0.5157812511904762 0.3335442891640867 0.5219871321428572
11 0.6691112904024767 0.49259499166666665 0.6784846693498452 0.5151081071428572 0.69535673250774 0.5094798404761905 0.7041052767801858 0.47946233214285716 0.7072297368421052 0.4657043297619048 0.7047301114551083 0.4481941011904762 0.685358518885449 0.41692587142857146 0.6647370656346749 0.39816493214285714 0.6559885213622291 0.393787375 0.6579687356037152 0.41812500119047624 0.6641121356037152 0.45882529285714285 0.6691112904024767 0.49259499166666665
11 0.29855034984520123 0.42192878333333333 0.30104992755417953 0.4475687345238095 0.3235460278637771 0.47070721785714287 0.3404181386996904 0.4688311523809524 0.34666705820433436 0.44256582261904764 0.34791682291021675 0.4056693011904762 0.3491665876160991 0.393787375 0.3472919405572755 0.38190544404761906 0.3410430210526316 0.37752789285714283 0.3360937356037152 0.37437500119047623 0.31729710835913316 0.39566346428571425 0.29855034984520123 0.42192878333333333
13 0.602872706501548 0.6783282857142857 0.5828761832817337 0.691460955952381 0.5572556229102168 0.6977146023809524 0.5335097102167183 0.7070950714285715 0.5328848278637771 0.7214784297619048 0.5766272637770897 0.7027174904761905 0.6284933139318886 0.6789536880952382 0.668486360371517 0.6551897904761904 0.6610937356037152 0.6431250011904762 0.6347422334365326 0.6620687916666667 0.602872706501548 0.6783282857142857
