2 0.3218656247678019 0.628459375 0.30426874984520125 0.6120531250000001 0.28587187492260063 0.602209375 0.2794718749226006 0.63338125 0.31146718761609904 0.65963125 0.3218656247678019 0.628459375
2 0.30506874984520127 0.5611953130952381 0.2874718749226006 0.5497109369047619 0.27547343777089783 0.5579140619047619 0.2746734377708978 0.5743203119047618 0.29787031269349845 0.5825234369047619 0.30506874984520127 0.5611953130952381
0 0.4194515622291022 0.61369375 0.42265156222910216 0.5825234369047619 0.4234515622291022 0.5644765619047619 0.4106531250773994 0.5693984380952382 0.3994546873065016 0.5825234369047619 0.39865468730650155 0.598928125 0.40265468730650156 0.621896875 0.4010546873065015 0.635021875 0.4122531250773994 0.6235375 0.4194515622291022 0.61369375
2 0.39065625015479877 0.6891624999999999 0.39705468730650156 0.69900625 0.4106531250773994 0.7022875000000001 0.4146531250773994 0.671115625 0.39785468730650153 0.6514281249999999 0.38585625015479874 0.64650625 0.3770578123839009 0.6612718750000001 0.37625781238390094 0.7022875000000001 0.3874562501547988 0.700646875 0.39065625015479877 0.6891624999999999
0 0.43145 0.687521875 0.42585156222910214 0.66619375 0.41625156222910215 0.671115625 0.41385312507739935 0.6842406249999999 0.4114531250773994 0.7022875000000001 0.4122531250773994 0.7219749999999999 0.42265156222910216 0.723615625 0.42824999999999996 0.70885 0.43145 0.687521875
2 0.4842421876160991 0.618615625 0.4842421876160991 0.592365625 0.4690453126934985 0.5972875 0.45704687492260065 0.5841625 0.4498468749226006 0.592365625 0.45224687492260063 0.641584375 0.4754437498452012 0.641584375 0.48184218761609904 0.635021875 0.4842421876160991 0.618615625
0 0.4971578123839009 0.6166421880952381 0.4953515622291022 0.6083078130952381 0.49264218761609907 0.59626875 0.4885781250773994 0.593490625 0.4863203126934984 0.6147890619047619 0.4854171876160991 0.636089063095238 0.48812656222910217 0.6434984380952381 0.4944484377708978 0.6416468750000001 0.4967062501547988 0.6296078130952381 0.4971578123839009 0.6166421880952381
9 0.47027500000000005 0.514135938095238 0.47343749969040244 0.5953125 0.47749843777089784 0.4706109369047619 0.47298281238390094 0.4706109369047619 0.47027500000000005 0.514135938095238
2 0.6100359374613002 0.589785938095238 0.6010046873065016 0.5740421880952381 0.5942328123839009 0.5694125 0.5883625003095975 0.5870078130952381 0.5906203126934985 0.610159375 0.5937812501547988 0.6277546869047619 0.6005531250773993 0.6462765630952381 0.6136468749226006 0.6425718749999999 0.6127437498452012 0.6277546869047619 0.6122937498452012 0.6157156250000001 0.6136468749226006 0.601825 0.6100359374613002 0.589785938095238
9 0.6 0.5953125 0.6023234377708978 0.44334687500000003 0.5964546873065015 0.5174328119047619 0.6 0.5953125
0 0.6136468749226006 0.594415625 0.6172593752321981 0.593490625 0.6226781250773994 0.59626875 0.6276437498452013 0.604603125 0.62945 0.59719375 0.6299015622291022 0.57589375 0.626742187616099 0.5638546880952381 0.6253874996904025 0.550890625 0.621775 0.5425546880952381 0.61455 0.537925 0.6118421876160991 0.5555203130952381 0.6131953126934985 0.57589375 0.6136468749226006 0.594415625
2 0.6299015622291022 0.6425718749999999 0.6353203126934984 0.6453500000000001 0.6384812501547987 0.649054688095238 0.6429953126934984 0.6434984380952381 0.6448015622291021 0.6333109380952381 0.646607812383901 0.622198436904762 0.6457046873065015 0.6129374999999999 0.6452531250773994 0.601825 0.6425437498452012 0.593490625 0.6398359374613003 0.5870078130952381 0.6339656247678018 0.5870078130952381 0.6303531250773994 0.598120313095238 0.6258390625386997 0.6008984369047619 0.6208718749226007 0.598120313095238 0.6177109374613003 0.5953421880952381 0.6136468749226006 0.60738125 0.6100359374613002 0.622198436904762 0.6122937498452012 0.637015625 0.6168078123839009 0.6416468750000001 0.6226781250773994 0.6397937499999999 0.6299015622291022 0.6425718749999999
2 0.6723437498452013 0.5842296869047618 0.6709890625386997 0.599046875 0.6732468749226006 0.6120109369047619 0.6768593752321982 0.6249765619047619 0.684082812383901 0.6259031250000001 0.6958234377708978 0.6194203130952382 0.70395 0.6064546869047619 0.7129796873065016 0.5916375 0.711175 0.5795984369047619 0.7075624996904025 0.5721906250000001 0.7025953126934985 0.5786718750000001 0.6989828123839009 0.57589375 0.6922109374613004 0.5768203130952381 0.684082812383901 0.57589375 0.6782140625386996 0.57496875 0.6723437498452013 0.5842296869047618
0 0.7116265622291023 0.5582984369047619 0.7098203126934984 0.5388515619047619 0.7071109374613003 0.524959375 0.7007890625386997 0.5286640630952381 0.6953718749226007 0.5369984369047619 0.6944687498452012 0.5555203130952381 0.6967265622291022 0.5657078130952381 0.7030468749226007 0.5795984369047619 0.7089171876160991 0.5721906250000001 0.7116265622291023 0.5582984369047619
0 0.7342015622291022 0.5416296869047619 0.728782812383901 0.529590625 0.7242687498452013 0.520329688095238 0.7183984377708978 0.5240343749999999 0.7152375003095975 0.5490375000000001 0.7179468749226006 0.5592250000000001 0.7238171876160991 0.55459375 0.7305890625386996 0.556446875 0.7364593752321982 0.55366875 0.7342015622291022 0.5416296869047619
2 0.7134312501547988 0.567559375 0.7165921876160991 0.5823765619047618 0.7233656247678019 0.5925640619047619 0.7283312501547988 0.5925640619047619 0.7369109374613002 0.5879328130952381 0.7400718749226006 0.5842296869047618 0.7472953126934985 0.57496875 0.7436828123839009 0.5573734380952381 0.7396203126934985 0.5527421869047618 0.7351046873065016 0.55459375 0.7292343752321981 0.5573734380952381 0.7256234377708978 0.556446875 0.7197531250773994 0.5582984369047619 0.7161406247678019 0.5499640619047619 0.7134312501547988 0.567559375
2 0.7134312501547988 0.622198436904762 0.7034984377708978 0.631459375 0.696275 0.6397937499999999 0.6913078123839009 0.64998125 0.6931140625386997 0.6675765630952382 0.6967265622291022 0.679615625 0.7048531250773993 0.6749843750000001 0.7093687498452013 0.659242188095238 0.7165921876160991 0.649054688095238 0.7229140625386996 0.6416468750000001 0.7296859374613003 0.6351640619047619 0.7269765622291022 0.62405 0.7224625003095975 0.6184937500000001 0.7134312501547988 0.622198436904762
2 0.6867921876160991 0.6731328130952381 0.6926624996904024 0.6777640619047619 0.6980796873065016 0.6759109380952381 0.6980796873065016 0.6675765630952382 0.6944687498452012 0.6564640630952381 0.6922109374613004 0.644425 0.6858890625386996 0.6425718749999999 0.6795687498452013 0.648128125 0.6714406247678018 0.6546109380952382 0.6601531250773993 0.659242188095238 0.6502203126934984 0.6657249999999999 0.6556374996904024 0.678689063095238 0.661507812383901 0.6759109380952381 0.6705374996904024 0.6759109380952381 0.67415 0.6768375 0.6773109374613003 0.6703546869047619 0.6809234377708978 0.6647984369047619 0.6867921876160991 0.6731328130952381
2 0.6163562501547988 0.679615625 0.6091328123839009 0.6768375 0.6005531250773993 0.6823937499999999 0.6019078123839009 0.70369375 0.6113906247678018 0.7027671880952381 0.6195171876160991 0.7027671880952381 0.621775 0.688876563095238 0.6163562501547988 0.679615625
6 0.36718749969040243 0.625 0.396875 0.5890625 0.40468749969040246 0.5171875 0.346875 0.5265625 0.346875 0.5859375 0.36718749969040243 0.625
6 0.3125 0.4875 0.3125 0.559375 0.3125 0.5828125 0.334375 0.5859375 0.3546874996904024 0.53125 0.35625 0.4921875 0.3125 0.4875
6 0.3234374996904024 0.6578125 0.2921874996904025 0.7203125 0.37031250030959756 0.7125 0.325 0.6265625 0.3234374996904024 0.6578125
6 0.6484374996904025 0.6125 0.665625 0.6234375 0.6640625003095975 0.5609375 0.6515625003095975 0.5609375 0.6484374996904025 0.6125
6 0.625 0.746875 0.653125 0.7578125 0.6640625003095975 0.740625 0.6484374996904025 0.6828125 0.625 0.6890625 0.625 0.746875
13 0.271875 0.509375 0.3375 0.525 0.39218749969040245 0.5609375 0.47031250030959754 0.5875 0.6078125003095975 0.590625 0.6671874996904025 0.584375 0.6984374996904025 0.5578125 0.74375 0.5203125 0.734375 0.50625 0.675 0.55 0.65 0.55625 0.5078125003095976 0.5625 0.48593749969040245 0.5625 0.45 0.5703125 0.38906250030959755 0.5453125 0.35156250030959757 0.5 0.26875 0.4953125 0.271875 0.509375
13 0.34843749969040244 0.7171875 0.428125 0.7328125 0.5515625003095975 0.7453125 0.6328125003095976 0.753125 0.69375 0.721875 0.7171874996904025 0.7046875 0.746875 0.66875 0.75 0.653125 0.6640625003095975 0.73125 0.6015625003095976 0.74375 0.41875 0.7203125 0.34375 0.70625 0.26718749969040245 0.6515625 0.31093749969040246 0.7 0.34843749969040244 0.7171875
