2 0.28355293374613005 0.5056282821428572 0.2798035919504644 0.5150087511904762 0.28792720619195045 0.5306428666666666 0.2991752321981424 0.5469023845238096 0.31104818885448915 0.5506545154761905 0.30542415170278636 0.5356457785714286 0.30171873560371515 0.5306250011904762 0.2873023238390093 0.5093804607142858 0.28355293374613005 0.5056282821428572
2 0.33729367925696596 0.5556574511904762 0.331044759752322 0.5675393642857143 0.3316696421052632 0.5756691 0.3410430210526316 0.5731676547619048 0.34291766811145513 0.5831734797619048 0.356665319504644 0.5819227452380953 0.36291423900928793 0.571916969047619 0.3660386984520124 0.5544067166666666 0.3610395442724458 0.5444008690476191 0.3472919405572755 0.551279894047619 0.33729367925696596 0.5556574511904762
2 0.29105166563467494 0.5894271261904762 0.3047992693498452 0.593804705952381 0.3116730712074303 0.5956807714285715 0.31729710835913316 0.6031851761904762 0.3222962631578947 0.6163178226190476 0.3260456049535604 0.5950554166666666 0.3241709102167183 0.5863003023809524 0.31604734365325077 0.5831734797619048 0.31104818885448915 0.5806720357142857 0.30729884705882354 0.5737930107142857 0.2973005851393189 0.5769198333333333 0.29105166563467494 0.5894271261904762
2 0.33604386625386995 0.6281997595238096 0.33791856160990713 0.6394562940476191 0.34479236346749226 0.6450845857142856 0.3535408600619195 0.6319519380952381 0.36166442662538695 0.6313265833333334 0.3722876179566563 0.630075825 0.3741622656346749 0.6200700011904762 0.3585399665634675 0.6069373535714286 0.34479236346749226 0.5969315297619048 0.3354189839009288 0.593804705952381 0.3354189839009288 0.6088134190476191 0.33604386625386995 0.6281997595238096
2 0.6203696996904025 0.5575335404761904 0.6309928433436532 0.5694154535714286 0.6397413882352941 0.5631618071428571 0.6409911529411765 0.5556574511904762 0.6484898371517028 0.5500292071428572 0.6491147671826626 0.541899425 0.644115612383901 0.5356457785714286 0.6378666928792569 0.5362711333333333 0.6341173034055728 0.5331443107142857 0.6278683839009288 0.525014575 0.6173437356037151 0.5235937511904762 0.6159954749226005 0.5400233357142857 0.6203696996904025 0.5575335404761904
2 0.6797344340557275 0.5150087511904762 0.6784846693498452 0.5225131071428571 0.679109599380805 0.5331443107142857 0.6916074383900929 0.523138486904762 0.7016056520123839 0.515634105952381 0.7053550421052631 0.510631194047619 0.7009808173374613 0.4956224345238095 0.6897327430340557 0.5081297261904762 0.6797344340557275 0.5150087511904762
11 0.7122287962848298 0.6031851761904762 0.7072297368421052 0.6332026488095238 0.7128537263157895 0.6513382321428571 0.7328502489164086 0.6388309392857142 0.7565961622291022 0.6156924678571429 0.7734682253869969 0.593804705952381 0.7728433907120743 0.5725422761904763 0.7628450811145511 0.5594096761904762 0.7497223126934985 0.5544067166666666 0.7253515647058824 0.541899425 0.7159781857585139 0.541899425 0.7118749857585139 0.5470312511904762 0.7122287962848298 0.5681647428571428 0.7122287962848298 0.6031851761904762
11 0.22606289411764705 0.6006837071428571 0.21856420990712075 0.6200700011904762 0.21731439752321982 0.6400816500000001 0.2229384346749226 0.6619694107142857 0.25480791393188856 0.6738513476190476 0.27667913188854487 0.6782289285714286 0.28417786377708976 0.6563411678571429 0.2779289448916409 0.6332026488095238 0.2779289448916409 0.6125656452380953 0.2760542495356037 0.5956807714285715 0.27480448482972136 0.5737930107142857 0.2723049077399381 0.5687901464285714 0.2571874854489164 0.5642187511904763 0.24106031083591334 0.5831734797619048 0.22606289411764705 0.6006837071428571
2 0.6434906823529413 0.582647480952381 0.6366169281733746 0.5914025952380952 0.6272435492260062 0.5976562404761905 0.6209946297213622 0.608287444047619 0.6259937845201239 0.6145410904761904 0.6341173034055728 0.6145410904761904 0.6372417628482973 0.6201693571428571 0.6466151424148607 0.6189186476190476 0.6459903077399382 0.6026591535714286 0.6446874854489164 0.5868750011904762 0.6434906823529413 0.582647480952381
13 0.6228693244582043 0.6464346761904762 0.6016229411764705 0.6558151452380953 0.5847508780185758 0.6614434357142857 0.564754307120743 0.6626941702380952 0.5491320086687307 0.6683224369047619 0.5560058582043343 0.6889594880952381 0.5853757603715171 0.6783282857142857 0.5997482464396285 0.6770775511904762 0.6159954749226005 0.6633195726190476 0.6509894619195046 0.6464346761904762 0.6741104445820434 0.630175205952381 0.6653619003095975 0.6107888880952381 0.6416160829721362 0.6295498261904763 0.6228693244582043 0.6464346761904762
0 0.6266186191950465 0.6645702595238095 0.6291182439628483 0.6670717035714286 0.6359919981424149 0.6651956142857143 0.6372417628482973 0.6564405238095238 0.6334924687306501 0.6533137011904762 0.6278683839009288 0.6470600547619048 0.6204687356037152 0.6462500011904763 0.6266186191950465 0.6645702595238095
7 0.31792199071207433 0.7647279535714286 0.30729884705882354 0.7603504202380952 0.29480100804953563 0.7653533321428572 0.2973005851393189 0.7784859797619048 0.31729710835913316 0.7803620690476191 0.33604386625386995 0.7772352452380953 0.3360937356037152 0.7579687511904762 0.3272953696594428 0.7722323333333333 0.31792199071207433 0.7647279535714286
0 0.6572383814241487 0.5757684797619048 0.6647370656346749 0.5713909226190476 0.6672365950464397 0.5695148333333334 0.668486360371517 0.5620104535714285 0.6642187356037151 0.5587500011904762 0.6572383814241487 0.5757684797619048
13 0.44352530897832815 0.5413734261904761 0.46602140928792574 0.5407480714285714 0.47289521114551086 0.5401226916666667 0.4691458687306501 0.5257393107142857 0.4379012718266254 0.525113955952381 0.40603179256965943 0.5213617535714286 0.39103437647058825 0.5182349309523809 0.3797863021671827 0.5188603095238096 0.3876562359133127 0.5423437511904762 0.422278973374613 0.539497336904762 0.44352530897832815 0.5413734261904761
13 0.3681970476780186 0.656221205952381 0.32873018823529415 0.6312066261904762 0.31623233931888545 0.6246238404761905 0.3129434346749226 0.6397642416666667 0.3339924061919505 0.6575377678571429 0.35372583591331275 0.6759695619047619 0.3695125894736842 0.6720199 0.3958238291021672 0.6759695619047619 0.40437500247678015 0.6779443916666666 0.43068624210526313 0.6990093107142857 0.4343749851393188 0.6769736845238096 0.40305941052631583 0.6654371154761904 0.3681970476780186 0.656221205952381
11 0.2530853746130031 0.39730854880952376 0.25440091640866874 0.43351386785714285 0.2715032123839009 0.469060894047619 0.29255223405572756 0.4723522869047619 0.30044558575851393 0.42627278928571427 0.3116278427244582 0.3920423 0.3116278427244582 0.36439463452380955 0.3024189486068112 0.3505707571428572 0.2899210996904025 0.35452045595238096 0.27018766996904026 0.38216812261904765 0.2530853746130031 0.39730854880952376
