2 0.29106718761609907 0.577234375 0.28709374984520125 0.566215625 0.2816312501547988 0.563210936904762 0.2816312501547988 0.558203125 0.2791484377708978 0.5531953130952381 0.27318749969040246 0.5531953130952381 0.26921406253869967 0.558203125 0.2662343752321982 0.56821875 0.2662343752321982 0.5782359380952381 0.2672281250773994 0.592259375 0.26673125015479876 0.602275 0.2622609374613003 0.600271875 0.2582875003095975 0.6092859369047618 0.2558046873065016 0.6243109380952381 0.26325468730650153 0.630321875 0.27020781238390096 0.62931875 0.275175 0.633326561904762 0.2841140625386997 0.6403375 0.2875906247678019 0.6453453130952381 0.2930546873065015 0.6423406250000001 0.2985171876160991 0.63633125 0.3010015622291022 0.6273156249999999 0.3000078123839009 0.615296875 0.3000078123839009 0.5952640630952382 0.2990140625386997 0.5822421880952381 0.29653125015479875 0.5642125 0.29255781238390094 0.563210936904762 0.29355156222910217 0.5802390630952381 0.29106718761609907 0.577234375
9 0.26810468730650155 0.5299484369047619 0.26403437523219814 0.5039515630952381 0.2603031250773994 0.46837656309523806 0.2599640625386997 0.5025843750000001 0.26267812507739935 0.5299484369047619 0.26708750030959755 0.5586828130952382 0.27251562476780183 0.5552625 0.26810468730650155 0.5299484369047619
9 0.281675 0.562103125 0.27760312507739937 0.4519578130952381 0.27624687492260064 0.5511578119047619 0.281675 0.562103125
9 0.32000781238390097 0.563471875 0.3071171876160991 0.526528125 0.2935468749226006 0.475903125 0.30304531269349844 0.52858125 0.31525781238390094 0.5730500000000001 0.32000781238390097 0.563471875
1 0.34628281238390096 0.58819375 0.3410390625386997 0.586328125 0.3364140625386997 0.5794875 0.33024531269349844 0.5707796869047619 0.32500312507739937 0.5682921869047619 0.31852656222910214 0.5745109380952381 0.31235937523219814 0.5794875 0.30619218761609907 0.580109375 0.2987906247678018 0.586328125 0.30002343777089785 0.6074734380952381 0.2987906247678018 0.6199125 0.3009484377708978 0.637326561904762 0.307425 0.637948438095238 0.31636874984520125 0.638570313095238 0.32191874984520125 0.6367046869047619 0.3299374996904025 0.637326561904762 0.33764687492260065 0.6360828119047619 0.3447406247678019 0.630485936904762 0.3521421876160991 0.6279984369047619 0.35769218761609906 0.6199125 0.35830937523219814 0.6068515630952381 0.3536828123839009 0.593790625 0.34875 0.5875718750000001 0.34628281238390096 0.58819375
1 0.46499374984520125 0.4929265619047619 0.4580156247678019 0.5144484369047619 0.4580156247678019 0.5517 0.45842499999999997 0.589778125 0.47156093746130034 0.6013671880952381 0.48797968730650154 0.5922625 0.4896203126934984 0.5591499999999999 0.48797968730650154 0.52769375 0.48756874984520127 0.5061703130952381 0.47566562476780183 0.4904421869047619 0.46499374984520125 0.4929265619047619
1 0.4986515622291022 0.5939171880952381 0.5052187498452012 0.5947453130952381 0.512607812383901 0.5964015619047619 0.5204062501547988 0.5922625 0.5208171876160991 0.58315625 0.5195843752321981 0.56825625 0.5183531250773994 0.5467328119047619 0.5195843752321981 0.5318328119047618 0.519175 0.5111375 0.5158906247678019 0.4978921880952381 0.511375 0.48713125 0.5048078123839009 0.48713125 0.4970093752321981 0.4904421869047619 0.4896203126934984 0.50948125 0.49208437523219817 0.528521875 0.49085312507739937 0.5517 0.4896203126934984 0.577360938095238 0.49290468730650155 0.5922625 0.4986515622291022 0.5939171880952381
9 0.4748437498452012 0.4887875 0.47320312507739937 0.3927625 0.47073906253869974 0.4846484380952381 0.4748437498452012 0.4887875
9 0.5089125003095976 0.485475 0.5101437498452013 0.4026953130952381 0.5035765622291022 0.4829921869047619 0.5089125003095976 0.485475
0 0.5226828123839009 0.56274375 0.5211921876160991 0.5807734380952381 0.5251656247678018 0.5907890619047619 0.5316218749226006 0.5907890619047619 0.5365890625386996 0.5887859369047619 0.5355953126934985 0.5737609369047619 0.5316218749226006 0.5617421869047619 0.5336093752321981 0.550723438095238 0.5316218749226006 0.534696875 0.5276484377708979 0.5397046880952381 0.5221859374613003 0.5467171869047619 0.5226828123839009 0.56274375
0 0.5440390625386996 0.5717578130952381 0.546025 0.557734375 0.5445359374613002 0.5437125 0.5410593752321982 0.5487203119047619 0.5395687498452013 0.5587359380952381 0.5410593752321982 0.5687531250000001 0.5440390625386996 0.5717578130952381
0 0.5773156247678018 0.5907890619047619 0.5768187498452012 0.5988015630952381 0.5812890625386997 0.6178328130952381 0.5917187498452012 0.6178328130952381 0.5966843752321981 0.595796875 0.6001609374613003 0.5747625 0.5976781250773994 0.5657484380952381 0.5946984377708978 0.55573125 0.5956921876160991 0.5457156249999999 0.588242187616099 0.5467171869047619 0.5812890625386997 0.557734375 0.5807921876160991 0.576765625 0.5773156247678018 0.5907890619047619
9 0.5966843752321981 0.480609375 0.5927109374613003 0.5066515619047619 0.5877453126934984 0.5427109369047619 0.5961890625386996 0.5467171869047619 0.598175 0.503646875 0.6110875003095975 0.43553437500000003 0.5966843752321981 0.480609375
2 0.6617484377708979 0.587784375 0.6587671876160991 0.5807734380952381 0.6552906247678019 0.5797703130952381 0.650325 0.5797703130952381 0.6468484377708978 0.587784375 0.6443640625386996 0.5978 0.6453578123839009 0.6098203130952381 0.6478406247678019 0.6198359369047619 0.6488343752321981 0.630854686904762 0.6468484377708978 0.63986875 0.6433718749226006 0.644878125 0.6403906247678018 0.642875 0.6374109374613003 0.6498859380952381 0.6433718749226006 0.6508875 0.6488343752321981 0.6578984380952381 0.6538015622291022 0.66190625 0.6597609374613004 0.6639093749999999 0.6672109374613003 0.6659125 0.6741640625386998 0.662907811904762 0.6756546873065015 0.6568968749999999 0.6771453126934984 0.6438765630952381 0.6781375003095975 0.632857813095238 0.6781375003095975 0.6208390619047619 0.6771453126934984 0.610821875 0.6761515622291021 0.6018078119047618 0.6726749999999999 0.599803125 0.667707812383901 0.5978 0.6617484377708979 0.587784375
2 0.6840984377708977 0.6528906250000001 0.6910515622291022 0.65489375 0.6994937498452012 0.6568968749999999 0.7069437498452013 0.66190625 0.710917187616099 0.6609046869047619 0.7173750000000001 0.642875 0.7074406247678019 0.62785 0.7094281250773994 0.6078171880952381 0.7094281250773994 0.583778125 0.7104203126934985 0.5677515630952381 0.7084343752321981 0.56274375 0.7019781250773994 0.5637453130952381 0.696017187616099 0.57075625 0.6935343752321981 0.5847796880952382 0.6855875003095976 0.587784375 0.6806218749226006 0.59379375 0.6766484377708979 0.6128250000000001 0.6746609374613004 0.6378656250000001 0.6776406247678018 0.6508875 0.6840984377708977 0.6528906250000001
9 0.6501687498452012 0.577090625 0.6566562501547987 0.5742875 0.6566562501547987 0.558867188095238 0.6566562501547987 0.542979686904762 0.6573515622291022 0.5252234369047619 0.6608265622291021 0.4808328130952381 0.6527171876160991 0.5214859369047619 0.6510953126934984 0.547653125 0.6501687498452012 0.577090625
9 0.6784359374613003 0.538775 0.6698640625386997 0.552792186904762 0.6661562501547987 0.564475 0.6605953126934984 0.581296875 0.664534375232198 0.5915765619047619 0.6668515622291021 0.58596875 0.6726437498452011 0.5658765630952381 0.6775093752321981 0.5509234380952381 0.6826062501547988 0.5228875000000001 0.6784359374613003 0.538775
9 0.6580468749226006 0.57615625 0.6585093752321982 0.5682125 0.6582781250773994 0.552792186904762 0.6608265622291021 0.541578125 0.662217187616099 0.524289063095238 0.6647656247678018 0.49858906190476193 0.6603640625386997 0.5168125 0.6575828123839009 0.531765625 0.6554984377708979 0.552792186904762 0.6545718749226006 0.575221875 0.6580468749226006 0.57615625
9 0.7180562501547988 0.5359703130952381 0.7201421876160992 0.5233546869047618 0.7219953126934985 0.5107375 0.7219953126934985 0.4714875 0.7192156247678019 0.506065625 0.7166656247678018 0.520084375 0.7134218749226007 0.533167186904762 0.7101781250773994 0.545784375 0.7064718749226007 0.5630734380952381 0.7115687498452011 0.5658765630952381 0.7134218749226007 0.561203125 0.7168984377708979 0.5495218749999999 0.7180562501547988 0.5359703130952381
9 0.7076296873065014 0.5261578119047619 0.7120328123839009 0.504196875 0.7141171876160991 0.49017812499999996 0.7124953126934984 0.474290625 0.7064718749226007 0.5214859369047619 0.7076296873065014 0.5261578119047619
2 0.6742656247678018 0.729889063095238 0.6777406247678018 0.724748438095238 0.6807531250773994 0.7210109380952381 0.6821437498452013 0.71446875 0.6828390625386997 0.7041890619047619 0.6814484377708978 0.6990484380952381 0.6768140625386997 0.69858125 0.6733390625386996 0.697179686904762 0.6677781250773993 0.70091875 0.6640703126934985 0.706992188095238 0.6592046873065015 0.7130671869047619 0.6538765622291022 0.721478125 0.6494734377708978 0.7256828119047619 0.6478515622291022 0.73643125 0.6536437498452012 0.738767186904762 0.6575828123839009 0.7420375 0.6612906247678019 0.741570311904762 0.6654609374613003 0.737832811904762 0.6691687498452012 0.7345625 0.6742656247678018 0.729889063095238
1 0.31895937523219814 0.703304688095238 0.31895937523219814 0.721365625 0.3211984377708978 0.7356640619047619 0.3286624996904025 0.740178125 0.3368718749226006 0.74093125 0.34470781238390097 0.73716875 0.3532890625386997 0.742435936904762 0.3622453126934984 0.7454468750000001 0.36821562476780184 0.742435936904762 0.37194687492260065 0.7334062499999999 0.3738125003095975 0.7206125 0.376425 0.709325 0.3790374996904025 0.698035936904762 0.37829062476780184 0.6875 0.37605156222910213 0.6784703119047619 0.3712015622291022 0.6747078130952381 0.3629921876160991 0.679975 0.3547828123839009 0.680728125 0.34769218761609905 0.6754593750000001 0.33836406253869966 0.6762125 0.33202031269349846 0.6762125 0.3249296873065015 0.679975 0.3211984377708978 0.6875 0.31895937523219814 0.703304688095238
1 0.27194218761609906 0.7386734369047618 0.27903281238390093 0.7431890630952381 0.2864953126934984 0.7469515619047619 0.2928390625386997 0.7469515619047619 0.29918281238390093 0.7446937499999999 0.3032875003095975 0.74093125 0.3085109374613003 0.7356640619047619 0.3144828123839009 0.732653125 0.31933281238390093 0.7334062499999999 0.3211984377708978 0.7258796880952381 0.3230640625386997 0.709325 0.3234374996904024 0.6972828119047619 0.320825 0.6912625 0.3129890625386997 0.6852421880952381 0.30477968730650157 0.684490625 0.2973171876160991 0.679975 0.28575 0.6762125 0.2779125003095975 0.676964063095238 0.27231562476780186 0.679975 0.2663453126934984 0.6837375 0.26224062476780186 0.698789063095238 0.260375 0.718354686904762 0.26410625015479877 0.7273859369047619 0.27194218761609906 0.7386734369047618
9 0.2700921876160991 0.7643187499999999 0.26238281238390093 0.7829781250000001 0.25683125015479874 0.802879686904762 0.25158906253869967 0.833976563095238 0.2549812501547988 0.826514063095238 0.25868281238390095 0.8115875 0.26238281238390093 0.7991484380952381 0.26700937523219814 0.787953125 0.27194218761609906 0.7755140619047619 0.2762609374613003 0.7605875 0.2799609374613003 0.748770311904762 0.2737937498452012 0.7419296869047619 0.27286874984520126 0.751259375 0.2700921876160991 0.7643187499999999
9 0.28489531269349844 0.7500140630952381 0.28397031269349843 0.7556125 0.2824281250773994 0.7686734380952381 0.2815031250773994 0.78235625 0.2799609374613003 0.7972828119047619 0.2762609374613003 0.824025 0.27255937523219814 0.8401953130952381 0.2753343752321981 0.834598438095238 0.2781109374613003 0.8271359369047618 0.2808859374613003 0.815940625 0.2827359374613003 0.804123436904762 0.28489531269349844 0.79355 0.28674531269349846 0.780489061904762 0.28736250030959753 0.7674296869047619 0.29044687492260063 0.7500140630952381 0.28489531269349844 0.7500140630952381
9 0.29075468730650156 0.751259375 0.29137187492260064 0.75934375 0.2901374996904025 0.7730265630952381 0.28921250030959755 0.78733125 0.28736250030959753 0.799770313095238 0.2845874996904025 0.8097203119047619 0.2771859374613003 0.839573438095238 0.2802687498452012 0.8296234369047619 0.2833531250773994 0.81905 0.28674531269349846 0.8122093749999999 0.2901374996904025 0.8016359380952381 0.29229687492260065 0.791684375 0.2926046873065016 0.778623438095238 0.2947640625386997 0.7655625 0.2963062501547988 0.748148436904762 0.29075468730650156 0.751259375
9 0.3262187498452013 0.7755140619047619 0.32344374984520124 0.788575 0.3206687498452013 0.804123436904762 0.31727656222910217 0.8202937499999999 0.31480937523219815 0.839573438095238 0.31665937523219817 0.836464061904762 0.3200515622291022 0.823403125 0.32251874984520124 0.8084765619047619 0.32683593746130035 0.797904686904762 0.3283781250773994 0.78235625 0.3314624996904024 0.7717828119047618 0.33331250030959747 0.759965625 0.3289686904024768 0.7412254071428571 0.3262187498452013 0.7755140619047619
9 0.34503125015479874 0.743795313095238 0.34287187492260063 0.8401953130952381 0.34904062476780184 0.744417188095238 0.34503125015479874 0.743795313095238
9 0.35459062476780184 0.8003921869047619 0.35551562476780185 0.7860874999999999 0.354829813003096 0.7419860285714286 0.3506463956656347 0.7469300666666666 0.3502734377708978 0.8277578130952381 0.35366562476780183 0.81531875 0.35459062476780184 0.8003921869047619
11 0.2251122811145511 0.508822119047619 0.22999541114551084 0.5298195773809524 0.24122660928792572 0.54007415 0.2485513040247678 0.5347027071428572 0.2592941894736842 0.5181000654761905 0.26515394489164085 0.5019857380952382 0.27247863962848295 0.4790350273809524 0.27296695294117646 0.46389732619047613 0.2758968303405573 0.44289986785714286 0.28077996037151703 0.424343975 0.2822448990712074 0.4062763952380953 0.26368900619195046 0.39553350952380956 0.2578292507739938 0.3999283261904762 0.25099286873065013 0.4209257845238095 0.22804215913312695 0.45559600476190476 0.2163226476780186 0.47317527261904757 0.21925252569659442 0.4980792345238095 0.2251122811145511 0.508822119047619
25 0.3296112575851393 0.5112636845238095 0.3232631888544892 0.5112636845238095 0.3213099374613003 0.5361676464285714 0.31886837213622293 0.5649781119047619 0.3320528229102167 0.5723028059523809 0.3296112575851393 0.5112636845238095
9 0.3296112575851393 0.5024740511904762 0.32912294489164085 0.4946610428571428 0.32765800557275543 0.48391815714285713 0.326193066873065 0.4721986464285714 0.3208216241486068 0.46780382976190477 0.3227748761609907 0.508333805952381 0.3325411356037152 0.5102870583333333 0.3296112575851393 0.5024740511904762
6 0.6431081876160991 0.733446088095238 0.6387133708978328 0.7261213928571428 0.6367601188854489 0.7202616369047619 0.6338302408668731 0.7173317595238095 0.6230873554179567 0.7178200726190476 0.616250973993808 0.7197733238095239 0.6099029052631579 0.7236798285714287 0.6113678439628483 0.7344227130952381 0.6206457907120743 0.7358876523809523 0.6333419281733746 0.7393058428571427 0.6421315616099071 0.7417474083333333 0.6431081876160991 0.733446088095238
7 0.3305878835913313 0.8682204690476191 0.33107619690402473 0.8745685369047619 0.33498270030959754 0.8804282928571429 0.3403541430340557 0.8853114226190476 0.3467022117647059 0.8887296130952381 0.35060871578947367 0.8828698583333333 0.3545152191950464 0.8726152857142857 0.35646847120743036 0.8574775833333333 0.3554918452012384 0.8525944535714286 0.35109702848297214 0.8521061404761904 0.3369359523219814 0.8574775833333333 0.3315645095975232 0.8599191476190476 0.3305878835913313 0.8682204690476191
6 0.3774659294117647 0.6792433476190476 0.3843023108359133 0.6948693630952381 0.38869712755417957 0.6934044238095237 0.39260363157894734 0.6894979202380953 0.3945568835913313 0.6860797285714285 0.3945568835913313 0.6758251571428572 0.380884120123839 0.6782667214285715 0.3774659294117647 0.6792433476190476
13 0.39866562352941176 0.7689900880952382 0.3980358198142415 0.7034905226190477 0.3602476092879257 0.7148269869047619 0.25318101176470587 0.7141971833333333 0.25507042229102167 0.7538748035714286 0.3161613628482972 0.7601728392857142 0.39866562352941176 0.7689900880952382
13 0.583198052631579 0.7545046071428572 0.5800490346749226 0.7141971833333333 0.528405146749226 0.6921540595238095 0.4692036167182662 0.6915242559523809 0.4270067814241486 0.6959328809523809 0.4270067814241486 0.7381297166666666 0.5321839678018576 0.7337210916666668 0.583198052631579 0.7545046071428572
0 0.47044472879256966 0.6813924857142857 0.47214820990712075 0.6927490273809523 0.47470343157894734 0.6924651142857143 0.47867822167182666 0.6904777190476191 0.48094952941176466 0.6884903238095238 0.4818012705882353 0.6850833619047618 0.4806656160990712 0.6794050916666667 0.4803817027863777 0.6751463880952381 0.47952996222910216 0.669752030952381 0.47328386439628484 0.6646415869047619 0.47044472879256966 0.6813924857142857
