2 0.2736968749226006 0.440721875 0.28116874984520124 0.4444828130952381 0.28970937523219814 0.4459875 0.2954031250773994 0.4444828130952381 0.30074062476780183 0.44523593809523815 0.30252031269349844 0.42718125 0.3060781250773994 0.39257656309523814 0.3032312501547988 0.39408125 0.29860625015479875 0.39257656309523814 0.29113281238390093 0.4001 0.28899843777089784 0.4091265630952381 0.28508437523219815 0.413640625 0.27476406253869967 0.40611875 0.26871562476780186 0.43545625 0.2736968749226006 0.440721875
2 0.33383281238390095 0.43545625 0.3345453126934984 0.41890625000000004 0.3309859374613003 0.413640625 0.324225 0.4121359369047619 0.3199562501547987 0.4256765619047619 0.3146187498452012 0.42718125 0.3149734377708978 0.40611875 0.308925 0.3963390630952381 0.3053656247678019 0.40536562499999995 0.3042984377708978 0.41890625000000004 0.3042984377708978 0.43470468809523805 0.3067890625386997 0.451253125 0.3163968749226006 0.46554687499999997 0.3238703126934985 0.46554687499999997 0.32956249969040247 0.4625375 0.3309859374613003 0.4670515630952381 0.33525625015479876 0.46855625 0.34344062476780185 0.46780312500000004 0.34913437523219815 0.44523593809523815 0.3462874996904025 0.42793437500000003 0.33988281238390095 0.42868593690476187 0.3356125003095975 0.442978125 0.33383281238390095 0.43545625
0 0.3139062501547988 0.40837500000000004 0.3171093752321981 0.4309421880952381 0.32244687492260066 0.4294375 0.3274281250773994 0.4174015630952381 0.3334781250773994 0.41890625000000004 0.33632343777089785 0.4143921880952381 0.33703593746130034 0.3955859380952381 0.33205468730650156 0.380540625 0.3263609374613003 0.3662484369047619 0.3199562501547987 0.36549531190476187 0.31355 0.376028125 0.3082125003095975 0.38956875 0.3082125003095975 0.39784375000000005 0.3139062501547988 0.40837500000000004
1 0.34699843777089784 0.4151453119047619 0.34664374984520124 0.4309421880952381 0.3462874996904025 0.43921718690476186 0.34522031269349845 0.455015625 0.3509140625386997 0.4662984369047619 0.35625156222910215 0.47532656309523813 0.36336718761609904 0.4715640619047619 0.3679937498452012 0.46479375 0.3736874996904025 0.4505015630952381 0.3751109374613003 0.4362078119047619 0.3751109374613003 0.4174015630952381 0.36621406253869965 0.40235624999999997 0.3541156247678019 0.40536562499999995 0.34735468730650154 0.4046140619047619 0.34699843777089784 0.4151453119047619
1 0.36835 0.4971421869047619 0.37973593746130035 0.49864687500000004 0.3854296873065015 0.4918765619047619 0.3904109374613003 0.48059218809523807 0.39254687492260065 0.4617859380952381 0.39112343777089786 0.430190625 0.3843624996904025 0.4181546880952381 0.37653281238390096 0.413640625 0.3711953126934984 0.42868593690476187 0.3672812501547988 0.45426249999999996 0.36265625015479874 0.4723171880952381 0.36835 0.4971421869047619
1 0.38730781238390094 0.464634375 0.38804218761609904 0.4894625 0.3950156247678019 0.5119625 0.4052937498452012 0.51739375 0.41226874984520123 0.50575625 0.41740625015479876 0.49334218690476195 0.42585 0.46308281190476186 0.4229124996904025 0.4289453119047619 0.41226874984520123 0.41342812500000004 0.3975859374613003 0.4118765630952381 0.39318125015479877 0.4211859380952381 0.38840937523219815 0.4374796880952381 0.3862062501547987 0.4444625 0.38730781238390094 0.464634375
2 0.4298874996904025 0.5220484380952382 0.4442015622291022 0.520496875 0.4497078123839009 0.5104109380952381 0.45080937523219816 0.48480781309523807 0.44934062476780184 0.47627343690476187 0.44640468730650157 0.4661859369047619 0.43539218761609905 0.46075625000000003 0.4280515622291022 0.463859375 0.42254531269349843 0.46696249999999995 0.4192421876160991 0.48480781309523807 0.4229124996904025 0.5111859369047619 0.4298874996904025 0.5220484380952382
2 0.46035312507739934 0.48325625 0.45631562476780185 0.4855828130952381 0.45301093746130033 0.4910140630952381 0.4548468749226006 0.5080828119047619 0.45815 0.520496875 0.4636562501547988 0.520496875 0.4717312501547987 0.5197203119047619 0.47944062476780186 0.5049796880952381 0.4805406247678019 0.49334218690476195 0.48200937523219817 0.475496875 0.48421093746130034 0.45765156190476186 0.48164218761609906 0.4444625 0.4750359374613003 0.4545484380952381 0.4684281250773994 0.4708421869047619 0.4636562501547988 0.46929062499999996 0.46035312507739934 0.48325625
9 0.4372281250773994 0.307134375 0.4350265622291022 0.3979109380952381 0.4383296873065015 0.3924796880952381 0.4372281250773994 0.307134375
9 0.5066015622291021 0.31489375 0.5032984377708979 0.3583421869047619 0.5055015622291021 0.368428125 0.5066015622291021 0.31489375
1 0.4959578123839009 0.522825 0.5179812501547988 0.51816875 0.519082812383901 0.49489375 0.5139437498452012 0.4452390619047619 0.5099062501547987 0.4514453130952381 0.5032984377708979 0.447565625 0.4944890625386997 0.44834218809523807 0.48714843777089784 0.45997968809523815 0.4834781250773994 0.47239375 0.48384531269349845 0.4995484380952381 0.4864140625386997 0.520496875 0.4959578123839009 0.522825
1 0.5267906247678018 0.5104109380952381 0.5356 0.5119625 0.5455109374613003 0.49877343690476195 0.5466109374613003 0.4708421869047619 0.5440421876160991 0.4452390619047619 0.5359671876160991 0.4374796880952381 0.5308281250773994 0.4336 0.5209171876160991 0.4444625 0.5187156247678019 0.45765156190476186 0.51945 0.480928125 0.5212843752321982 0.5073078130952381 0.5267906247678018 0.5104109380952381
2 0.5521171876160991 0.4374796880952381 0.5484468749226007 0.4405828119047619 0.5466109374613003 0.4491171880952381 0.5469781250773994 0.4623078130952381 0.5451437498452012 0.480928125 0.5477124996904025 0.504203125 0.5576234377708978 0.516617188095238 0.5638640625386997 0.5158421869047619 0.5708375003095976 0.5080828119047619 0.574875 0.5026515619047619 0.5759765622291021 0.4894625 0.5763437498452012 0.4770484369047619 0.5693687498452012 0.45765156190476186 0.5653312501547987 0.4452390619047619 0.5612937498452013 0.4405828119047619 0.5579906247678018 0.4405828119047619 0.5521171876160991 0.4374796880952381
9 0.5712046873065015 0.2660140619047619 0.5620281250773994 0.3591171869047619 0.5675343752321981 0.368428125 0.5712046873065015 0.2660140619047619
1 0.5708375003095976 0.470065625 0.5770781250773994 0.48325625 0.5836843752321982 0.49334218690476195 0.5994687498452013 0.49023750000000005 0.6027718749226006 0.4824796869047619 0.6038734377708979 0.4677375 0.6042406247678018 0.43282499999999996 0.598 0.4111 0.5928609374613003 0.40566875 0.5763437498452012 0.4095484380952381 0.5701031250773994 0.4219625 0.566432812383901 0.4336 0.5671671876160991 0.4491171880952381 0.5708375003095976 0.470065625
1 0.622225 0.48325625 0.6277312501547988 0.47239375 0.6292 0.4491171880952381 0.6236937498452012 0.4266171880952381 0.6167203126934985 0.40722031190476193 0.6112140625386997 0.3986859369047619 0.6046062501547987 0.3994625 0.6005687498452013 0.4211859380952381 0.6016703126934985 0.441359375 0.6035062501547988 0.4654109369047619 0.6086453126934984 0.477825 0.622225 0.48325625
1 0.622225 0.435928125 0.6247953126934985 0.4452390619047619 0.6314015622291022 0.4623078130952381 0.6420468749226006 0.46929062499999996 0.6482874996904026 0.45765156190476186 0.6541593752321981 0.4537734380952381 0.6622359374613003 0.45066875 0.6670062501547988 0.442134375 0.6681078123839009 0.42739374999999996 0.6644374996904024 0.3986859369047619 0.6589312501547987 0.38394531190476194 0.6482874996904026 0.3754109380952381 0.6369078123839009 0.373859375 0.6229593752321981 0.3870484380952381 0.6192890625386996 0.414203125 0.622225 0.435928125
2 0.6714109374613002 0.380065625 0.6644374996904024 0.38782500000000003 0.6655390625386997 0.39635937499999996 0.6666406247678018 0.4095484380952381 0.6688421876160991 0.41885937500000003 0.6728796873065015 0.43670312499999997 0.6776515622291022 0.4374796880952381 0.6868281250773993 0.4320484380952381 0.7048140625386997 0.42429062500000003 0.7037125003095975 0.41575625 0.6996749999999999 0.4033421869047619 0.6930687498452013 0.4041171880952381 0.6864609374613003 0.3994625 0.6838921876160992 0.391703125 0.6813218749226007 0.3785140630952381 0.67545 0.3730828130952381 0.6714109374613002 0.380065625
1 0.6567296873065016 0.51816875 0.6581968749226007 0.5282546880952381 0.6626015622291022 0.54066875 0.6736140625386997 0.545325 0.6871953126934984 0.5367906250000001 0.6971062501547987 0.51816875 0.7033453126934984 0.5049796880952381 0.7018781250773993 0.4824796869047619 0.6974734377708978 0.46153124999999995 0.6927015622291022 0.4522203119047619 0.6868281250773993 0.459203125 0.6776515622291022 0.464634375 0.6728796873065015 0.4661859369047619 0.6615015622291023 0.47239375 0.6563624996904025 0.49179062500000004 0.6567296873065016 0.51816875
1 0.6277312501547988 0.5530828119047619 0.6361734377708979 0.571703125 0.6460843752321981 0.5779109369047619 0.6556281250773994 0.571703125 0.6604 0.545325 0.6545265622291022 0.5049796880952381 0.6541593752321981 0.49179062500000004 0.6508562501547988 0.4824796869047619 0.6442499999999999 0.48325625 0.6365406247678018 0.4910140630952381 0.6295671876160991 0.4964453130952381 0.6218593752321981 0.492565625 0.61415 0.503428125 0.621125 0.5437734369047619 0.6277312501547988 0.5530828119047619
1 0.622225 0.5461 0.6207578123839009 0.533685938095238 0.61415 0.5104109380952381 0.6071765622291022 0.5018765630952381 0.5957968749226006 0.497996875 0.5858875003095975 0.5135140619047619 0.5847859374613004 0.5329109369047619 0.5884562501547987 0.5569625 0.5943296873065016 0.5701515619047619 0.6042406247678018 0.5755828119047619 0.6145171876160991 0.5639453130952381 0.622225 0.5461
9 0.7044828123839009 0.6105390630952381 0.7116531250773994 0.62103125 0.7055859374613003 0.5994640619047619 0.6989671876160991 0.584890625 0.6934515622291022 0.5685687500000001 0.6865578123839009 0.535925 0.6799390625386997 0.5429203130952381 0.6821453126934985 0.55108125 0.6865578123839009 0.5720671869047619 0.6934515622291022 0.5965484369047619 0.7044828123839009 0.6105390630952381
9 0.7144109374613004 0.5668203119047619 0.7127562501547987 0.5615734369047619 0.710825 0.5691515619047619 0.7226843752321982 0.602378125 0.7304062501547988 0.6256953119047619 0.7218562501547987 0.5907203119047619 0.7144109374613004 0.5668203119047619
0 0.5612703126934985 0.576751561904762 0.5667765622291022 0.6070109380952381 0.5763187498452013 0.6070109380952381 0.5810906247678018 0.6023546869047619 0.5832937498452012 0.59149375 0.5840281250773994 0.5790796880952381 0.5803578123839009 0.56899375 0.5752187498452013 0.562010938095238 0.5719140625386997 0.5511484380952382 0.5631046873065015 0.555028125 0.5612703126934985 0.576751561904762
9 0.5803578123839009 0.623303125 0.5766859374613004 0.617096875 0.5858624996904025 0.680717186904762 0.5803578123839009 0.623303125
2 0.5352093752321981 0.5969234369047619 0.5421828123839009 0.60313125 0.5469546873065015 0.6093375 0.5513593752321981 0.6015796880952381 0.5557640625386997 0.589940625 0.5539281250773994 0.5759765619047619 0.5568656247678019 0.5596828119047619 0.5561312501547988 0.5418375 0.5517265622291022 0.521665625 0.5447531250773994 0.510028125 0.5359421876160991 0.5185624999999999 0.5289687498452013 0.5294234380952381 0.5308046873065015 0.5596828119047619 0.534475 0.584510936904762 0.5352093752321981 0.5969234369047619
2 0.3814109374613003 0.5457171880952382 0.3773734377708979 0.53563125 0.3704 0.544165625 0.36526093746130034 0.5589062499999999 0.3604890625386997 0.555028125 0.3604890625386997 0.5744234369047619 0.36709531269349843 0.582182811904762 0.37296874984520123 0.583734375 0.3792093752321981 0.5744234369047619 0.3806765622291022 0.5627859369047619 0.3814109374613003 0.5457171880952382
2 0.3828796873065015 0.532528125 0.3817781250773994 0.5177859369047619 0.3759046873065015 0.5061484380952381 0.3715 0.509251561904762 0.3604890625386997 0.5185624999999999 0.3575531250773994 0.550371875 0.36195781238390096 0.561234375 0.36819687492260067 0.5519234369047619 0.3700328123839009 0.5395109369047619 0.37370312507739933 0.5302 0.3828796873065015 0.532528125
8 0.29547187492260063 0.64753125 0.2986953126934984 0.635035936904762 0.29170937523219814 0.632764063095238 0.28579843777089786 0.632764063095238 0.2798859374613003 0.6373078119047619 0.27773750030959754 0.6611625 0.2772 0.671385936904762 0.27881250030959753 0.6804734380952381 0.2841859374613003 0.682745311904762 0.2884859374613003 0.67479375 0.29547187492260063 0.64753125
9 0.3595 0.33912812499999995 0.35892656222910213 0.36213906309523813 0.36322187492260066 0.36335156190476187 0.36265000000000003 0.34518281190476185 0.3603578123839009 0.315509375 0.35463125015479874 0.2834140630952381 0.3595 0.33912812499999995
6 0.4163108811145511 0.5418579595238096 0.38411458328173376 0.5455729166666666 0.380208333126935 0.62109375 0.4075520835913312 0.6106770833333334 0.4163108811145511 0.5418579595238096
6 0.2734374996904025 0.5911458333333334 0.33593750030959757 0.59765625 0.35156250030959757 0.57421875 0.35156249969040243 0.5208333333333334 0.28645833312693497 0.5026041666666666 0.2734374996904025 0.5911458333333334
6 0.3567708334365325 0.3893229166666667 0.38671874984520127 0.41796875 0.4192708334365325 0.4296875 0.44401041671826624 0.4296875 0.48046874984520127 0.41796875 0.5325520835913312 0.4153645833333333 0.5611979164086688 0.4036458333333333 0.5820312501547987 0.3971354166666667 0.6184895832817338 0.3802083333333333 0.677083333126935 0.3645833333333333 0.7018229164086687 0.3463541666666667 0.6744791665634675 0.3541666666666667 0.6315104167182662 0.37109375 0.5442708334365325 0.40625 0.4544270835913312 0.4166666666666667 0.4049479164086688 0.4153645833333333 0.36588541671826624 0.3802083333333333 0.3567708334365325 0.3893229166666667
