10 0.2555937498452012 0.48635 0.2564140625386997 0.4765328119047619 0.2555937498452012 0.46445 0.2510781250773994 0.4493484380952381 0.24574218761609906 0.4402859380952381 0.23835468730650153 0.4342453119047619 0.23301874984520124 0.43953125000000004 0.2313765622291022 0.4508578119047619 0.23342812507739938 0.466715625 0.2371234377708978 0.48559375 0.2465640625386997 0.488615625 0.2514890625386997 0.488615625 0.2555937498452012 0.48635
0 0.3713453126934984 0.581496875 0.3766812501547988 0.5731890630952381 0.3766812501547988 0.555821875 0.37175625015479874 0.549025 0.3655984377708978 0.546759375 0.35697968730650154 0.5482703119047618 0.3504109374613003 0.559596875 0.35328437523219813 0.5830062500000001 0.3565687498452012 0.5875375 0.3619046873065016 0.5882921869047619 0.3660093752321981 0.5882921869047619 0.3713453126934984 0.581496875
10 0.391457812383901 0.5565765630952381 0.398025 0.5565765630952381 0.3988468749226006 0.5414734380952381 0.39515156222910214 0.5082484380952381 0.38981562476780185 0.479553125 0.38324843777089784 0.4742671869047619 0.3807859374613003 0.48635 0.38037499999999996 0.5105140619047619 0.3807859374613003 0.533167186904762 0.3799656247678019 0.5550671880952381 0.3828390625386997 0.5633734380952381 0.38407031269349845 0.555821875 0.391457812383901 0.5565765630952381
0 0.4284 0.580740625 0.42881093746130033 0.5626171869047619 0.42224374984520124 0.55355625 0.4173171876160991 0.54978125 0.4086984377708978 0.54978125 0.405825 0.5618624999999999 0.4091078123839009 0.5754546869047619 0.4115703126934985 0.5837609380952381 0.4189593752321981 0.589803125 0.42388437523219813 0.5913125 0.4284 0.580740625
0 0.44276562476780185 0.5822515630952381 0.4476921876160991 0.5860265630952382 0.4517968749226006 0.5860265630952382 0.4571328123839009 0.5860265630952382 0.458775 0.5837609380952381 0.46328906253869967 0.5754546869047619 0.4682156247678019 0.570925 0.4694468749226006 0.558842186904762 0.4645203126934984 0.5550671880952381 0.45549062476780183 0.5573312500000001 0.44522968730650153 0.5565765630952381 0.4378406247678019 0.558842186904762 0.4423562501547988 0.568659375 0.4394828123839009 0.5769656249999999 0.44276562476780185 0.5822515630952381
10 0.49210312507739934 0.49124062500000004 0.48803281238390095 0.5099640630952381 0.48701406253869967 0.529309375 0.4829437498452012 0.553025 0.4829437498452012 0.559265625 0.4849796873065016 0.5642578119047619 0.4893890625386997 0.5692515630952381 0.49787031269349846 0.5767390619047619 0.5080468749226007 0.576115625 0.512117187616099 0.5586421869047619 0.5117781250773994 0.53991875 0.5124562501547988 0.5099640630952381 0.5114390625386998 0.48999374999999995 0.5114390625386998 0.4700234369047619 0.5100812501547988 0.45878906190476193 0.5056718749226006 0.45442031309523806 0.49922656222910217 0.45878906190476193 0.49549531269349845 0.47251875 0.49210312507739934 0.49124062500000004
10 0.5287390625386997 0.508090625 0.5270437498452012 0.5299343750000001 0.5263656247678018 0.5598890630952381 0.5304359374613004 0.5623859380952381 0.5358624996904026 0.567378125 0.5399343752321981 0.569875 0.5453609374613003 0.567378125 0.5467187498452012 0.559265625 0.5453609374613003 0.5436640630952381 0.5453609374613003 0.5286859369047618 0.5460406247678018 0.5143328119047619 0.5453609374613003 0.4993546869047619 0.5443437498452012 0.4825046880952381 0.5429875003095975 0.46378125000000003 0.5372203126934985 0.451925 0.5304359374613004 0.45941406190476186 0.5280609374613003 0.48000781190476194 0.5287390625386997 0.508090625
9 0.5328109374613003 0.5062187499999999 0.5334890625386997 0.5236937500000001 0.5328109374613003 0.53991875 0.531792187616099 0.55676875 0.5382374996904025 0.5561453119047619 0.5399343752321981 0.52306875 0.5392562501547988 0.5074671880952382 0.5375593752321982 0.49373750000000005 0.5385765622291022 0.461909375 0.534167187616099 0.48687343690476187 0.5328109374613003 0.5062187499999999
0 0.5511281250773994 0.5854765619047619 0.5524859374613003 0.5985828130952381 0.5568953126934985 0.602326561904762 0.5596093752321981 0.606071875 0.5643578123839009 0.60731875 0.569107812383901 0.606071875 0.5745359374613003 0.601078125 0.5775890625386997 0.5954625 0.5792843752321981 0.589221875 0.5789453126934985 0.5811078119047619 0.5762312501547988 0.5754921869047619 0.5708031250773994 0.569875 0.5650375003095975 0.56550625 0.5585921876160991 0.5617624999999999 0.5524859374613003 0.56550625 0.55045 0.572371875 0.5511281250773994 0.5854765619047619
0 0.6946218749226005 0.5586421869047619 0.6936046873065015 0.54865625 0.6932656247678018 0.5349265630952381 0.6898734377708978 0.5442875 0.6878375003095976 0.551153125 0.6878375003095976 0.5642578119047619 0.6912296873065016 0.57424375 0.6953 0.5811078119047619 0.6946218749226005 0.570498438095238 0.6946218749226005 0.5586421869047619
0 0.6566281250773994 0.6241703130952381 0.6562890625386998 0.61668125 0.6522187498452012 0.606071875 0.6467906247678019 0.605446875 0.6505218749226006 0.61668125 0.6532359374613003 0.622921875 0.6566281250773994 0.6241703130952381
10 0.6121890625386996 0.721525 0.6138859374613003 0.6965625 0.6176171876160991 0.676592186904762 0.614225 0.6697265619047619 0.6074406247678019 0.6672312499999999 0.6003171876160991 0.6622375 0.5935328123839009 0.6659828119047619 0.592175 0.6853296880952381 0.5931921876160992 0.7134124999999999 0.5962453126934985 0.738375 0.5992984377708979 0.758345313095238 0.6043874996904025 0.7739484380952381 0.6087968749226006 0.792046875 0.6145640625386998 0.7926703130952382 0.6186343752321981 0.7839328119047619 0.6172781250773994 0.769579686904762 0.6121890625386996 0.739 0.6121890625386996 0.721525
0 0.570125 0.652876563095238 0.570125 0.657870313095238 0.5674109374613003 0.6716 0.5660546873065015 0.682832811904762 0.5711437498452012 0.68408125 0.5758921876160991 0.6797124999999999 0.5789453126934985 0.6716 0.5806406247678019 0.656621875 0.5796234377708979 0.6453875 0.5752140625386998 0.637275 0.5711437498452012 0.634778125 0.5650375003095975 0.641020313095238 0.5670718749226007 0.6472609369047619 0.570125 0.652876563095238
0 0.32825625015479876 0.6291625 0.33062968730650155 0.634778125 0.336057812383901 0.6322828119047619 0.34012812507739937 0.627290625 0.34623437523219813 0.621673436904762 0.34623437523219813 0.612935938095238 0.3421640625386997 0.60794375 0.33537968730650153 0.60731875 0.3319875003095975 0.60731875 0.32825625015479876 0.61668125 0.32825625015479876 0.6291625
7 0.31536183900928794 0.7610384880952381 0.3111266080495356 0.7672284416666667 0.30786873746130033 0.7734183940476191 0.3042850804953561 0.7805857095238096 0.2984209139318885 0.7906851071428571 0.29711776594427247 0.7965492738095239 0.29646619195046436 0.8027392261904761 0.29614040495356037 0.8095807547619047 0.29711776594427247 0.8170738559523809 0.3013529969040248 0.8242411702380952 0.3072171634674922 0.8294537630952381 0.3176423479876161 0.8349921416666667 0.3251354495356037 0.8398789476190477 0.33523484767801853 0.8398789476190477 0.3472889671826625 0.8349921416666667 0.3554336427244582 0.8274990404761905 0.36390410588235295 0.8183770035714286 0.36748776284829726 0.8115354761904762 0.3678135498452012 0.8017618654761904 0.36520725386996905 0.7939429773809524 0.3632525318885449 0.786449875 0.35966887430340555 0.7786309869047618 0.3515241987616099 0.7665768666666667 0.3479405411764706 0.7646221452380952 0.3440310972136223 0.7704863119047618 0.3424021622291022 0.7763504773809524 0.33751535665634674 0.7897077452380953 0.32839332012383904 0.8066486714285714 0.3267643851393189 0.8105581154761905 0.32090021857585144 0.8105581154761905 0.31536183900928794 0.8033908011904761 0.3163392 0.7897077452380953 0.3192712835913312 0.7812372833333333 0.3192712835913312 0.7721152464285714 0.32252915356037154 0.7581064047619048 0.32024864458204333 0.7512648773809524 0.3176423479876161 0.7561516821428571 0.31536183900928794 0.7610384880952381
6 0.3078843312693499 0.604980261904762 0.28962703900928793 0.6099595238095238 0.28132826996904026 0.6124491547619046 0.27385937770897834 0.6182582928571428 0.2730295009287926 0.6248973083333333 0.2829880241486068 0.629876569047619 0.2979258080495356 0.6307064464285714 0.30954408482972134 0.6290466928571429 0.31618310030959756 0.629876569047619 0.32116236160990713 0.6273869392857143 0.328631253869969 0.6082997702380952 0.31867273065015483 0.6058101392857143 0.3078843312693499 0.604980261904762
6 0.6970965987616099 0.5742748166666667 0.6970965987616099 0.5809138321428572 0.7120343826625387 0.5784242011904762 0.7186733981424148 0.5692955559523809 0.7128642594427245 0.556017525 0.7012459832817338 0.566805925 0.6970965987616099 0.5742748166666667
6 0.5784242012383901 0.577594325 0.5941918625386997 0.5933619857142857 0.6058101393188855 0.5900424785714286 0.6091296470588236 0.5767644476190477 0.5792540780185759 0.572615063095238 0.5784242012383901 0.577594325
6 0.6489637380804953 0.6448143535714286 0.6365155845201238 0.6522832452380952 0.6315363232198142 0.6639015226190477 0.6282168154798762 0.6763496761904763 0.6373454613003097 0.6788393071428571 0.6605820148606811 0.6746899226190477 0.6713704148606812 0.6697106607142858 0.7012459832817338 0.6614118916666667 0.7037356136222911 0.6556027535714286 0.7020758600619195 0.6331960773809524 0.6655612761609907 0.634855830952381 0.6489637380804953 0.6448143535714286
13 0.39336165201238393 0.6755197988095238 0.47634934241486065 0.6804990607142857 0.5526980173374613 0.6904575833333334 0.6033205083591331 0.6912874607142857 0.6854783219814241 0.6887978297619048 0.7145240136222911 0.6713704142857143 0.7037356136222911 0.6489637380952381 0.557677278637771 0.6556027535714286 0.4406646352941177 0.6497936154761905 0.350208053250774 0.6448143535714286 0.2688801164086687 0.6290466928571429 0.21991737956656346 0.5883827238095238 0.20497959504643964 0.6190881702380951 0.2672203628482972 0.6763496761904763 0.39336165201238393 0.6755197988095238
13 0.34273916099071206 0.5526980178571429 0.41493845139318886 0.556017525 0.5078846643962849 0.5551876476190476 0.5784242012383901 0.5767644476190477 0.7170136439628483 0.5676358011904762 0.7203331517027864 0.5211626952380952 0.6547728767801858 0.5402498642857143 0.5809138321981424 0.5369303559523809 0.45228291207430343 0.5394199869047619 0.33610014551083595 0.5087145416666667 0.34273916099071206 0.5526980178571429
11 0.385892759752322 0.4464737738095238 0.4016604210526316 0.4871377416666666 0.43070611269349846 0.5120340488095239 0.4340256204334365 0.49875601904761907 0.43485549721362227 0.45145303571428574 0.4265567281733746 0.4157683285714286 0.4099591900928793 0.3867226369047619 0.3817433752321981 0.3435690380952381 0.36431596037151703 0.2987556845238095 0.34605866873065017 0.3012453154761905 0.350208053250774 0.3485482988095238 0.3742744829721362 0.4215774666666667 0.385892759752322 0.4464737738095238
