10 0.22937761229570697 0.4354066234272937 0.251466665383532 0.43254909343165016 0.25860109017787636 0.48769558747776837 0.2365120392227027 0.4905531062822189
0 0.3504108922185196 0.5882922073870731 0.3504109573818823 0.5467593400751383 0.3766812438037732 0.5467594008178437 0.3766812730489164 0.5882921736224449
10 0.38070826296473115 0.47424384915652146 0.39946302407440726 0.4744161621396248 0.39864431331784544 0.5635186502654556 0.3798895522186285 0.56334633849627
0 0.4281581465385216 0.5914093954228933 0.40516680086284396 0.5908881330610327 0.4061047238168385 0.5495270388501603 0.4290959044342344 0.5500482993415011
0 0.4691232753532404 0.5547069671263017 0.4714862954746195 0.5849034897058125 0.44007231389934987 0.5873614420778516 0.4377093821708513 0.5571650019286061
10 0.511990593978112 0.5768374074762442 0.4827792448515993 0.576633956187682 0.4836318817092433 0.4542668068106927 0.5128426637151051 0.4544702561108628
10 0.5286607723517136 0.45174335674059807 0.5489915099479958 0.45217479830318413 0.5464906351954824 0.5700141300769838 0.5261598977409676 0.5695826924811169
0 0.5499242090807002 0.5622109937967733 0.5778925822814927 0.5607638694078618 0.5802590705795865 0.6064959990284405 0.5522906978325182 0.607943117515701
0 0.6953000135124512 0.581107812092167 0.6883524372291276 0.5813175043830138 0.6869579026824795 0.5351169434152433 0.6939054243802047 0.5349072519489725
0 0.6588371711180798 0.6233229032603621 0.6538098496084785 0.6252514271727609 0.6462860415410887 0.6056404378409487 0.6513133452717739 0.6037119177284177
10 0.6187171630905368 0.7926309628048042 0.5931938393717928 0.7928727905580709 0.5919569832983598 0.6623167121964313 0.6174795744514086 0.6620748878953447
0 0.5648893464006051 0.6349302575950271 0.5801039262584027 0.6345601769744506 0.5813026258898617 0.6838341459338414 0.5660880460965245 0.6842042247225764
0 0.32825625 0.60731875 0.346234375 0.60731875 0.346234375 0.634778125 0.32825625 0.634778125
11 0.32728547507269923 0.30908682860769576 0.3738669253862099 0.28962986904549365 0.4614113700035887 0.4992086682231631 0.4148300759117092 0.5186653531980382
7 0.320230181375905 0.8256844089200568 0.29116709024731335 0.8073141328391363 0.3218469070889114 0.7587861708739201 0.35090969233760916 0.7771563184761974
7 0.7387409104259177 0.44379473313122697 0.7061365075978756 0.4420794396991599 0.7090451468914125 0.38679691535440397 0.7416493247861808 0.3885122029088027
7 0.7894694458994991 0.7176635297090765 0.8053316160804798 0.7268255779901791 0.7948070731405323 0.7450436417164351 0.7789449186857382 0.7358816149093379
7 0.7888206914261673 0.6895037577779448 0.8055813872241515 0.6940154108079599 0.799672458102691 0.7159636660806302 0.7829117665654621 0.7114520240286083
7 0.5959253134776645 0.7969204751474412 0.5855323335902085 0.8272561888300417 0.5564645885145865 0.8172995172658852 0.5668576246131352 0.7869639188618306
10 0.703125 0.4276315796874698 0.7214854526752106 0.4121710438543904 0.7346433177357312 0.4277960738401625 0.7162828841779856 0.4432565890633794
6 0.35841208319959605 0.49348342912486576 0.3504464281249966 0.590401785937478 0.2511900792560482 0.5822439264090975 0.2591564457206914 0.48532635642738886
6 0.32966603435454545 0.6865945374831984 0.24049662252548387 0.6820610609525938 0.24453735904455698 0.602609417664114 0.3337053578125051 0.6071428578125024
6 0.7200390239179342 0.6260126873886087 0.7250378103985895 0.6999700453636943 0.6176156744561467 0.7072287171883781 0.6126177476927523 0.6332721702206359
6 0.5792410718750001 0.5479910718750001 0.6116071421875 0.5479910718750001 0.6116071421875 0.6015625 0.5792410718750001 0.6015625
6 0.7147415820595597 0.6067761743270084 0.6882457663684818 0.6050669229946484 0.6944867623402615 0.5083354049778129 0.7209821421876086 0.5100446421875036