11 0.3268826904038633 0.408969534375 0.28070833514470905 0.40896953437499994 0.2807088421196795 0.23673326093749994 0.3268823887833605 0.23673326093749994
11 0.20510492872767827 0.4945512393909013 0.2779009770729317 0.48545261524414485 0.2926381708371082 0.6033513358401866 0.21984213798816654 0.6124498692369316
2 0.3561992402279657 0.5049820914835017 0.35619933026328 0.47346643357787344 0.40237324233271465 0.4734665606343229 0.4023732609956596 0.5049821089929398
2 0.28731084438402377 0.5137163274300437 0.3244046136179577 0.49160475489336003 0.35982140389842243 0.5510140675498653 0.3227277272995934 0.5731255158331426
2 0.3913750634422968 0.5241795931053893 0.4119012156249937 0.5672803218749659 0.36919930712576843 0.5876144323672386 0.3486733574752634 0.5445138759950398
2 0.6763895773428885 0.513843496401694 0.6498405779633458 0.506035546969338 0.6609109866952849 0.4683964581873238 0.6874598398810576 0.4762043846999531
2 0.6414855099720853 0.5852989197348846 0.6255696149415826 0.5639057383438836 0.6635052624982336 0.5356854524605656 0.6794211246060513 0.5570785479564253
2 0.6949775113627084 0.5599198926582628 0.6783645969630925 0.5298609541584768 0.7219940437303194 0.5057500141315334 0.7386069649454612 0.5358088309695916
11 0.7439488840429931 0.4657428539680332 0.802580763656465 0.47072060726604037 0.7932914200167716 0.5801290108152984 0.7346595461988272 0.5751513012211344
11 0.7602822809349163 0.3999955919751371 0.7124024861718681 0.4036785020098037 0.7013207529589636 0.25961041186464895 0.7491998337925452 0.2559275299624561
7 0.7139299931631058 0.712622095732132 0.6922294712508119 0.7309136998078992 0.6652991912569632 0.6989692853453378 0.6869995949002714 0.6806777628777808
7 0.3497805339811748 0.7042374266669379 0.3670339661861135 0.7051695076458434 0.36566468512216943 0.7305118589906449 0.34841125311766064 0.729579780596358