1 0.29778652483435053 0.634463949141164 0.24227950640351992 0.6117564406877887 0.26699596809112336 0.55134601708679 0.3225024123169078 0.5740533934170815
1 0.7323875295463722 0.5358846339930922 0.7553818049395886 0.595321490560147 0.6921194953312124 0.6197928365121248 0.669125639095796 0.5603563353546411
2 0.24403787538483357 0.5072437915096096 0.2571760673099561 0.48611020059518123 0.29028407949317625 0.506690996966469 0.27714596041039385 0.5278245241650976
2 0.2873084403291841 0.530272169742983 0.29498134347170435 0.5199146781222883 0.3121051219535502 0.5325990135425577 0.30443223850443246 0.5429564873150385
2 0.32909164274485647 0.5613389885561972 0.3290917475007973 0.5133651133302112 0.3515094086745876 0.5133651973045024 0.351509392168623 0.5613389836235837
2 0.3587529737638988 0.526731679766483 0.3817942718978884 0.5271705192150218 0.38082764808223146 0.5779185594489527 0.3577863500000831 0.5774797218750011
11 0.2133064347905247 0.5350023625627668 0.2620893444205876 0.5363791405444361 0.2578484854381031 0.686627946952385 0.20906557672719828 0.6852511882169096
11 0.26186870831031683 0.4595167290288099 0.22354407232182893 0.45786645946224197 0.2297017711321132 0.31487936756700685 0.26802577294301955 0.3165296236301643
2 0.3504531641668791 0.6067701326932171 0.33946531163792315 0.6252477467420281 0.3098768217491852 0.6076546448554105 0.32086467198155333 0.5891770895957341
2 0.6738470024748722 0.5704428521059725 0.6876282721082134 0.5975101207027119 0.6450875092793922 0.6191672136691644 0.6313063767125868 0.5921000623656594
2 0.6271522739410784 0.6162432279526983 0.6073668377532613 0.6215187562011665 0.6016666058521878 0.6001427695275421 0.6214519652753552 0.594867252050153
2 0.6684174742404139 0.5374403678096341 0.668417544685326 0.5063112170347379 0.7007212962547555 0.506311293708986 0.7007213057905801 0.5374403643087041
2 0.7394858028490034 0.4804681984119114 0.7548393201052477 0.5000556222719419 0.725171881784604 0.5233084580709325 0.7098184257063167 0.503721090540098
11 0.7343526211273002 0.3481172727283444 0.7763053323668601 0.34306767773138347 0.7928666774108706 0.4806548515792468 0.7509139740727733 0.4857044020467635
11 0.8117782014239765 0.6357997498287911 0.7422285117437468 0.6319362696630658 0.7483936192757028 0.5209773762899388 0.817941917103667 0.5248408170960467
9 0.2666665887850286 0.6208333055456209 0.27385830176729087 0.6233344432982979 0.2496312146153059 0.6929874882934794 0.24243951064306657 0.6904863689734781
9 0.28387855494111136 0.6318669054201757 0.29196562419190286 0.6336247348296923 0.27336977511367877 0.7191653280879704 0.265282710909446 0.7174075144222565
9 0.7197917368670232 0.6864583226786084 0.7147839844213877 0.6871866291636013 0.7064506377435009 0.6298949694265384 0.7114583328125264 0.6291666671874929
9 0.7302083328124809 0.6281249999999868 0.7353254672168532 0.6263058151611266 0.7519920538035194 0.6731808511970464 0.7468749238773853 0.6750000270621177