2 0.24769062476780185 0.5853406250000001 0.24395937523219816 0.594264063095238 0.24545156222910217 0.6038749999999999 0.2484374996904025 0.6052484369047619 0.2525421876160991 0.60799375 0.25552656222910214 0.6066203130952381 0.25813906253869967 0.6004421880952381 0.25925781238390094 0.5867125 0.2585125003095975 0.5750421880952381 0.25142187492260065 0.576415625 0.24769062476780185 0.5853406250000001
0 0.247025 0.5676578119047619 0.24555156222910215 0.5746328119047619 0.247025 0.5769593749999999 0.25018437523219816 0.576184375 0.25208125015479876 0.5742453119047619 0.2541874996904025 0.5680453119047618 0.2533453126934984 0.5599078130952381 0.24807812507739938 0.5610703119047619 0.247025 0.5676578119047619
0 0.30726718761609906 0.577346875 0.306425 0.5719203130952382 0.30726718761609906 0.5649453119047619 0.30726718761609906 0.5618453130952381 0.3047390625386997 0.5579703130952381 0.30157968730650153 0.5544828130952381 0.2990515622291022 0.5486703119047619 0.29820937523219815 0.5552578119047619 0.2988421876160991 0.5637828130952381 0.29863125015479874 0.5688203130952381 0.29820937523219815 0.578509375 0.3001046873065015 0.589359375 0.3009484377708978 0.5850968750000001 0.30305468730650154 0.581221875 0.30579218761609905 0.578896875 0.30726718761609906 0.577346875
0 0.33465 0.5416953130952381 0.32812031269349845 0.5463453130952381 0.3274875003095975 0.5517703119047619 0.3260140625386997 0.5560328130952381 0.3279093752321981 0.564170313095238 0.3312796873065016 0.5630078119047619 0.33296406253869965 0.569982811904762 0.33675625015479876 0.5723078130952381 0.3380187498452012 0.5649453119047619 0.3361234377708978 0.5544828130952381 0.33465 0.5416953130952381
2 0.3319109374613003 0.5734703130952381 0.33254218761609905 0.570370311904762 0.33254218761609905 0.5684328130952381 0.33085781238390094 0.5637828130952381 0.3266453126934985 0.566107813095238 0.32495937523219814 0.5595203130952381 0.3243281250773994 0.5540953119047619 0.3222218749226006 0.5502203130952381 0.3171671876160991 0.5486703119047619 0.31442812507739937 0.5533203119047619 0.31000468730650155 0.5579703130952381 0.3078984377708978 0.5684328130952381 0.30768749969040243 0.579671875 0.30157968730650153 0.5827718749999999 0.3020015622291022 0.589746875 0.30516093746130035 0.593234375 0.30832031269349847 0.595946875 0.31063749969040244 0.602146875 0.31906249969040246 0.602921875 0.3230640625386997 0.599821875 0.3274875003095975 0.592459375 0.3285406247678019 0.582384375 0.33043593746130034 0.575409375 0.3319109374613003 0.5734703130952381
9 0.32083125015479874 0.4552046880952381 0.31944218761609905 0.45989375 0.31828281238390094 0.48546875 0.3173562501547988 0.502945313095238 0.3152703126934985 0.5242578119047618 0.3111 0.537471875 0.30901562476780187 0.5212749999999999 0.30275937523219815 0.4603203119047619 0.3053078123839009 0.5089125 0.30832031269349847 0.5357671880952382 0.3097109374613003 0.55750625 0.31411250030959753 0.5532437499999999 0.317125 0.549407811904762 0.3222218749226006 0.5498328119047619 0.32245312507739937 0.54685 0.3210640625386997 0.5357671880952382 0.32245312507739937 0.51061875 0.32361249969040246 0.4918625 0.3222218749226006 0.4633046869047619 0.32083125015479874 0.4552046880952381
0 0.40169374984520123 0.5715718750000001 0.3942796873065016 0.577965625 0.38918281238390096 0.5873437499999999 0.3901093752321982 0.603540625 0.39173125015479876 0.6167546880952381 0.39173125015479876 0.6201656249999999 0.3940484377708979 0.62570625 0.39960937523219814 0.626984375 0.40331562476780186 0.622721875 0.4088765622291022 0.6124921880952381 0.4121203126934984 0.5962953130952381 0.411425 0.5852125 0.40841406253869966 0.575834375 0.40169374984520123 0.5715718750000001
2 0.5692109374613004 0.609934375 0.5685156247678018 0.6039671869047619 0.5662 0.598853125 0.5615656247678019 0.5877703119047619 0.5611015622291022 0.577965625 0.5604062501547988 0.5719984380952381 0.5569312501547988 0.5728515619047619 0.5532250000000001 0.5766875 0.5506749999999999 0.586065625 0.5504437498452012 0.5962953130952381 0.5485906247678018 0.6103609380952381 0.5513703126934985 0.6210171880952381 0.5567 0.630395311904762 0.5622609374613003 0.6299687500000001 0.5694437498452012 0.620590625 0.5692109374613004 0.609934375
7 0.5571624996904025 0.445828125 0.557857812383901 0.43645 0.5573953126934985 0.424515625 0.5527609374613004 0.4061859380952381 0.5492859374613003 0.3976609380952381 0.5441874996904025 0.3963828130952381 0.5402484377708978 0.3976609380952381 0.5370046873065015 0.4147109380952381 0.5397859374613003 0.4368765630952381 0.5409437498452012 0.4483859369047619 0.5421031250773993 0.4407125 0.5425656247678018 0.43176093809523813 0.5439562501547988 0.4253671880952381 0.5490531250773993 0.4198265630952381 0.5532250000000001 0.424515625 0.5546140625386997 0.43858125000000003 0.5555406247678019 0.454353125 0.5571624996904025 0.445828125
1 0.596782812383901 0.6112140630952381 0.5981734377708978 0.5975734369047618 0.5956250000000001 0.575409375 0.5886734377708978 0.560915625 0.5814906247678019 0.560915625 0.575467187616099 0.560064061904762 0.5685156247678018 0.565178125 0.5620281250773994 0.5719984380952381 0.5615656247678019 0.577965625 0.5622609374613003 0.5886218750000001 0.5659671876160991 0.601835938095238 0.569675 0.6129187500000001 0.5759312501547987 0.622721875 0.5798687498452012 0.624853125 0.5872843752321981 0.623148436904762 0.5905281250773994 0.6176078119047619 0.596782812383901 0.6112140630952381
1 0.6099906247678019 0.565178125 0.6025765622291022 0.5664578130952381 0.5965515622291022 0.5719984380952381 0.5949296873065015 0.5805234380952381 0.5953937498452012 0.589901561904762 0.596782812383901 0.5945906249999999 0.6002593752321982 0.6022625 0.6058203126934985 0.601835938095238 0.6132343752321981 0.599278125 0.6208796873065016 0.5937375 0.6231968749226006 0.585639063095238 0.6197218749226006 0.5741296869047618 0.6157828123839009 0.5664578130952381 0.6099906247678019 0.565178125
1 0.6649031250773995 0.5847859369047619 0.6695359374613004 0.575409375 0.6688406247678019 0.5621953119047619 0.6639750000000001 0.54685 0.6611953126934984 0.5323578130952381 0.6551718749226006 0.5370453130952381 0.6461343752321982 0.5408828130952381 0.6357078123839008 0.5455703130952381 0.6280624996904024 0.548128125 0.62505 0.548128125 0.6211109374613003 0.5455703130952381 0.6167093752321982 0.543865625 0.6169406247678019 0.560064061904762 0.6190265622291021 0.572425 0.6238921876160991 0.583934375 0.6296843752321981 0.5911796869047619 0.6368671876160991 0.590753125 0.6454390625386998 0.5920328130952381 0.651 0.590753125 0.6558656247678019 0.5852125 0.6605 0.5886218750000001 0.6649031250773995 0.5847859369047619
9 0.6452562501547988 0.51246875 0.6421734377708979 0.4727546869047619 0.6393687498452013 0.41705156309523805 0.6393687498452013 0.43613437499999996 0.6393687498452013 0.46914375 0.6390890625386998 0.51453125 0.6320796873065015 0.43613437499999996 0.6340421876160991 0.5222671869047619 0.6340421876160991 0.5346453119047619 0.637967187616099 0.5341296880952381 0.6480609374613003 0.5341296880952381 0.6486203126934985 0.5279406249999999 0.6519859374613003 0.5042156250000001 0.6598359374613003 0.44077656190476194 0.6536671876160991 0.4650171880952381 0.6494625003095975 0.49235312499999995 0.6452562501547988 0.51246875
9 0.6805812501547988 0.489259375 0.6873093752321981 0.5191734380952381 0.6901140625386997 0.51246875 0.6845062501547987 0.4959640619047619 0.6800203126934985 0.4727546869047619 0.6800203126934985 0.4527484380952381 0.6777781250773994 0.4629546869047619 0.6805812501547988 0.489259375
9 0.6744140625386997 0.41189375 0.6875906247678019 0.5067953119047619 0.692917187616099 0.505246875 0.6744140625386997 0.41189375
9 0.699925 0.48822656190476194 0.7002062501547988 0.4634703119047619 0.6931968749226006 0.44748125 0.6988046873065016 0.46914375 0.6971218749226007 0.489775 0.693757812383901 0.514015625 0.6979640625386997 0.5186578119047619 0.699925 0.48822656190476194
2 0.6920765622291021 0.526909375 0.6825437498452013 0.5336140619047619 0.674975 0.54031875 0.6721703126934985 0.560434375 0.6755343752321982 0.5759078130952381 0.6800203126934985 0.5753921869047619 0.6878703126934984 0.57384375 0.6985234377708979 0.570234375 0.7083359374613004 0.5650765619047619 0.7111406247678018 0.5557921869047618 0.7147843752321982 0.5398031249999999 0.7086171876160992 0.52639375 0.6993656247678018 0.523815625 0.6920765622291021 0.526909375
0 0.7254375003095975 0.5784859369047619 0.7273999999999999 0.5676546869047618 0.7240359374613003 0.5645609380952381 0.7187093752321981 0.57075 0.7142234377708978 0.5753921869047619 0.7117 0.58364375 0.7142234377708978 0.58570625 0.7187093752321981 0.5888015630952381 0.7220734377708978 0.59344375 0.7243171876160991 0.5851906250000001 0.7254375003095975 0.5784859369047619
0 0.7167468749226007 0.6063375 0.7136625003095975 0.60736875 0.7088968749226007 0.604275 0.704692187616099 0.6011796869047619 0.7013281250773994 0.6053062499999999 0.7013281250773994 0.617684375 0.7041312501547987 0.62903125 0.7083359374613004 0.6357359369047619 0.7133828123839009 0.63883125 0.7153453126934984 0.633673436904762 0.7178687498452012 0.6238734380952381 0.7181484377708979 0.612526561904762 0.7167468749226007 0.6063375
9 0.7655281250773993 0.6477859380952381 0.7747031250773995 0.6576328119047619 0.7642546873065016 0.638409375 0.7540593752321981 0.624342186904762 0.752275 0.6327828130952381 0.757117187616099 0.637001561904762 0.7655281250773993 0.6477859380952381
9 0.73265 0.6234046869047619 0.7298468749226006 0.615434375 0.7222015622291021 0.610276563095238 0.7163390625386997 0.6318437499999999 0.7224562501547988 0.6337203130952381 0.7280624996904025 0.640284375 0.7339249999999999 0.6506000000000001 0.7433546873065016 0.661853125 0.762725 0.6777937500000001 0.7497265622291021 0.661853125 0.738767187616099 0.6477859380952381 0.73265 0.637001561904762 0.730867187616099 0.62903125 0.73265 0.6234046869047619
2 0.6491734377708978 0.674579688095238 0.6529046873065016 0.6704609380952381 0.6566359374613003 0.662909375 0.6543968749226006 0.650553125 0.6487999999999999 0.636823436904762 0.6424562501547987 0.633390625 0.6376062501547987 0.6354500000000001 0.6335015622291021 0.637509375 0.6290234377708979 0.637509375 0.6234265622291022 0.643001563095238 0.6241718749226006 0.6574171869047619 0.6204406247678018 0.6622234369047619 0.6215609374613004 0.674579688095238 0.6256656247678019 0.6876234369047619 0.6338734377708979 0.6938015630952381 0.6398453126934984 0.693114061904762 0.6443218749226005 0.691742186904762 0.6480546873065016 0.6848765619047619 0.6491734377708978 0.674579688095238
9 0.6760406247678019 0.7569578119047619 0.6618609374613004 0.7246921869047619 0.6476812501547987 0.6903687500000001 0.6398453126934984 0.6924281250000001 0.6487999999999999 0.708217188095238 0.6599953126934985 0.73224375 0.6760406247678019 0.7569578119047619
9 0.6430765622291021 0.769864061904762 0.6369687498452012 0.743901563095238 0.6357046873065015 0.7311140630952381 0.6352828123839009 0.712126561904762 0.6357046873065015 0.6935250000000001 0.6302281250773994 0.6896500000000001 0.6295968749226006 0.699725 0.6304390625386997 0.7171640619047619 0.6317031250773995 0.7396390619047619 0.6386531250773994 0.7745140630952381 0.6333875003095975 0.7253015619047619 0.6390750000000001 0.760951563095238 0.642865624767802 0.7741265619047619 0.6430765622291021 0.769864061904762
0 0.6209609374613003 0.6768624999999999 0.6239093752321981 0.6753125000000001 0.6224343752321981 0.668725 0.6213812501547987 0.665625 0.6215921876160991 0.659425 0.6232765622291021 0.6571 0.623067187616099 0.64315 0.6205390625386996 0.6439250000000001 0.6182218749226006 0.648575 0.6148515622291022 0.6555500000000001 0.6125343752321981 0.6625249999999999 0.6121140625386997 0.67105 0.613167187616099 0.6741499999999999 0.6152734377708978 0.6753125000000001 0.6175906247678019 0.6737625 0.6209609374613003 0.6768624999999999
2 0.6116921876160991 0.6695 0.609375 0.6450875 0.6070578123839009 0.6450875 0.6020031250773994 0.64625 0.5975796873065016 0.6427624999999999 0.5939984377708978 0.6419875 0.5891546873065016 0.6439250000000001 0.5851531250773994 0.64935 0.5828359374613004 0.654775 0.5864156247678018 0.6671750000000001 0.5885218749226006 0.670275 0.5923140625386997 0.6679499999999999 0.5954734377708979 0.6652374999999999 0.5980015622291022 0.6679499999999999 0.6005281250773994 0.6757 0.6045312501547987 0.676475 0.6079015622291022 0.676475 0.609375 0.6737625 0.6116921876160991 0.6695
13 0.5615846191950464 0.7153616880952381 0.5346156086687307 0.7212862047619047 0.522117759752322 0.7324769202380953 0.5010687876160991 0.733793457142857 0.48462426315789475 0.733793457142857 0.460286386377709 0.7291855273809524 0.4333173256965945 0.7226027416666667 0.4135838959752322 0.7206278869047619 0.396481600619195 0.7127285642857143 0.37937930464396286 0.7074623154761904 0.35635696965944275 0.7021961178571429 0.3445168922600619 0.7008795297619047 0.32412569164086685 0.6995629928571429 0.29715668049535604 0.6923219142857142 0.2721609832817337 0.6831060297619048 0.23006303962848296 0.6626993797619047 0.24913864829721363 0.6811311988095239 0.2649254024767802 0.7048292416666666 0.2886055077399381 0.7226027416666667 0.31491674736842107 0.7258941345238096 0.3418858080495356 0.7245775976190476 0.3616192377708979 0.7245775976190476 0.3747748575851393 0.7265524035714286 0.3892460191950465 0.7278689904761905 0.43002842105263156 0.7370848499999999 0.4477885374613003 0.7423510976190476 0.4701531015479877 0.7469590273809524 0.4944909777089783 0.7482756154761905 0.5194866755417957 0.7449842226190476 0.5444823232198142 0.739059705952381 0.5675046582043344 0.7252358666666666 0.6017092495356037 0.7094371714285714 0.6188115950464396 0.6969298690476191 0.6464383764705883 0.6936384761904762 0.6635407226006192 0.6956133321428571 0.6819586105263157 0.6982464559523809 0.7016920402476781 0.6962716 0.7201098278637771 0.6725735583333333 0.7273454588235294 0.66072455 0.7174787436532507 0.6442675857142857 0.6997186773993808 0.6646742357142857 0.678669705263158 0.6784981250000001 0.6582784544891641 0.680472905952381 0.6273627684210527 0.6844225916666667 0.6181537739938081 0.6844225916666667 0.6120065640866873 0.6868421059523809 0.595131439628483 0.7021961178571429 0.5615846191950464 0.7153616880952381
13 0.6931408674922601 0.5290688416666667 0.7148476600619195 0.5218277880952381 0.7122164755417957 0.5060290928571428 0.6951142303405573 0.5126118785714285 0.675380800619195 0.521169494047619 0.6609095386996904 0.523802619047619 0.6674873486068111 0.5297271357142858 0.6332827572755418 0.5363099214285715 0.6188115950464396 0.5409178511904762 0.5898692216718266 0.5481589297619048 0.5582957139318885 0.5632993309523809 0.5352733795665634 0.5764649011904762 0.5023843300309597 0.5883139107142857 0.4819931294117647 0.5889722035714285 0.4523929845201239 0.5869973488095238 0.4208195269349845 0.583705955952381 0.41095281238390097 0.5790980261904762 0.3892460191950465 0.5665907238095238 0.38003707554179567 0.5632993309523809 0.3695125894736842 0.5560582773809524 0.3510947021671827 0.5547417154761904 0.3293879591331269 0.5547417154761904 0.31425897647058826 0.5507920285714286 0.2886055077399381 0.544867536904762 0.2636098600619195 0.5442092428571429 0.24256083839009288 0.5356516273809524 0.21559182786377712 0.5165615642857143 0.21164515232198142 0.5264357428571429 0.2208540959752322 0.5389430202380953 0.23400971578947366 0.5461840988095238 0.25374314551083593 0.5567165452380952 0.27084544086687307 0.5580331071428571 0.29255223405572756 0.5639576 0.3122856637770898 0.5672489916666666 0.3307035015479876 0.5679072857142857 0.3445168922600619 0.5744900714285714 0.36753922662538696 0.581072855952381 0.3839837517027864 0.5850225178571429 0.40634831517027864 0.5929218654761905 0.42673951578947367 0.6008212130952381 0.4412107275541796 0.6034543119047618 0.4668641962848297 0.6054291678571428 0.49120207306501545 0.602137775 0.5122510445820433 0.5942384273809523 0.5352733795665634 0.5856808107142857 0.5523757250773994 0.5758066333333334 0.5740824681114551 0.5613245 0.596447081733746 0.5606662071428571 0.6194694160990712 0.5507920285714286 0.6569629126934985 0.5343350654761905 0.6777960377708979 0.5330592107142857 0.6931408674922601 0.5290688416666667
9 0.7049809448916409 0.5916053035714286 0.7082698501547988 0.600162919047619 0.7122164755417957 0.6041126047619048 0.7273454588235294 0.6166198821428571 0.7378699944272447 0.6251775238095238 0.7503677931888545 0.6264940607142857 0.7411588996904024 0.6153033452380953 0.7332654476780186 0.600162919047619 0.7240565535603715 0.5916053035714286 0.7156249851393189 0.5856907904761904 0.7049809448916409 0.5916053035714286
6 0.3381562501547988 0.5955546880952381 0.361625 0.5955546880952381 0.361625 0.4631640630952381 0.3381562501547988 0.4631640630952381 0.3381562501547988 0.5955546880952381
6 0.3603593752321982 0.5968671880952381 0.3852968749226006 0.5968671880952381 0.3852968749226006 0.47385156190476185 0.3603593752321982 0.47385156190476185 0.3603593752321982 0.5968671880952381
6 0.5878281250773995 0.571203125 0.6155156247678019 0.571203125 0.6155156247678019 0.459703125 0.5878281250773995 0.459703125 0.5878281250773995 0.571203125
6 0.6634921876160991 0.7081171869047619 0.7155078123839008 0.7081171869047619 0.7155078123839008 0.631570313095238 0.6634921876160991 0.631570313095238 0.6634921876160991 0.7081171869047619
6 0.3184218749226006 0.7818515619047619 0.3438593752321982 0.7818515619047619 0.3438593752321982 0.6597109380952381 0.3184218749226006 0.6597109380952381 0.3184218749226006 0.7818515619047619
6 0.2748359374613003 0.787765625 0.3149140625386997 0.787765625 0.3149140625386997 0.662171875 0.2748359374613003 0.662171875 0.2748359374613003 0.787765625
6 0.22878125015479875 0.7667109369047619 0.27018749969040246 0.7667109369047619 0.27018749969040246 0.6514765619047619 0.22878125015479875 0.6514765619047619 0.22878125015479875 0.7667109369047619
