2 0.25813906253869967 0.6004421880952381 0.25925781238390094 0.5867125 0.2585125003095975 0.5750421880952381 0.25142187492260065 0.576415625 0.24769062476780185 0.5853406250000001 0.24395937523219816 0.594264063095238 0.24545156222910217 0.6038749999999999 0.2484374996904025 0.6052484369047619 0.2525421876160991 0.60799375 0.25552656222910214 0.6066203130952381 0.25813906253869967 0.6004421880952381
0 0.2533453126934984 0.5599078130952381 0.24807812507739938 0.5610703119047619 0.247025 0.5676578119047619 0.24555156222910215 0.5746328119047619 0.247025 0.5769593749999999 0.25018437523219816 0.576184375 0.25208125015479876 0.5742453119047619 0.2541874996904025 0.5680453119047618 0.2533453126934984 0.5599078130952381
0 0.2990515622291022 0.5486703119047619 0.29820937523219815 0.5552578119047619 0.2988421876160991 0.5637828130952381 0.29863125015479874 0.5688203130952381 0.29820937523219815 0.578509375 0.3001046873065015 0.589359375 0.3009484377708978 0.5850968750000001 0.30305468730650154 0.581221875 0.30579218761609905 0.578896875 0.30726718761609906 0.577346875 0.306425 0.5719203130952382 0.30726718761609906 0.5649453119047619 0.30726718761609906 0.5618453130952381 0.3047390625386997 0.5579703130952381 0.30157968730650153 0.5544828130952381 0.2990515622291022 0.5486703119047619
0 0.33296406253869965 0.569982811904762 0.33675625015479876 0.5723078130952381 0.3380187498452012 0.5649453119047619 0.3361234377708978 0.5544828130952381 0.33465 0.5416953130952381 0.32812031269349845 0.5463453130952381 0.3274875003095975 0.5517703119047619 0.3260140625386997 0.5560328130952381 0.3279093752321981 0.564170313095238 0.3312796873065016 0.5630078119047619 0.33296406253869965 0.569982811904762
2 0.3243281250773994 0.5540953119047619 0.3222218749226006 0.5502203130952381 0.3171671876160991 0.5486703119047619 0.31442812507739937 0.5533203119047619 0.31000468730650155 0.5579703130952381 0.3078984377708978 0.5684328130952381 0.30768749969040243 0.579671875 0.30157968730650153 0.5827718749999999 0.3020015622291022 0.589746875 0.30516093746130035 0.593234375 0.30832031269349847 0.595946875 0.31063749969040244 0.602146875 0.31906249969040246 0.602921875 0.3230640625386997 0.599821875 0.3274875003095975 0.592459375 0.3285406247678019 0.582384375 0.33043593746130034 0.575409375 0.3319109374613003 0.5734703130952381 0.33254218761609905 0.570370311904762 0.33254218761609905 0.5684328130952381 0.33085781238390094 0.5637828130952381 0.3266453126934985 0.566107813095238 0.32495937523219814 0.5595203130952381 0.3243281250773994 0.5540953119047619
9 0.30901562476780187 0.5212749999999999 0.30275937523219815 0.4603203119047619 0.3053078123839009 0.5089125 0.30832031269349847 0.5357671880952382 0.3097109374613003 0.55750625 0.31411250030959753 0.5532437499999999 0.317125 0.549407811904762 0.3222218749226006 0.5498328119047619 0.32245312507739937 0.54685 0.3210640625386997 0.5357671880952382 0.32245312507739937 0.51061875 0.32361249969040246 0.4918625 0.3222218749226006 0.4633046869047619 0.32083125015479874 0.4552046880952381 0.31944218761609905 0.45989375 0.31828281238390094 0.48546875 0.3173562501547988 0.502945313095238 0.3152703126934985 0.5242578119047618 0.3111 0.537471875 0.30901562476780187 0.5212749999999999
0 0.3940484377708979 0.62570625 0.39960937523219814 0.626984375 0.40331562476780186 0.622721875 0.4088765622291022 0.6124921880952381 0.4121203126934984 0.5962953130952381 0.411425 0.5852125 0.40841406253869966 0.575834375 0.40169374984520123 0.5715718750000001 0.3942796873065016 0.577965625 0.38918281238390096 0.5873437499999999 0.3901093752321982 0.603540625 0.39173125015479876 0.6167546880952381 0.39173125015479876 0.6201656249999999 0.3940484377708979 0.62570625
2 0.5569312501547988 0.5728515619047619 0.5532250000000001 0.5766875 0.5506749999999999 0.586065625 0.5504437498452012 0.5962953130952381 0.5485906247678018 0.6103609380952381 0.5513703126934985 0.6210171880952381 0.5567 0.630395311904762 0.5622609374613003 0.6299687500000001 0.5694437498452012 0.620590625 0.5692109374613004 0.609934375 0.5685156247678018 0.6039671869047619 0.5662 0.598853125 0.5615656247678019 0.5877703119047619 0.5611015622291022 0.577965625 0.5604062501547988 0.5719984380952381 0.5569312501547988 0.5728515619047619
1 0.5685156247678018 0.565178125 0.5620281250773994 0.5719984380952381 0.5615656247678019 0.577965625 0.5622609374613003 0.5886218750000001 0.5659671876160991 0.601835938095238 0.569675 0.6129187500000001 0.5759312501547987 0.622721875 0.5798687498452012 0.624853125 0.5872843752321981 0.623148436904762 0.5905281250773994 0.6176078119047619 0.596782812383901 0.6112140630952381 0.5981734377708978 0.5975734369047618 0.5956250000000001 0.575409375 0.5886734377708978 0.560915625 0.5814906247678019 0.560915625 0.575467187616099 0.560064061904762 0.5685156247678018 0.565178125
1 0.6002593752321982 0.6022625 0.6058203126934985 0.601835938095238 0.6132343752321981 0.599278125 0.6208796873065016 0.5937375 0.6231968749226006 0.585639063095238 0.6197218749226006 0.5741296869047618 0.6157828123839009 0.5664578130952381 0.6099906247678019 0.565178125 0.6025765622291022 0.5664578130952381 0.5965515622291022 0.5719984380952381 0.5949296873065015 0.5805234380952381 0.5953937498452012 0.589901561904762 0.596782812383901 0.5945906249999999 0.6002593752321982 0.6022625
1 0.6461343752321982 0.5408828130952381 0.6357078123839008 0.5455703130952381 0.6280624996904024 0.548128125 0.62505 0.548128125 0.6211109374613003 0.5455703130952381 0.6167093752321982 0.543865625 0.6169406247678019 0.560064061904762 0.6190265622291021 0.572425 0.6238921876160991 0.583934375 0.6296843752321981 0.5911796869047619 0.6368671876160991 0.590753125 0.6454390625386998 0.5920328130952381 0.651 0.590753125 0.6558656247678019 0.5852125 0.6605 0.5886218750000001 0.6649031250773995 0.5847859369047619 0.6695359374613004 0.575409375 0.6688406247678019 0.5621953119047619 0.6639750000000001 0.54685 0.6611953126934984 0.5323578130952381 0.6551718749226006 0.5370453130952381 0.6461343752321982 0.5408828130952381
9 0.6320796873065015 0.43613437499999996 0.6340421876160991 0.5222671869047619 0.6340421876160991 0.5346453119047619 0.637967187616099 0.5341296880952381 0.6480609374613003 0.5341296880952381 0.6486203126934985 0.5279406249999999 0.6519859374613003 0.5042156250000001 0.6598359374613003 0.44077656190476194 0.6536671876160991 0.4650171880952381 0.6494625003095975 0.49235312499999995 0.6452562501547988 0.51246875 0.6421734377708979 0.4727546869047619 0.6393687498452013 0.41705156309523805 0.6393687498452013 0.43613437499999996 0.6393687498452013 0.46914375 0.6390890625386998 0.51453125 0.6320796873065015 0.43613437499999996
9 0.6777781250773994 0.4629546869047619 0.6805812501547988 0.489259375 0.6873093752321981 0.5191734380952381 0.6901140625386997 0.51246875 0.6845062501547987 0.4959640619047619 0.6800203126934985 0.4727546869047619 0.6800203126934985 0.4527484380952381 0.6777781250773994 0.4629546869047619
9 0.6744140625386997 0.41189375 0.6875906247678019 0.5067953119047619 0.692917187616099 0.505246875 0.6744140625386997 0.41189375
9 0.6979640625386997 0.5186578119047619 0.699925 0.48822656190476194 0.7002062501547988 0.4634703119047619 0.6931968749226006 0.44748125 0.6988046873065016 0.46914375 0.6971218749226007 0.489775 0.693757812383901 0.514015625 0.6979640625386997 0.5186578119047619
2 0.6878703126934984 0.57384375 0.6985234377708979 0.570234375 0.7083359374613004 0.5650765619047619 0.7111406247678018 0.5557921869047618 0.7147843752321982 0.5398031249999999 0.7086171876160992 0.52639375 0.6993656247678018 0.523815625 0.6920765622291021 0.526909375 0.6825437498452013 0.5336140619047619 0.674975 0.54031875 0.6721703126934985 0.560434375 0.6755343752321982 0.5759078130952381 0.6800203126934985 0.5753921869047619 0.6878703126934984 0.57384375
0 0.7142234377708978 0.58570625 0.7187093752321981 0.5888015630952381 0.7220734377708978 0.59344375 0.7243171876160991 0.5851906250000001 0.7254375003095975 0.5784859369047619 0.7273999999999999 0.5676546869047618 0.7240359374613003 0.5645609380952381 0.7187093752321981 0.57075 0.7142234377708978 0.5753921869047619 0.7117 0.58364375 0.7142234377708978 0.58570625
0 0.7041312501547987 0.62903125 0.7083359374613004 0.6357359369047619 0.7133828123839009 0.63883125 0.7153453126934984 0.633673436904762 0.7178687498452012 0.6238734380952381 0.7181484377708979 0.612526561904762 0.7167468749226007 0.6063375 0.7136625003095975 0.60736875 0.7088968749226007 0.604275 0.704692187616099 0.6011796869047619 0.7013281250773994 0.6053062499999999 0.7013281250773994 0.617684375 0.7041312501547987 0.62903125
9 0.7655281250773993 0.6477859380952381 0.7747031250773995 0.6576328119047619 0.7642546873065016 0.638409375 0.7540593752321981 0.624342186904762 0.752275 0.6327828130952381 0.757117187616099 0.637001561904762 0.7655281250773993 0.6477859380952381
9 0.7339249999999999 0.6506000000000001 0.7433546873065016 0.661853125 0.762725 0.6777937500000001 0.7497265622291021 0.661853125 0.738767187616099 0.6477859380952381 0.73265 0.637001561904762 0.730867187616099 0.62903125 0.73265 0.6234046869047619 0.7298468749226006 0.615434375 0.7222015622291021 0.610276563095238 0.7163390625386997 0.6318437499999999 0.7224562501547988 0.6337203130952381 0.7280624996904025 0.640284375 0.7339249999999999 0.6506000000000001
2 0.6376062501547987 0.6354500000000001 0.6335015622291021 0.637509375 0.6290234377708979 0.637509375 0.6234265622291022 0.643001563095238 0.6241718749226006 0.6574171869047619 0.6204406247678018 0.6622234369047619 0.6215609374613004 0.674579688095238 0.6256656247678019 0.6876234369047619 0.6338734377708979 0.6938015630952381 0.6398453126934984 0.693114061904762 0.6443218749226005 0.691742186904762 0.6480546873065016 0.6848765619047619 0.6491734377708978 0.674579688095238 0.6529046873065016 0.6704609380952381 0.6566359374613003 0.662909375 0.6543968749226006 0.650553125 0.6487999999999999 0.636823436904762 0.6424562501547987 0.633390625 0.6376062501547987 0.6354500000000001
9 0.6760406247678019 0.7569578119047619 0.6618609374613004 0.7246921869047619 0.6476812501547987 0.6903687500000001 0.6398453126934984 0.6924281250000001 0.6487999999999999 0.708217188095238 0.6599953126934985 0.73224375 0.6760406247678019 0.7569578119047619
9 0.6295968749226006 0.699725 0.6304390625386997 0.7171640619047619 0.6317031250773995 0.7396390619047619 0.6386531250773994 0.7745140630952381 0.6333875003095975 0.7253015619047619 0.6390750000000001 0.760951563095238 0.642865624767802 0.7741265619047619 0.6430765622291021 0.769864061904762 0.6369687498452012 0.743901563095238 0.6357046873065015 0.7311140630952381 0.6352828123839009 0.712126561904762 0.6357046873065015 0.6935250000000001 0.6302281250773994 0.6896500000000001 0.6295968749226006 0.699725
0 0.623067187616099 0.64315 0.6205390625386996 0.6439250000000001 0.6182218749226006 0.648575 0.6148515622291022 0.6555500000000001 0.6125343752321981 0.6625249999999999 0.6121140625386997 0.67105 0.613167187616099 0.6741499999999999 0.6152734377708978 0.6753125000000001 0.6175906247678019 0.6737625 0.6209609374613003 0.6768624999999999 0.6239093752321981 0.6753125000000001 0.6224343752321981 0.668725 0.6213812501547987 0.665625 0.6215921876160991 0.659425 0.6232765622291021 0.6571 0.623067187616099 0.64315
2 0.5891546873065016 0.6439250000000001 0.5851531250773994 0.64935 0.5828359374613004 0.654775 0.5864156247678018 0.6671750000000001 0.5885218749226006 0.670275 0.5923140625386997 0.6679499999999999 0.5954734377708979 0.6652374999999999 0.5980015622291022 0.6679499999999999 0.6005281250773994 0.6757 0.6045312501547987 0.676475 0.6079015622291022 0.676475 0.609375 0.6737625 0.6116921876160991 0.6695 0.609375 0.6450875 0.6070578123839009 0.6450875 0.6020031250773994 0.64625 0.5975796873065016 0.6427624999999999 0.5939984377708978 0.6419875 0.5891546873065016 0.6439250000000001
6 0.32031250030959757 0.6765625 0.3015625003095975 0.690625 0.3 0.7375 0.3 0.7640625 0.321875 0.7703125 0.3546874996904024 0.7421875 0.353125 0.7265625 0.35156250030959757 0.6765625 0.32031250030959757 0.6765625
6 0.23281250030959752 0.6796875 0.228125 0.7328125 0.23906250030959753 0.7671875 0.28281250030959754 0.765625 0.296875 0.7140625 0.29843749969040245 0.6796875 0.2375 0.65 0.23281250030959752 0.6796875
6 0.65625 0.66875 0.6609374996904025 0.696875 0.6796874996904025 0.728125 0.70625 0.740625 0.7265625003095975 0.715625 0.7234374996904025 0.6765625 0.7078125003095975 0.6375 0.6953125003095975 0.615625 0.6640625003095975 0.6453125 0.65625 0.66875
13 0.221875 0.5109375 0.21093749969040249 0.5109375 0.209375 0.5296875 0.22656250030959751 0.54375 0.2578125003095975 0.553125 0.321875 0.565625 0.384375 0.5828125 0.44531250030959757 0.609375 0.484375 0.6140625 0.5234374996904024 0.6046875 0.559375 0.58125 0.596875 0.5640625 0.6390625003095974 0.5359375 0.6546874996904025 0.5328125 0.709375 0.521875 0.7 0.5078125 0.665625 0.5171875 0.603125 0.55625 0.5671874996904025 0.5625 0.496875 0.6015625 0.42343749969040245 0.58125 0.41093749969040244 0.578125 0.3875 0.5671875 0.34375 0.5546875 0.321875 0.5546875 0.2921874996904025 0.55 0.25 0.5359375 0.21406250030959753 0.503125 0.221875 0.5109375
13 0.59375 0.7234375 0.6546874996904025 0.7 0.6890625003095975 0.6984375 0.728125 0.6578125 0.7484374996904025 0.6046875 0.7265625003095975 0.61875 0.7046874996904026 0.65 0.65625 0.6859375 0.584375 0.715625 0.5265625003095975 0.7171875 0.43906250030959754 0.721875 0.346875 0.7125 0.459375 0.7265625 0.59375 0.7234375
