0 0.24829218761609906 0.4939234380952381 0.25728125015479875 0.5070890619047619 0.26177656222910217 0.497975 0.26677031269349843 0.4929109380952381 0.27026562476780186 0.48278281190476185 0.27026562476780186 0.4534109369047619 0.263275 0.43821875 0.2522875003095975 0.4260640619047619 0.24929062476780184 0.43821875 0.24579531269349844 0.4574625 0.24479531269349844 0.47974375 0.24829218761609906 0.4939234380952381
0 0.7340312501547989 0.595325 0.7271124996904025 0.5968828119047619 0.7253187498452013 0.607278125 0.7240359374613003 0.623909375 0.724292187616099 0.6436593749999999 0.7281375003095975 0.659251563095238 0.733775 0.670165625 0.7394140625386997 0.666007813095238 0.7442828123839009 0.654573438095238 0.7463328123839008 0.6472984380952381 0.7478703126934985 0.636382813095238 0.7476140625386998 0.625989061904762 0.745307812383901 0.617673436904762 0.7427453126934984 0.6088375 0.73685 0.604159375 0.7340312501547989 0.595325
0 0.7145546873065016 0.6265078119047619 0.7094281250773994 0.6431390619047619 0.7076343752321982 0.653534375 0.7114781250773994 0.66860625 0.7173734377708978 0.6779625 0.7248062501547987 0.6743234369047619 0.7263437498452012 0.670165625 0.7263437498452012 0.6561328130952381 0.7232671876160991 0.6415812500000001 0.7173734377708978 0.6254687499999999 0.7145546873065016 0.6265078119047619
0 0.680725 0.696153125 0.6863624996904025 0.6977125 0.6873890625386998 0.696153125 0.688157812383901 0.68835625 0.6879015622291023 0.6816 0.6863624996904025 0.672245313095238 0.68175 0.666528125 0.6758562501547988 0.670165625 0.6748312501547987 0.676403125 0.6753437498452012 0.6878375 0.6789312501547987 0.6956328130952381 0.680725 0.696153125
0 0.6345937498452012 0.696153125 0.633825 0.718501563095238 0.63485 0.7231781249999999 0.6366437498452012 0.730975 0.6402328123839008 0.7382515630952381 0.647407812383901 0.742409375 0.6640671876160991 0.7377312500000001 0.6697046873065015 0.7304546869047619 0.6730359374613003 0.71798125 0.6763687498452012 0.70135 0.6745734377708977 0.692514061904762 0.669192187616099 0.683159375 0.6653484377708978 0.672245313095238 0.6571468749226006 0.677442188095238 0.6461265622291021 0.682120313095238 0.639207812383901 0.689395311904762 0.6345937498452012 0.696153125
9 0.6950765622291022 0.80061875 0.689182812383901 0.781389063095238 0.6809812501547987 0.7533234369047619 0.673292187616099 0.72421875 0.6704734377708977 0.730975 0.6748312501547987 0.7470859369047619 0.6825187498452012 0.773592186904762 0.6879015622291023 0.792303125 0.6958453126934985 0.8099734380952381 0.6950765622291022 0.80061875
9 0.6568906247678019 0.7382515630952381 0.6509968749226006 0.7413687499999999 0.6540718749226007 0.7704749999999999 0.6604781250773994 0.792303125 0.6699609374613004 0.8141312500000001 0.6779062501547988 0.8260859380952381 0.6640671876160991 0.790225 0.6584281250773993 0.7605999999999999 0.6568906247678019 0.7382515630952381
2 0.5971765622291022 0.683679688095238 0.6030718749226006 0.6956328130952381 0.6053781250773993 0.710185936904762 0.6076843752321981 0.719540625 0.6112718749226006 0.7262968750000001 0.6138359374613004 0.729415625 0.6210109374613003 0.7288953119047619 0.6230609374613003 0.7262968750000001 0.6284437498452012 0.716421875 0.6304937498452012 0.711745311904762 0.6322874996904024 0.7023890630952381 0.6299812501547988 0.689395311904762 0.6279312501547988 0.6816 0.621267187616099 0.676403125 0.6138359374613004 0.66860625 0.6079406247678019 0.666007813095238 0.599482812383901 0.669646875 0.5971765622291022 0.683679688095238
2 0.578725 0.686796875 0.5782124996904024 0.696153125 0.582825 0.707067188095238 0.5833375003095975 0.711225 0.584875 0.719540625 0.5871812501547988 0.729415625 0.5910265622291021 0.7325343750000001 0.5958953126934985 0.730975 0.5989703126934984 0.7361718749999999 0.6043531250773994 0.73409375 0.6053781250773993 0.7273359380952381 0.6038406247678019 0.7138234380952381 0.6048656247678018 0.700310938095238 0.6015343752321981 0.6935546880952381 0.5976890625386997 0.687317186904762 0.592307812383901 0.6857578119047619 0.5874390625386997 0.6852375 0.578725 0.686796875
9 0.5377203126934985 0.7304546869047619 0.5325937498452012 0.7356515619047619 0.5336187498452012 0.7538421869047619 0.5343874996904024 0.78710625 0.5333624996904025 0.832842186904762 0.53695 0.8068562499999999 0.5377203126934985 0.76735625 0.5379765622291022 0.7470859369047619 0.5377203126934985 0.7304546869047619
2 0.5274687498452012 0.7211000000000001 0.527725 0.710185936904762 0.5264437498452013 0.7039484369047619 0.5223421876160991 0.705507811904762 0.5208046873065015 0.712264061904762 0.5210609374613003 0.7200609380952381 0.5210609374613003 0.7268171880952381 0.5238796873065016 0.729935936904762 0.5264437498452013 0.7288953119047619 0.5274687498452012 0.7211000000000001
2 0.5028656247678018 0.6977125 0.5005593752321982 0.706028125 0.5015584712074304 0.7180393035714285 0.5028656247678018 0.7247375 0.5056843752321981 0.7288953119047619 0.5074781250773994 0.725778125 0.5085031250773994 0.718501563095238 0.5082468749226007 0.706546875 0.5059406247678019 0.696153125 0.5028656247678018 0.6977125
0 0.3775437498452012 0.70446875 0.38010625015479876 0.707067188095238 0.38805156222910214 0.7049875 0.3918953126934985 0.6977125 0.39240781238390093 0.68835625 0.39035781238390094 0.675882811904762 0.38830781238390094 0.6738046869047619 0.3834374996904025 0.665489063095238 0.3793375003095975 0.667046875 0.3772875003095975 0.6743234369047619 0.37549374984520123 0.6914750000000001 0.3775437498452012 0.70446875
2 0.36882968730650156 0.6436593749999999 0.36524218761609906 0.636382813095238 0.35806562476780185 0.62910625 0.3483265622291022 0.6244296869047619 0.33884531269349843 0.6218312500000001 0.3357687498452012 0.633784375 0.33704999999999996 0.6426203119047619 0.3434578123839009 0.6431390619047619 0.3480703126934985 0.6498968749999999 0.35396562476780186 0.6530140630952381 0.3596031250773994 0.656653125 0.36216562476780184 0.6618499999999999 0.3662671876160991 0.6618499999999999 0.3734421876160991 0.6493765619047619 0.36882968730650156 0.6436593749999999
7 0.23172449721362232 0.7667235119047618 0.2292852916408669 0.7805456738095238 0.22603301795665634 0.7951809059523809 0.22603301795665634 0.8049377261904762 0.22521994984520122 0.8211990952380952 0.22603301795665634 0.8293297785714286 0.22847222352941177 0.8447780785714286 0.23660290773993808 0.8520956940476191 0.24717279690402477 0.8602263785714286 0.26831257523219815 0.8455911476190476 0.2699387120743034 0.8317689845238095 0.2691256439628483 0.8187598892857142 0.27075178080495355 0.8073769321428572 0.27075178080495355 0.7903024952380953 0.26749950712074305 0.7691627166666667 0.26262109659442723 0.7585928273809525 0.24798586501547987 0.7504621428571429 0.24473359133126935 0.7374530488095238 0.24229438637770898 0.7301354333333333 0.2349767708978328 0.7520882797619047 0.23172449721362232 0.7667235119047618
7 0.1712407374613003 0.5943480583333334 0.17195424024767803 0.6193206666666667 0.16767322167182663 0.6453635285714285 0.16624621547987617 0.6778279178571428 0.16874347616099072 0.7052977857142858 0.17195424024767803 0.7181408416666666 0.19193232631578946 0.7199245988095239 0.21191041238390093 0.7113625619047619 0.21940219442724457 0.7006600166666667 0.19942410835913313 0.7003032642857142 0.1876513077399381 0.692454730952381 0.1872945560371517 0.6853197 0.18979181733746128 0.678184669047619 0.19585659318885448 0.6653416142857144 0.19835385386996904 0.6567795773809524 0.20049436284829722 0.644650025 0.20156461795665634 0.6350177333333333 0.20370512693498455 0.6253854428571428 0.20513213312693498 0.6161099023809524 0.20584563591331267 0.6061208595238096 0.20370512693498455 0.5964885678571429 0.1997808600619195 0.5900670404761905 0.18622430154798764 0.5829320095238095 0.17373799814241486 0.5857860214285714 0.1712407374613003 0.5943480583333334
11 0.19064567120743034 0.6877498047619047 0.1915365386996904 0.6930950107142857 0.2146990972136223 0.6948767452380952 0.22806211145510835 0.685968069047619 0.23518905201238388 0.6743867904761905 0.24766119876160989 0.6512242321428572 0.2681511541795666 0.6200438654761905 0.27082375727554175 0.6093534535714286 0.2699328897832817 0.5861908952380952 0.2672602866873065 0.5710461464285714 0.25033380185758514 0.5550105285714285 0.23073471393188855 0.5354114404761905 0.21826256718266254 0.5594648666666667 0.21113562662538699 0.6120260571428572 0.19866347987616098 0.6672598488095238 0.19064567120743034 0.6877498047619047
9 0.6135713250773994 0.7321325964285715 0.615245919504644 0.7314627595238096 0.614911000619195 0.762945130952381 0.6195998643962848 0.7967719333333333 0.6252934848297214 0.8470097607142857 0.6309871052631579 0.853373219047619 0.6259633226006192 0.8145226321428571 0.622949053250774 0.769308588095238 0.6216093777089783 0.7294532464285715 0.614911000619195 0.7314627595238096 0.6135713250773994 0.7321325964285715
11 0.724936534365325 0.602768313095238 0.7233219764705883 0.6377504035714285 0.737314812383901 0.6786525392857142 0.7507694619195047 0.7071763964285714 0.7712205300309598 0.7313947666666667 0.7970534575851393 0.7421584857142858 0.799744387616099 0.7340856964285715 0.7981298297213623 0.7243983488095238 0.7943625275541795 0.7098673261904762 0.7889806674922601 0.6883398869047619 0.7862897374613003 0.6727324928571429 0.7846751795665634 0.6603542154761904 0.7830606216718267 0.6495904952380953 0.7755260179566564 0.6302157988095237 0.7674532278637771 0.5871609202380952 0.7561513219814242 0.5715535261904762 0.7453876018575852 0.5785499440476191 0.7276274643962849 0.5909282214285714 0.724936534365325 0.602768313095238
11 0.7087909547987616 0.3659664761904762 0.7082527684210527 0.40417768214285715 0.7157873721362229 0.4499234916666667 0.7276274643962849 0.5080475785714286 0.7486167182662539 0.5268840880952381 0.756689507739938 0.516120369047619 0.7609949956656347 0.5042802761904762 0.7620713678018576 0.5032039047619048 0.7669150421052631 0.49782204523809526 0.7706823436532507 0.48867288333333336 0.7755260179566564 0.4800619071428571 0.7776787616099071 0.47091274523809523 0.7749878315789474 0.4558435369047619 0.7685296 0.4418507011904762 0.756689507739938 0.4257051214285715 0.747002160371517 0.40955954166666664 0.7410821139318886 0.3961048916666667 0.7357002544891641 0.3837266142857143 0.7346238823529412 0.37296289404761906 0.7335475102167183 0.36219917380952377 0.7206310464396285 0.35197364047619045 0.7087909547987616 0.3659664761904762
10 0.6425188495356038 0.39307535476190475 0.6518676687306502 0.4495932166666667 0.6514427226006192 0.4976121511904762 0.655692185758514 0.5188594678571429 0.6680156297213623 0.5252336630952381 0.6841635900928792 0.5095106488095238 0.6913876773993808 0.4903880642857143 0.689262946130031 0.47508999642857147 0.6901128383900929 0.4525678404761905 0.6901128383900929 0.4368448261904762 0.6850134823529411 0.41644740238095235 0.6841635900928792 0.4053987976190476 0.6794891801857584 0.39137556904761905 0.6748147708978328 0.3837265357142857 0.6650410049535603 0.37267793095238094 0.6565420786377708 0.3680035214285714 0.6425188495356038 0.39307535476190475
6 0.3362066210526316 0.4890278119047619 0.3373386297213622 0.5037439273809524 0.34639470030959757 0.5173280333333333 0.35205474489164085 0.5048759357142857 0.35884679752321985 0.49921589166666663 0.3441306829721363 0.48336776785714286 0.3362066210526316 0.4890278119047619
