2 0.3313265622291022 0.525809375 0.32075000000000004 0.5185125 0.30752812507739935 0.5124328119047619 0.30422343777089783 0.540403125 0.3081890625386997 0.5513484369047619 0.31413906253869966 0.5562140619047619 0.3220718749226006 0.561078125 0.32934374984520126 0.5586453130952381 0.3286828123839009 0.546484375 0.3313265622291022 0.525809375
0 0.2976203126934985 0.5200078119047619 0.30032968730650156 0.5092093750000001 0.298975 0.4950890630952381 0.2940078123839009 0.5025640630952382 0.2913 0.5158546869047619 0.29355625015479875 0.5249921880952382 0.2976203126934985 0.5200078119047619
0 0.30484531269349846 0.5341296880952381 0.30574843777089783 0.5249921880952382 0.3075531250773994 0.5166859369047619 0.3116171876160991 0.5125328130952381 0.31252031269349845 0.5042265619047619 0.31071406253869965 0.49758125000000003 0.30439374984520123 0.5067171869047619 0.30032968730650156 0.515025 0.298975 0.5258234380952381 0.29942656222910213 0.540775 0.30484531269349846 0.5341296880952381
0 0.3468359374613003 0.552403125 0.3477390625386997 0.534959375 0.3477390625386997 0.5133624999999999 0.3418687498452012 0.518346875 0.33509531269349846 0.527484375 0.33193593746130035 0.543265625 0.33238750030959746 0.5557265630952382 0.33780468730650154 0.566525 0.3432234377708978 0.5640328119047618 0.3468359374613003 0.552403125
0 0.3499953126934985 0.5424359369047619 0.34909218761609906 0.5607093750000001 0.3499953126934985 0.5715078119047619 0.36083281238390097 0.55655625 0.3639921876160991 0.5457578130952381 0.3621875003095975 0.5341296880952381 0.3567687498452012 0.5266531249999999 0.3499953126934985 0.5424359369047619
0 0.6362546873065016 0.561540625 0.6339968749226006 0.544928125 0.6299343752321982 0.540775 0.6258703126934985 0.5548953119047619 0.6285796873065016 0.5632015630952381 0.6362546873065016 0.57483125 0.6362546873065016 0.561540625
0 0.6728281250773994 0.5299765630952381 0.6796000000000001 0.5399437500000001 0.6836640625386997 0.5399437500000001 0.6827609374613004 0.5249921880952382 0.6796000000000001 0.515025 0.6746343752321982 0.5067171869047619 0.6723765622291021 0.518346875 0.6728281250773994 0.5299765630952381
0 0.6899843752321981 0.5241609380952381 0.6917906247678018 0.5158546869047619 0.6908874996904025 0.5058874999999999 0.6841156247678019 0.5025640630952382 0.6827609374613004 0.515025 0.6841156247678019 0.529145313095238 0.6899843752321981 0.5241609380952381
0 0.7161734377708979 0.595596875 0.719332812383901 0.603903125 0.7211390625386997 0.601410938095238 0.7229453126934984 0.5931046869047619 0.7211390625386997 0.586459375 0.719332812383901 0.58230625 0.7139156247678018 0.58230625 0.7161734377708979 0.595596875
0 0.7089484377708978 0.6022421880952381 0.7125609374613003 0.60805625 0.7170765622291021 0.609717188095238 0.7161734377708979 0.59975 0.7152703126934984 0.59144375 0.7107546873065015 0.587290625 0.7094 0.595596875 0.7089484377708978 0.6022421880952381
0 0.6746343752321982 0.6329765619047619 0.6737312501547987 0.62633125 0.6723765622291021 0.620515625 0.6660546873065015 0.6171937500000001 0.6651515622291022 0.624670311904762 0.6674093752321981 0.6371296869047619 0.6710218749226006 0.645435936904762 0.6750843752321981 0.646265625 0.6755359374613003 0.64294375 0.6746343752321982 0.6329765619047619
0 0.6674093752321981 0.6504203119047619 0.6642484377708978 0.6362984380952381 0.6642484377708978 0.6196859369047619 0.6610875003095975 0.623007813095238 0.6574765622291022 0.6288234380952381 0.6552187498452012 0.639621875 0.6552187498452012 0.6495890630952381 0.6606374996904025 0.655403125 0.6669578123839008 0.6620484380952381 0.6674093752321981 0.6504203119047619
0 0.36805625015479876 0.6761703130952381 0.37347499999999995 0.672015625 0.37573281238390094 0.666201561904762 0.3784406247678018 0.6612187500000001 0.37934374984520125 0.65208125 0.3784406247678018 0.638790625 0.37302343777089786 0.6379593750000001 0.37257187492260063 0.647096875 0.36895937523219813 0.6603875 0.36489531269349845 0.6703546869047619 0.36805625015479876 0.6761703130952381
1 0.33193593746130035 0.655403125 0.34232031269349844 0.6578953119047619 0.3508984377708978 0.6603875 0.35992968730650154 0.6703546869047619 0.3626390625386997 0.6703546869047619 0.36850781238390096 0.6612187500000001 0.37121718761609906 0.6487578130952381 0.37257187492260063 0.6346375 0.37257187492260063 0.6196859369047619 0.36805625015479876 0.6113796880952381 0.3612843752321981 0.6113796880952381 0.3540593752321981 0.6113796880952381 0.3486421876160991 0.6030734369047619 0.3414171876160991 0.596428125 0.33148437523219815 0.5989203130952381 0.32425937523219817 0.601410938095238 0.3170359374613003 0.6088875 0.31252031269349845 0.6313140630952381 0.3170359374613003 0.647096875 0.33193593746130035 0.655403125
2 0.32471093746130036 0.656234375 0.32471093746130036 0.666201561904762 0.3305812501547988 0.6703546869047619 0.33509531269349846 0.6678625 0.33825625015479877 0.6753390619047619 0.3450296873065015 0.6803234380952381 0.3481906247678018 0.672846875 0.3499953126934985 0.6612187500000001 0.34593281238390095 0.655403125 0.34096562476780184 0.6495890630952381 0.33238750030959746 0.6487578130952381 0.32471093746130036 0.656234375
0 0.3120687498452013 0.629653125 0.3152296873065015 0.6188546869047619 0.31568125015479875 0.601410938095238 0.3089078123839009 0.6030734369047619 0.30032968730650156 0.6113796880952381 0.3021359374613003 0.624670311904762 0.3021359374613003 0.6379593750000001 0.3030390625386997 0.6495890630952381 0.30935937523219814 0.638790625 0.3120687498452013 0.629653125
9 0.33735312507739934 0.691121875 0.33238750030959746 0.7210249999999999 0.31884218761609906 0.775017186904762 0.33464531269349845 0.7334843750000001 0.3405140625386997 0.706903125 0.3468359374613003 0.6786609369047619 0.33961093746130033 0.6803234380952381 0.33735312507739934 0.691121875
9 0.298975 0.732653125 0.30800468730650155 0.7093953119047619 0.3152296873065015 0.695275 0.32245312507739937 0.6819843750000001 0.32832343777089784 0.672015625 0.32200156222910215 0.65955625 0.3170359374613003 0.6761703130952381 0.30935937523219814 0.6919515619047619 0.3030390625386997 0.713548438095238 0.2872359374613003 0.7476046869047619 0.298975 0.732653125
11 0.2667787448916409 0.4471756726190476 0.28067131393188854 0.4277140869047619 0.29595311888544895 0.38184034761904767 0.29873159071207434 0.3290160130952381 0.2778927362229102 0.2998236476190476 0.26400016718266256 0.34152705714285714 0.24687496842105264 0.38055555714285716 0.2667787448916409 0.4471756726190476
11 0.7294012377708978 0.4513460297619048 0.7488508557275542 0.42076351904761905 0.7474616198142414 0.3790601095238095 0.7141194328173375 0.3331863702380952 0.6613277331269349 0.34430726785714283 0.6710524891640867 0.380450280952381 0.6918913430340556 0.41242283095238097 0.7034721907120743 0.4413194452380952 0.7294012377708978 0.4513460297619048
11 0.7363475219814242 0.6223299964285715 0.7474616198142414 0.6654235511904761 0.7863608563467492 0.6807147797619049 0.7974748482972137 0.6584729833333333 0.7946963764705882 0.640401463095238 0.7724682873065015 0.6153794285714286 0.7710789455108359 0.5778463488095238 0.7419045708978328 0.5472638916666667 0.7127301969040247 0.5750661642857143 0.7280120018575852 0.6028684369047619 0.7329860792569659 0.6218750011904762 0.7363475219814242 0.6223299964285715
