2 0.46073906249999996 0.545553125 0.47188281249999997 0.545553125 0.47188281249999997 0.60833125 0.46073906249999996 0.60833125
2 0.494996875 0.5497390625 0.5040765625 0.5497390625 0.5040765625 0.6091671875 0.494996875 0.6091671875
2 0.5049015624999811 0.546390625000001 0.5138361169434802 0.5462210779137308 0.5151404812875171 0.6149497699374981 0.5062059268713028 0.6151193159917894
2 0.6347377106153544 0.5529471998874579 0.611847542135024 0.5552042862686335 0.6062546459664873 0.4984879339520063 0.6291446061352417 0.4962308579453652
2 0.6748014919744492 0.5621501978115646 0.6347944573744826 0.5650642906549449 0.6272415378504093 0.46137560715785253 0.6672479035877359 0.45846153932467343
9 0.6128609375000451 0.3534015624999994 0.6200900203039055 0.35331832300285915 0.6218112195107324 0.5027910679460628 0.6145821367194912 0.5028743066200813
9 0.6190000000000282 0.3534015624999997 0.6246469168355588 0.3532436502427251 0.6286738322982046 0.49723797334309433 0.6230269155225869 0.49739588410281
9 0.6715312324931801 0.37277031192046794 0.6790219251469125 0.37301827866496134 0.6754056365704173 0.48225499701549424 0.6679149440043375 0.48200703204567286
9 0.666756228147392 0.3623953116535403 0.670628220503886 0.36254529300231464 0.6668766798032948 0.4593921679346081 0.6630046875000062 0.4592421875000003
9 0.6524296874999891 0.4806859374999954 0.6459723286775443 0.4800830474446981 0.65688808409584 0.3631752426331807 0.6633453462367243 0.36377812814984906
0 0.6858578125 0.49936406250000004 0.6960921875 0.49936406250000004 0.6960921875 0.5408703125 0.6858578125 0.5408703125
0 0.7258957274538034 0.5326629216360794 0.7138008788122079 0.5314699275160845 0.718287553255891 0.4859871339567181 0.7303823167026167 0.48718012384247295
0 0.7635731697436086 0.6560122558501684 0.7500480684775539 0.6586221113680277 0.7416147082445832 0.6149228527466007 0.7551396967915025 0.6123130083698384
0 0.6968940670356005 0.6711338842880701 0.6850587327910489 0.6705191242256132 0.6869473214111395 0.6341658000589832 0.6987825699950463 0.6347805578891048
2 0.3821156502468739 0.697851561911405 0.3599851319671643 0.689667293435715 0.3772165690810425 0.6430796776717843 0.39934688487733183 0.6512639048461876
2 0.32226000075536376 0.631746348380984 0.36185387606610675 0.6340889691783536 0.35743975239142856 0.708684477422611 0.3178458787398313 0.7063418744750695
9 0.3635078124999609 0.8397124999999923 0.3573322094754303 0.8388185925791791 0.3791243762259455 0.6882950044860191 0.3852997712178876 0.6891888969488459
9 0.34555192369100496 0.7048120988583483 0.3569405965636179 0.7068123875551527 0.3358013885114133 0.8271479004517345 0.3244127229352216 0.825147640351111
9 0.3296792690965731 0.6985105171983054 0.33480260352405367 0.6999283929845751 0.30586707742600083 0.8044662957425841 0.30074375000003783 0.803048437499997
0 0.6380752974852157 0.6781359928411937 0.6282631967152383 0.6755542078556579 0.636253430230795 0.6451914606676231 0.6460654719403465 0.6477732374688634
7 0.2549038630453424 0.7876539939351396 0.26513981779135065 0.7492922498721084 0.29614733484811495 0.7575644510712382 0.28591154899572757 0.7959260498504745
7 0.33157766307306247 0.8243527174313092 0.33815049080294557 0.8310555462828452 0.32405919591849397 0.8448705923791902 0.3174863851348846 0.8381677803367188
7 0.24670190558674676 0.7783474899656831 0.23122859318709743 0.7693826326758093 0.25149679867581654 0.7344060681363365 0.26696999725459136 0.7433708835000519