2 0.2575284456116833 0.4810154362813965 0.27026139338693156 0.4828383300880917 0.2665404308443158 0.5088274048222157 0.25380748382815455 0.507004514622387
2 0.26521741973465396 0.5091018100947485 0.2722759656365952 0.48989617128335083 0.29509375308020935 0.4982816351326181 0.2880352494868248 0.5174872380373334
2 0.34191012158282774 0.4760854089180577 0.3667987344360881 0.4976894375314455 0.3276380663570535 0.5428002445269008 0.30274954661638276 0.5211963158853165
2 0.3587975613428398 0.45907900903865234 0.39065062940801454 0.46588860878624244 0.37227977424777237 0.5518149213829635 0.34042672041221067 0.5450053677621125
9 0.36747826354439894 0.4653892829437764 0.3606070002896331 0.46515970966878806 0.3639808648416647 0.3641849724899649 0.37085203946173806 0.3644145442719969
2 0.40658573609312043 0.5093553895882639 0.4241241880860116 0.5103099739969545 0.4211953013470975 0.5641173992656213 0.40365684968571713 0.5631628190660208
2 0.43127812499999996 0.536359375 0.44019375 0.536359375 0.44019375 0.566603125 0.43127812499999996 0.566603125
2 0.4462071587036007 0.5371862573832799 0.45358773295015453 0.5366845044627406 0.4565442696016362 0.5801698650971362 0.44916369554550784 0.5806716161582933
2 0.45445740318314165 0.539407669962481 0.4646882254552338 0.5395820783050208 0.4639248497010158 0.5843576088833338 0.45369402744586296 0.584183201208595
2 0.5111703125 0.539509375 0.520428125 0.539509375 0.520428125 0.5873953125 0.5111703125 0.5873953125
2 0.5218031999893356 0.5449727594208784 0.5315222983023205 0.5458181951345609 0.528514825383013 0.5803887103420592 0.5187957273949451 0.5795432771409761
2 0.5776376981027624 0.5730555976826253 0.5583205485855842 0.5751552235469124 0.5504560829102729 0.5028052741888016 0.5697730030500452 0.5007056609359607
9 0.5655109410722616 0.5038125002286635 0.5594822072711167 0.5034265990881274 0.5697147411316337 0.3435800962561075 0.575743345957676 0.34396599315557674
2 0.5733379238424732 0.5207552105309748 0.6118403688509488 0.5233759549737587 0.6085080126990761 0.5723285903703934 0.5700055688083694 0.569707856670536
2 0.641983566640306 0.5633883451389953 0.6082481912600315 0.5679780938779722 0.6011245834439478 0.5156221592630786 0.6348596694062962 0.5110324305085817
2 0.6496089147758539 0.5583141589672564 0.6345729852296245 0.5576317931900161 0.6364263794565659 0.5167970189260481 0.6514622085338715 0.5174793824203351
0 0.685988208833578 0.4691482233292418 0.7242733406336583 0.47183846762089726 0.7188272244793552 0.5493367582277455 0.6805420945280503 0.5466465301647185
2 0.7515447810620799 0.5147065782873117 0.7310891847143921 0.5218988531210537 0.713518505564366 0.4719295056033346 0.7339739530484621 0.4647372594256456
0 0.7323782615335404 0.5617945203998677 0.7554687893585879 0.5869240942956214 0.7194252014085123 0.6200394295832923 0.696334788386821 0.5949099665958683
2 0.6676111404508447 0.6001146328064734 0.6969084195175128 0.6169938879759576 0.6653086472502991 0.671834734760904 0.6360114437632092 0.6549555831767975
0 0.6196053843945037 0.6305126388146278 0.658791260554608 0.6364364251192043 0.6498053366997283 0.6958705159633191 0.6106194684019783 0.689946765616179
9 0.6352459226851579 0.6898616603417322 0.6428895255219231 0.6874784858869456 0.6727964223443905 0.7833841314041468 0.6651528314257575 0.7857672790316534
9 0.6447503911019794 0.8055546284454704 0.6316596008458646 0.8075312745156702 0.6150214067798743 0.6973596721021612 0.628111870785574 0.6953830509895955
2 0.5887864573102206 0.6336625409141655 0.6121293818433742 0.6321475088280446 0.6165074527132219 0.699593928888029 0.5931645292123449 0.7011089505696642
9 0.6093284039851596 0.8373187331965046 0.6005866478722055 0.8378452561007693 0.592227508017686 0.6990836729753598 0.6009689903896742 0.6985571581402458
2 0.38506080200249926 0.610768991370017 0.40376891180005714 0.6260345044096316 0.3820323748229839 0.6526696757073219 0.363324311072347 0.6374042132333153
1 0.3226556563165559 0.6005458896303352 0.38237103524136273 0.6025349414270788 0.3799977875321474 0.6737761064485357 0.32028240936074326 0.671787068382155
2 0.28886196726602975 0.5934758913639947 0.31165142538645796 0.5797932223437363 0.34408792349040596 0.6338125162651103 0.3212985262264283 0.6474951047374538
2 0.2199085576538664 0.5537804335364002 0.24519153367339186 0.5321032495896665 0.29251910961420435 0.5872980233391725 0.26723626075101947 0.6089750707091189
0 0.4031988917606668 0.6270092521271361 0.4277468745143551 0.630313365175273 0.4220732223382129 0.6724605488357623 0.3975252424024802 0.6691564496828173