1 0.4065190528046969 0.5740932965911477 0.37732300393565765 0.5726997075404583 0.3816058909472986 0.48298483676138887 0.410801519218694 0.48437841577050467
9 0.398631249999994 0.39932812499999915 0.4042893077705685 0.3991745515755043 0.40660237145687006 0.48438912312631455 0.400944313724267 0.4845426956609574
9 0.39318280989937193 0.3993281249876462 0.3980768885884345 0.39935137286272204 0.397642488063525 0.49079483991700057 0.39274840937503086 0.4907715921875002
0 0.728703137934076 0.6258296871650199 0.7207512017230329 0.6260356355527272 0.7196283345890606 0.5826838950642208 0.7275802071002317 0.5824779475040106
0 0.3722289681924167 0.6248680370316849 0.38919346612726713 0.6262059530526168 0.38516574235472945 0.6772701878184432 0.3682012452198933 0.6759322785873048
1 0.33143389199949524 0.6003165690354233 0.36870059285092793 0.5989033596842245 0.37138411819250905 0.6696601733247642 0.3341174178993924 0.6710733729908709
9 0.3478421226161572 0.6710774548856635 0.3578666418169405 0.6734031515726967 0.33539013565837195 0.7702694213202933 0.32536562499990396 0.76794374999999
9 0.3191640003150269 0.706770292339176 0.3215197555709892 0.7075340457965973 0.3079870035496697 0.7492684372501577 0.3056312500000331 0.7485046875000017
0 0.2997644185103354 0.6005213624627505 0.3203262520438557 0.6035023300234053 0.3130540786144138 0.6536577257824614 0.29249224825514375 0.6506767726553258
11 0.2620965121690233 0.42883700248883766 0.21550092078405214 0.40262808371774783 0.28485483370081965 0.279332776302372 0.3314498410830993 0.305541487362065
11 0.2112255442713149 0.5564602155388518 0.26923258177646403 0.5598128513752431 0.2614576865757954 0.694318297553859 0.20345065302421972 0.6909657045638425
7 0.2040686448372071 0.6714520956444112 0.2137708759621546 0.69085370321564 0.19090334830366373 0.7022874355440029 0.18120117778153144 0.6828858797003245
7 0.3660078826942481 0.8151950067361513 0.34543104818783377 0.8098858804819266 0.3545375910968005 0.7745984987931682 0.375114252693038 0.7799076016023777
11 0.7938628217286805 0.6934317371564439 0.7385127090232118 0.6994148468084811 0.7231966172602142 0.5577352258723656 0.7785452696675748 0.5517521947719205
6 0.6309012726619585 0.5999908397473563 0.6881956030186984 0.5949361366835056 0.6973118704779608 0.6982549010917259 0.6400175468861562 0.7033095520101177