1 0.4065190528046969 0.5740932965911477 0.37732300393565765 0.5726997075404583 0.3816058909472986 0.48298483676138887 0.410801519218694 0.48437841577050467
9 0.398631249999994 0.39932812500000053 0.405470469988245 0.399140161914682 0.4078264786562613 0.48486088524784227 0.4009872587159862 0.48504884723664704
9 0.39318281044938885 0.3993281249928305 0.3975678773324489 0.3993434561253225 0.39723734813276224 0.4938770857203968 0.39285228124992955 0.4938617546874999
0 0.3722289681924167 0.6248680370316849 0.38919346612726713 0.6262059530526168 0.38516574235472945 0.6772701878184432 0.3682012452198933 0.6759322785873048
7 0.36392759596333235 0.819619541395838 0.33958593034810747 0.813334215831506 0.35301444541789806 0.7613392249212954 0.37735581145170727 0.7676245098525759
1 0.33143389199949524 0.6003165690354233 0.36870059285092793 0.5989033596842245 0.37138411819250905 0.6696601733247642 0.3341174178993924 0.6710733729908709
9 0.3478421226161572 0.6710774548856635 0.3578666418169405 0.6734031515726967 0.33539013565837195 0.7702694213202933 0.32536562499990396 0.76794374999999
9 0.3191640003150269 0.706770292339176 0.3215197555709892 0.7075340457965973 0.3079870035496697 0.7492684372501577 0.3056312500000331 0.7485046875000017
0 0.2997644185103354 0.6005213624627505 0.3203262520438557 0.6035023300234053 0.3130540786144138 0.6536577257824614 0.29249224825514375 0.6506767726553258
11 0.26804046097709033 0.42562850950643766 0.21393392866866634 0.40132075958969615 0.2695973594300085 0.2774261899475167 0.32370316325693693 0.3017337441081184
11 0.20860266486602086 0.5528661082733687 0.26844000107200827 0.5564821982011626 0.25899591982761194 0.7127406594668635 0.1991585892699277 0.709124623450292
7 0.199942646522004 0.7068166022807562 0.18395385592350522 0.706346412665666 0.18476951336003822 0.678615599030876 0.20075821067746347 0.6790857872760742
0 0.7332651680125082 0.6306779386340808 0.7219772276179128 0.633458705592665 0.7153712456160974 0.6066461534394676 0.7266591296875049 0.603865393749997
11 0.7921137112695078 0.7017361899043958 0.7395902311965301 0.7073062227880923 0.7230732458342572 0.5515683875704251 0.7755951596560635 0.5459984387384827
6 0.7043095328265281 0.683248792648867 0.6493964953617706 0.7057995667121747 0.6158467649190698 0.6241130688823798 0.6707589281249966 0.6015624999999791