2 0.31504307925696595 0.49962427976190477 0.30745508482972134 0.49828421666666667 0.3029915708978328 0.4991775976190476 0.29852805696594426 0.4951573904761905 0.29361819876160994 0.5031977892857143 0.29495726625387 0.5112382047619047 0.2980817126934985 0.5192786035714286 0.30477698328173375 0.5273190023809524 0.31504307925696595 0.5313392095238095 0.3168284910216718 0.5304458285714286 0.3226310390092879 0.5299991297619048 0.32129200495356036 0.5215120488095237 0.3190602482972136 0.5170451583333333 0.31816752507739937 0.5125782678571429 0.31504307925696595 0.5067713142857143 0.31504307925696595 0.49962427976190477
2 0.35030484520123845 0.51302495 0.3431631956656347 0.5148117130952381 0.33602158080495353 0.5228521119047619 0.3328971343653251 0.5304458285714286 0.3328971343653251 0.5393796083333333 0.3364679250773994 0.5447398797619047 0.3453949529411765 0.5474200071428571 0.352982946749226 0.5478666892857142 0.3574464606811145 0.546973325 0.3578928049535604 0.5447398797619047 0.36280266377708975 0.544293180952381 0.3668198328173375 0.5447398797619047 0.3744077931888545 0.5407196726190476 0.37574686068111457 0.5340193369047619 0.37574686068111457 0.5246388750000001 0.37262241486068115 0.5192786035714286 0.3677125219814242 0.5170451583333333 0.36235631888544895 0.510791505952381 0.354768359133127 0.5116848869047619 0.35030484520123845 0.51302495
2 0.34896577770897835 0.5590339154761904 0.35209022352941177 0.5724345857142857 0.36280266377708975 0.5786882380952381 0.36101725139318885 0.5911955273809524 0.3654807653250774 0.599682625 0.37039065758513934 0.6001293071428572 0.3753005164086687 0.5920889083333334 0.37753227306501547 0.589408780952381 0.3851202328173374 0.5862819547619047 0.38645930092879255 0.5836018107142857 0.38645930092879255 0.5746680297619048 0.38422754365325074 0.5719879023809523 0.3779786173374613 0.5706478392857143 0.3730687591331269 0.5688610761904762 0.369531239628483 0.5665178571428572 0.36101725139318885 0.5594806142857143 0.34896577770897835 0.5590339154761904
2 0.612759440247678 0.5751147297619048 0.6163302650154798 0.5822617464285714 0.6216864681114551 0.5827084464285714 0.6243646037151703 0.5925355904761904 0.6243646037151703 0.6041495154761904 0.6292744278637771 0.609063086904762 0.6364160773993809 0.597895861904762 0.6359696984520125 0.5844951916666666 0.6408795913312694 0.5831551285714286 0.6475748619195046 0.5764547928571429 0.6471284829721362 0.5737746654761905 0.6373087665634676 0.5697544583333334 0.6337379417956656 0.5746680297619048 0.6306919541795666 0.5743303571428572 0.6252572922600619 0.5693077761904761 0.612759440247678 0.5751147297619048
1 0.5801757752321981 0.5063246154761905 0.5774977077399381 0.5094514416666667 0.5766050185758513 0.5224054297619047 0.5752659510835914 0.5335726547619047 0.576158640247678 0.5514402154761905 0.5886564922600619 0.5648408857142857 0.5949053845201239 0.5710945214285714 0.600261587616099 0.5688610761904762 0.6082959263157894 0.555907105952381 0.610081372755418 0.5425064357142857 0.6065105479876162 0.523745494047619 0.5994419541795666 0.50625 0.5908882495356037 0.5063246154761905 0.5801757752321981 0.5063246154761905
11 0.7078322990712075 0.5948400214285714 0.7006906495356038 0.6158344083333332 0.7002443393188855 0.6408489857142856 0.7114031238390093 0.6502294654761905 0.7359524501547987 0.6578231642857143 0.7471112346749226 0.6596099273809525 0.7587163300309597 0.6600566095238095 0.7658579795665634 0.635935413095238 0.7618408439628483 0.6122609 0.7453257882352942 0.5885863690476191 0.7386305176470589 0.5787592238095238 0.7328280037151702 0.5653585535714286 0.7256863547987616 0.5595515833333333 0.7138392755417956 0.5598214285714286 0.7105104346749226 0.579205905952381 0.7078322990712075 0.5948400214285714
2 0.47576722476780187 0.5474113571428572 0.4792549851393189 0.5500291666666667 0.4827427671826625 0.5445026845238095 0.4827427671826625 0.5331588678571428 0.47983629287925694 0.5311227952380952 0.47315139380804955 0.5340314678571428 0.47576722476780187 0.5474113571428572
2 0.49930966130030957 0.5552647869047619 0.5030880860681115 0.5625364678571428 0.5045413232198143 0.556137375 0.5051226092879257 0.5407214345238095 0.5022529003095975 0.5393168607142858 0.4978564241486068 0.5421757595238095 0.49930966130030957 0.5552647869047619
2 0.5243053343653251 0.5375218773809524 0.5248866421052631 0.5538104500000001 0.5286650452012384 0.5602095214285715 0.5306995907120743 0.5494474416666666 0.5306995907120743 0.5407214345238095 0.5320494117647059 0.5342296511904762 0.5272118086687306 0.5322862571428572 0.5243053343653251 0.5375218773809524
2 0.5051226092879257 0.5593369107142857 0.5068664891640867 0.5639908047619048 0.5103542718266254 0.5581734595238095 0.5103542718266254 0.5514835035714286 0.5091569702786377 0.5458575583333334 0.5051226092879257 0.5506108928571428 0.5051226092879257 0.5593369107142857
9 0.5908635962848297 0.5049447416666667 0.5946420216718266 0.4918557142857143 0.5902823108359133 0.46422332499999996 0.589410359752322 0.4255379869047619 0.5853413133126936 0.46015117857142857 0.5865552260061919 0.5033430238095238 0.5908635962848297 0.5049447416666667
9 0.6903226551083592 0.4753079369047619 0.6959250823529413 0.46711349761904764 0.6933393616099072 0.4464117761904762 0.6937702823529412 0.4192407738095238 0.6877368693498452 0.4144966107142857 0.6873058829721361 0.45201849047619047 0.6870689554179568 0.47209051785714284 0.6903226551083592 0.4753079369047619
1 0.6868749622291022 0.4973035142857143 0.6825653628482973 0.5067918071428572 0.6761009634674924 0.5132610964285714 0.6756699770897833 0.5283561047619048 0.6761009634674924 0.5400008285714286 0.6821343764705882 0.5456075416666667 0.6894606829721361 0.5464701178571428 0.7015275746130031 0.5382757107142857 0.7092848674922602 0.5343940976190477 0.7148873597523219 0.5162801011904762 0.716611173374613 0.5033415238095238 0.709715853250774 0.4951470845238095 0.7037715417956657 0.4882543107142857 0.6920464687306501 0.4873839404761905 0.6868749622291022 0.4973035142857143
13 0.6334358879256966 0.5033415238095238 0.6373145671826626 0.4869526452380953 0.6239547820433436 0.49212807976190476 0.6071473702786377 0.49557836309523806 0.5993900773993809 0.49600965952380954 0.6035560247678019 0.508189655952381 0.6209380755417956 0.5037728023809523 0.6334358879256966 0.5033415238095238
13 0.37529089845201236 0.5050666571428571 0.3942531436532508 0.5054979535714286 0.40502714241486065 0.5093795166666667 0.4037342495356037 0.4938532297619047 0.36925745263157894 0.48781522023809526 0.3481404080495356 0.48091465119047616 0.32788530340557276 0.47617049642857145 0.3282327486068112 0.48771551785714284 0.35331194736842103 0.48910907380952384 0.37529089845201236 0.5050666571428571
13 0.3399521622291022 0.5952739464285715 0.29513235294117646 0.5775912297619047 0.29513235294117646 0.5952739464285715 0.3377973628482972 0.6142505678571428 0.3804624049535604 0.6302081178571428 0.3886506507739938 0.6340896976190477 0.4063200024767802 0.6422841369047619 0.4265751405572756 0.6509098559523809 0.43950393931888543 0.6565165535714285 0.4657924904024768 0.6591042619047618 0.48518568854489164 0.6591042619047618 0.5075955931888545 0.6582417035714286 0.5334531907120743 0.6582417035714286 0.5502606359133126 0.6573791452380953 0.57180866625387 0.6509098559523809 0.5937875851393188 0.6457344047619048 0.6144736761609907 0.6310706761904762 0.6230928755417956 0.6267578333333333 0.6101640767801858 0.6151131095238096 0.5851683857585139 0.6336584178571428 0.572239586996904 0.6396963952380952 0.5511225424148607 0.6461656845238095 0.5261268842105263 0.6470282761904761 0.49854544024767805 0.6487534261904763 0.4735497498452012 0.6478908345238095 0.45544944458204334 0.6448718464285714 0.4351943399380805 0.6418528250000001 0.4132153554179567 0.6336584178571428 0.39813175665634676 0.6220136785714285 0.39123640433436535 0.6138192547619047 0.39127154179566564 0.6100215523809523 0.35719056099071206 0.6060560952380952 0.3399521622291022 0.5952739464285715
13 0.33267686439628485 0.48829586666666663 0.33465017708978323 0.4705223666666667 0.31557456842105264 0.4586733321428571 0.30115130092879255 0.44506579047619044 0.294525546749226 0.4698640726190476 0.33267686439628485 0.48829586666666663
