2 0.24115937523219816 0.516471875 0.24040937523219816 0.5248421869047619 0.2449109374613003 0.5393 0.24941406253869972 0.549953125 0.25504218761609904 0.5613671869047618 0.2625468749226006 0.568215625 0.268925 0.56669375 0.2786812501547988 0.5689765630952381 0.2824343752321981 0.5583234380952381 0.2813078123839009 0.5446265619047619 0.2786812501547988 0.5309296880952381 0.2723031250773994 0.5210374999999999 0.2614218749226006 0.51190625 0.25504218761609904 0.502775 0.2479124996904025 0.503535936904762 0.24115937523219816 0.516471875
2 0.34322031269349845 0.5476703130952382 0.3398421876160991 0.5491921880952381 0.33346406253869965 0.5644109369047619 0.32558437523219813 0.559084375 0.3252093752321981 0.552996875 0.3225828123839009 0.546148438095238 0.31695468730650156 0.546148438095238 0.31132656222910216 0.5507140619047619 0.3049468749226006 0.5491921880952381 0.30157031269349843 0.5507140619047619 0.2966921876160991 0.552996875 0.2933156247678018 0.5598453119047619 0.2925640625386997 0.5689765630952381 0.2925640625386997 0.575825 0.29631718761609904 0.586478125 0.3011953126934985 0.59104375 0.309075 0.5902828119047618 0.31695468730650156 0.588 0.3225828123839009 0.5857171869047619 0.32595937523219815 0.5887609380952381 0.33383906253869966 0.592565625 0.33909218761609905 0.5872390630952381 0.34434531269349844 0.575825 0.3454718749226006 0.5644109369047619 0.34434531269349844 0.556040625 0.34322031269349845 0.5476703130952382
2 0.38036718761609906 0.574303125 0.39274843777089785 0.5796296880952381 0.39800156222910216 0.5834343750000001 0.4100093752321981 0.57886875 0.4133859374613003 0.571259375 0.4137609374613003 0.5552796880952381 0.4130109374613003 0.5415828119047619 0.4081328123839009 0.5431046869047619 0.4025046873065016 0.56060625 0.39425 0.56060625 0.38749531269349846 0.5583234380952381 0.39162343777089786 0.54234375 0.37924062476780185 0.5575625000000001 0.38036718761609906 0.574303125
9 0.36273125015479873 0.3825453130952381 0.3593546873065015 0.45103125 0.36460781238390094 0.44798750000000004 0.36273125015479873 0.3825453130952381
0 0.37473906253869965 0.5111453119047619 0.36873437523219815 0.5217984380952382 0.36610781238390094 0.5324515630952381 0.3706109374613003 0.5446265619047619 0.36986093746130033 0.5598453119047619 0.37698906253869974 0.5689765630952381 0.37774062476780185 0.5453875 0.37811562476780186 0.5294078130952381 0.37473906253869965 0.5111453119047619
0 0.5428375003095975 0.592565625 0.5462156247678018 0.5697375 0.5413375003095975 0.5598453119047619 0.5390859374613003 0.56365 0.5360843752321981 0.567454686904762 0.5300812501547988 0.57886875 0.533082812383901 0.586478125 0.5315812501547988 0.59713125 0.5372093752321981 0.5994140619047619 0.5428375003095975 0.592565625
2 0.6685374996904024 0.56669375 0.6662859374613004 0.5400609369047619 0.659907812383901 0.5294078130952381 0.6576562501547988 0.5187546880952381 0.6464 0.5202765619047619 0.6456500000000001 0.5750640619047619 0.6482765622291022 0.5826734380952381 0.6550296873065016 0.588 0.659907812383901 0.589521875 0.6655359374613004 0.5803906249999999 0.6685374996904024 0.56669375
1 0.688425 0.5887609380952381 0.7008062501547987 0.589521875 0.7105625003095976 0.5796296880952381 0.7120640625386997 0.5644109369047619 0.7064359374613003 0.537017186904762 0.6940531250773994 0.5385390630952381 0.6782937498452013 0.537017186904762 0.6659109374613003 0.5393 0.6662859374613004 0.5575625000000001 0.6677875003095975 0.5765859369047619 0.675292187616099 0.588 0.688425 0.5887609380952381
9 0.64715 0.495165625 0.6456500000000001 0.5202765619047619 0.6561562501547988 0.5202765619047619 0.6557796873065015 0.464728125 0.6561562501547988 0.4099390630952381 0.6497765622291022 0.43657343690476186 0.64715 0.495165625
2 0.7380374996904024 0.500496875 0.7343093752321981 0.5023875 0.7326796873065016 0.500025 0.7263890625386997 0.49624375 0.7228937498452013 0.50569375 0.7224281250773994 0.5255390630952381 0.7187 0.53640625 0.7168359374613004 0.5434921869047619 0.7175343752321981 0.5652265630952381 0.7217281250773995 0.5699515630952381 0.7254562501547988 0.567117186904762 0.7284859374613003 0.566645313095238 0.7343093752321981 0.5694796869047619 0.7401343752321982 0.5699515630952381 0.7478234377708979 0.5652265630952381 0.75225 0.561446875 0.7559765622291021 0.5553046880952381 0.757375 0.542075 0.7545796873065016 0.5297906250000001 0.7496874996904025 0.5236484380952381 0.7471234377708978 0.51750625 0.7452593752321981 0.50805625 0.7419984377708979 0.502859375 0.7380374996904024 0.500496875
9 0.7394359374613003 0.49624375 0.7494531250773994 0.420646875 0.7364062501547988 0.49624375 0.7380374996904024 0.49624375 0.7394359374613003 0.49624375
9 0.7231265622291022 0.4990796880952381 0.7247578123839009 0.502859375 0.7266218749226007 0.4938828119047619 0.7228937498452013 0.473565625 0.7226609374613003 0.4584453119047619 0.7252234377708978 0.439546875 0.734542187616099 0.4168671880952381 0.7224281250773994 0.4437984369047619 0.7187 0.466478125 0.7231265622291022 0.4990796880952381
9 0.6821218749226006 0.43104218809523814 0.6788593752321982 0.45183125 0.6811890625386997 0.46317031190476193 0.6832859374613003 0.43765625 0.6879453126934985 0.4220640619047619 0.6914406247678019 0.4102515619047619 0.6821218749226006 0.43104218809523814
9 0.6965671876160991 0.5118359369047619 0.7035562501547987 0.4938828119047619 0.7096140625386996 0.4726203119047619 0.7161374996904024 0.4267890630952381 0.7121765622291022 0.446634375 0.70705 0.4721484380952381 0.6942359374613003 0.5023875 0.6965671876160991 0.5118359369047619
2 0.7096140625386996 0.618617188095238 0.7072843752321981 0.624760938095238 0.7089140625386997 0.6394078119047619 0.712642187616099 0.6446046880952381 0.7161374996904024 0.640351561904762 0.7214953126934985 0.633265625 0.7268546873065015 0.6346828130952381 0.7305828123839009 0.631375 0.7340765622291022 0.6223984369047619 0.7375718749226007 0.6219250000000001 0.7443281250773993 0.613420313095238 0.7440953126934984 0.604915625 0.7364062501547988 0.603026563095238 0.7284859374613003 0.6082234369047619 0.7219609374613004 0.6105859369047619 0.7156718749226006 0.619090625 0.7096140625386996 0.618617188095238
2 0.6611531250773994 0.6275953119047619 0.6527656247678019 0.6384624999999999 0.6539296873065015 0.6436593749999999 0.6585906247678018 0.6427140619047619 0.6623171876160991 0.647439063095238 0.6653468749226006 0.6564171880952381 0.6697734377708978 0.654526561904762 0.6758312501547987 0.647439063095238 0.6772281250773994 0.6361 0.6793250000000001 0.6384624999999999 0.6835187498452012 0.636571875 0.6874796873065016 0.629484375 0.6907421876160992 0.6172 0.6842187498452013 0.616728125 0.6779281250773994 0.6195625 0.6697734377708978 0.625232813095238 0.6611531250773994 0.6275953119047619
2 0.32076406253869966 0.6266499999999999 0.3175015622291022 0.628540625 0.31563750030959753 0.6370453119047619 0.31330781238390093 0.647439063095238 0.31354062476780187 0.65358125 0.31563750030959753 0.6635046869047618 0.32029843777089784 0.664921875 0.3249578123839009 0.6625593750000001 0.3272875003095975 0.657834375 0.33008281238390097 0.65358125 0.3354421876160991 0.6526375 0.3403343752321981 0.65121875 0.34569218761609904 0.64885625 0.3445281250773994 0.6441328130952381 0.34010156222910215 0.640825 0.33730625015479876 0.636571875 0.3342765622291021 0.6337375000000001 0.32985000000000003 0.631846875 0.32076406253869966 0.6266499999999999
0 0.269275 0.637517186904762 0.2643812501547988 0.636571875 0.2615859374613003 0.64885625 0.2643812501547988 0.652164061904762 0.26694374984520125 0.654054688095238 0.26974062476780186 0.654526561904762 0.2725359374613003 0.65121875 0.2727687498452012 0.6450765619047619 0.269275 0.637517186904762
0 0.29886249969040246 0.6767328119047619 0.30002812507739934 0.6805140630952381 0.302125 0.682876563095238 0.3042218749226006 0.682876563095238 0.3098140625386997 0.67956875 0.3119109374613003 0.668701563095238 0.31097812507739936 0.66303125 0.30864843777089784 0.6597234380952381 0.29956249969040244 0.657834375 0.29769843777089783 0.66303125 0.29793125015479877 0.66775625 0.29886249969040246 0.6767328119047619
