1 0.3600546875 0.5365859375 0.389265625 0.5365859375 0.389265625 0.5916375 0.3600546875 0.5916375
1 0.6225772695339629 0.6776815964189683 0.5886036246115509 0.6818198417198281 0.5823573637433128 0.6305453168328427 0.6163306653188556 0.6264070925752464
1 0.6733777096950462 0.6730610243833345 0.619512018767864 0.6861890529140517 0.6057966907046648 0.629919634988712 0.6596617915879506 0.6167916813785871
1 0.7251845914252044 0.6530017732601787 0.6739244215063991 0.67343651525273 0.6542802512489061 0.6241650413199098 0.7055399547733714 0.6037304032206166
1 0.6790078125 0.5101046874999999 0.725203125 0.5101046874999999 0.725203125 0.5804875 0.6790078125 0.5804875
11 0.26951199542656923 0.33924183309336026 0.30764788865883475 0.3411974156633549 0.3002708744386382 0.48504990652624685 0.2621349824197523 0.48309434174798377
11 0.2665165900627926 0.6153331595059109 0.31526624559774064 0.6352735020245521 0.276018608562822 0.7312119952711478 0.22726906980540207 0.7112718643863064
11 0.7156460463986605 0.6246612741065702 0.780203995783495 0.6239107072411676 0.7813548157843115 0.7228822533155618 0.7167968665987701 0.7236328125976736
2 0.3902177009922525 0.5654318526642613 0.4116943072091317 0.5607634905782959 0.41704614017419317 0.5853819296862556 0.3955695372196715 0.5900502814626728
2 0.3236340571382925 0.5445471874889813 0.350188341588364 0.5429379880172974 0.35208547987213024 0.5742407704830487 0.32553119579893064 0.5758499656545801
2 0.3839469941672178 0.6843066111034113 0.3552192244384287 0.6865742867652008 0.3521302095863348 0.6474454718280467 0.3808577525086321 0.6451778051379257
2 0.5809902558165732 0.5588476104414307 0.6042385043293734 0.561600416346648 0.600633750642146 0.5920405755331922 0.5773855034559574 0.5892877770206377
2 0.6794852475125026 0.5639408443181462 0.6698635953144958 0.5827640885119658 0.6418115632004628 0.5684264165677537 0.6514332228480271 0.5496032235204995
6 0.4542411430680886 0.7064732118589255 0.4376540842573604 0.7069866160948399 0.43632217578920063 0.663959174992261 0.45290908630363447 0.663445773046402
9 0.3716517859375017 0.5379464281250007 0.3653494948769094 0.537428468329377 0.37395197405419367 0.4327661282497995 0.3802541687255143 0.4332840840905935
9 0.6138392859375017 0.7209821421874989 0.6185096706060449 0.7203984483713243 0.6274381693502846 0.7918270341142681 0.6227677855844149 0.7924107230893189
9 0.6707592545898251 0.801339207284472 0.6618247527177346 0.8034917378359652 0.6395031865034753 0.7108578646348431 0.6484375 0.7087053578124891
9 0.6595445775984672 0.6996385735189969 0.6674566991511028 0.6973642396201885 0.6954118548762835 0.7946007657523008 0.6874997441470896 0.7968750735439659
9 0.7176341893041354 0.7689731425177219 0.7085323734410167 0.7714664017499543 0.6862108451500717 0.6899932359792404 0.6953125 0.6875000000000033
9 0.7008928578125051 0.6897321421874947 0.7048003033659143 0.6888442328364652 0.7215412373118397 0.7625049862909492 0.7176337942286182 0.76339288823824
9 0.7064731852101431 0.43303570985513967 0.7128480367850898 0.43396531375514696 0.705035564882337 0.48753674255314206 0.6986607140624983 0.4866071421874947