1 0.5240454254171709 0.625 0.4954030592791696 0.625 0.4954032673954316 0.5421515624999999 0.524045210876352 0.5421515624999999
11 0.3270388727264617 0.48614561528437006 0.2804232441442309 0.4805520509423902 0.29557670780081935 0.35427808295954755 0.3421915662858055 0.3598715997864308
2 0.35042814333780825 0.550129604295943 0.333928672221532 0.5681989158158741 0.2946751921215309 0.5323588483798695 0.31117460020129784 0.5142896163582535
2 0.4590744634914472 0.5645918221553721 0.47776322884465117 0.5638132034931972 0.47935615799531206 0.6020435332372829 0.4606673928155942 0.6028221492534968
2 0.5276285442355402 0.566982996400226 0.5470817597703217 0.5702248593722815 0.5408213799996702 0.6077871715522534 0.5213681671943959 0.6045453196269606
2 0.6709449630310473 0.5620984463701518 0.651401538222899 0.5474421456997227 0.6786221863224 0.5111480918593123 0.6981655134762832 0.5258043383361746
11 0.7031064642852698 0.4529282928410601 0.6620856271564435 0.4500993887906924 0.67224663540037 0.3027703622506957 0.7132667825447925 0.30559924253655174
2 0.6663298548326111 0.6227071111040049 0.6482255938107073 0.6046048530186023 0.6787615346825078 0.5740689436290021 0.6968657242596237 0.5921711302954553
11 0.7463366346307794 0.7057438551017958 0.7007573495321822 0.7077040210408226 0.6949515616657891 0.5727060417326922 0.7405296884347763 0.5707459001722256
2 0.6179303410099237 0.6105883547879373 0.6480290554683279 0.6186136983058247 0.6373949855848196 0.6584914788491198 0.6072962834792861 0.6504661673251242
2 0.3179588971395333 0.583569452339536 0.3542233460884745 0.6114621240605265 0.3383614175946832 0.6320825162509697 0.30209702835600183 0.6041899119838012
2 0.361185709375 0.5372943171875 0.38781941875000003 0.5372943171875 0.38781941875000003 0.5745271546875 0.361185709375 0.5745271546875
11 0.22567973319007706 0.624564703100372 0.29836577607864 0.6216958936028574 0.30270662034263296 0.7316637122860488 0.23002057941357634 0.7345324893106822
9 0.5111607179538851 0.5368303580120455 0.5066795797293935 0.5366005738050066 0.511480556014817 0.44298229794234906 0.5159616307760189 0.44321208050370514