2 0.3376758322491469 0.5074906541257496 0.33561048889180256 0.5302079737209552 0.3034595232701349 0.5272851415099269 0.30552491843218377 0.5045678796586166
2 0.3834428646877086 0.5425983655341203 0.35355188349831224 0.556370514831749 0.3338289094168658 0.5135672964284717 0.36371969640867974 0.499795199196762
2 0.3879470805325127 0.5497683120231882 0.3814299663640668 0.5261844597980893 0.4069782524773018 0.5191251071838379 0.413495397912925 0.5427089085899355
2 0.4162218319607973 0.5493489023155478 0.40165644174726367 0.5305368581833764 0.426624555456101 0.511206765574745 0.44118992365054055 0.5300187615745029
0 0.45541333177357046 0.5161384354514653 0.4723583995549916 0.5141834069240424 0.47700176561954777 0.5544259965963114 0.4600566989397521 0.5563810186580722
2 0.37714189114808505 0.5925711951571035 0.39678330261619976 0.5787509882418511 0.4161284048449261 0.6062414902495056 0.39648702888325715 0.6200616546920756
2 0.32464197121862526 0.6012230559724774 0.3383129772007578 0.570466918846741 0.3796600972915485 0.5888436193052162 0.365989239356054 0.6195996308942114
2 0.2855730629410118 0.5719448638222492 0.3036225451953669 0.5525089951111146 0.3395382233213695 0.5858594323375031 0.32148882756359853 0.6052952170619805
11 0.25811626574227375 0.5560228384402899 0.32354475000533967 0.583362861249924 0.27040467308972893 0.7105189948060581 0.20497639053996863 0.6831793352670916
2 0.6082690128716877 0.5964668059449008 0.6165497128704374 0.6130262515768861 0.5894881273095507 0.6265570296993572 0.5812074818862811 0.6099976306796184
2 0.6906644301739107 0.6240213534738576 0.6599418942614648 0.6111020445195474 0.6787990268179556 0.5662644205169962 0.70952132689888 0.5791836733048816
11 0.6957426354715608 0.667337904772569 0.7269480565923914 0.5737361611898634 0.8070219039128688 0.6004285828218112 0.7758173826242682 0.6940295602966027
2 0.6094209670513919 0.554105731227136 0.5940962844797468 0.5703577306718705 0.5719236701090722 0.5494521534300414 0.587248316863338 0.5332001955515658
2 0.605706613449911 0.5601041186547174 0.6063717669015887 0.5384899275165389 0.6309662860193157 0.5392467277413946 0.63030117836729 0.5608608743381743
2 0.6325884645013957 0.5534409155513502 0.642813467795122 0.517656891572581 0.6727370359741371 0.5262065792456566 0.6625121395427414 0.5619905119179087
2 0.6885570247181931 0.5458847769178138 0.6799705891103258 0.5246071060479881 0.7091315726013363 0.5128404237563701 0.7177180282715199 0.5341180405670909