2 0.35581874984520123 0.54335625 0.3526046873065016 0.5569734380952381 0.3614437498452013 0.56094375 0.36305 0.5422218750000001 0.35581874984520123 0.54335625
2 0.3855484377708978 0.547328125 0.3826015622291022 0.5439234380952381 0.37831562476780184 0.5490296880952381 0.37644218761609904 0.5569734380952381 0.3657281250773994 0.5530015619047619 0.3643890625386997 0.5654828119047619 0.3751031250773994 0.5728578130952381 0.37831562476780184 0.5688875 0.3809953126934984 0.57399375 0.3866187498452012 0.5598093749999999 0.3855484377708978 0.547328125
1 0.5676703126934984 0.5666171880952381 0.5740968749226006 0.5870421869047618 0.5797218749226006 0.5904453130952381 0.5869531250773994 0.5921484380952381 0.5928453126934985 0.589878125 0.5998093752321981 0.5853390630952381 0.6040937498452013 0.57853125 0.6038265622291021 0.5490296880952381 0.5998093752321981 0.5439234380952381 0.5923093752321982 0.5388171880952382 0.5821328123839009 0.53598125 0.5708828123839009 0.5388171880952382 0.5665984377708978 0.5530015619047619 0.5676703126934984 0.5666171880952381
2 0.618825 0.594417188095238 0.6137359374613003 0.602359375 0.6196281250773994 0.6046296880952381 0.6252515622291022 0.6080328130952382 0.6300734377708979 0.607465625 0.634357812383901 0.607465625 0.6378406247678019 0.612571875 0.6397156247678019 0.6080328130952382 0.6407859374613003 0.600090625 0.6474812501547987 0.59611875 0.6533734377708978 0.59158125 0.6536421876160992 0.5847718749999999 0.6512312501547987 0.58136875 0.6442671876160991 0.5870421869047618 0.6338234377708979 0.5904453130952381 0.6255203126934984 0.59158125 0.618825 0.594417188095238
2 0.3415968749226006 0.6095406250000001 0.34644062476780185 0.6034343750000001 0.3614765622291021 0.6045578119047619 0.3582625003095975 0.5994515619047619 0.3513 0.59548125 0.34835312507739935 0.59548125 0.3432656247678018 0.5920765619047619 0.34165781238390097 0.5881046880952381 0.3392468749226006 0.5909421869047619 0.33522968730650154 0.5909421869047619 0.3304093752321981 0.588671875 0.3213031250773994 0.59264375 0.33633125015479876 0.6006 0.3415968749226006 0.6095406250000001
30 0.6056750291021672 0.5507857297619048 0.6080409473684211 0.559776219047619 0.6085141312693498 0.5730253595238095 0.6122995999999999 0.5734985428571429 0.6255487411764706 0.5768108285714286 0.6307537609907121 0.569713075 0.6317001281733746 0.5616689535714285 0.6317001281733746 0.5536248309523809 0.6335928625386997 0.5417952416666667 0.6321733120743034 0.5328047523809524 0.6279146594427245 0.5223947130952381 0.6260219250773994 0.5081992047619048 0.6260219250773994 0.49731598095238094 0.6250755578947369 0.4902182273809524 0.6137191510835913 0.5006282666666666 0.604255478637771 0.5096187547619048 0.6018895603715171 0.5119846738095237 0.603804694117647 0.5116654845238096 0.604255478637771 0.5242874476190477 0.6033091114551083 0.5356438535714285 0.6056750291021672 0.5507857297619048
30 0.5768108284829722 0.5261801821428571 0.5763376452012384 0.5304388345238096 0.5768108284829722 0.5351706702380953 0.5768108284829722 0.5384829559523809 0.5706594414860682 0.5474734440476191 0.5682935238390093 0.5540980154761905 0.5716058086687307 0.561195769047619 0.5758644613003097 0.5725521761904762 0.5768108284829722 0.581069480952381 0.5782303795665635 0.5862745011904762 0.58532813374613 0.5924258880952381 0.5943186222910216 0.589586786904762 0.6033091114551083 0.5791767464285714 0.604255478637771 0.5668739726190476 0.6014163770897833 0.5578834845238095 0.595738173374613 0.5441611595238095 0.5928990718266254 0.5313852011904762 0.5924258879256966 0.5238142630952382 0.5928990718266254 0.5195556107142857 0.5848549504643963 0.5209751619047619 0.5862745009287925 0.5219215297619048 0.5801231139318885 0.5252338142857143 0.5768108284829722 0.5261801821428571
30 0.5545711987616099 0.5389561392857143 0.5536248315789474 0.5474734440476191 0.5526784643962849 0.552205280952381 0.5536248315789474 0.5574103 0.5540980148606811 0.5682935238095238 0.5555175659442725 0.5805962976190476 0.5602494018575851 0.5910063369047619 0.5687667071207431 0.5947918059523809 0.5720789925696594 0.5829622154761905 0.5654544216718266 0.5682935238095238 0.5635616873065015 0.559776219047619 0.5649812383900928 0.5493661785714286 0.5678203399380805 0.5408488738095238 0.5706594414860682 0.5337511190476191 0.5734985436532508 0.5328047523809524 0.5739717269349845 0.5285461 0.5697130743034056 0.5228678964285715 0.566873972755418 0.5252338142857143 0.5645080544891641 0.5280729166666667 0.5583566674922601 0.532331569047619 0.5545711987616099 0.5389561392857143
30 0.4093038284829721 0.5801231142857143 0.41214293003095975 0.5914795214285714 0.4258652551083591 0.5796499309523809 0.42965072383900926 0.5664007892857142 0.42870435665634676 0.5588298511904762 0.4230261535603715 0.5536248309523809 0.4168747665634675 0.5503125464285714 0.4140356643962848 0.5498393630952381 0.4111965628482972 0.5512589130952381 0.4093038284829721 0.5630885035714286 0.4093038284829721 0.5801231142857143
30 0.34920950897832814 0.5455807095238095 0.34589722352941177 0.561195769047619 0.35678044705882356 0.5706594416666666 0.37144913931888546 0.571132625 0.37854689349845205 0.5673471559523809 0.38327872941176466 0.5574103 0.3842250965944273 0.5479466285714286 0.3837519133126935 0.5408488738095238 0.38138599504643966 0.5309120178571428 0.37949326068111455 0.5252338142857143 0.3771273424148607 0.5275997321428572 0.3705027721362229 0.5304388345238096 0.36577093560371515 0.5290192833333334 0.3624586501547988 0.5261801821428571 0.3581999975232198 0.5233410797619048 0.35488771269349845 0.5195556107142857 0.35204861052631575 0.5309120178571428 0.34920950897832814 0.5455807095238095
