0 0.3444359374613003 0.4934015630952381 0.34344218761609907 0.52995 0.3469187498452012 0.5281234380952381 0.3508921876160991 0.5162453119047619 0.3489046873065016 0.503453125 0.3444359374613003 0.4934015630952381
0 0.3588390625386997 0.526295313095238 0.35834218761609904 0.537260936904762 0.3662890625386997 0.5454828119047619 0.36976562476780184 0.5473109380952381 0.36976562476780184 0.5290375 0.3647984377708979 0.5080218750000001 0.360825 0.5144171869047619 0.3588390625386997 0.526295313095238
0 0.3692687498452012 0.527209375 0.37473125015479875 0.531778125 0.3806921876160991 0.526295313095238 0.3856578123839009 0.513503125 0.38218125015479876 0.503453125 0.37969843777089785 0.494315625 0.37324218761609906 0.48609218690476186 0.3692687498452012 0.527209375
2 0.6041906247678018 0.6295453119047619 0.6086609374613002 0.6295453119047619 0.6111437498452013 0.623148436904762 0.6126343752321981 0.6140125 0.6061765622291022 0.61035625 0.5982312501547987 0.60944375 0.5927671876160991 0.617667188095238 0.5952500000000001 0.631371875 0.5992234377708978 0.631371875 0.6041906247678018 0.6295453119047619
0 0.43836406253869964 0.6618843750000001 0.44432343777089783 0.66919375 0.4463109374613003 0.6536609369047619 0.4473031250773994 0.642696875 0.4482968749226006 0.6280765630952381 0.4473031250773994 0.6152859380952381 0.4448203126934985 0.608889063095238 0.4388609374613003 0.6015796880952381 0.43587968730650156 0.608889063095238 0.43538437523219814 0.6271640619047619 0.43538437523219814 0.6436109369047619 0.43836406253869964 0.6618843750000001
0 0.3873167504643963 0.6180298702380952 0.3848824972136223 0.6337172809523809 0.3856939145510836 0.6515684714285713 0.39164431207430345 0.6531913071428571 0.3919147845201238 0.6423724035714286 0.3924557294117647 0.6283078285714286 0.3935376198142415 0.6212755416666667 0.39029194860681116 0.6131613642857143 0.3873167504643963 0.6180298702380952
13 0.4141617572755418 0.65968915 0.451812826625387 0.6697647880952382 0.46931261919504647 0.6766586464285714 0.5154484359133127 0.6830222071428571 0.5371906024767802 0.6824919107142856 0.578553747987616 0.6793101297619047 0.5976444309597523 0.6809010202380953 0.6252198619195046 0.6936281416666668 0.6262804551083592 0.6517346988095237 0.5859779027863777 0.6501438083333334 0.5074939845201238 0.6437802476190476 0.4528734198142415 0.6337046095238095 0.410449680495356 0.6252198619047619 0.3871166235294118 0.6252198619047619 0.3552988185758514 0.6236289714285714 0.3494655547987616 0.6755980523809523 0.3844651399380805 0.660749744047619 0.4141617572755418 0.65968915
13 0.3248483814241486 0.5278786190476191 0.38068169659442724 0.5207725607142858 0.445651373374613 0.5410755845238095 0.5715301207430341 0.549196794047619 0.6689846352941177 0.5623937607142857 0.7491815795665635 0.5400604333333333 0.7380149164086688 0.49133317619047623 0.6892876588235295 0.5075755952380953 0.6446210068111455 0.5278786190476191 0.5887876910216718 0.5085907464285714 0.5664543647058824 0.5238180142857143 0.45884833869969044 0.5116362 0.4182422910216719 0.4893028738095238 0.32078777647058826 0.4761059083333333 0.3248483814241486 0.5278786190476191
6 0.25480294922600616 0.5187422583333333 0.25480294922600616 0.5339695261904762 0.26190900743034057 0.5420907357142857 0.2649544613003096 0.549196794047619 0.2791665777089783 0.5532573988095238 0.2964241479876161 0.5502119452380952 0.31368171826625385 0.5502119452380952 0.334999893498452 0.5522422476190476 0.3421059517027864 0.5431058869047619 0.33601504458204334 0.5207725607142858 0.2588635535603715 0.5055452928571429 0.25480294922600616 0.5187422583333333
6 0.2649544613003096 0.5928482964285714 0.2608938563467492 0.6019846571428571 0.2791665777089783 0.6182270761904762 0.28830293869969037 0.6233028321428572 0.3065756600619195 0.6304088904761904 0.35530291702786376 0.6212725297619047 0.35733321919504646 0.612136169047619 0.3522574637770898 0.5979240523809524 0.3400756489164087 0.5938634476190476 0.3370301956656347 0.5867573892857143 0.28525748482972135 0.5928482964285714 0.2649544613003096 0.5928482964285714
6 0.5715301207430341 0.5654392142857143 0.5898028421052632 0.5837119357142857 0.6029998080495356 0.5847270869047619 0.6141664705882354 0.579651330952381 0.6202573783281734 0.5755907261904762 0.6172119244582044 0.5522422476190476 0.5857422377708978 0.558333155952381 0.5715301207430341 0.5654392142857143
6 0.6415755529411765 0.6314240416666667 0.6334543436532508 0.6375149488095239 0.6304088897832818 0.649696763095238 0.6304088897832818 0.6588331238095237 0.6304088897832818 0.6659391821428572 0.6344694947368421 0.6791361476190476 0.6446210068111455 0.6801512988095239 0.6557876699690404 0.6821816011904762 0.6720300885448917 0.6750755428571428 0.6974088687306502 0.6710149380952382 0.7014694730650155 0.6628937285714286 0.7034997758513931 0.6446210071428571 0.6963937176470588 0.6375149488095239 0.6689846352941177 0.6314240416666667 0.6415755529411765 0.6314240416666667
6 0.40057891826625386 0.5350324904761905 0.39686985448916406 0.5461596821428572 0.39779712012383905 0.5498687464285714 0.3996516526315789 0.5545050773809523 0.4015061845201239 0.5563596083333333 0.4042879826625387 0.5563596083333333 0.4089243126934985 0.5554323428571428 0.41077884458204333 0.5535778107142857 0.41263337647058823 0.5526505452380952 0.41263337647058823 0.5507960130952381 0.41448790835913313 0.5396688202380953 0.4042879826625387 0.5350324904761905 0.40057891826625386 0.5350324904761905
6 0.436742292879257 0.5368870226190476 0.4321059628482972 0.5433778845238095 0.4348877609907121 0.5545050773809523 0.43581502724458204 0.557286875 0.43581502724458204 0.5563596083333333 0.4423058891640867 0.5526505452380952 0.4487967510835913 0.5452324166666667 0.4404513572755418 0.5368870226190476 0.436742292879257 0.5368870226190476
7 0.565077185758514 0.37971853333333333 0.5670774588235294 0.38571935357142856 0.5660773226006192 0.3900532785714285 0.5634102916408669 0.39538734047619045 0.5627435337461301 0.40105478095238095 0.561076639009288 0.40772235833333337 0.5604098817337462 0.4120562845238095 0.5597431238390093 0.4197239976190476 0.5600765027863777 0.424724680952381 0.5617433969040247 0.4303921214285714 0.5680775956656346 0.43239239523809525 0.5730782786377709 0.4350594261904762 0.5794124773993808 0.4390599726190476 0.5854132965944272 0.441393625 0.5877469492260062 0.44339389761904763 0.588413706501548 0.4490613392857143 0.5867468123839009 0.4580625678571429 0.5887470854489164 0.46339662976190477 0.5937477684210526 0.46773055595238094 0.5987484513931889 0.4683973130952381 0.6077496811145511 0.4653969035714286 0.6147506377708978 0.4597294630952381 0.6274190346749227 0.45006147500000004 0.6340866117647059 0.44006010952380953 0.6384205374613003 0.42805847023809523 0.6384205374613003 0.42205765 0.6314195808049535 0.41338980000000003 0.6224183517027864 0.4053887071428572 0.6164175318885449 0.4013881607142857 0.6057494080495356 0.3950539619047619 0.602082240247678 0.3897199 0.5994152092879257 0.3863861107142857 0.588413706501548 0.3780516392857143 0.5817461294117647 0.3730509559523809 0.5760786885448916 0.3693837880952381 0.5717447634674923 0.3693837880952381 0.5654105647058824 0.3730509559523809 0.565077185758514 0.37971853333333333
7 0.42905860681114555 0.7321000000000001 0.42772509102167183 0.7367673035714286 0.42739171207430343 0.7397677142857143 0.4287252278637771 0.7457685333333333 0.4307255009287925 0.7501024595238095 0.43172563777089784 0.7534362476190476 0.4323923950464396 0.7554365214285714 0.43505942600619196 0.7594370678571428 0.4380598359133127 0.7641043714285715 0.45086102105263154 0.7549921238095239 0.4519281479876161 0.7443208571428571 0.4449918241486068 0.7411194773809523 0.43772645696594426 0.7404344714285714 0.43739307801857585 0.7307664845238095 0.4403934879256966 0.7214318761904762 0.436726320743034 0.7164311928571429 0.4303921219814241 0.725099044047619 0.42905860681114555 0.7321000000000001
11 0.4101979436532508 0.36523929404761907 0.41258512879256964 0.39229405714285714 0.4141765851393189 0.4157680416666667 0.4189509554179566 0.4328762011904762 0.4281018309597523 0.4428228047619048 0.43685484210526315 0.44958649523809524 0.4487907665634675 0.4551565928571429 0.4631138761609907 0.45595232142857145 0.4694797027863777 0.4547587285714285 0.4738562086687307 0.44242494047619046 0.4734583442724458 0.4328762011904762 0.471071159752322 0.42173600476190476 0.46709251764705884 0.41019794404761906 0.4603288272445821 0.4006492035714285 0.4515758160990712 0.3914983285714285 0.4475971746130031 0.38035813214285713 0.4428228043343653 0.36762647976190477 0.43884416284829725 0.3525076416666667 0.4348655213622291 0.3397759880952381 0.4153701777089784 0.32226996547619047 0.4109936718266254 0.3457439511904762 0.4101979436532508 0.36523929404761907
