0 0.34443593469893585 0.49340156242384525 0.3515080774600392 0.4935938379461743 0.35051433023943446 0.5301422749734781 0.3434421874999316 0.5299499999999988
0 0.3697656417369899 0.5473109375000001 0.35834217818023717 0.5473109375000001 0.35834221461436755 0.5080218750000001 0.3697656057513541 0.5080218750000001
0 0.3732421749493824 0.48609218628724327 0.38816734006707065 0.48753439201775245 0.3838070254869308 0.5326551062063657 0.3688818610862654 0.5312129055600006
2 0.6129647863358514 0.6111358330677744 0.610440111569801 0.6331164223478235 0.5912458715663433 0.6309120104516129 0.5937705810891885 0.6089314613672229
0 0.4360798366030849 0.6015043194221322 0.4490075729690943 0.601854662200845 0.44718036110987214 0.6692711723718444 0.4342526248384502 0.6689208318767105
7 0.4290222917712754 0.7181046763947821 0.4492389594768156 0.718949273500615 0.44731165178177434 0.7650745709451113 0.4270949843581775 0.7642299782503275
11 0.4829957776058791 0.4426164250436901 0.4271221551770168 0.467873197562357 0.36866070042424326 0.3385486513341842 0.4245334939878376 0.3132920970697137
0 0.38637135820204094 0.6199098263042893 0.3977339785012646 0.6200744813732398 0.3972462312241305 0.6537291498441311 0.3858836109375261 0.6535644953125006
7 0.5903339073961433 0.7513236107241874 0.6175697613557531 0.7478780681088825 0.6245339070569571 0.8029173478856338 0.5972980574944131 0.8063628678257257
7 0.5036703852841811 0.7366758292727654 0.49774457897490265 0.7530767342566481 0.47950509079328185 0.7464877045260364 0.48543091348062717 0.7300868355111689
6 0.36607168538796486 0.5892830983221251 0.355035839749803 0.7014901520371085 0.20087956934730755 0.686328663363133 0.2119169178491802 0.5741233323292753
6 0.7379551761938501 0.6001464539032635 0.7600115134188172 0.6998590046191444 0.621962921610475 0.7303893560513146 0.5999082299674683 0.6306782394819448
6 0.19997293495418944 0.5010679326340316 0.22625981601765943 0.42301318636419677 0.3689195261270015 0.4710540234880258 0.3426336769696263 0.5491078879709009
6 0.5665579058716048 0.587804351956514 0.5705138823688003 0.49881825501237 0.6457868273964777 0.5021643465485458 0.6418314288475813 0.5911498894132987
6 0.390625 0.49441964218750434 0.41735559215885587 0.4916546491950917 0.4240519841674768 0.5563868108452364 0.3973213942882694 0.559151789437532