0 0.34443593469893585 0.49340156242384525 0.3515080774600392 0.4935938379461743 0.35051433023943446 0.5301422749734781 0.3434421874999316 0.5299499999999988
0 0.3697656417369899 0.5473109375000001 0.35834217818023717 0.5473109375000001 0.35834221461436755 0.5080218750000001 0.3697656057513541 0.5080218750000001
0 0.3732421749493824 0.48609218628724327 0.38816734006707065 0.48753439201775245 0.3838070254869308 0.5326551062063657 0.3688818610862654 0.5312129055600006
2 0.6129647863358514 0.6111358330677744 0.610440111569801 0.6331164223478235 0.5912458715663433 0.6309120104516129 0.5937705810891885 0.6089314613672229
0 0.4360798366030849 0.6015043194221322 0.4490075729690943 0.601854662200845 0.44718036110987214 0.6692711723718444 0.4342526248384502 0.6689208318767105
6 0.265624934276957 0.43749999124588534 0.35459480079987316 0.4493505099618146 0.3396800153975619 0.561317536851678 0.25071016687877545 0.5494671212748278
6 0.24888392812500001 0.5867573890625 0.35733321875 0.5867573890625 0.35733321875 0.6930803578125 0.24888392812500001 0.6930803578125
6 0.5558001934872436 0.5778143069481539 0.5710902887296925 0.49918994638597036 0.6402749418763278 0.5126430979405532 0.6249853658404163 0.5912670081381809
6 0.6237523161667013 0.6165976462694853 0.7345725838915769 0.6442990831783811 0.7125134555302566 0.732535058361799 0.6016932763830027 0.7048338785013822
6 0.41189160582462137 0.5578431067310936 0.39553456629801076 0.5555065981209613 0.39857602958284133 0.53421656958189 0.41493301124944537 0.5365530739856984
6 0.44926070800624984 0.5456963408000824 0.4367420449580095 0.5582138920494791 0.4260782558066012 0.547550109543819 0.43859690310466704 0.5350325740283385
7 0.45707086544166486 0.7545255311192804 0.4370235996916563 0.7646264861815028 0.4175940386220418 0.7260711584551567 0.43764114179373337 0.715970252561542
11 0.4810792895831355 0.45075908499919426 0.431064173333084 0.46800474431034256 0.3844837810339641 0.33291994517232326 0.4344980680575645 0.31567444634565883
7 0.5037607819521099 0.7374112438808753 0.4976740337588126 0.7522047813785547 0.4806047462860761 0.7451828340050852 0.4866915054708443 0.730389327359425