2 0.3400125003095975 0.5818328119047619 0.34452343777089783 0.5812609369047619 0.34706093746130035 0.58869375 0.3555171876160991 0.588121875 0.3622828123839009 0.58755 0.36679374984520124 0.5835484369047619 0.36989531269349846 0.5703984369047619 0.37045937523219813 0.557821875 0.36876718761609906 0.5486734380952382 0.36651250030959753 0.541242188095238 0.3605921876160991 0.5423859380952382 0.3560812501547988 0.5463875 0.35297968730650153 0.55839375 0.3462140625386997 0.5606796869047619 0.34677812507739936 0.5492453119047619 0.3433953126934985 0.545815625 0.33888437523219817 0.544671875 0.33522031269349845 0.5378125 0.33099062476780183 0.536096875 0.32789062476780184 0.5378125 0.3253531250773994 0.5463875 0.32281562476780185 0.554390625 0.3183046873065015 0.55725 0.3185874996904025 0.5641109369047619 0.3219703126934984 0.56925625 0.32168750030959753 0.5766875 0.3259171876160991 0.5806890630952382 0.3293 0.5812609369047619 0.3318375003095975 0.577259375 0.33522031269349845 0.579546875 0.3380390625386997 0.5841203119047619 0.3400125003095975 0.5818328119047619
2 0.3944218749226006 0.5715421869047619 0.38709218761609904 0.5703984369047619 0.380325 0.5703984369047619 0.3763781250773994 0.5641109369047619 0.3735593752321982 0.56468125 0.37102187492260064 0.556678125 0.3682031250773994 0.548103125 0.3670765622291022 0.5521046869047619 0.36510312507739934 0.565825 0.3659484377708978 0.5812609369047619 0.36566562476780184 0.58755 0.3684859374613003 0.594982811904762 0.37017656222910217 0.5984125 0.3760968749226006 0.597840625 0.37947968730650156 0.5938390630952382 0.38370781238390095 0.590409375 0.3899109374613003 0.590409375 0.3955484377708979 0.586978125 0.3944218749226006 0.5715421869047619
25 0.43951512383900926 0.5845403166666667 0.44839421733746126 0.6200566892857143 0.45559531269349846 0.618421875 0.45587812507739933 0.624139063095238 0.45954218761609905 0.621853125 0.46095156222910216 0.616707811904762 0.46179843777089785 0.60813125 0.46207968730650156 0.585834375 0.4632078123839009 0.5641109369047619 0.4601062501547988 0.5641109369047619 0.45061399071207425 0.4994490047619048 0.43951512383900926 0.5845403166666667
9 0.45164843777089786 0.3966 0.45249531269349846 0.5012218749999999 0.4561593752321982 0.492646875 0.45164843777089786 0.3966
2 0.49816406253869966 0.608703125 0.4978828123839009 0.5898375 0.4973187498452012 0.5835484369047619 0.4930890625386997 0.5818328119047619 0.489425 0.585834375 0.4860421876160991 0.5955546869047619 0.48350468730650153 0.6064171880952381 0.47899374984520127 0.61785 0.4801218749226006 0.62985625 0.4854781250773994 0.631 0.4916796873065015 0.626998438095238 0.49816406253869966 0.624139063095238 0.49816406253869966 0.608703125
25 0.5319937498452012 0.5984125 0.532557812383901 0.5841203119047619 0.532557812383901 0.5703984369047619 0.5311468749226006 0.557821875 0.529175 0.5521046869047619 0.5280468749226006 0.558965625 0.5232546873065016 0.5612515630952382 0.5238665114551083 0.5127676440476191 0.5112877956656346 0.4691121023809524 0.5038885510835913 0.5593828845238095 0.49500945758513937 0.5771410714285714 0.5001889287925696 0.6200566892857143 0.5105478712074303 0.6252361607142858 0.5194269647058823 0.6289357833333333 0.5305258309597524 0.6274559345238095 0.529175 0.616135938095238 0.532275 0.60813125 0.5319937498452012 0.5984125
9 0.5088765622291022 0.4509125 0.5102859374613004 0.47149375 0.5139515622291022 0.473209375 0.5122593752321981 0.4137515619047619 0.5105687498452013 0.3914546869047619 0.5100046873065015 0.418896875 0.5088765622291022 0.4509125
0 0.7524468749226005 0.620709375 0.7454 0.618421875 0.7414531250773995 0.620709375 0.7372234377708978 0.632715625 0.740325 0.645292188095238 0.7445531250773993 0.651009375 0.7510375003095975 0.657298438095238 0.7561125003095975 0.652153125 0.7561125003095975 0.6367171880952381 0.7558296873065016 0.625282811904762 0.7524468749226005 0.620709375
2 0.7482187498452012 0.612132813095238 0.7501921876160991 0.6052734380952381 0.7499093752321981 0.589265625 0.7468093752321981 0.5824046869047619 0.7414531250773995 0.578975 0.7391968749226006 0.5818328119047619 0.7372234377708978 0.58869375 0.7341234377708978 0.58755 0.730457812383901 0.586978125 0.7228468749226007 0.585834375 0.7200281250773994 0.5812609369047619 0.7186187498452012 0.5909796869047619 0.7101609374613004 0.593267186904762 0.7050859374613002 0.5984125 0.7062140625386997 0.619565625 0.7135437498452013 0.616707811904762 0.7225640625386996 0.616707811904762 0.7256656247678019 0.622425 0.7307406247678019 0.622425 0.7338406247678019 0.61899375 0.7363781250773993 0.612132813095238 0.7420171876160991 0.61041875 0.7482187498452012 0.612132813095238
2 0.6892999999999999 0.609846875 0.6850703126934985 0.6035578130952381 0.6783046873065016 0.6058453119047619 0.6726671876160991 0.6018421869047619 0.6695656247678019 0.6058453119047619 0.6650546873065015 0.6035578130952381 0.6599812501547988 0.597840625 0.6602625003095975 0.609275 0.657725 0.612704688095238 0.6534968749226007 0.61785 0.6560343752321981 0.6287125 0.659417187616099 0.635001563095238 0.6642093752321981 0.630428125 0.6687203126934984 0.6367171880952381 0.6752031250773993 0.633285936904762 0.67915 0.62985625 0.6836609374613003 0.629284375 0.6895812501547987 0.6229953119047619 0.6892999999999999 0.609846875
0 0.6526515622291021 0.651009375 0.6549062501547989 0.6561546880952381 0.659417187616099 0.65158125 0.659417187616099 0.643578125 0.6571609374613003 0.637860938095238 0.6532140625386996 0.635573436904762 0.6523687498452012 0.643578125 0.6526515622291021 0.651009375
2 0.6515234377708978 0.655010936904762 0.6529328123839009 0.646435938095238 0.6503953126934985 0.634429688095238 0.6484218749226007 0.6281406249999999 0.6430656247678018 0.6258546880952381 0.6368640625386996 0.626998438095238 0.6360187498452012 0.631 0.6331984377708979 0.6315718749999999 0.6269968749226006 0.6281406249999999 0.62305 0.632715625 0.6216406247678019 0.62985625 0.6191031250773994 0.635001563095238 0.6148750000000001 0.6390031249999999 0.6120562501547988 0.6430062500000001 0.6120562501547988 0.652725 0.6134656247678019 0.6635875 0.6185390625386997 0.671590625 0.6238968749226006 0.669876561904762 0.6261515622291022 0.6635875 0.6253062501547988 0.655582811904762 0.6298156247678018 0.653296875 0.6379921876160991 0.649865625 0.6458843752321982 0.653296875 0.6492687498452012 0.658442186904762 0.6515234377708978 0.655010936904762
25 0.5835828123839009 0.68416875 0.5872484377708977 0.696175 0.5920406247678018 0.704178125 0.5957046873065016 0.7093234369047619 0.605258200619195 0.7169867928571428 0.6089578229102167 0.7221662642857142 0.6059981250773994 0.6896095880952381 0.6021890625386997 0.6755921880952381 0.6050078123839009 0.668732813095238 0.6044437498452012 0.657298438095238 0.6002156247678019 0.6418625 0.5923218749226006 0.6430062500000001 0.5858374996904024 0.654439063095238 0.5830187498452013 0.6675890630952381 0.5835828123839009 0.68416875
9 0.6064171876160991 0.723615625 0.6126203126934985 0.763064063095238 0.6193859374613003 0.791078125 0.6323531250773994 0.8253796880952381 0.6275609374613003 0.8053703119047619 0.6241781250773994 0.788790625 0.6154390625386997 0.75563125 0.6123375003095975 0.72533125 0.6064171876160991 0.723615625
7 0.6298156247678018 0.8556796869047619 0.6348906247678019 0.8654000000000001 0.6433484377708978 0.8619687500000001 0.6478578123839009 0.8539656250000001 0.6492687498452012 0.8459609380952381 0.6481406247678018 0.8282390619047619 0.6425015622291022 0.81851875 0.6363 0.811659375 0.6385562501547988 0.82195 0.6396828123839009 0.829953125 0.6365828123839009 0.8391015619047619 0.6326359374613003 0.8391015619047619 0.6269968749226006 0.833384375 0.6202312501547987 0.815660938095238 0.6222046873065016 0.82309375 0.624742187616099 0.8396718750000001 0.6298156247678018 0.8556796869047619
2 0.38342656222910215 0.6561546880952381 0.3851187498452012 0.64929375 0.38568125015479876 0.6395750000000001 0.38342656222910215 0.630428125 0.37947968730650156 0.626426563095238 0.37496874984520123 0.63214375 0.37045937523219813 0.631 0.3628468749226006 0.6281406249999999 0.3586187498452012 0.630428125 0.3566453126934984 0.62985625 0.35354374984520126 0.638432813095238 0.3532624996904025 0.653296875 0.35382656222910214 0.669876561904762 0.3560812501547988 0.676735938095238 0.35974687492260066 0.67101875 0.3614375003095975 0.665301563095238 0.3620015622291022 0.6618718750000001 0.3659484377708978 0.660728125 0.37102187492260064 0.6595859369047619 0.37215 0.657298438095238 0.37694218761609904 0.6561546880952381 0.3820171876160991 0.658442186904762 0.38342656222910215 0.6561546880952381
2 0.31210312507739935 0.612704688095238 0.31323125015479875 0.626426563095238 0.3219703126934984 0.632715625 0.3219703126934984 0.6390031249999999 0.3247890625386997 0.6390031249999999 0.3321187498452013 0.641290625 0.33719374984520123 0.647007811904762 0.3439593752321981 0.6487234380952381 0.34677812507739936 0.645864063095238 0.34959687492260066 0.638432813095238 0.34677812507739936 0.627570313095238 0.3442406247678019 0.622425 0.33888437523219817 0.616707811904762 0.33775781238390096 0.6115625 0.3326828123839009 0.6144203119047619 0.3287359374613003 0.610990625 0.32253437523219813 0.6069875 0.3163312501547988 0.602414063095238 0.31210312507739935 0.612704688095238
2 0.38846033684210524 0.5630825071428571 0.38994018575851397 0.5697418273809524 0.3958595814241486 0.5749212988095238 0.40103905263157896 0.5756612226190476 0.4076983721362229 0.5704817511904762 0.4099181455108359 0.5630825071428571 0.4091782210526316 0.5586429607142858 0.4054785987616099 0.5512437154761904 0.40399874984520123 0.5475440940476191 0.40103905263157896 0.5460642452380953 0.39659950588235293 0.539404925 0.39215995913312696 0.5505037916666666 0.38846033684210524 0.5630825071428571
11 0.7680415801857585 0.6570529119047619 0.7835799931888545 0.7095875488095238 0.7961587089783282 0.725125961904762 0.8035579535603715 0.7347449797619048 0.8242758383900929 0.740664375 0.8309351585139318 0.715506944047619 0.8168765938080496 0.6274559345238095 0.8168765938080496 0.5771410714285714 0.813176971517028 0.5645623559523809 0.8020781046439628 0.5616026583333333 0.7968986334365326 0.5623425821428572 0.7909792377708978 0.5682619785714286 0.7769206730650156 0.5756612226190476 0.7695214291021671 0.5793608452380953 0.7658218068111455 0.5860201654761905 0.7591624866873066 0.5941593345238095 0.7584225622291021 0.605998125 0.7650818823529412 0.6385548011904761 0.7680415801857585 0.6570529119047619
