2 0.6945217803992136 0.5498951161871294 0.6785483861541479 0.5600247964348989 0.665545869786115 0.5395230638492463 0.6815192156921057 0.5293934039571206
2 0.6889796875000229 0.5393281249999785 0.692603559553163 0.5335510032925738 0.7027972982050414 0.5399447666941845 0.6991734326845744 0.545721882676672
2 0.7517590097899074 0.5215217859020143 0.725051648804083 0.5370736054051657 0.7141895534525702 0.5184214402043693 0.7408968428085245 0.502869647230944
0 0.7982504490069005 0.48343765677976114 0.7688435920887287 0.5014174199612978 0.737872778560245 0.45076626262604613 0.7672794436060713 0.43278657607627175
2 0.7196723472002304 0.5778846623228086 0.7295579831596797 0.5961537163342783 0.7039774273522426 0.6099941567745746 0.6940918472406565 0.5917251507664777
2 0.6393914577007536 0.6521735380622861 0.6204646856142517 0.6288306334125401 0.6630660358152909 0.5942930206657352 0.6819927407943851 0.6176358026240856
2 0.5961473589630941 0.6264007718146544 0.6163568858341932 0.6062648148753698 0.647081963597202 0.6370984993825803 0.626872521088103 0.6572343719739443
2 0.2863333325409485 0.5884580280290208 0.331890066155097 0.594652929964927 0.32674428707287007 0.6324902630241239 0.2811875579577645 0.6262953830609911
2 0.2649074776203406 0.5819836701314418 0.25555394660864295 0.6035278758469655 0.22608382981650266 0.5907345541239419 0.2354373799307723 0.5691904103691253
11 0.20280853853682856 0.3122508580149927 0.2550737349197334 0.3284860740358979 0.2165324660618353 0.45255464460161826 0.16426732211903072 0.436319551702007
7 0.2327172278933176 0.7303483285359204 0.17241841277632375 0.778580520827947 0.10915446065496326 0.6995008359149656 0.16945243145937638 0.6512691697549767