1 0.6119343749999999 0.516715625 0.6419484375 0.516715625 0.6419484375 0.572675 0.6119343749999999 0.572675
2 0.68396875 0.4433140625 0.7295203124999999 0.4433140625 0.7295203124999999 0.53125 0.68396875 0.53125
1 0.33346114409016536 0.569235619570816 0.38647659804883006 0.5821093586477091 0.37191983019010877 0.6420491017985088 0.31890440259110164 0.6291754358906014
11 0.252130066416953 0.2858267762839439 0.2875527692092419 0.2855682265581673 0.28861048088970165 0.43047531679056816 0.25318777813401994 0.43073386448823986
11 0.25525043487220955 0.6824976307339571 0.20661874404174796 0.6703410572452557 0.2448635891990989 0.5173653307623398 0.29349396001885 0.5295217327839883
2 0.6715240016370672 0.5996812356171887 0.6498338623566724 0.582737481977808 0.6804581004629426 0.5435386524975849 0.702148117557158 0.560482333066861
11 0.6943471309120923 0.5451193164357807 0.7409015461760191 0.5308852309323598 0.779086662710597 0.6557616484938216 0.7325323206084704 0.6699955639420596
2 0.5311603604820903 0.5607261132912127 0.534243642573415 0.5396592749864964 0.5506327217660782 0.542057720244746 0.5475494723705197 0.5631245291649551
2 0.44994583906247954 0.5433961281250023 0.4611407098257132 0.5427742500730459 0.462231223040817 0.562403547336765 0.45103635236375794 0.563025424359501
2 0.39098066829330946 0.5649446712216968 0.388535290033019 0.5331572980744416 0.4066125185764804 0.531766767115334 0.40905794085767866 0.5635540921134782
2 0.3264196619786617 0.5931190121791826 0.30527786838251814 0.5982529297260918 0.2927924108798834 0.5468418977946279 0.31393401643174457 0.5417080042642057
2 0.267688014522264 0.48124368428913783 0.2852011048161103 0.4661566398321054 0.3110161501397215 0.4961207208200338 0.29350310175118466 0.5112077207248726
2 0.2995119600475391 0.5091955023926852 0.32208739859333946 0.4963595888517584 0.34667290200798107 0.5395963501709597 0.32409750012993754 0.552432212797858
9 0.6305804852225947 0.5078124871166138 0.6207491046433233 0.5088066110651984 0.6107044720354224 0.40947625899590767 0.6205357140624983 0.4084821421874949
7 0.3169642338727954 0.6919642437964497 0.3310276387852582 0.7033471276748292 0.31176797377690946 0.7271385064043173 0.2977046028350969 0.7157556601648793
7 0.3381697761782334 0.7522318452726482 0.32522288056361504 0.7457594497049468 0.33973175477160567 0.7167419138762192 0.3526785718750034 0.72321428593748
9 0.35041534191338997 0.6563566957370752 0.35609075792376643 0.6570028530999208 0.3483137308364803 0.7253014073849963 0.34263831562498126 0.7246552546874995
9 0.3267406885613582 0.6566627166015097 0.33421950965453107 0.6585456662766159 0.3209122803665423 0.7113927811895794 0.3134334631557749 0.7095098421883943