1 0.6124691284890105 0.5085587145269665 0.647892789755133 0.5114395673661242 0.6417033791896074 0.587539297564508 0.6062797201378771 0.5846584630854912
11 0.28739564064233036 0.3031659193348039 0.3352632816380492 0.31288574658036933 0.30636098081674845 0.45521624348345596 0.258493364323499 0.44549649816746667
2 0.3261194007309314 0.5205593980526984 0.35701593528449393 0.5036413380389035 0.37621200693479295 0.5386951907684416 0.34531551100167235 0.5556131962317993
2 0.39638278320228437 0.5497961010727609 0.3713760435474569 0.5618950604722183 0.35305165970794405 0.5240244922157806 0.37805825339194143 0.5119255746747585
11 0.25399607796600776 0.5277967527923615 0.3016407958291438 0.5253326160928177 0.3089989736413372 0.6675904360229663 0.2613542583110302 0.6700545409719293
2 0.3564275271886572 0.5687279989483986 0.33796585519564815 0.5927819309074635 0.29818197977488126 0.5622502150590976 0.316643606494722 0.5381963864417731
2 0.3470100670933789 0.5726136868424302 0.4009505301086165 0.5831375330642343 0.3938779377198216 0.6193845238419118 0.33993748430134474 0.6088607128428355
2 0.39773146851655383 0.6049556819394455 0.4124274223775046 0.5955513540748701 0.4237556905281963 0.6132518382657675 0.40905975110911186 0.6226561477700048
11 0.6916370553810793 0.3285785497960206 0.735595871046371 0.3240496878131606 0.7519517764059174 0.4827989589734732 0.7079929682106467 0.4873277762603188
2 0.6876615899641365 0.5418131006368014 0.6622475661552016 0.5076657221499896 0.6965794113685888 0.48211654788847574 0.7219933906214919 0.516263811120427
2 0.6810506954640232 0.5483837325631324 0.7106855690033171 0.5723171320245494 0.6828124760361334 0.606826607029419 0.6531776862213974 0.5828933008869945
9 0.6316964868268542 0.5078124983918338 0.6235689580170174 0.5080351562407097 0.6206604850519852 0.40187402260282695 0.6287878918510614 0.40165136644882715