2 0.6431113479876162 0.4509651392857143 0.6341843201238391 0.45051843928571433 0.6337379417956656 0.46079228333333333 0.6373087665634676 0.4764263988095238 0.6417722804953561 0.48312673333333334 0.6498066185758514 0.4777664797619048 0.6533774433436532 0.4799999238095238 0.6578409572755418 0.4791065428571429 0.6591800253869969 0.47731977976190476 0.6596263356037152 0.4728528904761905 0.661858092879257 0.4639191095238095 0.6596263356037152 0.45632539285714285 0.6457894835913313 0.46079228333333333 0.6431113479876162 0.4509651392857143
2 0.6904246222910218 0.4464982488095238 0.687300107739938 0.4527518845238095 0.6846220408668731 0.4518585035714286 0.6837293517027865 0.4576654738095238 0.6850683510835913 0.46168566428571434 0.6868537975232198 0.46481249166666666 0.6944417572755418 0.4634724273809524 0.6957808253869969 0.4621323642857143 0.7033687851393189 0.45632539285714285 0.7051541634674922 0.45051843928571433 0.7042614743034056 0.4433714226190476 0.7011370284829722 0.43443763333333335 0.6980125820433437 0.43399095119047615 0.6935490681114551 0.4424780404761905 0.6904246222910218 0.4464982488095238
2 0.7194374625386997 0.40718961071428567 0.7163129479876161 0.4134432559523809 0.7167593269349846 0.431757505952381 0.7189910835913312 0.4424780404761905 0.7256863547987616 0.43443763333333335 0.735059760990712 0.42371709880952385 0.7372915176470588 0.4196969166666667 0.7372915176470588 0.4103164285714286 0.7341670037151703 0.40584953928571427 0.728810800619195 0.403616094047619 0.7239009764705883 0.40584953928571427 0.7194374625386997 0.40718961071428567
2 0.2976353678018576 0.45989891904761904 0.2994207801857585 0.4558787107142857 0.29584995541795667 0.4429247226190476 0.28960102972136226 0.44515816785714285 0.2887083405572755 0.44828499404761907 0.2878156513931888 0.4679393178571429 0.29540361114551084 0.47731977976190476 0.2998671250773994 0.4799999238095238 0.30879415294117646 0.4893803869047619 0.31281132198142414 0.4875936238095238 0.31504307925696595 0.47240620833333336 0.3025669541795665 0.4627232142857143 0.2976353678018576 0.45989891904761904
2 0.3141503560371517 0.5595815333333334 0.31013322043343655 0.5644951226190477 0.3141503560371517 0.5725355214285714 0.3217383498452012 0.5747689666666667 0.3248627956656347 0.5778957928571429 0.32530914055727556 0.5863828738095238 0.3311117219814242 0.5859361916666667 0.3337898235294118 0.5828093654761904 0.3364679250773994 0.5770024107142857 0.33869968173374615 0.5765557285714286 0.34762670959752323 0.578342475 0.34985846687306504 0.5694086952380952 0.34807308854489166 0.5618149785714286 0.3248883826625387 0.5587053571428572 0.320845626625387 0.5627083595238095 0.3141503560371517 0.5595815333333334
2 0.36905159009287924 0.609610705952381 0.37039065758513934 0.6113974678571429 0.3744077931888545 0.6024636880952381 0.3779786173374613 0.5912964630952381 0.37790177523219814 0.5871651785714286 0.36994427925696594 0.5863828738095238 0.36905159009287924 0.609610705952381
2 0.6489139294117647 0.5662818678571429 0.6395405232198142 0.5640484238095238 0.6323989417956657 0.5667285678571429 0.6332916309597523 0.578342475 0.6355233882352942 0.5845961273809523 0.6471284829721362 0.5868295726190477 0.6547165114551083 0.577449094047619 0.6591517752321981 0.5603794642857143 0.6489139294117647 0.5662818678571429
13 0.6163302650154798 0.6154176595238096 0.5984762092879257 0.6216713464285715 0.5783903969040248 0.6328385714285714 0.5708024371517029 0.6346253 0.5703560582043344 0.6565130511904762 0.6029397232198143 0.6462392416666667 0.6297208061919505 0.6256915202380953 0.6649825386996904 0.6145242952380953 0.6734632557275543 0.6091640238095238 0.6752486340557275 0.5984434797619047 0.668080346749226 0.5893973214285714 0.6484675510835913 0.6024636880952381 0.6163302650154798 0.6154176595238096
13 0.3391460606811145 0.6301584095238095 0.3565537374613003 0.6337319190476192 0.38601295603715174 0.6413256357142857 0.42127468854489164 0.6565130511904762 0.45296566439628483 0.6672335940476191 0.45296566439628483 0.6440057964285715 0.4252918575851393 0.6359653642857143 0.41725755356037153 0.6337319190476192 0.39538632879256963 0.6261382357142856 0.37574686068111457 0.622117994047619 0.3472098111455108 0.6083705357142857 0.3391460606811145 0.6301584095238095
11 0.7145275696594428 0.544769830952381 0.7145275696594428 0.5604039452380952 0.7136348804953561 0.5760380607142856 0.712295813003096 0.589885430952381 0.712295813003096 0.6064129095238096 0.7176520160990713 0.6390212214285714 0.727471733126935 0.6300874416666667 0.7390768959752322 0.6135599273809524 0.7596090873065015 0.5930122392857143 0.776570385139319 0.5791648702380953 0.776570385139319 0.5742513321428572 0.7658579795665634 0.5697844416666666 0.7555918835913312 0.5688910261904763 0.7582700191950463 0.5586172166666667 0.7752313857585139 0.5523635297619047 0.7761240749226006 0.5420896857142857 0.7658579795665634 0.5353893511904761 0.7502356804953559 0.5371761142857143 0.735059760990712 0.5371761142857143 0.7163129479876161 0.534495969047619 0.7145275696594428 0.544769830952381
11 0.2605882061919505 0.5130549011904761 0.2485367157894737 0.5197552357142857 0.2315753665634675 0.5273489523809524 0.22978995417956655 0.5380694952380952 0.24094873869969038 0.5679976452380953 0.2485367157894737 0.5818450142857143 0.26192725696594427 0.5930122392857143 0.27844224458204336 0.6028393845238096 0.2940645436532508 0.6140066095238095 0.30388429411764706 0.599712575 0.2989744359133127 0.5599572464285714 0.3003134693498452 0.5327092238095238 0.302545226625387 0.5255621892857143 0.2998671250773994 0.5157350452380952 0.2980817126934985 0.5117148369047619 0.2806740018575852 0.5059078833333334 0.2605882061919505 0.5130549011904761
0 0.3596782173374613 0.4558787107142857 0.360570906501548 0.46838599999999997 0.36280266377708975 0.47151282619047613 0.36503442043343654 0.4634724273809524 0.3654807653250774 0.4523052023809524 0.36414173126934984 0.4411379773809524 0.3570001157894737 0.4424780404761905 0.3596782173374613 0.4558787107142857
