1 0.37072499999999997 0.6927359369047619 0.3658218749226006 0.735707813095238 0.36695312507739936 0.749570313095238 0.37374218761609906 0.753035936904762 0.38354843777089787 0.75719375 0.39147031269349847 0.755114063095238 0.39788125015479875 0.76343125 0.4065562501547988 0.76966875 0.41560937523219815 0.766203125 0.4197578123839009 0.7509562500000001 0.4197578123839009 0.7239249999999999 0.41409999999999997 0.7135296869047619 0.4065562501547988 0.701746875 0.39561874984520123 0.6955093750000001 0.38618906253869967 0.6899640630952381 0.3790234377708978 0.6899640630952381 0.37072499999999997 0.6927359369047619
1 0.41862656222910216 0.7377874999999999 0.4178718749226006 0.7627390619047619 0.4190031250773994 0.775907813095238 0.42805468730650154 0.7821453119047619 0.43409062476780186 0.7814515630952381 0.43974843777089784 0.773828125 0.4476687498452013 0.7779859369047619 0.4601156247678018 0.780065625 0.4680359374613003 0.7766000000000001 0.47142968730650153 0.768976563095238 0.4733156247678018 0.7523421880952381 0.46690468730650153 0.7225390630952381 0.4586062501547988 0.71214375 0.4484234377708978 0.707984375 0.43559843777089785 0.714915625 0.42164374984520125 0.721846875 0.41862656222910216 0.7377874999999999
9 0.38467968730650154 0.6650125 0.38694374984520125 0.6885781249999999 0.3929781250773994 0.6934296869047619 0.3944875003095975 0.6864984369047619 0.3948640625386997 0.669865625 0.3986359374613003 0.6622406249999999 0.4024078123839009 0.649071875 0.4042937498452012 0.635903125 0.40542500000000004 0.610259375 0.4008984377708978 0.6088734369047619 0.3986359374613003 0.624814063095238 0.39561874984520123 0.651151563095238 0.3929781250773994 0.642142186904762 0.38996093746130034 0.6088734369047619 0.3873203126934984 0.6192703130952381 0.3854343752321981 0.6400625000000001 0.38467968730650154 0.6650125
9 0.4318515622291022 0.6865328130952381 0.4297234377708978 0.6767515619047619 0.4224843752321982 0.632934375 0.4258906247678019 0.656017186904762 0.42823281238390093 0.6818375000000001 0.4327031250773994 0.701790625 0.4354718749226006 0.6931828130952381 0.4318515622291022 0.6865328130952381
2 0.7512093752321981 0.7612578130952381 0.7503578123839009 0.775732813095238 0.7514218749226006 0.791773436904762 0.7539765622291023 0.79725 0.7573828123839009 0.8019453130952381 0.7610031250773993 0.805075 0.7659 0.804684375 0.7699437498452012 0.800771875 0.7746281250773993 0.796076563095238 0.775267187616099 0.791773436904762 0.7735640625386997 0.7894265630952381 0.7697312501547987 0.7866875 0.7673890625386997 0.7823843749999999 0.7665375003095976 0.7733859369047619 0.7661125003095975 0.7620406249999999 0.7607890625386997 0.754215625 0.7541890625386997 0.755779688095238 0.7512093752321981 0.7612578130952381
2 0.8040421876160991 0.797175 0.8080937498452012 0.797175 0.8143281250773994 0.788582811904762 0.8165109374613003 0.774835938095238 0.8155749999999999 0.7553609369047619 0.8105874996904024 0.734740625 0.8065359374613003 0.7301578119047619 0.8027953126934985 0.7267203119047619 0.7965609374613003 0.7209937500000001 0.7906390625386998 0.7261484369047619 0.7906390625386998 0.739321875 0.7940671876160991 0.7536421880952381 0.798742187616099 0.77598125 0.7981187498452013 0.793739061904762 0.8040421876160991 0.797175
2 0.8377078123839009 0.690634375 0.838642187616099 0.7066734380952381 0.8364609374613003 0.71755625 0.8345906247678019 0.73073125 0.8302265622291022 0.74505 0.8299140625386997 0.759370311904762 0.8286671876160991 0.781709375 0.832407812383901 0.785146875 0.8392656247678019 0.790875 0.8473703126934984 0.789728125 0.8560984377708979 0.788582811904762 0.8629562501547988 0.781709375 0.8673203126934984 0.769107811904762 0.8657609374613002 0.743332813095238 0.8638906247678019 0.7261484369047619 0.8607734377708979 0.714692186904762 0.8629562501547988 0.7072453130952381 0.8585921876160991 0.7061000000000001 0.8539156247678019 0.710109375 0.8492406247678019 0.7026640630952381 0.8445640625386996 0.688915625 0.8377078123839009 0.690634375
9 0.8345906247678019 0.700371875 0.833967187616099 0.6797515630952381 0.8361484377708979 0.6516843750000001 0.8314734377708979 0.671732811904762 0.8314734377708979 0.6952171880952381 0.8345906247678019 0.7158375 0.8358375003095976 0.7112546869047619 0.8345906247678019 0.700371875
9 0.8448765622291022 0.6831890619047619 0.840825 0.6316359369047619 0.8377078123839009 0.6339281250000001 0.8402015622291023 0.6768875 0.8448765622291022 0.6831890619047619
9 0.8567218749226007 0.6648593749999999 0.8539156247678019 0.6820421880952381 0.8489281250773993 0.700945311904762 0.852357812383901 0.7089640630952381 0.8595265622291021 0.66543125 0.8579687498452012 0.6367921880952381 0.8567218749226007 0.6648593749999999
0 0.8274008910216719 0.7287058761904762 0.8224133907120742 0.7241230642857143 0.8196071405572756 0.7350074392857143 0.8180493281733746 0.7447449392857143 0.8205430786377709 0.7527636892857144 0.8233477659442725 0.7510449392857143 0.8258415157894737 0.7447449392857143 0.8277118284829722 0.7367246261904763 0.8274008910216719 0.7287058761904762
1 0.8479937498452013 0.8682015630952381 0.8585921876160991 0.8733578119047618 0.8673203126934984 0.8693484380952381 0.8872703126934985 0.8550281249999999 0.8984906247678018 0.843571875 0.9034781250773993 0.837271875 0.9006734377708979 0.819514063095238 0.8922562501547988 0.8023296869047619 0.8829062501547987 0.8017578119047618 0.8741781250773993 0.807485938095238 0.8629562501547988 0.81206875 0.8536046873065016 0.81493125 0.8461234377708978 0.81836875 0.8414484377708978 0.832689063095238 0.8436296873065016 0.8504453119047619 0.8479937498452013 0.8682015630952381
1 0.8389546873065016 0.904289063095238 0.8420718749226006 0.891114063095238 0.8433187498452013 0.8733578119047618 0.8445640625386996 0.8584640630952382 0.8417593752321982 0.836125 0.8398890625386997 0.8309703119047618 0.8358375003095976 0.828679686904762 0.82555 0.829825 0.8137046873065016 0.840707811904762 0.8074703126934984 0.84128125 0.7993656247678019 0.8344078119047619 0.7890796873065016 0.836125 0.7837812501547987 0.843571875 0.7868984377708979 0.8584640630952382 0.7915734377708978 0.8773671880952381 0.8009249999999999 0.8945515630952381 0.8112109374613002 0.91288125 0.8214984377708978 0.914026561904762 0.8333437498452012 0.910017186904762 0.8389546873065016 0.904289063095238
1 0.7588437498452013 0.887678125 0.7688187498452012 0.901996875 0.7797281250773993 0.912307811904762 0.7868984377708979 0.904860938095238 0.7903265622291022 0.8905421880952381 0.7906390625386998 0.872784375 0.7872093752321981 0.8578921880952382 0.7831578123839009 0.8458625 0.7781703126934985 0.84128125 0.7703765622291021 0.838417186904762 0.7619609374613003 0.8401343750000001 0.7547906247678019 0.8447171869047619 0.754167187616099 0.8624750000000001 0.75635 0.8830953130952381 0.7588437498452013 0.887678125
2 0.7407640625386998 0.935792188095238 0.7445046873065015 0.9409484369047619 0.7479328123839009 0.9392296869047619 0.7510500000000001 0.934646875 0.7516734377708979 0.9243359380952381 0.7491796873065015 0.902570313095238 0.7575968749226006 0.8922593750000001 0.7554140625386997 0.8555999999999999 0.7516734377708979 0.8510187499999999 0.7429468749226006 0.8498734369047619 0.7354656247678019 0.8487265619047618 0.7276718749226007 0.85731875 0.7329718749226006 0.87049375 0.7367124996904024 0.891114063095238 0.7398296873065016 0.914598436904762 0.7407640625386998 0.935792188095238
9 0.744817187616099 0.956467186904762 0.7482453126934984 0.981096875 0.7535437498452012 0.995990625 0.7510500000000001 0.974223438095238 0.7491796873065015 0.95589375 0.7488687498452012 0.93985625 0.7441937498452013 0.941575 0.744817187616099 0.956467186904762
0 0.5384624996904025 0.883721875 0.54345 0.8774203119047619 0.5471906247678019 0.8676828119047619 0.5478140625386997 0.8568 0.545007812383901 0.8436265630952381 0.5375265622291022 0.844198438095238 0.5353453126934984 0.8499265619047619 0.533475 0.8625281250000001 0.5328515622291022 0.876848438095238 0.5350328123839009 0.8848671880952381 0.5384624996904025 0.883721875
2 0.4829765622291022 0.8201406250000001 0.47892500000000005 0.817276563095238 0.47393750030959747 0.8189953130952381 0.46957343777089783 0.8201406250000001 0.4639624996904025 0.815559375 0.4583515622291021 0.810403125 0.4521171876160991 0.813267186904762 0.4477531250773994 0.817276563095238 0.4449484377708978 0.8241515619047619 0.4437015622291022 0.836753125 0.44151874984520123 0.8516453119047619 0.4402718749226006 0.8602375 0.4452593752321981 0.8648187500000001 0.45118281238390096 0.86195625 0.45648125015479873 0.85508125 0.45772812507739935 0.8470625 0.4605328123839009 0.839615625 0.47175468730650155 0.8407625 0.4786124996904025 0.844198438095238 0.49045781238390096 0.8453437500000001 0.49295156222910214 0.83904375 0.49575781238390093 0.829878125 0.49513437523219817 0.8235781249999999 0.49139374984520123 0.8224328119047619 0.4857828123839009 0.8241515619047619 0.4829765622291022 0.8201406250000001
1 0.4317093777089783 0.8092578119047619 0.422981252631579 0.8075390619047619 0.41238437770897834 0.8069671869047619 0.4030328154798762 0.804103125 0.3939921900928792 0.80983125 0.38931719009287924 0.8172765619047618 0.38713437770897835 0.8281609369047619 0.38401719009287927 0.8338890619047619 0.3824593777089783 0.8447718750000001 0.38620000247678016 0.853364061904762 0.39336875294117646 0.85851875 0.4020968780185758 0.86195625 0.4073968780185759 0.8653921869047619 0.4099242470588235 0.8648930440476191 0.41275131083591327 0.8652699857142857 0.4182169678018576 0.864327630952381 0.422981252631579 0.860809375 0.43108593993808053 0.8602375 0.4348265653250774 0.8648187500000001 0.43981406501547987 0.8590921869047619 0.4435546904024768 0.8482078119047619 0.44542500247678024 0.8281609369047619 0.4423078154798762 0.813840625 0.4317093777089783 0.8092578119047619
9 0.4122171876160991 0.8831484380952381 0.41784002600619197 0.8645161023809524 0.40822800866873066 0.8671546952380952 0.40193125015479875 0.8991875 0.39476250030959753 0.92668125 0.38167031269349844 0.95303125 0.38728125015479875 0.949020313095238 0.38759218761609904 0.954748436904762 0.39444999999999997 0.941575 0.4122171876160991 0.8831484380952381
9 0.38291718761609905 0.8894500000000001 0.3916453126934984 0.8711203130952382 0.39756718761609905 0.86195625 0.3910218749226006 0.857373438095238 0.3835406247678018 0.876275 0.3670187498452012 0.9072062500000001 0.3539281250773994 0.9284 0.3554859374613003 0.930690625 0.37075937523219815 0.9100703130952381 0.38291718761609905 0.8894500000000001
0 0.3723187498452012 0.807539063095238 0.369825 0.787492188095238 0.36390156222910214 0.782909375 0.3601625003095975 0.791501561904762 0.36421406253869965 0.805248438095238 0.3723187498452012 0.807539063095238
0 0.3395890625386997 0.7909281250000001 0.3392765622291022 0.800665625 0.34301718761609906 0.8058218749999999 0.34769374984520124 0.804675 0.35330468730650155 0.7978015619047619 0.35486249969040246 0.788064063095238 0.3536156247678019 0.7788999999999999 0.35174531269349846 0.771453125 0.3489406247678019 0.7668703130952381 0.3452 0.768589061904762 0.34083593746130025 0.7811906249999999 0.3395890625386997 0.7909281250000001
0 0.38011093746130026 0.8029578130952381 0.3745 0.813840625 0.3835406247678018 0.828160938095238 0.3847874996904025 0.8218593750000001 0.3866578123839009 0.813267186904762 0.3891515622291022 0.8092578119047619 0.39039843777089783 0.8012390630952381 0.3863453126934984 0.80009375 0.38011093746130026 0.8029578130952381
9 0.7959252990712075 0.6232955547619048 0.7929674687306502 0.6488404547619048 0.791354106501548 0.6706208428571429 0.7926985746130031 0.6953590619047619 0.7935052557275541 0.7225173238095237 0.7999587040247678 0.7235928988095238 0.7994209170278638 0.7012747226190477 0.7986142359133127 0.6762676107142858 0.7980764482972136 0.6493782416666666 0.8037232154798762 0.621144405952381 0.8010342792569659 0.6106575523809524 0.7986142359133127 0.6114642333333333 0.7959252990712075 0.6232955547619048
