11 0.7185318222910216 0.518356325 0.7194932532507741 0.5361551666666666 0.7214159684210526 0.5645370880952382 0.7199738953560372 0.590032719047619 0.7190125380804954 0.6059073738095239 0.7286262600619196 0.6145662642857144 0.751218492260062 0.6063884523809524 0.7694845795665635 0.5924379678571429 0.7887120235294117 0.5698286464285715 0.7877506662538699 0.5424088095238095 0.778617585758514 0.5274962571428572 0.7613129300309597 0.5193184273809524 0.7497764198142416 0.5082542702380952 0.7372786247678019 0.5015195845238095 0.731490373374613 0.5007211547619048 0.7228580414860681 0.5058490214285715 0.7185318222910216 0.518356325
11 0.2599572860681114 0.524128925 0.24217191455108358 0.5308636095238095 0.2263092582043344 0.541446705952381 0.22102171826625389 0.5515487428571428 0.2176569120743034 0.5659802333333334 0.2234251492260062 0.5890706345238095 0.23351954984520124 0.5996537130952381 0.24842083034055726 0.6102368095238095 0.2647641653250774 0.6227441130952381 0.26860963219814243 0.6232251916666666 0.27822335417956656 0.6198578035714286 0.28303021547987617 0.6083126226190476 0.2806267851393189 0.5914758821428572 0.28158817894736843 0.5751201857142857 0.2835109306501548 0.5679044404761905 0.2835109306501548 0.5534729488095238 0.2835109306501548 0.5457761607142857 0.28495296718266255 0.5400035607142857 0.2825721046439629 0.5307692309523809 0.27822335417956656 0.5226857607142857 0.2599572860681114 0.524128925
2 0.6502744099071207 0.5529919059523809 0.6454675486068111 0.5582834464285714 0.6334503956656347 0.5626129 0.6204718854489164 0.566461294047619 0.6195105281733746 0.570790730952381 0.6219139585139318 0.5780064761904762 0.6276821770897832 0.5813738273809523 0.6344117535603716 0.5837790761904762 0.6440254755417957 0.5832980345238096 0.6473903368421052 0.5770443916666667 0.6497937678018576 0.578487536904762 0.655561986377709 0.5741580821428571 0.655561986377709 0.5654991916666666 0.6551682582043344 0.5536057702380952 0.6502744099071207 0.5529919059523809
13 0.62095260123839 0.6087937011904762 0.6219139585139318 0.6251493619047619 0.6334503956656347 0.6140852035714286 0.6574847015479875 0.6063884523809524 0.6805576495356037 0.597729525 0.6713942198142414 0.5848557702380952 0.6517164829721362 0.5962863797619048 0.62095260123839 0.6087937011904762
13 0.34071254860681116 0.6121610154761904 0.3690730365325077 0.62707355 0.39070391083591327 0.6415050404761905 0.40608588854489164 0.6573796952380953 0.42819744210526317 0.6660385678571429 0.42819744210526317 0.6496829071428571 0.40560517337461305 0.6419861011904762 0.38781980185758513 0.6275546107142858 0.3705151089783282 0.6131231190476191 0.3493649133126935 0.597729525 0.3354250086687307 0.5934000702380953 0.32704325820433433 0.5872596154761904 0.320523746749226 0.6025400226190476 0.34071254860681116 0.6121610154761904
11 0.6717533027863777 0.34241475833333335 0.6695477795665635 0.3527148642857143 0.6688125678018576 0.3674293261904762 0.6710180910216719 0.37846517261904766 0.6761642377708978 0.39244392142857143 0.6879269541795665 0.40127260476190474 0.7055709170278639 0.38802959523809527 0.7143930105263158 0.37257939285714287 0.7092467523219814 0.33726469166666667 0.7107171758513932 0.3093072202380952 0.7165984216718265 0.29312130714285717 0.7158633219814242 0.28723551428571426 0.702630294117647 0.2953284702380953 0.6857214309597522 0.3159287107142857 0.6717533027863777 0.34241475833333335
11 0.26300041176470584 0.3740508452380953 0.2622652563467492 0.38950101785714286 0.2777037517027864 0.4005368642857143 0.28726094489164083 0.40127260476190474 0.30269944024767803 0.37184368095238096 0.3019642848297214 0.3519791523809524 0.3041697523219814 0.33064317261904763 0.297553294117647 0.30710005714285715 0.2931422470588235 0.2982713738095238 0.2857905770897833 0.30857148095238096 0.28235292445820437 0.31176470714285714 0.26814661424148606 0.3468290857142857 0.26300041176470584 0.3740508452380953
2 0.6719052848297213 0.5408653773809523 0.6747894303405573 0.5500053297619047 0.6795962916408669 0.5533726630952381 0.6877679405572755 0.5543347654761905 0.6940168749226006 0.551448475 0.7002658092879257 0.5466379773809524 0.7041112390092878 0.539903275 0.7041112390092878 0.5312443833333333 0.6993043783281734 0.5225854928571428 0.6858452260061919 0.5350927773809524 0.6719052848297213 0.5408653773809523
2 0.3455194092879257 0.5586642202380953 0.3387898334365325 0.5649178630952381 0.34071254860681116 0.5759820023809524 0.3455194092879257 0.5769441416666666 0.34888423405572755 0.5807924988095238 0.3503262705882353 0.5827167047619047 0.35849795665634676 0.5860840571428572 0.36234342352941173 0.5822356440476191 0.3642661752321981 0.5769441416666666 0.36330481733746134 0.5721336452380953 0.3522490222910217 0.5673231476190477 0.3455194092879257 0.5586642202380953
2 0.2993735504643963 0.4638974261904762 0.2945666891640867 0.45764378333333333 0.2912019015479876 0.4562006380952381 0.28687571888544894 0.4547574738095238 0.28158817894736843 0.4610111345238095 0.28014610588235295 0.4682268797619048 0.28687571888544894 0.47544262619047617 0.2945666891640867 0.4802531226190476 0.2984121931888545 0.48554466190476187 0.3022576600619195 0.48843095357142857 0.3046610904024768 0.47448052261904766 0.2993735504643963 0.4638974261904762
2 0.6901713715170279 0.4715942130952381 0.6853645102167182 0.4836204559523809 0.6853645102167182 0.4865067654761905 0.6863258681114551 0.4898741166666667 0.6954589479876161 0.48506362023809524 0.7041112390092878 0.4797720619047619 0.7089181003095976 0.4730373773809524 0.7118022464396284 0.4667837166666667 0.7122829616099071 0.46245427976190473 0.7093988154798762 0.4590869285714286 0.6940168749226006 0.46197321904761907 0.6901713715170279 0.4715942130952381
