0 0.2320109374613003 0.4827234369047619 0.22900937523219814 0.49109375 0.22525625015479875 0.5032687499999999 0.22187968730650154 0.5222921869047619 0.22150468730650155 0.5367500000000001 0.2327609374613003 0.5314234380952381 0.23914062476780185 0.526096875 0.24589374984520124 0.5238140619047619 0.24664531269349846 0.513921875 0.24439374984520124 0.4994640619047619 0.24401874984520125 0.48805 0.23838906253869968 0.47283125 0.23463750030959754 0.4766359380952381 0.2320109374613003 0.4827234369047619
0 0.551325 0.524575 0.5502 0.5146828119047618 0.5475734377708978 0.5085953119047619 0.5430703126934984 0.5040296880952381 0.5423203126934985 0.516204686904762 0.5445718749226006 0.5344671880952381 0.5434453126934985 0.5550125 0.5479484377708979 0.54588125 0.551325 0.5367500000000001 0.551325 0.524575
2 0.6473828123839009 0.6288234380952381 0.6496343752321981 0.6645875 0.6526359374613003 0.67980625 0.6590140625386997 0.6851328119047619 0.6687703126934985 0.6889375 0.6736484377708979 0.689698438095238 0.677025 0.68589375 0.67815 0.675240625 0.676275 0.6623046880952381 0.6815281250773995 0.6592609380952381 0.6841546873065016 0.6516515630952381 0.6845296873065015 0.63110625 0.6815281250773995 0.6288234380952381 0.6759000000000001 0.6250187500000001 0.664267187616099 0.6280625 0.6590140625386997 0.626540625 0.6473828123839009 0.6288234380952381
9 0.6742953126934985 0.712467186904762 0.6777906247678019 0.7327843749999999 0.6791875003095975 0.7502656249999999 0.6847796873065015 0.7847578130952381 0.6836156247678019 0.766803125 0.6819843752321982 0.747903125 0.6815187498452012 0.7323109380952382 0.6787218749226006 0.712467186904762 0.6763921876160991 0.6992375000000001 0.6763921876160991 0.6874250000000001 0.6708000000000001 0.690260936904762 0.6717328123839009 0.6973484369047619 0.6742953126934985 0.712467186904762
9 0.6533265622291021 0.7219171869047619 0.6551906247678019 0.7398718750000001 0.6591515622291022 0.7559359369047619 0.6654421876160991 0.772 0.6654421876160991 0.7663296880952382 0.660782812383901 0.7464859369047618 0.6584531250773994 0.7318390619047619 0.6577531250773994 0.717192188095238 0.6575203126934984 0.6973484369047619 0.6572875003095975 0.68411875 0.6526281250773994 0.679865625 0.6526281250773994 0.6930953130952381 0.6533265622291021 0.7219171869047619
11 0.1952526866873065 0.6543200714285715 0.17811218328173375 0.6736962928571429 0.19376220804953562 0.6871105988095239 0.2138836681114551 0.7020153845238095 0.25859802352941175 0.6975439488095238 0.2720123306501548 0.6699700964285715 0.26083374179566565 0.6409057654761905 0.2526361095975232 0.6081152369047619 0.214628907120743 0.6245105011904762 0.1952526866873065 0.6543200714285715
2 0.4632071362229102 0.5117989904761905 0.46215079133126935 0.5137356226190476 0.46003810216718266 0.5184891738095239 0.4603902173374613 0.5230666678571428 0.4614465616099071 0.5302850226190476 0.4617986767801857 0.5371512630952381 0.46672828482972134 0.5413766416666667 0.4704254916408669 0.532573769047619 0.4674325151702786 0.5077496702380953 0.46672828482972134 0.5042285202380953 0.46549588297213623 0.5068693821428571 0.4632071362229102 0.5117989904761905
2 0.47218606563467497 0.5135595654761905 0.4734184681114551 0.5345104011904762 0.4760593294117647 0.5440175035714285 0.479052306501548 0.5408484690476191 0.4822213399380805 0.5348625166666666 0.4823973975232198 0.5290526202380952 0.4816931678018576 0.5227145523809523 0.4781720191950464 0.5128553357142857 0.4714818359133127 0.5061651523809524 0.47218606563467497 0.5135595654761905
6 0.3353575374613003 0.635095936904762 0.3259487083591331 0.6377841738095238 0.3252766495356037 0.6478650619047619 0.33737371517027864 0.6505532988095238 0.35014283962848297 0.6505532988095238 0.36223990526315786 0.6505532988095238 0.3703046154798762 0.6471930023809523 0.3723207931888545 0.6337518190476191 0.35081489907120744 0.6310635821428571 0.3353575374613003 0.635095936904762
6 0.3676163783281734 0.5168135190476191 0.3629119640866873 0.5221899928571428 0.3615678458204334 0.529582644047619 0.3642560823529412 0.5342870583333333 0.3703046154798762 0.5369752952380953 0.3904663913312693 0.5363032357142857 0.38374579938080494 0.5141252821428571 0.3763531479876161 0.5141252821428571 0.3676163783281734 0.5168135190476191
6 0.628375345510836 0.5423517690476191 0.6431606476780185 0.5544488345238096 0.6478650619195047 0.5504164785714286 0.6532415356037151 0.5423517690476191 0.6411444699690403 0.5383194130952381 0.628375345510836 0.5423517690476191
