2 0.6854654835913313 0.4860443464285714 0.6990461343653251 0.49104774404761903 0.7097677009287925 0.49104774404761903 0.724777893498452 0.47031938333333334 0.72048926749226 0.4567387321428571 0.7019052185758513 0.4681750690476191 0.6976165919504643 0.46460121428571427 0.6868950253869969 0.4860443464285714 0.6854654835913313 0.4860443464285714
2 0.6511564705882353 0.49605114285714286 0.6411496755417956 0.49247728690476195 0.6361462773993808 0.5082022511904761 0.6454383021671827 0.5282158416666667 0.6525860130030959 0.5289306130952381 0.6618780371517027 0.5182090464285714 0.6675962061919505 0.5082022511904761 0.6847507120743034 0.5031988535714286 0.6830829133126934 0.5015310535714286 0.6811768569659442 0.5024840821428571 0.6818916278637771 0.5010545404761905 0.6747439170278638 0.49104774404761903 0.6661666637770898 0.4989102261904762 0.6568746396284829 0.48532957619047623 0.6511564705882353 0.49605114285714286
2 0.6711700614202115 0.5718168787392642 0.6804620856997244 0.5796793608219292 0.6811768567981487 0.5660987099518716 0.694042736569782 0.560380541164479 0.6897541099792376 0.5489442035896938 0.6976165920619025 0.5382226371133324 0.6783177724044522 0.5482294324912697 0.6661666637312429 0.5582362278692068 0.6575894105501541 0.5618100833613271 0.6557781944657977 0.5624138220561125 0.6668814348296669 0.5825384452156255 0.6711700614202115 0.5718168787392642
2 0.6268542532507739 0.6018372642857143 0.6347167356037152 0.6139883738095238 0.6382905907120744 0.5925452404761905 0.6461530730650156 0.5911156988095239 0.651871241486068 0.5711021071428571 0.6361462773993808 0.5761055047619048 0.622565626625387 0.5896861559523809 0.6111292891640867 0.5882566142857143 0.6132736024767802 0.595404325 0.6154179157894737 0.6054111202380953 0.6268542532507739 0.6018372642857143
2 0.32164699442724454 0.49319205833333335 0.3337981027863777 0.5110613357142857 0.35738554922600624 0.5124908773809524 0.36739234489164085 0.5053431666666667 0.3595298625386997 0.4996249976190476 0.3530969226006192 0.49104774404761903 0.34880829597523216 0.4810409488095238 0.3359424160990712 0.4860443464285714 0.32164699442724454 0.49319205833333335
2 0.3259356210526316 0.5711021071428571 0.3466639826625387 0.5675282523809524 0.3445196693498452 0.5518032880952382 0.33093901857585134 0.5425112642857143 0.32093222291021667 0.5382226369047619 0.31021065696594424 0.5375078654761904 0.3137845120743034 0.5582362273809524 0.3259356210526316 0.5711021071428571
2 0.3702514291021672 0.5996929511904762 0.38454685077399386 0.5982634095238095 0.39526841733746126 0.5875418428571428 0.3866911640866873 0.5753907345238095 0.37596959752321985 0.57253165 0.36810711578947364 0.5646691678571428 0.35381169349845204 0.563239625 0.3609594049535604 0.5839679869047619 0.3702514291021672 0.5996929511904762
11 0.7083381585139319 0.5453703476190476 0.7054790743034056 0.5818236738095238 0.7169154117647059 0.6046963488095238 0.7254926650154799 0.6390053619047619 0.7340699182662538 0.6661666642857144 0.7360831120743034 0.6676931797619047 0.7516410111455109 0.6702861630952381 0.7584475919504644 0.6566730011904762 0.763375533126935 0.6490121571428571 0.7655198464396286 0.6089849761904762 0.759086906501548 0.5875418428571428 0.7533687374613003 0.5682430238095239 0.7469357981424148 0.5239272154761905 0.7455062557275541 0.5224976726190477 0.7276369783281734 0.5346487821428572 0.7083381585139319 0.5453703476190476
7 0.7338142513931889 0.6741756369047619 0.7328418829721363 0.6813063416666667 0.7357589888544892 0.6900576595238095 0.7419173238390093 0.6997813464285714 0.7477515362229102 0.7039949440476191 0.7571511003095975 0.7014019607142857 0.762337066873065 0.6936230119047619 0.7639576817337462 0.682926955952381 0.7613646984520124 0.6725550226190476 0.7597440835913313 0.6641278273809524 0.7555304860681114 0.665424319047619 0.7509927653250774 0.669313794047619 0.7454826761609907 0.6715826547619047 0.7344624972136223 0.6706102857142857 0.7338142513931889 0.6741756369047619
11 0.6987871145510836 0.3757771416666667 0.7018339560371517 0.3903342738095238 0.708943253250774 0.38762597023809525 0.7221462340557276 0.37746983095238096 0.7319638352941176 0.36189708452380953 0.742119973993808 0.3449701869047619 0.7495678092879258 0.3344755095238095 0.7546458786377709 0.3219496047619047 0.7495678092879258 0.3212725285714286 0.7370419046439628 0.32533498452380955 0.7197764681114551 0.3273662119047619 0.6967558866873065 0.32635059880952383 0.6926934309597523 0.33921504047619044 0.6984485764705882 0.3554648630952381 0.6987871145510836 0.3757771416666667
