2 0.3323906247678019 0.583575 0.3320375003095975 0.58066875 0.33132968730650153 0.5784890630952381 0.33026874984520127 0.5777609369047619 0.3292078123839009 0.577034375 0.3277937498452012 0.577034375 0.3249640625386997 0.5777609369047619 0.32354999999999995 0.5777609369047619 0.3214281250773994 0.5784890630952381 0.31930625015479874 0.579215625 0.3168312501547988 0.5813953130952382 0.31470937523219816 0.5828484380952381 0.3125890625386997 0.583575 0.31117343777089784 0.5850296869047619 0.3090515622291022 0.5864828119047619 0.30834531269349846 0.5879359380952381 0.30869843777089784 0.590115625 0.3101125003095975 0.5922968750000001 0.3129421876160991 0.59375 0.31541718761609905 0.59375 0.3178921876160991 0.593023438095238 0.32036718761609906 0.593023438095238 0.32284374984520126 0.593023438095238 0.3253187498452012 0.5922968750000001 0.32814687492260064 0.591570311904762 0.33026874984520127 0.590115625 0.33132968730650153 0.5886625 0.3316828123839009 0.5864828119047619 0.3323906247678019 0.583575
2 0.29360533188854493 0.6043302857142857 0.29360533188854493 0.6177996738095238 0.2940860105263158 0.631269061904762 0.29504736842105267 0.6413711166666667 0.29552808359133126 0.6519541952380953 0.29793151393188855 0.6533973583333333 0.3012963021671827 0.6509921107142858 0.3041804117647059 0.6577267952380952 0.3056224848297214 0.6596510011904763 0.30850659380804957 0.6596510011904763 0.3109100241486068 0.6533973583333333 0.320523746749226 0.6360795583333333 0.3248499287925697 0.6259775226190476 0.33013746873065014 0.601925036904762 0.331098826625387 0.595671394047619 0.31908167368421053 0.594228230952381 0.3157168854489164 0.5932661464285715 0.30901441176470584 0.5908653845238095 0.30033494489164086 0.5927850857142858 0.29360533188854493 0.6043302857142857
2 0.6449869065015479 0.6072165761904762 0.6488323368421052 0.6202049214285714 0.6531585554179566 0.630788019047619 0.6546006284829721 0.6461816130952381 0.6627722780185759 0.6601320428571428 0.6714246427244581 0.6567646916666666 0.6791155764705882 0.6293448738095238 0.6805576495356037 0.6139512797619048 0.6810383647058823 0.6028871404761905 0.6776735034055728 0.5923040428571429 0.6714246427244581 0.589898794047619 0.6541199133126935 0.6014439761904762 0.6449869065015479 0.6072165761904762
9 0.2878370767801858 0.7202632559523809 0.2945666891640867 0.6870708190476191 0.2927884507739938 0.6653846154761905 0.29072122229102165 0.6846655702380953 0.2878370767801858 0.7202632559523809
9 0.3022576600619195 0.6923623952380953 0.309948666873065 0.6659046797619047 0.31283277647058827 0.6447384488095238 0.3060096043343653 0.6485576928571428 0.3061031634674923 0.6615751892857143 0.3022576600619195 0.6923623952380953
13 0.5752874210526316 0.6659046797619047 0.5450041448916408 0.6736014499999999 0.5517337572755419 0.6938055226190476 0.5820169969040248 0.6837034857142857 0.6113388786377709 0.6740824916666667 0.652677840247678 0.6615751892857143 0.6413461430340557 0.6431490392857142 0.6050899448916409 0.6591699404761905 0.5752874210526316 0.6659046797619047
13 0.2811075003095975 0.658207855952381 0.2940860105263158 0.6500300071428572 0.32677268049535607 0.6490679404761905 0.3503262705882353 0.6601320428571428 0.378206079876161 0.6697530369047618 0.40464381547987616 0.6793740309523809 0.4041631368421053 0.6591699404761905 0.3762833275541796 0.6466626916666666 0.3431159789473684 0.6360795583333333 0.32965679009287924 0.6293448738095238 0.2912019015479876 0.6230912130952381 0.28737979690402476 0.6197115392857142 0.27437788730650153 0.6432953035714286 0.2811075003095975 0.658207855952381
13 0.2993735504643963 0.5013092142857143 0.3171589585139319 0.5123733535714285 0.34503873065015483 0.5248806380952381 0.344077373374613 0.5066007535714285 0.3157168854489164 0.4916882202380952 0.3017769808049536 0.4796619773809524 0.2915865275541796 0.4652644238095238 0.27822335417956656 0.48976401428571426 0.2993735504643963 0.5013092142857143
11 0.7099517256965944 0.6918356785714286 0.7294012377708978 0.6848851107142857 0.7294012377708978 0.6487421761904762 0.7307905795665635 0.6084288595238095 0.7280120018575852 0.563945213095238 0.7071731479876161 0.5611650285714286 0.677998773993808 0.563945213095238 0.6696632532507739 0.5931376309523809 0.6861110792569659 0.6322916678571429 0.7099517256965944 0.6918356785714286
11 0.21676551640866873 0.6779345416666667 0.25010759814241484 0.6876653476190477 0.27233579380804956 0.6640334059523809 0.2903960699690402 0.6153794285714286 0.2834497851393189 0.5778463488095238 0.24871836222910218 0.5556045523809524 0.24316131331269347 0.5681155964285715 0.23298607925696593 0.614930557142857 0.21676551640866873 0.6779345416666667
