2 0.5058950938805538 0.4385356137527987 0.5388433623965057 0.43950992515750953 0.5358131540506292 0.5419752656944558 0.5028648858094584 0.5410009617522136
11 0.27661647186596383 0.5472430878661688 0.25505169579173526 0.6382882681984996 0.18362993273069605 0.6213727889173407 0.20519511093743859 0.5303282093750074
11 0.2675355481829911 0.3976863928131585 0.22242089841813595 0.39491020181997644 0.229476765138088 0.2802579596649607 0.27459089958801997 0.2830341351236475
11 0.7104154488368977 0.26948873541656887 0.7690924610001275 0.25742474664656906 0.7951925921082648 0.38436726057153764 0.7365156030177786 0.3964311714492535
11 0.7537889008632419 0.6251788148086469 0.6971508987597872 0.5922528851140465 0.7564658211566666 0.49023257210843035 0.8131029388749766 0.5231581747181812
2 0.5912704069534129 0.4798511556598537 0.6173698174522997 0.4831133407516711 0.6146625937927865 0.5047711442269178 0.5885631842784278 0.5015089644711386
2 0.6164001823992749 0.5972947835945863 0.6094448444404179 0.5694761535977549 0.6270741335841876 0.5650688568777867 0.6340295010863883 0.5928874422339162
2 0.29834850977078986 0.4585798802289317 0.2854776746319203 0.4544160397973176 0.2971778973317214 0.4182517550789647 0.31004867118349466 0.4224155847368785
2 0.3224026379515408 0.46168362369225363 0.30604829630055974 0.4661676092969938 0.2947899247907344 0.4251075111967174 0.3111441776487709 0.4206235384406885
2 0.3410251375 0.44112125312500006 0.3511123421875 0.44112125312500006 0.3511123421875 0.4709949 0.3410251375 0.4709949
2 0.3584157011866864 0.47965140150593555 0.34619876662748084 0.4773021481306279 0.3517001233500423 0.4486952493728253 0.3639170088570154 0.4510444978930492
9 0.525669670911384 0.4441964275726451 0.5168516442014379 0.44436599635922036 0.5150470118672956 0.35052192859288 0.5238649365271613 0.3503523607998908