1 0.3641273500342095 0.4644887432905982 0.3146597213337827 0.4573681198057966 0.33215063168631787 0.33586611235984665 0.381617532087148 0.34298668263574195
1 0.421752926072827 0.49363053973179905 0.38919153069196 0.49097624904234705 0.3978182092617999 0.3851583495968443 0.4303791458521573 0.3878126215367156
1 0.37207562063326804 0.37887722875761803 0.40406779776401436 0.38125098449327643 0.3973180482286125 0.47221562292549774 0.36532587270801287 0.46984188121907383
3 0.3714125387016338 0.3565187534198958 0.34906683209283074 0.3545441623488054 0.3573706120885163 0.26057767077217325 0.3797161239683646 0.2625522532518387
3 0.425878170984447 0.3895609401102716 0.407070512140308 0.3884933381694633 0.4146654825585756 0.2547018689007315 0.43347290323458765 0.2557694642257423
9 0.3947728268477704 0.38238254539037714 0.3855294370283673 0.38267391489061947 0.38208836954856906 0.2735120847863441 0.39133165309010565 0.2732207170201544
1 0.43247182480479296 0.41727342958458474 0.46091413581712004 0.4217585692070664 0.4481616722741819 0.5026226744274465 0.41971936728202763 0.4981375606523265
1 0.4738197215525588 0.4223171422982609 0.5043469195481975 0.42015111731286514 0.5107414359331415 0.5102675379565361 0.4802142394620432 0.5124335490819162
1 0.5659171495498185 0.5008062667962002 0.5384644576562323 0.5010159542010154 0.5378103471947497 0.41536225150431544 0.5652627076545969 0.4151525653737643
1 0.44908668901564397 0.415662633994399 0.47255265386684187 0.4146219409819822 0.47634278493876536 0.5000781063146033 0.4528768205235565 0.5011187930981528
1 0.508196875 0.41830468749999994 0.539953125 0.41830468749999994 0.539953125 0.512278125 0.508196875 0.512278125
1 0.567514168628577 0.4222928673953092 0.6024070280659544 0.4247932775689363 0.59667157297838 0.5048256836346446 0.5617787149456035 0.5023252876047901
9 0.4954953616944522 0.4224359330671742 0.4852945219530511 0.4233551126739887 0.4737541135243646 0.2952869233328522 0.48395480319595663 0.29436775075182564
9 0.5228928162561033 0.2704575736046709 0.5299419937272205 0.2706891047360746 0.5250179273795084 0.4206018417973929 0.5179687500000227 0.4203703125000015
3 0.6219503714755774 0.37126453273449117 0.6049137172134351 0.3719089781638825 0.6012073309617563 0.27392755580244105 0.6182438170078512 0.2732831136113294
2 0.6547388598121415 0.468595083210298 0.6370143696927926 0.4701211953485871 0.6338835450198985 0.43376108678907394 0.6516079463960978 0.4322349785017863
1 0.7124655742813957 0.45970370960967455 0.660397310015469 0.4641821496454079 0.6542679833984266 0.39292105264540383 0.7063357634481235 0.3884426336381027
1 0.7115885909178132 0.36828094147731 0.7583890289744204 0.366356800864627 0.7609223361116619 0.4279709992545956 0.7141218985818796 0.4298951326575044
2 0.6842957816942317 0.34922522590647587 0.716561144001389 0.36049089050185135 0.6966731555758088 0.41744843731652265 0.6644078124999169 0.406182812499988
2 0.7208857140057034 0.33914204858102975 0.7435023827999885 0.33791880325160856 0.746464623802467 0.39268573512852384 0.7238479553298021 0.39390897671676506
9 0.7418562534136299 0.3534250005384636 0.7345744930279352 0.3522763816519594 0.7452919479768525 0.2843346205088105 0.7525736602374309 0.2854832355095995
9 0.7282750260197872 0.3402343718238985 0.7216134321569143 0.34104751932411426 0.7118956897396629 0.26143842146219726 0.7185572355642762 0.2606252769112665
9 0.7018468826923936 0.33402812499999995 0.6978093717514184 0.33402812499999995 0.6978093845741569 0.27583749999999996 0.7018468738164074 0.27583749999999996
9 0.685696875000076 0.2781656249999984 0.6915209983021668 0.2778955172574016 0.6951912972691616 0.3570330189198824 0.6893671740366472 0.3573031256243938
9 0.6664613211090682 0.28613398145664726 0.671720304748078 0.2857296834654319 0.679577717770826 0.387933205333236 0.6743187343739692 0.388337501201288
9 0.7345156249999718 0.3340281249999983 0.7297159024724351 0.33377063686091574 0.7341610614470255 0.2509131228148016 0.7389607483529517 0.2511706099924497
1 0.6757995791551821 0.47519652779091903 0.7202200988552931 0.4690367932238892 0.7357555387270622 0.5810606400320214 0.6913350309747557 0.5872203186240249
1 0.6965146063935208 0.6183299759412441 0.6491583011447801 0.622506577687595 0.6374139087783988 0.48934978938189266 0.68476914238056 0.4851732354498154
2 0.5792903522781216 0.5273926039888417 0.606925832643924 0.5208550519752065 0.6208357655451664 0.5796496869488018 0.5932002967132348 0.5861872056685064
3 0.6991489792767425 0.5650377806538783 0.7175020169619302 0.5631213392916782 0.7281779114568963 0.6653489976392609 0.7098248766243387 0.6672654204818446
3 0.6819820343361016 0.7056355377010448 0.6663176491571221 0.7057984494264046 0.6652609357956862 0.6041910350441747 0.6809249999998883 0.6040281250000005
2 0.6414608558150121 0.580746456295683 0.6049623655966343 0.5817932169190723 0.603101648778761 0.5169128191438598 0.6395997432422291 0.5158660641983375
9 0.6251328124999418 0.6110109375000042 0.6308904104272415 0.6103942773816373 0.640246856434942 0.6977420834751181 0.6344892593782561 0.698358738222128
9 0.6038422864743325 0.6831656208800696 0.5980823553566097 0.6834053852182871 0.5938096232034695 0.5807719752468324 0.5995694433934204 0.5805322131812245
7 0.5925497243877089 0.6765759291617396 0.6128110177036206 0.6737814436234802 0.6175965768501328 0.7084739243776319 0.5973352856766496 0.7112683995769106
2 0.5550616274715594 0.5107988839508248 0.578775713918958 0.5118176344096731 0.5754280328977757 0.5897367391223088 0.5517139468804544 0.5887179953167881
2 0.5304142849295204 0.5120635307437124 0.5520647068304925 0.5111331072449137 0.5551329429521275 0.582522892366464 0.5334825214171133 0.5834533103178471
2 0.5351902335058867 0.56835008733239 0.5173011622578088 0.570558420157772 0.511073577936827 0.5201145735058837 0.5289625000000342 0.5179062499999947
2 0.5145550864489223 0.5609109737437904 0.5022060548607215 0.5621814497909999 0.4982604213905688 0.5238329720060808 0.5106093750000582 0.5225624999999949
9 0.5146468736423913 0.5722171873930774 0.5195715748860721 0.5726050399735325 0.5132281103801688 0.653141409296957 0.5083034094797085 0.6527535596219743
1 0.3268430118712331 0.573881092110048 0.2806557001352985 0.5639498206617396 0.305618935155735 0.4478652819600171 0.3518054133970736 0.45779646005859564
1 0.4117081816390282 0.6279889702561702 0.36783474707874575 0.6252011359585529 0.37657350967310776 0.48769712923179864 0.42044591679621135 0.4904849307178649
1 0.38239896233437776 0.6069004540946048 0.32765954046851675 0.6010551449726187 0.34077905906099204 0.47821208226997564 0.39551736769260515 0.48405733126666795
1 0.4392240202805624 0.6008818041709142 0.4110161298500543 0.5989753233187035 0.4176729325769202 0.5004950297213739 0.44588036233847106 0.5024014950620511
3 0.2927389061597978 0.551129644280151 0.3106352631524487 0.5560770444451293 0.2817444321426592 0.6605731730191657 0.2638480946901609 0.6556258226145674
3 0.3797031249999918 0.7390765624999973 0.35935003903080087 0.7354248794654621 0.38084588514891493 0.6156343064192515 0.40119846841650997 0.6192859430470053
7 0.5718673428374359 0.6970401954104678 0.5896878407687609 0.6963132304445836 0.5908109333324774 0.723840032689185 0.5729904355266626 0.7245669954869944
7 0.36537214935492557 0.7428574729449466 0.36537218137607397 0.7272184471923523 0.38220738039376556 0.7272184835129785 0.3822073778565027 0.7428574797421376
0 0.452185037500044 0.5510343484374494 0.4504479322271209 0.5386164686980682 0.4648022617308243 0.5366086567647537 0.4665393793994781 0.5490265216102921