1 0.36525625015479873 0.4566453130952381 0.36667656222910217 0.442628125 0.37520156222910217 0.3875578130952381 0.37662343777089785 0.3665328130952381 0.3695187498452012 0.353515625 0.35673125015479873 0.353515625 0.34346874984520126 0.3374953119047619 0.33589218761609907 0.3615265630952381 0.32594531269349847 0.3945671880952381 0.31836718761609906 0.4316140630952381 0.32736718761609906 0.44763437500000003 0.3444171876160991 0.46165156190476186 0.36525625015479873 0.4566453130952381
1 0.42493125015479877 0.4546421869047619 0.42919374984520126 0.3965703119047619 0.4149859374613003 0.38655781190476185 0.4064609374613003 0.3945671880952381 0.39604062476780183 0.418596875 0.3917781250773994 0.4636546869047619 0.39035781238390094 0.47667031309523805 0.3979359374613003 0.4916890619047619 0.40693437523219816 0.48868593809523814 0.4225640625386997 0.4836796869047619 0.42493125015479877 0.4546421869047619
1 0.3946203126934985 0.38055 0.37662343777089785 0.3815515619047619 0.3704656247678018 0.400575 0.36667656222910217 0.4516390619047619 0.3747281250773994 0.46165156190476186 0.38988437523219815 0.4716640619047619 0.3969874996904025 0.457646875 0.4007765622291022 0.42560625 0.4026718749226006 0.393565625 0.3946203126934985 0.38055
3 0.36667656222910217 0.26139999999999997 0.35057343777089783 0.3374953119047619 0.37141250030959755 0.35651875 0.3794640625386997 0.2654046880952381 0.36667656222910217 0.26139999999999997
3 0.40740781238390095 0.38255156309523813 0.4258781250773994 0.3895609369047619 0.43298281238390096 0.264403125 0.42682656222910215 0.2553921880952381 0.4192484377708978 0.263403125 0.40740781238390095 0.38255156309523813
9 0.3860953126934985 0.36853437499999997 0.38941093746130034 0.38255156309523813 0.3946203126934985 0.37754531190476187 0.3932 0.3324890630952381 0.38514843777089786 0.273415625 0.3842 0.34049999999999997 0.3860953126934985 0.36853437499999997
1 0.4290515622291022 0.4978203119047619 0.43735625015479873 0.50091875 0.4485937498452013 0.4967890630952381 0.45103593746130033 0.484396875 0.45103593746130033 0.45444843690476194 0.44761718761609903 0.43689374999999997 0.44077656222910216 0.42553437499999996 0.43247187492260064 0.4172734369047619 0.42856249969040244 0.44722031190476186 0.4231890625386997 0.4771671880952381 0.4217234377708978 0.4854296880952381 0.4290515622291022 0.4978203119047619
1 0.5072203126934984 0.5060828119047619 0.5072203126934984 0.46064531190476193 0.5028234377708978 0.4379265630952381 0.49696093746130027 0.42346875 0.48670156222910216 0.42140312500000005 0.47692968730650154 0.4317296880952381 0.4759531250773994 0.4523828119047619 0.4774187498452013 0.4730375 0.48035 0.50505 0.49696093746130027 0.5112453119047619 0.5072203126934984 0.5060828119047619
1 0.5653578123839009 0.42760000000000004 0.5580296873065015 0.4152078130952381 0.5492359374613003 0.4193375 0.5379984377708978 0.4399921880952381 0.5394656247678019 0.470971875 0.5409312501547988 0.49988593809523807 0.5511906247678019 0.50091875 0.5609609374613003 0.498853125 0.5658468749226007 0.491625 0.5653578123839009 0.42760000000000004
1 0.4735093752321981 0.448253125 0.47253281238390094 0.42450156190476196 0.4593421876160991 0.4152078130952381 0.4505484377708978 0.42966406309523814 0.45103593746130033 0.4596125 0.4525015622291022 0.4926578119047619 0.45738750030959746 0.50091875 0.4735093752321981 0.49575625 0.47546406253869966 0.48026562500000003 0.4735093752321981 0.448253125
1 0.5360453126934984 0.512278125 0.5360453126934984 0.50091875 0.5399531250773995 0.46890625 0.5379984377708978 0.4451546869047619 0.532625 0.4265671880952381 0.5243203126934984 0.4183046869047619 0.5174796873065015 0.42553437499999996 0.5121062501547988 0.44102343690476187 0.5081968749226006 0.4627109380952381 0.5086859374613003 0.49988593809523807 0.5081968749226006 0.5112453119047619 0.515525 0.512278125 0.5360453126934984 0.512278125
1 0.5668234377708978 0.4967890630952381 0.5736640625386996 0.5029843749999999 0.5853890625386997 0.5040171880952381 0.5932062501547988 0.4926578119047619 0.5985796873065016 0.47819999999999996 0.5946718749226007 0.45031875 0.590275 0.42760000000000004 0.5839234377708978 0.42346875 0.5790374996904025 0.42346875 0.5726859374613003 0.4286328119047619 0.5702437498452012 0.4286328119047619 0.5678015622291022 0.43689374999999997 0.5653578123839009 0.4523828119047619 0.5629156247678019 0.4864609369047619 0.5668234377708978 0.4967890630952381
9 0.4837703126934984 0.294384375 0.4852359374613003 0.385259375 0.4827921876160991 0.3955859380952381 0.4852359374613003 0.40384843809523807 0.48816718761609906 0.4183046869047619 0.49549531269349845 0.4224359369047619 0.4896328123839009 0.35737812500000005 0.4837703126934984 0.294384375
9 0.5287171876160991 0.29645 0.5282281250773994 0.27063281309523807 0.5204109374613003 0.34601875000000004 0.5199234377708978 0.40075 0.5179687498452012 0.42037031190476193 0.5252968749226007 0.412109375 0.5262734377708979 0.348084375 0.5287171876160991 0.29645
3 0.6039546873065015 0.2974828130952381 0.604442187616099 0.35944375 0.6068859374613003 0.371834375 0.6176343752321981 0.370803125 0.621542187616099 0.360475 0.6205656247678019 0.334659375 0.6147031250773993 0.2788953130952381 0.6063968749226006 0.27373125 0.6039546873065015 0.2974828130952381
2 0.6376640625386998 0.4379265630952381 0.6361984377708979 0.46064531190476193 0.6391296873065015 0.4699390630952381 0.6454812501547987 0.46684062499999995 0.6508546873065015 0.464775 0.6537874996904025 0.457546875 0.6528093752321982 0.4461875 0.6454812501547987 0.43276250000000005 0.6376640625386998 0.4379265630952381
1 0.6655125003095975 0.4637421880952381 0.6728406247678019 0.4627109380952381 0.6845656247678019 0.457546875 0.6938484377708979 0.4523828119047619 0.7060624996904025 0.4430890630952381 0.7099703126934985 0.430696875 0.7070390625386996 0.39661874999999996 0.7031312501547987 0.3904234380952381 0.6953140625386998 0.389390625 0.6694203126934984 0.40384843809523807 0.6611156247678018 0.41417499999999996 0.6586718749226006 0.44412187499999994 0.6625812501547989 0.45444843690476194 0.6655125003095975 0.4637421880952381
1 0.7143671876160991 0.4286328119047619 0.719742187616099 0.42966406309523814 0.7295124996904024 0.4265671880952381 0.7471015622291022 0.42037031190476193 0.7598031250773994 0.40075 0.7558953126934984 0.3904234380952381 0.7461234377708978 0.370803125 0.7373296873065015 0.3677046880952381 0.7256046873065015 0.3677046880952381 0.7124140625386997 0.38835781309523815 0.7138796873065015 0.3997171869047619 0.7133906247678019 0.412109375 0.7143671876160991 0.4286328119047619
2 0.6644078123839009 0.4061828119047619 0.6776218749226006 0.4092859369047619 0.6875328123839008 0.40851093690476187 0.7033156247678019 0.39842500000000003 0.703682812383901 0.39221718809523815 0.6989109374613003 0.385234375 0.6989109374613003 0.368165625 0.6985437498452012 0.3542 0.6937718749226006 0.35575156309523814 0.6912031250773993 0.361959375 0.6871656247678019 0.37204531190476187 0.6812921876160991 0.37049374999999996 0.6757859374613003 0.373596875 0.6768875003095975 0.3883375 0.67285 0.39454531190476194 0.6644078123839009 0.4061828119047619
2 0.7293765622291022 0.3386828119047619 0.7242374996904024 0.3464421869047619 0.7220359374613003 0.3604078130952381 0.7235046873065016 0.38756250000000003 0.7264406247678018 0.39376875000000006 0.7403890625386996 0.39221718809523815 0.7458937498452013 0.38213125 0.7422234377708978 0.35730312500000005 0.7367187498452011 0.3386828119047619 0.7293765622291022 0.3386828119047619
9 0.7418562501547987 0.353425 0.7447937498452013 0.334803125 0.7466281250773993 0.3138546869047619 0.7484640625386998 0.2929078130952381 0.7455281250773994 0.284371875 0.743325 0.306096875 0.7414890625386997 0.32859687499999995 0.7363515622291023 0.3410109369047619 0.7418562501547987 0.353425
9 0.728275 0.340234375 0.7220359374613003 0.3154078130952381 0.7224031250773995 0.29213125 0.7190984377708979 0.26730312500000003 0.7146937498452012 0.261096875 0.7183656247678019 0.2851484369047619 0.7176312501547988 0.308425 0.7202000000000001 0.3216140630952381 0.728275 0.340234375
9 0.7018468749226006 0.30376875 0.7018468749226006 0.28359687499999997 0.6992781250773994 0.2758375 0.6978093752321981 0.3192859369047619 0.7018468749226006 0.33402812499999995 0.7018468749226006 0.30376875
9 0.689 0.32471718690476187 0.689367187616099 0.35730312500000005 0.6945062501547988 0.3472171880952381 0.6934046873065016 0.3185109380952381 0.6923046873065015 0.300665625 0.6856968749226006 0.27816562499999997 0.689 0.32471718690476187
9 0.6779890625386997 0.37204531190476187 0.6750515622291021 0.3317 0.67285 0.306096875 0.6691796873065016 0.285925 0.6695468749226007 0.32626875 0.67285 0.3642859369047619 0.6743187498452012 0.3883375 0.6783562501547987 0.37204531190476187 0.6779890625386997 0.37204531190476187
9 0.7345156247678019 0.33402812499999995 0.7385531250773993 0.25876875 0.7359843752321981 0.2510109369047619 0.7297437498452012 0.3332515619047619 0.7345156247678019 0.33402812499999995
1 0.6820265622291022 0.49540625 0.6812921876160991 0.514803125 0.6834937498452013 0.5303203119047619 0.6875328123839008 0.559803125 0.6941390625386997 0.5792 0.6978093752321981 0.580751561904762 0.7000125003095975 0.58540625 0.7044171876160991 0.58540625 0.7139609374613003 0.578423436904762 0.7168968749226006 0.5683375 0.719832812383901 0.548940625 0.7246046873065015 0.531871875 0.7257062501547987 0.5085968750000001 0.719832812383901 0.474459375 0.7146937498452012 0.46980312500000004 0.7044171876160991 0.47290625 0.6992781250773994 0.47213125000000006 0.6897343752321982 0.474459375 0.6842281250773994 0.4845453119047619 0.6820265622291022 0.49540625
1 0.6706468749226006 0.61876875 0.6761531250773993 0.616440625 0.6831281250773993 0.6086828130952381 0.6882656247678018 0.5892859369047618 0.6897343752321982 0.5675625 0.689367187616099 0.537303125 0.6853296873065015 0.491528125 0.6702796873065014 0.4884234380952381 0.6655093752321982 0.486871875 0.6478890625386997 0.4961828130952381 0.6405484377708979 0.5248890619047619 0.6460546873065016 0.5722171880952381 0.6530281250773994 0.593940625 0.6651421876160991 0.621096875 0.6706468749226006 0.61876875
2 0.5990703126934984 0.5815281250000001 0.6056781250773994 0.57299375 0.6078796873065015 0.5660109369047619 0.61045 0.553596875 0.610817187616099 0.537303125 0.6078796873065015 0.5248890619047619 0.5976031250773994 0.5233375 0.5865906247678019 0.525665625 0.5818187498452012 0.5380796869047619 0.5895281250773994 0.570665625 0.5924640625386998 0.5815281250000001 0.5965015622291021 0.58540625 0.5990703126934984 0.5815281250000001
3 0.7135937498452012 0.666871875 0.7231374996904025 0.66376875 0.7253390625386996 0.638165625 0.7194656247678018 0.5908375 0.712125 0.5636828119047619 0.7011140625386997 0.5838546869047618 0.7073531250773994 0.643596875 0.7135937498452012 0.666871875
3 0.6816593752321982 0.67463125 0.680925 0.604028125 0.6655093752321982 0.616440625 0.6655093752321982 0.6280796869047619 0.6673437498452013 0.66376875 0.6702796873065014 0.7033375 0.6790890625386997 0.7056656250000001 0.6798234377708979 0.700234375 0.6816593752321982 0.67463125
2 0.634675 0.5171312499999999 0.6225624996904024 0.5163546869047619 0.6148546873065015 0.5210109369047619 0.6045765622291022 0.5303203119047619 0.6038421876160991 0.542734375 0.6071468749226006 0.569889061904762 0.6137531250773993 0.5792 0.6236640625386997 0.580751561904762 0.6232968749226007 0.5683375 0.6203609374613003 0.559028125 0.618157812383901 0.5334234380952381 0.6258656247678018 0.529545311904762 0.6291703126934984 0.5458375 0.6273343752321981 0.559803125 0.6288031250773994 0.575320311904762 0.6350421876160991 0.5722171880952381 0.641282812383901 0.580751561904762 0.641282812383901 0.5745453130952382 0.6405484377708979 0.553596875 0.6398140625386997 0.5233375 0.634675 0.5171312499999999
9 0.6313718749226006 0.614889063095238 0.625132812383901 0.6110109380952381 0.6295374996904025 0.65213125 0.6387140625386997 0.6979062500000001 0.6350421876160991 0.6653203130952381 0.6313718749226006 0.614889063095238
9 0.5942999999999999 0.580751561904762 0.5946656247678018 0.5947171880952381 0.5961343752321981 0.636614063095238 0.6038421876160991 0.6831656249999999 0.6016406247678019 0.6536828130952381 0.5994375003095975 0.6226484380952381 0.5998046873065016 0.5861828119047618 0.5942999999999999 0.580751561904762
2 0.5748453126934985 0.5760968750000001 0.5759468749226007 0.56213125 0.5774140625386998 0.5435109369047619 0.5770468749226006 0.52799375 0.5697062501547988 0.5163546869047619 0.5579609374613003 0.5109234369047618 0.5546562501547988 0.520234375 0.5535562501547987 0.5458375 0.5546562501547988 0.564459375 0.5583281250773994 0.5799765630952382 0.5649343752321981 0.5892859369047618 0.5748453126934985 0.5760968750000001
2 0.5344687498452012 0.570665625 0.5385062501547988 0.582303125 0.5421765622291022 0.583079686904762 0.5487843752321981 0.569889061904762 0.5517203126934985 0.559028125 0.5535562501547987 0.5458375 0.5517203126934985 0.5342 0.5476828123839009 0.5171312499999999 0.5388734377708979 0.5116999999999999 0.5344687498452012 0.5186828119047618 0.5311656247678018 0.529545311904762 0.533 0.5559234369047619 0.5326328123839009 0.5636828119047619 0.5344687498452012 0.570665625
2 0.5296968749226006 0.548165625 0.5311656247678018 0.5357515619047619 0.5289624996904025 0.51790625 0.5216218749226006 0.5210109369047619 0.5183187498452012 0.5248890619047619 0.5128124996904024 0.5342 0.517217187616099 0.569114063095238 0.5227234377708978 0.569889061904762 0.5252921876160991 0.5667859380952381 0.5274953126934985 0.559803125 0.5296968749226006 0.548165625
2 0.4999656247678019 0.525665625 0.4999656247678019 0.54040625 0.5025343752321981 0.5458375 0.5058375003095975 0.5520453130952381 0.5102421876160991 0.5613546869047619 0.5113437498452013 0.5574765630952381 0.5124453126934985 0.54040625 0.5106093752321982 0.5225624999999999 0.4999656247678019 0.525665625
9 0.5102421876160991 0.6529062499999999 0.5161156247678019 0.6125625 0.5194187498452012 0.5745453130952382 0.5146468749226006 0.5722171880952381 0.5135468749226006 0.5861828119047618 0.5120781250773994 0.60790625 0.5102421876160991 0.6529062499999999
0 0.4687656247678018 0.548165625 0.4621578123839009 0.5225624999999999 0.4577531250773994 0.537303125 0.45628437523219817 0.5442859380952382 0.45261406253869974 0.554371875 0.4548171876160991 0.5582515619047619 0.4621578123839009 0.5636828119047619 0.4669296873065016 0.5559234369047619 0.4687656247678018 0.548165625
1 0.28932031269349845 0.545965625 0.29371718761609905 0.5521625 0.30104531269349843 0.5635218750000001 0.3122812501547988 0.57075 0.3220531250773994 0.57075 0.3269390625386997 0.5604234369047619 0.33817499999999995 0.5211828130952381 0.34550312507739933 0.4871046869047619 0.3386640625386997 0.47058125 0.32254218761609904 0.45715625000000004 0.3152124996904025 0.44992812499999996 0.3103281250773994 0.44992812499999996 0.3049531250773994 0.46645 0.29762500000000003 0.4850390630952381 0.29078593746130027 0.5191171880952381 0.28932031269349845 0.545965625
1 0.38116874984520127 0.619285936904762 0.38849687492260065 0.626514063095238 0.39924531269349844 0.623417188095238 0.4070609374613003 0.6141234369047619 0.4139015622291021 0.59346875 0.4182984377708978 0.5242796869047619 0.4134124996904025 0.5056921869047619 0.40412968730650156 0.4963984380952381 0.3997328123839009 0.48916875 0.3889843752321981 0.49433281190476186 0.3836109374613003 0.50259375 0.3797031250773994 0.52015 0.3718859374613003 0.56145625 0.3738406247678019 0.6006984369047619 0.38116874984520127 0.619285936904762
1 0.3352437498452013 0.5810765619047619 0.34061874984520124 0.595534375 0.35332031269349845 0.6037953119047619 0.37481718761609906 0.60173125 0.38116874984520127 0.5924359369047619 0.3870312501547988 0.5635218750000001 0.39044999999999996 0.531509375 0.3894734377708978 0.50259375 0.38312187492260064 0.48916875 0.3660234377708978 0.4809078119047619 0.3494124996904025 0.4850390630952381 0.34208437523219815 0.500528125 0.33475625015479876 0.5346062500000001 0.3332890625386997 0.567653125 0.3352437498452013 0.5810765619047619
1 0.4324671876160991 0.595534375 0.4407718749226006 0.5779796869047619 0.4422374996904025 0.55629375 0.444192187616099 0.527378125 0.43735156222910215 0.5077578119047619 0.43344374984520123 0.5015609380952382 0.4270921876160991 0.504659375 0.4207406247678019 0.5118875 0.41732187492260064 0.517051563095238 0.41536718761609903 0.5346062500000001 0.4148781250773994 0.5697171880952381 0.4148781250773994 0.5914046880952382 0.4212296873065015 0.599665625 0.4324671876160991 0.595534375
3 0.28443437523219817 0.645103125 0.30886249969040247 0.562489063095238 0.2927390625386997 0.5511296869047619 0.27075468730650154 0.6306453119047619 0.27075468730650154 0.6492328130952381 0.2780828123839009 0.6595609369047619 0.28443437523219817 0.645103125
3 0.4011984377708978 0.619285936904762 0.3801906247678019 0.619285936904762 0.3767718749226006 0.6533640619047619 0.3709078123839009 0.7008671880952381 0.3674890625386997 0.7328796880952381 0.3797031250773994 0.7390765630952381 0.3816562501547988 0.7153250000000001 0.3953359374613003 0.640971875 0.4011984377708978 0.619285936904762
