2 0.6519989263588286 0.5144572828385079 0.6946004505113024 0.5008260008683878 0.7077501478306658 0.5419190611715654 0.665148645846898 0.55555029557882
2 0.6594797225686762 0.5303551179958529 0.6683604279760402 0.5583964436409511 0.6243366718404104 0.5723373426513663 0.6154560940686906 0.5442961256067089
2 0.6265348617876043 0.579373084204841 0.5930182594312328 0.5856338357662167 0.5857482611498881 0.5467174905650571 0.619264640946426 0.5404567603844164
2 0.5819726404101857 0.5530579954750063 0.6031691566629434 0.5692978330539533 0.5844217324513465 0.5937648047969031 0.5632252544324956 0.5775250108847509
2 0.603996827868059 0.5915474910171045 0.6135613265411166 0.6070310944343629 0.5890683872213458 0.6221590684850901 0.5795039356592042 0.6066755062615117
2 0.6483257231841435 0.570513564236108 0.6594335880072322 0.5869321101977729 0.6248827535932833 0.6103046838824944 0.6137749579418141 0.5938861994125977
2 0.6914092463526913 0.5400383435590581 0.7074832312528088 0.56054450327251 0.6744239720944734 0.586455772860972 0.6583500672850278 0.5659496869134896
11 0.7819900176928058 0.650500932683078 0.7313309454791579 0.6663922977369513 0.6892763515501201 0.5323417596633384 0.7399342169668444 0.5164505991244792
11 0.7192288761342525 0.47135799037436016 0.6786373412727471 0.47249336822596916 0.6741698945313601 0.3127692639833222 0.714760661960554 0.3116338968079336
2 0.3971473383638795 0.5645956555736584 0.4204552615765351 0.5568271352796831 0.4292378517520774 0.5831749826252531 0.40592993743177885 0.5909434840526057
2 0.38284235124126553 0.5633647485025577 0.35793556305611673 0.5893217420261572 0.3114381425298234 0.5447095976689632 0.3363448031249163 0.5187527453125393
2 0.32814135513069687 0.5534971169677184 0.29065910286078633 0.552892616443982 0.29131925926321856 0.5119712103948884 0.3288012636970734 0.5125757089254072
2 0.4039852547675764 0.6181829412477501 0.39047315129687377 0.6259032836528825 0.37261535887842 0.5946521096988688 0.3861273913773857 0.5869317928494826
2 0.3277827079244844 0.5809526496832011 0.3433664749387617 0.5650165139754562 0.3841268371285196 0.6048714251792363 0.36854315330811005 0.6208074785530504
11 0.281563745774406 0.6302283718949662 0.20463855398384112 0.6364890713607418 0.1957659451317113 0.5274732401542238 0.2726896497759981 0.5212126017887588
11 0.2979108713603864 0.5125069997401442 0.25608467645645305 0.5082945390029909 0.27343201710425546 0.33606643894608956 0.31525729531415436 0.34027885353521037