2 0.6557005170278638 0.524056513095238 0.6601096464396284 0.5398034035714286 0.6651486513931888 0.555550294047619 0.676486412383901 0.5511411642857142 0.6909735517027864 0.536654025 0.7023113126934984 0.5284656428571428 0.7004216854489164 0.5190175083333334 0.691603427244582 0.5177577571428571 0.6752266606811145 0.5227967619047619 0.6613693975232198 0.5114590011904762 0.6557005170278638 0.524056513095238
2 0.6204274823529411 0.5574399202380952 0.6242067362229102 0.5719270595238095 0.6349146216718267 0.5675179309523809 0.64751213374613 0.5649984285714286 0.6557005170278638 0.5536606666666667 0.6594797702786378 0.5303552690476191 0.641843253250774 0.536654025 0.6355444972136224 0.5410631547619047 0.6216872334365325 0.542322905952381 0.6204274823529411 0.5574399202380952
2 0.5898317089783282 0.5600018464285714 0.5898317089783282 0.5683050047619047 0.5916768551083591 0.5784533083333333 0.601825159133127 0.5839887464285715 0.6224292904024767 0.5781457833333333 0.6245819609907121 0.5689200535714286 0.6208916687306502 0.5532363107142857 0.6193540470588236 0.5409353369047619 0.6160183529411765 0.5410631547619047 0.6097195969040248 0.5473619107142856 0.5996415869969041 0.5542905428571429 0.5927129554179567 0.5580697964285715 0.5898317089783282 0.5600018464285714
2 0.5636921393188854 0.5769156857142858 0.5704576749226006 0.5830661738095237 0.5839887461300309 0.5864489416666667 0.5916768551083591 0.5842962702380953 0.5907542823529411 0.5695351023809524 0.5898317089783282 0.5590792738095238 0.5818360761609908 0.5532363107142857 0.5781457839009287 0.5584642249999999 0.5747630160990712 0.5639996630952381 0.567997479876161 0.5716877726190477 0.5636921393188854 0.5769156857142858
2 0.5824511244582044 0.6092057428571428 0.5842962705882353 0.6144336571428571 0.5904467578947369 0.6184314738095238 0.5965972445820433 0.6175089011904762 0.6033627808049535 0.6122809869047618 0.6073605975232198 0.6079756464285714 0.6092057436532508 0.5999800130952381 0.6045928780185759 0.5938295261904761 0.5938295256965944 0.5978273428571428 0.5833736978328173 0.6042853535714285 0.5824511244582044 0.6092057428571428
2 0.6196615715170278 0.6024402071428572 0.6245819609907121 0.603055255952381 0.6313474965944272 0.6021326833333334 0.6424183733746129 0.5984423904761904 0.6497989578947369 0.5916768547619048 0.6534892501547988 0.5781457833333333 0.6476462873065015 0.5735329178571429 0.6374979839009288 0.5778382595238095 0.6270421560371517 0.5849113190476191 0.6175089009287926 0.5925994285714286 0.6193540470588236 0.6021326833333334 0.6196615715170278 0.6024402071428572
2 0.6633300297213622 0.5723028214285715 0.6660977486068111 0.5744554916666667 0.6713256625386997 0.575993113095238 0.6796288204334365 0.5784533083333333 0.6842416854489164 0.5787608321428572 0.6913147455108359 0.5729178702380953 0.69408246501548 0.5618469928571429 0.695005037770898 0.5446256297619048 0.6867018804953561 0.5452406773809524 0.6737858575851393 0.5538513595238095 0.6624074563467491 0.5627695654761905 0.6633300297213622 0.5723028214285715
11 0.7116113529411764 0.5615394690476191 0.7116113529411764 0.5775307345238095 0.7106887795665635 0.6005950619047619 0.7202220346749226 0.6196615714285714 0.7263725219814242 0.6295023511904762 0.7399035931888545 0.6479538119047619 0.7491293238390092 0.6571795428571429 0.7626603956656347 0.6565644940476191 0.7685033585139319 0.6433409464285714 0.7700409801857586 0.6316550214285714 0.7700409801857586 0.6215067178571428 0.7681958340557276 0.6085906952380953 0.7660431634674922 0.5996724880952381 0.7617378222910216 0.5892166607142857 0.7571249572755419 0.5775307345238095 0.7552798111455108 0.5707651988095238 0.7543572377708979 0.5636921392857143 0.7512819944272445 0.5526212619047619 0.7435938854489165 0.5329397035714286 0.7334455820433436 0.5184860595238096 0.7269875702786378 0.5240214976190476 0.7220671808049535 0.5357074226190476 0.7156091696594427 0.5520062142857143 0.7116113529411764 0.5615394690476191
11 0.6813756990712074 0.32476334642857146 0.6823408204334365 0.3459960166666667 0.6799280173374613 0.38460087261904763 0.677515213622291 0.43237438095238095 0.6833059417956656 0.46518850833333336 0.6982653232198143 0.47194435833333337 0.7190154334365326 0.46374082619047624 0.7180503120743035 0.43816510952380955 0.7151549479876161 0.40872890714285715 0.7122595832817338 0.36192052023809523 0.7151549479876161 0.3257284678571429 0.7098467801857585 0.3131818904761905 0.6939222773993807 0.3122167690476191 0.6813756990712074 0.32476334642857146
2 0.399077693498452 0.5703867392857143 0.4034207399380805 0.5834158785714286 0.41065914984520124 0.5892066071428572 0.41693243900928795 0.5872763642857143 0.4203103640866873 0.5785902714285714 0.42320572817337465 0.5650785714285714 0.4188626817337461 0.5588052833333333 0.408728907120743 0.5607355261904762 0.399077693498452 0.5703867392857143
2 0.3276587108359133 0.5288865202380952 0.3281412718266254 0.5607355261904762 0.343583213622291 0.5679739357142857 0.36047283777089784 0.5819681964285714 0.3691589306501548 0.57762515 0.37205429473684215 0.5530145547619048 0.35950771640866874 0.5448110226190476 0.3474436990712074 0.5399854154761905 0.33634480309597525 0.5187527452380952 0.3276587108359133 0.5288865202380952
2 0.2929143411764706 0.5211655488095238 0.2909840984520124 0.5327470059523809 0.3035306761609907 0.5375726119047619 0.3175249362229102 0.5530145547619048 0.3281412718266254 0.5534971154761904 0.3286238321981424 0.5235783523809524 0.3228331040247678 0.512479455952381 0.3122167684210526 0.5211655488095238 0.30739116160990715 0.5216481095238096 0.2962922656346749 0.5168225023809524 0.2929143411764706 0.5211655488095238
2 0.399560253869969 0.6104392773809524 0.3937695256965944 0.6003055023809524 0.3855659938080495 0.5940322130952381 0.3798532049535604 0.5905166511904762 0.380257826625387 0.5998229416666666 0.3841183120743034 0.6147823238095238 0.3947346470588235 0.6234684154761905 0.399560253869969 0.6104392773809524
2 0.3310366359133127 0.57762515 0.3377924854489164 0.5906542892857143 0.3416529708978328 0.5945147738095238 0.3551646705882353 0.602718305952381 0.36336820185758517 0.6157474452380952 0.37301941609907124 0.616230005952381 0.37350197647058825 0.6046485488095238 0.37205429473684215 0.5930670916666667 0.35902515603715174 0.5863112428571429 0.3421355318885449 0.5708693 0.3310366359133127 0.57762515
11 0.23162913312693498 0.545776144047619 0.2205302371517028 0.5578401619047619 0.2118441442724458 0.5723169821428571 0.20460573374613003 0.5940322130952381 0.20267549102167184 0.6123695202380952 0.20701853746130033 0.6316719476190475 0.2282512080495356 0.634567311904762 0.2610653349845201 0.6278114619047619 0.2673386241486068 0.6253986583333333 0.27940264148606814 0.6036834273809524 0.2755421560371517 0.5838984392857143 0.2760247164086687 0.5621832083333334 0.2736119133126935 0.545776144047619 0.2673386241486068 0.5216481095238096 0.2533443640866873 0.5259911559523809 0.24176290712074303 0.5395028547619047 0.23162913312693498 0.545776144047619
11 0.2851933696594427 0.39183928333333334 0.28036776284829723 0.40969402857142856 0.2620304563467492 0.4492640059523809 0.26492582043343654 0.47001411547619043 0.27843752012383904 0.490764225 0.2832631269349845 0.5110317738095238 0.3006353120743034 0.48545605714285717 0.3006353120743034 0.46374082619047624 0.3035306761609907 0.43768254880952384 0.30739116160990715 0.41838012142857145 0.30980396532507737 0.38990904047619046 0.3112516470588235 0.359025155952381 0.30015275108359135 0.3387576071428572 0.29339690154798764 0.3517867452380952 0.2914666588235294 0.3759147797619048 0.2851933696594427 0.39183928333333334
