2 0.734202055427204 0.5243724659398442 0.7202660663447205 0.51419776551885 0.7433419071553544 0.4825939889755979 0.7572778385764423 0.4927686587960277
2 0.6841921947369656 0.5551645676888103 0.6721236451145387 0.5340464452874863 0.7051976352768179 0.5151470409560863 0.7172661855215665 0.536265097352692
2 0.6574595713842655 0.5426547288513811 0.6716833748724866 0.5409954396450111 0.6738114268056279 0.5592359126003009 0.6595876237654466 0.5608951992480161
2 0.6516207652709909 0.561495443888226 0.6403319074576075 0.5743957902754301 0.6236130513931357 0.5597668071034985 0.6349018920377603 0.5468664852650628
2 0.7261198203603954 0.6137464253378417 0.7039027804817124 0.6032236873590999 0.7275303875119334 0.5533433827543109 0.7497472399589924 0.5638660683074949
2 0.6957648869208697 0.6394635761195102 0.6666818138032795 0.6408483187574372 0.6650535655984413 0.6066527342253463 0.694136449177222 0.6052679961209687
2 0.58064868949225 0.5401811329545275 0.5903443741686942 0.539632370906683 0.5914528696266643 0.5592158029663344 0.5817571850293461 0.5597645641138994
2 0.50246277181202 0.5405616320891043 0.5106531322694536 0.5398791645019231 0.5125779381471602 0.5629768295192634 0.5043875778566189 0.5636592957767357
2 0.4662851594393942 0.5771711010124796 0.44341249575097663 0.5790007414017826 0.4407319586327958 0.5454931689363499 0.4636044924183125 0.5436635337421513
2 0.44037726467331595 0.5679110990385378 0.41776346452343205 0.568780778635624 0.41653913492564243 0.5369465904277632 0.439152814157751 0.536076913156004
2 0.41438929987725714 0.5371234543070785 0.4059937030172023 0.5651065058573683 0.3815411824568855 0.5577707673974187 0.3899368134722181 0.5297877749942799
2 0.3762804249885221 0.5372719408898851 0.36218323480557046 0.5599481394462884 0.3307786107097854 0.5404263717480131 0.3448757941939675 0.5177502416141739
2 0.3390266699869926 0.5557585557153434 0.36989521344139575 0.5454700676071647 0.38076046818332543 0.5780659524298172 0.34989193914668704 0.5883544098909927
2 0.42013064593652416 0.6187170380956919 0.39614213538777676 0.650973875461327 0.3625522560994341 0.625996836904624 0.386540717066282 0.5937401274307945
2 0.4272366316266698 0.6540470966393336 0.42202154854157925 0.6291334933468173 0.4476467237242332 0.6237701240672909 0.4528618528873949 0.6486836638346426
11 0.7081360573262145 0.31838585068950614 0.7547924680114875 0.303992526843492 0.7912483112020254 0.4221608180612006 0.7445919445198115 0.436554041831159
11 0.3429654046747146 0.4901598851969723 0.3048592090580087 0.48979699138556615 0.30615306423521815 0.35398297867390977 0.3442585935023317 0.35434586930903084
11 0.3118934135419522 0.5598545293366703 0.3666420105147381 0.5891060389085236 0.31038446946740805 0.6943878839226061 0.2556361041928312 0.6651367077222857
11 0.7373212252175563 0.5543900960275225 0.7912267907639716 0.5420381061191586 0.820036648314499 0.6677543929530039 0.7661311319612878 0.6801062351566884