10 0.26302812507739937 0.36160312499999997 0.2503984377708978 0.3413828130952381 0.24042656222910216 0.3521671880952381 0.24308593746130033 0.375084375 0.24375 0.3980015619047619 0.23909687492260062 0.426309375 0.24840312507739937 0.43574687500000003 0.26502187492260065 0.44248750000000003 0.26901093746130034 0.42361406190476186 0.26901093746130034 0.400696875 0.26302812507739937 0.36160312499999997
10 0.3840078123839009 0.3494703130952381 0.37603125015479877 0.33733906190476187 0.37137812507739937 0.3454265630952381 0.3733734377708978 0.36699531309523814 0.37802656222910214 0.3980015619047619 0.37935468730650157 0.42361406190476186 0.38932656222910217 0.43305 0.401292187616099 0.42765781309523815 0.401292187616099 0.41282968809523807 0.39796718761609906 0.39126093809523804 0.3840078123839009 0.3494703130952381
0 0.4087515622291022 0.46022343809523814 0.40833906253869967 0.47780156309523814 0.40586250030959753 0.4987265630952381 0.4095781250773994 0.49286875 0.41576874984520124 0.48449843809523807 0.41865781238390093 0.4769640619047619 0.4219593752321981 0.4652453119047619 0.41989687492260064 0.44766874999999995 0.4137046873065015 0.4334390630952381 0.4075140625386997 0.42339375 0.4037984377708978 0.434275 0.4050374996904025 0.44850468809523814 0.4087515622291022 0.46022343809523814
0 0.7216125003095976 0.569875 0.7249140625386996 0.569875 0.7191359374613003 0.552296875 0.7158343752321981 0.5347203119047619 0.7129453126934985 0.5288609369047619 0.7079921876160991 0.5338828130952381 0.7059281250773994 0.542253125 0.7046906247678019 0.552296875 0.7067546873065016 0.564015625 0.7145953126934984 0.57155 0.7216125003095976 0.569875
0 0.6444296873065015 0.5882906250000001 0.6493828123839009 0.598334375 0.6464937498452012 0.609215625 0.6361749999999999 0.6234453119047619 0.6411281250773994 0.630978125 0.6485562501547987 0.630142188095238 0.6588750000000001 0.616748438095238 0.6638281250773993 0.6016828130952381 0.6621781250773994 0.5832671869047619 0.6576374996904025 0.5723859380952381 0.6481437498452013 0.5648531250000001 0.6407140625386997 0.5648531250000001 0.6407140625386997 0.5765718750000001 0.6444296873065015 0.5882906250000001
10 0.6477312501547987 0.4041421880952381 0.6502078123839009 0.38823906190476193 0.6444296873065015 0.37819375 0.6336984377708978 0.38823906190476193 0.6275062501547988 0.41418593809523807 0.6242046873065015 0.43762343809523807 0.6221406247678019 0.4560390619047619 0.6365874996904024 0.4618984369047619 0.6403015622291022 0.4501796869047619 0.6436046873065016 0.429253125 0.6477312501547987 0.4041421880952381
10 0.6609390625386997 0.4334390630952381 0.6638281250773993 0.4033046869047619 0.6634156247678019 0.37986875 0.6597015622291021 0.374009375 0.6547484377708979 0.38489062500000004 0.6526843752321981 0.40079374999999995 0.6497953126934984 0.4150234369047619 0.6448421876160991 0.43594999999999995 0.644017187616099 0.44599375 0.6522718749226005 0.4560390619047619 0.6568124996904026 0.452690625 0.6609390625386997 0.4334390630952381
0 0.5940968749226007 0.598371875 0.5963515622291021 0.592084375 0.5988890625386997 0.5760765630952381 0.5980437498452013 0.5646421869047619 0.5949421876160991 0.5554953119047619 0.5901500000000001 0.5549234380952381 0.5862031250773994 0.559496875 0.5856390625386997 0.571501563095238 0.5876124996904025 0.5835078130952381 0.5901500000000001 0.589225 0.5940968749226007 0.598371875
0 0.3164156247678019 0.590940625 0.3195156247678019 0.582935938095238 0.3214890625386997 0.5720734380952381 0.3223359374613003 0.559496875 0.3223359374613003 0.54920625 0.317825 0.5509203119047619 0.3133140625386997 0.557209375 0.3113406247678019 0.5646421869047619 0.3099312501547988 0.5732171869047619 0.31275000000000003 0.5840796869047619 0.3164156247678019 0.590940625
0 0.2938195349845201 0.453709769047619 0.29260640743034055 0.4585622797619048 0.2923637820433437 0.46317216547619044 0.29260640743034055 0.470208305952381 0.29430478637770896 0.4777296988095238 0.29527528854489166 0.4820969583333334 0.29794416965944276 0.4835527119047619 0.302796680495356 0.4779723238095238 0.30303930588235295 0.47336243809523804 0.3037671826625387 0.4685099273809524 0.3069213145510836 0.4626869142857143 0.30789181671826626 0.45904753095238093 0.3066786891640867 0.453709769047619 0.30570818699690405 0.4505556369047619 0.30473768482972136 0.4454605011904762 0.3023114291021672 0.4442473726190476 0.2962457907120743 0.4490998845238095 0.2938195349845201 0.453709769047619
10 0.35269280185758517 0.41208667023809525 0.35336014860681114 0.45179380714285716 0.3617019845201238 0.4711468654761905 0.37438157399380806 0.4648070702380952 0.3740479009287926 0.4234315666666667 0.3723795337461301 0.38939687738095236 0.37104484024767803 0.3670407595238095 0.36870912631578945 0.3586989238095238 0.3673744321981424 0.34902239404761903 0.36804177894736845 0.336009130952381 0.3643713715170278 0.32499790833333336 0.35669688297213625 0.32299586785714285 0.34802137399380806 0.3290019892857143 0.34968974117647056 0.353026475 0.35102443467492256 0.3830570833333333 0.35269280185758517 0.41208667023809525
10 0.22389486315789475 0.6149601083333334 0.22456220990712075 0.62196725 0.22055812879256964 0.6396519404761905 0.22189282229102167 0.6550009178571429 0.2275652705882353 0.6630090797619048 0.2382428198142415 0.6586713261904762 0.2432479213622291 0.6519978571428571 0.24892036904024767 0.6406529607142858 0.2545928173374613 0.6256376571428571 0.2612662854489164 0.6132917404761905 0.2699417944272446 0.5869315404761904 0.2696081213622291 0.5782560321428571 0.26159995913312695 0.5712488904761904 0.25559383777089784 0.5659101154761904 0.24424894117647059 0.5575682797619047 0.23657445263157895 0.5595703202380952 0.23257037151702786 0.5742519511904762 0.2282326173374613 0.5892672547619048 0.22589690340557278 0.6102886797619047 0.22389486315789475 0.6149601083333334
6 0.35369382229102164 0.5579019535714286 0.34468464024767803 0.5579019535714286 0.34234892631578945 0.5579019535714286 0.33701015170278636 0.562573380952381 0.33167137647058825 0.5675784833333333 0.3280009690402477 0.5709152166666667 0.3253315820433436 0.5742519511904762 0.3300030099071208 0.5795907261904761 0.34068055913312695 0.5855968476190476 0.3570305566563467 0.5829274595238095 0.36804177894736845 0.5805917464285715 0.38005402229102164 0.5789233785714286 0.38472545015479875 0.5749192976190476 0.38872953126934984 0.5589029738095238 0.3600336173374613 0.5592366476190476 0.35369382229102164 0.5579019535714286
10 0.5408688681114552 0.4207586773809524 0.5401228421052632 0.46552023928571423 0.5639956749226006 0.45059971904761903 0.5684718309597523 0.42971099047619044 0.5699638829721362 0.3745050642857143 0.5647417009287926 0.3260133726190476 0.5535513102167182 0.341679919047619 0.5438529721362229 0.36555275238095236 0.5445989981424149 0.3983778976190476 0.5408688681114552 0.4207586773809524
10 0.6117413399380806 0.4565679273809524 0.6221857046439628 0.44239343214285715 0.6236777566563468 0.4274729119047619 0.6296459647058824 0.40882226190476195 0.6296459647058824 0.38569545476190475 0.6259158346749226 0.35734646547619053 0.6124873659442724 0.3394418416666667 0.6072651839009289 0.3491401797619048 0.5990588978328174 0.3715209607142857 0.6012969758513932 0.3909176369047619 0.5990588978328174 0.4132984178571429 0.5983128718266254 0.44985369285714283 0.6117413399380806 0.4565679273809524
10 0.7005184371517028 0.45955203095238095 0.7169310099071208 0.455075875 0.7266293479876161 0.44313945833333335 0.7303594780185759 0.4274729119047619 0.7281213999999999 0.4103143130952381 0.7296134520123838 0.3916636630952381 0.7311055040247678 0.3774891690476191 0.7303594780185759 0.3648067261904762 0.7303594780185759 0.3424259452380952 0.7199151139318885 0.34541004880952375 0.7087247232198143 0.36555275238095236 0.7020104891640867 0.38569545476190475 0.696042281114551 0.42001265238095237 0.696788307120743 0.46029805714285715 0.7005184371517028 0.45955203095238095
6 0.604281079876161 0.5759320904761905 0.5960747938080495 0.5848844035714286 0.5983128718266254 0.5908526119047619 0.6177095486068112 0.5938367154761904 0.6274078866873065 0.5908526119047619 0.6326300687306501 0.5901065857142856 0.6393443034055728 0.5774241428571428 0.6177095486068112 0.5692178571428571 0.604281079876161 0.5759320904761905
13 0.3173963281733746 0.6245209297619048 0.3328039170278638 0.6409556916666667 0.3512930235294117 0.6419828642857144 0.3800538557275542 0.626575275 0.4067603430340557 0.6173307226190476 0.436548347368421 0.6193850678571429 0.46120048978328176 0.631711138095238 0.492015666873065 0.6358198285714286 0.528993879876161 0.6204122404761905 0.5752166464396284 0.6121948595238096 0.6029503058823529 0.6214394130952381 0.6440372092879257 0.6245209297619048 0.7025860464396285 0.5957600976190477 0.7436729498452012 0.5608362297619048 0.7313468786377709 0.5382384333333333 0.63684700123839 0.5824068547619048 0.565972092879257 0.5906242345238095 0.45298310897832816 0.5854883726190476 0.4036788247678018 0.5865155452380952 0.31328763777089785 0.5834340273809524 0.24754859256965944 0.5423471238095238 0.22905948606811144 0.5680264380952381 0.2650105263157895 0.5978144428571428 0.3173963281733746 0.6245209297619048
13 0.25063011021671827 0.4406570380952381 0.3019887393188854 0.4663363523809524 0.39546144458204335 0.46428200714285717 0.5166678092879257 0.4622276619047619 0.5310482253869969 0.41805924166666664 0.5043417380804953 0.4139505511904762 0.4704450427244582 0.4252494488095238 0.4077875151702786 0.4293581392857143 0.3533473684210526 0.4406570380952381 0.31842350092879257 0.43757552023809526 0.26603769907120745 0.41189620595238097 0.25063011021671827 0.4406570380952381
13 0.547482986377709 0.4427113833333334 0.5413199510835913 0.4796895964285714 0.7221023256965944 0.4837982869047619 0.7344283969040248 0.44476572857142854 0.5916514074303405 0.4406570380952381 0.547482986377709 0.4427113833333334
