1 0.38680812324321323 0.6399205501214924 0.3395997378844413 0.6352002438602669 0.34603172001948224 0.5708832910155229 0.39323954821236384 0.5756035692587845
1 0.39204023499985396 0.5939502663146817 0.42369632447594086 0.598346443279879 0.4160278631180745 0.6535592388840007 0.3843717784548062 0.6491630851993382
1 0.6108546476845049 0.6653086628381465 0.576590531114789 0.6689793668150095 0.5698205043203188 0.6057903571186247 0.6040842041064707 0.6021196756126321
1 0.673273529297262 0.5154711526070264 0.7074343874073747 0.5349898239238733 0.669132663643154 0.6020176843834295 0.6349718976346139 0.5824991408744041
1 0.6636471157851247 0.5588381025769223 0.6209088279284742 0.5634168271043538 0.6123547502648989 0.4835759429922373 0.6550925047457667 0.47899724702934093
2 0.6852887668115955 0.4386197678001125 0.7143841725329594 0.46143161349996037 0.6671093104888541 0.5217241184279474 0.6380140194096384 0.49891240082028415
2 0.38482919726448017 0.5196063153188649 0.36644686561692197 0.549365873902028 0.32992843909710245 0.5268104032927052 0.34831076127318283 0.49705094633009467
2 0.39802035676200376 0.564674229799518 0.3685955906291838 0.5562679219937635 0.37972082902660986 0.5173299385719773 0.40914541060385545 0.525736218393656
2 0.40536842561459707 0.5351868485260464 0.4308256498444507 0.5438023252265972 0.41815359179997813 0.5812424938565545 0.3926963814718647 0.57262704616965
2 0.30150334916550037 0.5442531622947959 0.3254745946530875 0.5300897914838116 0.36019769143888425 0.5888524363382953 0.3362265085444278 0.6030157234464242
11 0.215709825830686 0.5233318055249148 0.28650671398088434 0.5133614216343203 0.2995083304469972 0.6056737152197434 0.2287114580414027 0.6156440192539009
2 0.2904425293826307 0.4677513765071737 0.30692605464560074 0.4542869537308077 0.34148252660509115 0.49658904990163355 0.3249990504272091 0.5100534187349501
2 0.608442194248596 0.617776278282241 0.5956434415174954 0.5943626991001846 0.6429082940384205 0.5685286633747952 0.655707055130847 0.5919421294657663
11 0.6940297325613756 0.5360307440280083 0.7507917328512121 0.532527289020359 0.7575442045975933 0.6419179854114527 0.7007822072616818 0.645421406071405
9 0.6105770055268067 0.7415865265725328 0.6055205258916203 0.7423558749334055 0.5942624251632651 0.6683741398978447 0.5993188252551818 0.6676047976777034
9 0.6149223386011045 0.43759244941517333 0.6197762805520597 0.43662172385885073 0.6274500764566255 0.47499081970355633 0.62259613529136 0.47596154262898227
9 0.6298076921874554 0.40384615312500394 0.6350995824101346 0.40317759263089975 0.6413762714455515 0.4528570848326305 0.6360843816390798 0.45352564314205673
9 0.6478365537889204 0.43784340625000007 0.6394230593018619 0.43784340625000007 0.6394230884747003 0.396634615625 0.6478365390624958 0.396634615625