2 0.7128 0.5504 0.7095999999999999 0.5439999999999999 0.7071999999999999 0.54 0.7031999999999999 0.5367999999999999 0.6952 0.5384 0.6916 0.5416 0.68 0.5464 0.6716 0.5512 0.6692 0.5648 0.6683999999999999 0.5704 0.6683999999999999 0.5792 0.6708000000000001 0.5912000000000001 0.6732 0.5968 0.6796000000000001 0.608 0.6856 0.6095999999999999 0.69 0.6056 0.6932 0.6016 0.696 0.5984 0.6996 0.5968 0.7048 0.5968 0.7088 0.5984 0.7111999999999999 0.5896 0.7124 0.5752 0.7128 0.564 0.7128 0.5504
2 0.5956 0.5552 0.592 0.552 0.5836 0.5408 0.5780000000000001 0.5376 0.5736 0.5384 0.5676 0.5448 0.5648000000000001 0.5592 0.5648000000000001 0.5736 0.5648000000000001 0.584 0.5668 0.5952000000000001 0.5696 0.6024 0.5728 0.604 0.5784 0.6016 0.582 0.6024 0.5856 0.608 0.5876 0.6095999999999999 0.5912000000000001 0.6088 0.5952000000000001 0.604 0.5976 0.5968 0.5992 0.5912000000000001 0.5996 0.5856 0.5988 0.5744 0.5992 0.564 0.5956 0.5552
2 0.5928 0.564 0.5916 0.5776 0.5916 0.5871999999999999 0.5948 0.6024 0.5972 0.6063999999999999 0.6028 0.6063999999999999 0.6088 0.6056 0.614 0.608 0.62 0.6063999999999999 0.6244 0.5976 0.6256 0.5864 0.6256 0.5728 0.6244 0.5648 0.6204000000000001 0.556 0.6116 0.5504 0.6008 0.5512 0.5956 0.5544 0.5928 0.564
2 0.6604 0.5432 0.6504 0.5408 0.6424000000000001 0.5424 0.632 0.5456 0.6264 0.5528 0.6236 0.5648 0.6204000000000001 0.5768 0.62 0.5864 0.6232 0.5968 0.626 0.5976 0.6284 0.6008 0.6324 0.6063999999999999 0.6392 0.6056 0.6456 0.6016 0.6504 0.5984 0.6564 0.6063999999999999 0.6616 0.6032 0.6664000000000001 0.592 0.6688000000000001 0.5824 0.6688000000000001 0.5744 0.6676 0.5599999999999999 0.6664000000000001 0.5512 0.6604 0.5432
2 0.584 0.6519999999999999 0.588 0.6688000000000001 0.5908 0.6784 0.598 0.6776 0.6052 0.676 0.6136 0.6712 0.6172 0.6664 0.6188 0.6552000000000001 0.6172 0.6432 0.6136 0.6328 0.6104 0.6304 0.6064 0.6304 0.6028 0.6288 0.5996 0.6336 0.5972 0.6368 0.5936 0.6336 0.5904 0.632 0.5863999999999999 0.6392 0.584 0.6519999999999999
2 0.6368 0.6264000000000001 0.6332 0.6232000000000001 0.6304 0.6264000000000001 0.6272 0.6272 0.6228 0.6264000000000001 0.6204000000000001 0.6264000000000001 0.6164 0.628 0.6136 0.6352 0.6112 0.644 0.614 0.6591999999999999 0.6176 0.6704 0.6212000000000001 0.676 0.6312 0.676 0.6384000000000001 0.6776 0.6456 0.6752 0.6531999999999999 0.6712 0.6587999999999999 0.6664 0.6628000000000001 0.6552000000000001 0.6636 0.6408 0.6636 0.6296 0.6587999999999999 0.62 0.6544 0.6248 0.6516000000000001 0.624 0.6468 0.6208 0.6424000000000001 0.624 0.6392 0.6296 0.6368 0.6264000000000001
2 0.6952 0.6120000000000001 0.6912 0.6144000000000001 0.6888 0.6184000000000001 0.6848 0.6184000000000001 0.6768 0.6184000000000001 0.6724 0.6192000000000001 0.6676 0.6184000000000001 0.6628000000000001 0.6272 0.66 0.64 0.6616 0.6527999999999999 0.6639999999999999 0.6656000000000001 0.6679999999999999 0.676 0.6732 0.6792 0.6808 0.6768 0.6876 0.6736 0.6932 0.672 0.6983999999999999 0.668 0.7048 0.6624000000000001 0.7100000000000001 0.6584000000000001 0.7136 0.6512 0.7128 0.6384 0.7124 0.6288 0.7080000000000001 0.6184000000000001 0.7060000000000001 0.6152000000000001 0.7036 0.6184000000000001 0.6992 0.6152000000000001 0.6952 0.6120000000000001
2 0.5076 0.5416 0.5028 0.5464 0.4988 0.5536 0.49760000000000004 0.5632 0.4968 0.5768 0.4972 0.5903999999999999 0.4984 0.6016 0.5024 0.6063999999999999 0.5084000000000001 0.6095999999999999 0.5132 0.6088 0.518 0.608 0.5204 0.604 0.5224 0.5944 0.5228 0.5824 0.5228 0.5720000000000001 0.5228 0.5624 0.5208 0.5528 0.5172 0.5472 0.5124 0.5424 0.5076 0.5416
2 0.48919999999999997 0.5464 0.48560000000000003 0.5408 0.48079999999999995 0.5392 0.4768 0.5448 0.4744 0.5544 0.4728 0.5616 0.4712 0.5712 0.47040000000000004 0.5864 0.4712 0.5984 0.4744 0.6048 0.47800000000000004 0.608 0.4832 0.6088 0.4888 0.608 0.4924 0.6072 0.4944 0.6056 0.4964 0.6024 0.498 0.5976 0.498 0.5928 0.49760000000000004 0.5768 0.49760000000000004 0.564 0.4944 0.5536 0.49200000000000005 0.5488000000000001 0.48919999999999997 0.5464
2 0.40359999999999996 0.6264000000000001 0.39840000000000003 0.628 0.39640000000000003 0.636 0.3976 0.6552000000000001 0.39840000000000003 0.664 0.402 0.668 0.4064 0.6704 0.4108 0.6712 0.42160000000000003 0.6728000000000001 0.428 0.6728000000000001 0.4324 0.6648000000000001 0.4336 0.6559999999999999 0.436 0.6424 0.43320000000000003 0.632 0.4296 0.6256 0.42519999999999997 0.6272 0.42160000000000003 0.6304 0.4172 0.6216 0.4124 0.62 0.408 0.624 0.40359999999999996 0.6264000000000001
2 0.37639999999999996 0.6160000000000001 0.36920000000000003 0.62 0.3652 0.6224000000000001 0.36 0.62 0.3544 0.6208 0.34919999999999995 0.6256 0.35 0.6432 0.35400000000000004 0.6608 0.35919999999999996 0.672 0.3656 0.6744 0.3716 0.676 0.3804 0.6704 0.38639999999999997 0.664 0.3892 0.6608 0.4 0.6576 0.4052 0.6544 0.40840000000000004 0.648 0.40840000000000004 0.6368 0.4056 0.6232000000000001 0.3992 0.6184000000000001 0.3928 0.6232000000000001 0.38880000000000003 0.6248 0.38320000000000004 0.6208 0.37639999999999996 0.6160000000000001
2 0.328 0.6152000000000001 0.3232 0.6127999999999999 0.31920000000000004 0.6072 0.3136 0.6088 0.31120000000000003 0.6088 0.3068 0.6103999999999999 0.3024 0.6176 0.3004 0.624 0.298 0.6336 0.2988 0.6487999999999999 0.30119999999999997 0.6616000000000001 0.3084 0.6688000000000001 0.3156 0.6744 0.3224 0.68 0.3272 0.68 0.3328 0.6808 0.342 0.6776 0.3476 0.6728000000000001 0.3532 0.6616000000000001 0.35600000000000004 0.6487999999999999 0.35600000000000004 0.6368 0.3532 0.6216 0.3488 0.6176 0.3448 0.6176 0.34159999999999996 0.6127999999999999 0.33320000000000005 0.6112 0.328 0.6152000000000001
2 0.33240000000000003 0.5544 0.3312 0.5488000000000001 0.3304 0.5416 0.328 0.5376 0.3232 0.536 0.316 0.5336 0.31 0.532 0.306 0.5328 0.29760000000000003 0.5304 0.294 0.5304 0.2908 0.5304 0.2872 0.5352 0.2856 0.5432 0.2848 0.5504 0.2848 0.5584 0.2848 0.5696 0.2864 0.584 0.2912 0.5903999999999999 0.296 0.588 0.3 0.5856 0.3044 0.5896 0.3116 0.5976 0.3168 0.6008 0.3228 0.5992 0.32560000000000006 0.5944 0.328 0.5888 0.3308 0.5856 0.3316 0.5744 0.33199999999999996 0.5624 0.33240000000000003 0.5544
9 0.3652 0.78 0.366 0.7919999999999999 0.3732 0.7944000000000001 0.3796 0.7872 0.3844 0.7672 0.392 0.7424 0.39399999999999996 0.7216 0.39799999999999996 0.692 0.3996 0.6776 0.40159999999999996 0.6584000000000001 0.39640000000000003 0.6576 0.39039999999999997 0.6599999999999999 0.3848 0.6648000000000001 0.3796 0.6712 0.37639999999999996 0.672 0.37079999999999996 0.6752 0.3652 0.6744 0.3608 0.6712 0.3572 0.6656000000000001 0.35479999999999995 0.6624000000000001 0.3544 0.6688000000000001 0.3544 0.6808 0.35400000000000004 0.6904 0.35159999999999997 0.7072 0.3504 0.7303999999999999 0.34719999999999995 0.7447999999999999 0.3452 0.7704 0.34640000000000004 0.7824 0.3528 0.7784 0.3588 0.7672 0.36160000000000003 0.7544000000000001 0.366 0.7336 0.3716 0.7160000000000001 0.3732 0.7216 0.3724 0.7343999999999999 0.3704 0.7487999999999999 0.3684 0.7648 0.3652 0.78
9 0.5004 0.5016 0.5008 0.5168 0.5004 0.5216 0.49960000000000004 0.5392 0.498 0.548 0.498 0.5552 0.5035999999999999 0.5439999999999999 0.508 0.5408 0.5116 0.54 0.5156 0.5456 0.5212 0.552 0.5196 0.5367999999999999 0.5184 0.5128 0.5176 0.4944 0.5164 0.4776 0.5156 0.4616 0.514 0.4496 0.51 0.44079999999999997 0.5072 0.4416 0.504 0.4528 0.502 0.4688 0.5004 0.4864 0.5004 0.5016
11 0.25520833312693497 0.60546875 0.23828125015479878 0.73046875 0.27213541671826624 0.75 0.30338541671826624 0.6549479166666666 0.25520833312693497 0.60546875
11 0.7682291665634675 0.7265625 0.7825520835913313 0.7005208333333334 0.723958333126935 0.6067708333333334 0.7070312501547988 0.6940104166666666 0.7682291665634675 0.7265625
11 0.7408854167182664 0.5221354166666666 0.7330729164086687 0.3971354166666667 0.71875 0.3828125 0.7070312501547988 0.5169270833333334 0.7408854167182664 0.5221354166666666
11 0.3046875003095975 0.5077194940476191 0.3046875003095975 0.3841145833333333 0.2773437498452012 0.3776041666666667 0.25130208359133127 0.50390625 0.3046875003095975 0.5077194940476191
13 0.28645833312693497 0.5364583333333334 0.317708333126935 0.5377604166666666 0.3736979164086688 0.5377604166666666 0.4231770835913312 0.5364583333333334 0.4661458334365325 0.53515625 0.5325520835913312 0.5455729166666666 0.5911458334365325 0.5481770833333334 0.6966145832817336 0.53515625 0.6966145832817336 0.5247395833333334 0.5963541665634675 0.5377604166666666 0.5338541665634675 0.53515625 0.46484374984520127 0.52734375 0.38671874984520127 0.53125 0.29557291640866873 0.5221354166666666 0.28645833312693497 0.5364583333333334
13 0.5234374996904024 0.7005208333333334 0.6223958334365325 0.6927083333333334 0.713541666873065 0.6861979166666666 0.7226562501547988 0.6666666666666666 0.6471354167182664 0.68359375 0.572916666873065 0.6809895833333334 0.4973958334365325 0.6796875 0.4244791665634675 0.66015625 0.28125 0.6666666666666666 0.29036458328173376 0.6692708333333334 0.4205729164086688 0.6796875 0.5234374996904024 0.7005208333333334
