11 0.29612512554535897 0.21961952929640943 0.36131948945921977 0.23824602181078477 0.3210052703175279 0.3793456768088098 0.25581095800248477 0.36071930953549153
11 0.23773585309686496 0.5092066068351616 0.3105269542079441 0.49579890892771317 0.32971982786148146 0.5999889095807215 0.25692875801746595 0.6133964882263376
2 0.27222831399035385 0.42727481430784353 0.29347703496364375 0.41240164191558537 0.3312843422723972 0.4664123044322654 0.31003567694745016 0.48128541001727
2 0.374447775314934 0.46909260971517 0.37060663023623874 0.4991805085362214 0.32418513160041584 0.49325444831188026 0.3280263641207739 0.4631666529465488
2 0.4294271215411527 0.5779569731247057 0.3869936528915332 0.5900796767109859 0.37235436562502855 0.5388416046874906 0.41478747408893923 0.5267189555687902
2 0.667548647874014 0.5267337346198492 0.6862432222550297 0.5504335124199087 0.6340855343811427 0.5915718638638237 0.6153911055125718 0.5678722197585526
2 0.6393330371389538 0.4965135636441895 0.6595592115330646 0.5130608670273245 0.6334696144170948 0.5449481383527088 0.613243489053616 0.5284008889858774
2 0.6796229170828383 0.5153512338491063 0.6504996233775273 0.5204714349442642 0.6437427920203618 0.482041632588123 0.6728659156250387 0.47692144687500326
2 0.6796604309477061 0.5575745787546944 0.6639691035414899 0.5394207690498188 0.7140581165124331 0.496129838929627 0.7297493779233264 0.5142835511815929
2 0.713533557829237 0.444785287313591 0.7282960028621801 0.4690360829289489 0.6796575909096418 0.4986421111131419 0.6648952598036431 0.4743914149789396
2 0.7468531309102673 0.3996512477813251 0.7673514380957158 0.4112614963189582 0.7315587205469001 0.47445116544069194 0.7110604539858514 0.4628409730198392
11 0.7275501213035795 0.4777930214009491 0.8001669581249189 0.4811918048022026 0.7953538901920183 0.5840171833194996 0.7227370554608115 0.5806184281162727
11 0.6873972343474861 0.2493367871263048 0.7409794658087776 0.22794177554589223 0.7892799314646481 0.34890395524321033 0.7356977734566499 0.370298841416958