1 0.5176796873065015 0.6315406250000001 0.5187406247678019 0.63808125 0.5187406247678019 0.6489828119047619 0.5194484377708978 0.65334375 0.5233374996904024 0.658429688095238 0.5254593752321981 0.6627906250000001 0.5321781250773994 0.6627906250000001 0.5378359374613003 0.657703125 0.5385437498452013 0.6409890630952381 0.5385437498452013 0.62790625 0.5374828123839009 0.6111921880952381 0.5360671876160991 0.6031984380952381 0.5307640625386997 0.595929688095238 0.5272281250773994 0.59665625 0.5201562501547987 0.5981109369047619 0.5173265622291021 0.610465625 0.5180343752321981 0.621365625 0.5176796873065015 0.6315406250000001
9 0.5327546724458204 0.7074028833333333 0.535670853869969 0.7299159988095238 0.5373372390092879 0.719910175 0.5340044693498452 0.6886419440476191 0.5327546724458204 0.6552891654761905 0.5282291572755419 0.6579166666666666 0.5298385232198143 0.6748839107142857 0.5327546724458204 0.7074028833333333
2 0.3557019560371517 0.5305006559523809 0.35195262972136226 0.5246639130952381 0.3490364482972136 0.5200779119047619 0.3465368866873065 0.5159088142857143 0.33820499442724455 0.5125735392857143 0.33112289845201237 0.5134073464285714 0.3257071554179567 0.5184102666666667 0.3227910055727554 0.5225793642857143 0.3240407708978328 0.5313344785714286 0.3294565133126935 0.5371712047619047 0.3344556365325077 0.5413403023809524 0.3386215826625387 0.5467601261904762 0.3452870904024768 0.5455094 0.34854165696594425 0.5407291666666666 0.35195262972136226 0.5380050273809523 0.3557019560371517 0.5305006559523809
2 0.3527858061919505 0.585532744047619 0.35820154922600617 0.5938709392857143 0.3636172600619195 0.5984569714285713 0.3690330030959752 0.5988738428571428 0.37861466068111455 0.5951216654761905 0.3886129380804954 0.595538569047619 0.3886129380804954 0.585115825 0.37694830712074306 0.585115825 0.36736661795665637 0.5830312761904761 0.36403384829721364 0.5830312761904761 0.35843749040247674 0.5756249999999999 0.3523692179566563 0.5763607273809523 0.3527858061919505 0.585532744047619
2 0.6294046452012384 0.5480108678571429 0.6348203882352941 0.5513461428571429 0.6423191040247678 0.5513461428571429 0.6544003226006192 0.5500954166666667 0.6627322154798762 0.5463432226190477 0.6693977547987616 0.5359204785714285 0.6723139046439628 0.5288330095238095 0.6702309312693497 0.5221624607142857 0.6618990390092879 0.5217455416666666 0.6564832959752321 0.5267484619047619 0.6514841733746131 0.5279991869047619 0.6464850501547988 0.5275822845238095 0.6439854569659443 0.5234131869047619 0.6381531578947368 0.5221624607142857 0.6308333238390094 0.5204166666666666 0.6289880253869969 0.5346697523809524 0.6294046452012384 0.5480108678571429
2 0.6239889021671826 0.5988738428571428 0.6273216718266253 0.6034598595238095 0.6344037678018576 0.6030429404761904 0.6435688371517028 0.6067951666666667 0.6498177566563467 0.6076289571428571 0.6564832959752321 0.6047106178571429 0.6568999157894737 0.596789294047619 0.6564832959752321 0.5901187773809524 0.6585662693498452 0.5880342285714286 0.655650119504644 0.5838650988095239 0.6460684303405573 0.5846989214285714 0.6394028910216718 0.585115825 0.6252386990712074 0.5909525678571428 0.6239889021671826 0.5988738428571428
2 0.517067320123839 0.5456921821428572 0.5189419913312694 0.5513204619047619 0.5198793151702786 0.5410019476190476 0.5208166625386997 0.5319341559523809 0.5188281176470588 0.52859375 0.5167548551083592 0.5341229345238095 0.517067320123839 0.5456921821428572
13 0.617167159752322 0.6421366869047619 0.5910846965944272 0.6595381202380952 0.5671757795665635 0.6584505464285715 0.5671757795665635 0.680746186904762 0.5997788786377709 0.674764405952381 0.631838518885449 0.6611695226190476 0.666071746130031 0.6415928785714287 0.6774828495356038 0.6383301154761906 0.6666151634674923 0.6203848738095238 0.6475967133126935 0.6296293773809524 0.617167159752322 0.6421366869047619
13 0.29548363095975233 0.6127717309523809 0.30743811021671824 0.6187534714285715 0.3242830154798762 0.6269104011904761 0.34058454427244583 0.6323483547619049 0.35199560619195047 0.6377863071428571 0.3911193003095976 0.6519249976190475 0.3922060526315789 0.6339797571428571 0.38351191207430346 0.6339797571428571 0.36177653993808045 0.6318045678571428 0.34656176346749223 0.622016255952381 0.3318904037151703 0.6133155178571428 0.2990489003095975 0.6020380440476191 0.29548363095975233 0.6127717309523809
13 0.6290022582043344 0.512206175 0.635061839628483 0.4913606880952381 0.617640586377709 0.4974248380952381 0.6047640482972136 0.5012149273809524 0.5990832123839009 0.50235195 0.600598079256966 0.5197863523809524 0.6146107956656347 0.5159962630952382 0.6290022582043344 0.512206175
0 0.36276040743034055 0.4996988857142857 0.36162425758513933 0.48984466071428573 0.35935190030959757 0.48340150833333334 0.35594342167182663 0.48719159642857146 0.3540498099071207 0.4913606880952381 0.3540498099071207 0.4993198821428571 0.35899620371517027 0.5010416666666667 0.36276040743034055 0.4996988857142857
11 0.6956574216718266 0.4242159011904762 0.6990659003095975 0.4348281464285714 0.7002020786377708 0.4507465214285714 0.7051254817337462 0.46780192023809525 0.7145935411764706 0.48637335952380956 0.7270913337461301 0.47310804999999995 0.7327721696594427 0.4670438988095238 0.7369381386996904 0.4556736333333333 0.7369381386996904 0.4317960785714286 0.7395891839009288 0.4181517654761905 0.7304998699690403 0.401096375 0.7198956315789473 0.3874520392857143 0.7126999294117646 0.3685015976190476 0.7100488260061919 0.35220421904761906 0.7077765263157895 0.3362858440476191 0.7036105572755418 0.32567359880952385 0.6948999306501549 0.3427289976190476 0.6865680495356037 0.363195475 0.6842957498452011 0.3745657547619048 0.6842802941176471 0.38361742499999996 0.6895978402476779 0.40564446190476194 0.6956574216718266 0.4242159011904762
11 0.7113638736842105 0.6185363297619048 0.7132153770897833 0.6472567821428571 0.7136782879256967 0.6639331654761904 0.7247874501547987 0.6727346000000001 0.7470058439628483 0.6579111571428571 0.7669098241486068 0.6481832880952382 0.77385306749226 0.6370656523809524 0.771538653250774 0.6254848261904762 0.7627438352941177 0.6213157392857143 0.7581150061919505 0.6088084428571429 0.7599665801857586 0.6046393392857142 0.772001493498452 0.6088084428571429 0.7747788191950464 0.6051025821428571 0.7752416600619195 0.5944482261904762 0.7696870792569659 0.5819409297619047 0.7599665801857586 0.5745291904761904 0.7479315962848296 0.5745291904761904 0.7419141040247678 0.5731394952380953 0.7349708600619196 0.5675806952380953 0.7284905275541795 0.566191 0.7171296191950464 0.5701388892857143 0.7159927027863777 0.5976908428571429 0.7113638736842105 0.6185363297619048
13 0.30418558885448915 0.4677399273809524 0.32311089907120744 0.4823913357142857 0.34060785139318883 0.48953835952380953 0.3570336043343654 0.4970427297619048 0.3616756421052632 0.4988294857142857 0.3756018111455109 0.4995441904761905 0.38595716842105265 0.504547113095238 0.3902421306501548 0.4920398202380952 0.3681031133126935 0.4881089488095238 0.3552481987616099 0.48382073214285715 0.3363228891640867 0.4763163619047619 0.32275379566563467 0.4702413892857143 0.30918471640866874 0.4595208523809524 0.29562499195046443 0.4474107142857143 0.2927589907120743 0.45737675119047616 0.30418558885448915 0.4677399273809524
13 0.4455897027863777 0.6794054214285714 0.466657493498452 0.6833362797619048 0.4866540303405573 0.6833362797619048 0.5080788972136223 0.683693625 0.5234333956656346 0.683693625 0.5234333956656346 0.6661834249999999 0.5073647455108359 0.667255475 0.48951069040247674 0.667255475 0.47415619133126935 0.667255475 0.4634437585139319 0.6640393095238095 0.45380257956656345 0.6608231571428571 0.44380429721362225 0.6576070178571429 0.4420535634674923 0.6541071428571429 0.43452019380804957 0.6786907035714286 0.4455897027863777 0.6794054214285714
