2 0.3695187498452012 0.4840109369047619 0.35855781238390094 0.47456406190476186 0.3539609374613003 0.467296875 0.34547343777089784 0.46584374999999995 0.33592656222910217 0.46584374999999995 0.32991562476780184 0.47601718809523813 0.3270859374613003 0.4840109369047619 0.3270859374613003 0.4978203119047619 0.326025 0.5109015619047619 0.3316828123839009 0.524709375 0.33734062476780186 0.5297968750000001 0.3444125003095975 0.5268890630952381 0.350425 0.534884375 0.35325312507739937 0.541425 0.35855781238390094 0.5465109369047619 0.3635078123839009 0.545784375 0.3670437498452013 0.541425 0.37022656222910216 0.5356109369047619 0.37340937523219814 0.52834375 0.37340937523219814 0.519621875 0.3737624996904025 0.5072671880952381 0.3748234377708978 0.4876453130952381 0.3695187498452012 0.4840109369047619
2 0.3525453126934985 0.5639531249999999 0.3497171876160991 0.5625 0.34547343777089784 0.560320311904762 0.34229062476780187 0.5639531249999999 0.33910937523219814 0.5712203130952381 0.3384015622291021 0.5813953130952382 0.3384015622291021 0.5981109369047619 0.33910937523219814 0.605378125 0.34865625015479873 0.6126453119047619 0.3592640625386997 0.619185938095238 0.3695187498452012 0.62209375 0.38224843777089784 0.6199125 0.3900281250773994 0.613371875 0.394625 0.5995640619047619 0.39533281238390094 0.582121875 0.39179687492260057 0.5748546869047618 0.3872 0.57049375 0.38118750030959747 0.574128125 0.37588437523219814 0.574128125 0.37022656222910216 0.57049375 0.36775156222910216 0.56540625 0.36527656222910215 0.561773438095238 0.3596187498452012 0.55959375 0.35608281238390094 0.558865625 0.3539609374613003 0.561773438095238 0.3525453126934985 0.5639531249999999
2 0.3868453126934984 0.625 0.39427187492260063 0.6293609380952381 0.399575 0.636628125 0.4066484377708978 0.6409890630952381 0.41372031269349846 0.6424421880952381 0.41902343777089784 0.645348438095238 0.42255937523219816 0.636628125 0.4253890625386997 0.62209375 0.4246812501547988 0.613371875 0.42326718761609905 0.6061046869047618 0.41937812507739936 0.603925 0.4133656247678018 0.6061046869047618 0.40982968730650154 0.597384375 0.40770937523219813 0.5893890630952381 0.4027578123839009 0.587209375 0.39674687492260063 0.59084375 0.39179687492260057 0.6010171880952381 0.3882609374613003 0.614098438095238 0.3868453126934984 0.625
2 0.43634999999999996 0.541425 0.43634999999999996 0.5486921880952381 0.4381187498452012 0.561773438095238 0.43953281238390096 0.5734015619047619 0.4430687498452012 0.5879359380952381 0.4519093752321981 0.5850296869047619 0.46145625015479874 0.5864828119047619 0.4692359374613003 0.5799421880952381 0.4692359374613003 0.564679688095238 0.468175 0.5436046869047618 0.46782187492260063 0.531976561904762 0.46534687492260063 0.52325625 0.46145625015479874 0.5152609369047619 0.4579203126934984 0.514534375 0.4476656247678018 0.5159890630952381 0.43953281238390096 0.527615625 0.43634999999999996 0.541425
2 0.5289953126934985 0.555959375 0.5314703126934984 0.5763078119047619 0.5343 0.5828484380952381 0.5420796873065016 0.5886625 0.5487984377708979 0.5864828119047619 0.5562234377708978 0.5813953130952382 0.5597593752321981 0.564679688095238 0.5601124996904024 0.5537796869047619 0.5572843752321982 0.5297968750000001 0.5555156247678018 0.516715625 0.5523343752321982 0.5094484380952381 0.5459687498452013 0.5043609369047619 0.5413718749226006 0.50799375 0.5328859374613003 0.5254359380952381 0.531117187616099 0.53924375 0.5289953126934985 0.555959375
2 0.615982812383901 0.56540625 0.6128 0.57049375 0.6085578123839009 0.57049375 0.605375 0.5697671880952381 0.600425 0.5683140619047619 0.594767187616099 0.566134375 0.5905234377708978 0.57049375 0.5905234377708978 0.5763078119047619 0.5905234377708978 0.591570311904762 0.5951203126934985 0.6126453119047619 0.6007781250773994 0.625 0.6067890625386997 0.624273438095238 0.6145687498452013 0.621365625 0.6219937498452013 0.613371875 0.6241156247678018 0.6126453119047619 0.6297734377708979 0.6097390630952381 0.6329562501547987 0.605378125 0.6400281250773994 0.594476561904762 0.6449781250773994 0.58575625 0.6428578123839009 0.572675 0.6400281250773994 0.561773438095238 0.6382609374613003 0.555959375 0.6357843752321982 0.552325 0.6294203126934985 0.55450625 0.6241156247678018 0.55450625 0.6181046873065015 0.558865625 0.615982812383901 0.56540625
2 0.6591234377708978 0.530523438095238 0.6520515622291022 0.53125 0.6481609374613003 0.534884375 0.6425031250773994 0.5421515619047619 0.639675 0.54941875 0.6382609374613003 0.564679688095238 0.639675 0.583575 0.6474546873065016 0.593023438095238 0.6566484377708979 0.593023438095238 0.6647812501547987 0.58575625 0.6718531250773995 0.582121875 0.6799859374613003 0.577034375 0.684582812383901 0.5734015619047619 0.6888265622291021 0.5675875 0.6898874996904025 0.5537796869047619 0.6891796873065015 0.541425 0.6859968749226006 0.533429688095238 0.6817531250773994 0.524709375 0.6775109374613004 0.521075 0.6750359374613003 0.5203484380952381 0.6697312501547987 0.52325625 0.6651343752321981 0.5327031249999999 0.6612453126934985 0.53125 0.6591234377708978 0.530523438095238
11 0.6901041665634675 0.6380208333333334 0.7434895832817336 0.62109375 0.760416666873065 0.5364583333333334 0.6940104167182664 0.5169270833333334 0.6901041665634675 0.6380208333333334
11 0.27473958328173376 0.5143229166666666 0.21744791640866873 0.5546875 0.2213541665634675 0.609375 0.2890624996904025 0.6158854166666666 0.27473958328173376 0.5143229166666666
13 0.5 0.6822916666666666 0.5598958334365325 0.671875 0.6914062501547988 0.5807291666666666 0.6914062501547988 0.56640625 0.5507812501547987 0.66796875 0.4244791665634675 0.6627604166666666 0.28255208359133127 0.5846354166666666 0.29036458328173376 0.6041666666666666 0.4192708334365325 0.6705729166666666 0.5 0.6822916666666666
13 0.296875 0.4401041666666667 0.36588541671826624 0.4817708333333333 0.44140625015479873 0.5182291666666666 0.5273437498452013 0.5234375 0.5664062501547987 0.5143229166666666 0.614583333126935 0.484375 0.6914062501547988 0.4283854166666667 0.6861979164086687 0.421875 0.6171875003095976 0.46875 0.552083333126935 0.5052083333333334 0.5078125003095976 0.5065104166666666 0.4505208334365325 0.50390625 0.4036458334365325 0.48828125 0.35546874984520127 0.4609375 0.29817708359133127 0.4231770833333333 0.296875 0.4401041666666667
