1 0.6826488831045481 0.529723071042838 0.6329076451924038 0.5381409128562946 0.6212219882576164 0.4690938060116614 0.6709627076238576 0.4606760089983426
1 0.6451828231823811 0.6254913001220185 0.5976288385546695 0.6121463025336082 0.6170112331936934 0.5430870920163028 0.6645646442919997 0.5564320041799237
1 0.2672990922403642 0.4366039017200675 0.3113991047489435 0.42945104019171215 0.3252609581506931 0.5149088718816375 0.28116095630207383 0.5220616886353964
1 0.36669055152594865 0.4672967970585364 0.3666906995897534 0.5319766043661626 0.312942124816459 0.5319764761303762 0.31294224075236343 0.46729693194173544
1 0.39366318473548745 0.5402807256144817 0.36217068561791166 0.5387978391931798 0.36534754500598865 0.47133877602942037 0.3968397181497494 0.4728216547819878
1 0.396058340997115 0.4699031373028137 0.4323900028857679 0.47211287422097215 0.4280014129031997 0.5442629318365532 0.3916697520674006 0.5420532072694249
1 0.37681795006585617 0.6071555710185566 0.3197602946512461 0.5910865272617598 0.3349996940244182 0.5369813255558836 0.39205682325587077 0.5530502907834031
2 0.3293968459266807 0.5360410033654052 0.3248326457184021 0.5672275265079385 0.2904357832965161 0.5621938604415271 0.29500005795330253 0.5310074278921548
11 0.2865489065350175 0.6518542587027011 0.20599207462157665 0.6525456583637401 0.20506416322973564 0.5443415620332618 0.2856194355935031 0.543650168983347
2 0.6847167544166268 0.45324541058282497 0.7162260981122017 0.4542617710325908 0.7147341463773955 0.5005123325227159 0.6832248028412096 0.4994959754855224
2 0.6533687258901182 0.5616361733758142 0.6546226706109337 0.5265323346036566 0.70223589447221 0.5282329685189242 0.7009820935496691 0.563336667510798
11 0.6985194150273628 0.5493146142666456 0.7727353006846442 0.5465318426540172 0.777493112419279 0.6734080408754013 0.7032772282836959 0.6761907798153867
9 0.3424084231598954 0.6093104871818572 0.35039844038715273 0.6112892724767336 0.3300646922003807 0.6933833926116186 0.3220746809120101 0.6914046238744636
9 0.35556180404728366 0.704519257729213 0.35105575100465103 0.7042642309417254 0.35591069138763487 0.6184949753927695 0.3604166671874509 0.6187499999999996
9 0.643028924031114 0.7139423025822834 0.6373509007451048 0.7143272012006874 0.6317912028652017 0.632321508687717 0.6374691311596052 0.6319366132915469
9 0.677884930272171 0.7079326096632826 0.6706619415931527 0.7098270217804199 0.6459021478311797 0.6154360603486598 0.6531249999999318 0.61354166718751
9 0.31009611161277917 0.3557692229479527 0.31703030422613665 0.3571559955104629 0.3050111146058043 0.41725215193076265 0.29807692343740655 0.41586538437498904
9 0.334134615625 0.3581730765625 0.34375 0.3581730765625 0.34375 0.4447115390625 0.334134615625 0.4447115390625
9 0.3565462120268421 0.4432898040183249 0.3430904110650772 0.44478482329769875 0.33390010336700016 0.36207193513361335 0.3473557687500488 0.3605769234374985
9 0.37860579347068324 0.44591346047109565 0.3730290103457037 0.4460186774887821 0.371282190499187 0.35343552858296046 0.37685891041451214 0.3533303121639467
9 0.41466348600829406 0.4543269234374998 0.4050480460275594 0.4543269234374998 0.4050480861591268 0.39903846093749995 0.4146634585497395 0.39903846093749995
9 0.6394050982850104 0.3799328036439671 0.6513907160023109 0.3787035749533413 0.6592856953379851 0.4556798313568475 0.6473000785667864 0.45690905401355497
9 0.3028846156249756 0.4290865390625 0.3010817130544865 0.42848560274906294 0.30949519123987557 0.40324522170498883 0.3112980881873 0.4038461569997519
9 0.3128124888828552 0.40406248861940247 0.3102884378829458 0.4037019251068307 0.3171875042392003 0.35540866906333424 0.3197115412773428 0.3557692315663895
9 0.32320726779369124 0.3689731915183822 0.3298436373979712 0.3700100701510528 0.3191363686007662 0.4385368741973957 0.3125 0.4374999999999946
9 0.6622202275852942 0.44033730636482704 0.6517082811476484 0.4393817248929254 0.6572352051866801 0.3785860680467687 0.6677470715297886 0.37954164583916505