1 0.5793635596093054 0.5831653913944765 0.629192451001245 0.5887599108987923 0.6234592781038373 0.6398180314739684 0.5736303913638494 0.6342235387251404
1 0.36890421961732045 0.6456752238400834 0.3671804106252239 0.5995324367184217 0.4240863998657005 0.5974067601302443 0.4258104482670433 0.6435492976695746
11 0.2864695017832446 0.3676023707961517 0.32013672142352334 0.365622067957651 0.3281892786625349 0.5025165385818895 0.29452206067014686 0.5044968232433271
11 0.2631253238350837 0.7061368559444856 0.22982469948544804 0.6359760713192665 0.3109772547995817 0.5974633651759074 0.34427802475477165 0.6676235296785582
2 0.6242052825210749 0.5802166312582258 0.6608104253969032 0.5795855780270058 0.661769109104057 0.6351892949102741 0.625163966313039 0.6358203448972916
11 0.7523706102946335 0.6953492007797688 0.7041669965689152 0.7199398840562725 0.6461294844034455 0.606186175165852 0.6943320970959803 0.5815957978779969
11 0.6654851663715817 0.3495860065207198 0.7041690698367802 0.34808380934572836 0.7097108831399055 0.49078685647947806 0.6710269805062126 0.4922890397344366
2 0.6132091354372733 0.5649230232987889 0.6060336805766156 0.5418610562865369 0.6342684992727072 0.5330769312441423 0.6414439855666387 0.556138841213033
2 0.35747632766833703 0.5620786765326174 0.339295917782124 0.5802574273813667 0.30640735257532015 0.5473688572410912 0.3245876909046501 0.5291901778137251
2 0.38523732778219255 0.5410882132727722 0.39842269896803373 0.5715478866186596 0.3652788103954663 0.5858937103626662 0.35209355046913515 0.5554341313678856
2 0.4151454234870471 0.5752564000269689 0.401348364585715 0.5644597370359535 0.41958829657824026 0.5411531882505722 0.4333853100073384 0.5519498239777052
2 0.3691944946390322 0.6022893751428733 0.36559028059105003 0.63337318771845 0.32996395749489693 0.6292426240592904 0.3335682617055227 0.5981589155406118
9 0.3953198114230645 0.6732218630659721 0.40129589294258494 0.6739910546374003 0.39357109609238705 0.7339984771121925 0.38759501552169695 0.7332292905218555
9 0.6152244933257407 0.7459935856718255 0.6023197571458923 0.7463202412836839 0.5998334355247152 0.6481054582239786 0.6127379046292845 0.6477788059769704
7 0.6208332730766415 0.7322916418494696 0.6382754065233485 0.7396900345072392 0.6236921152028572 0.774065028094804 0.6062500000000455 0.7666666671874987
9 0.36770833281252635 0.7572916671874951 0.3566238375426565 0.7542205139872835 0.38228144026379596 0.6616313223842272 0.3933657207892338 0.6647024443248077
9 0.6072750433870624 0.6488665149401147 0.6152501485055382 0.6474167160964152 0.6319333435229737 0.7391752318893074 0.6239582422554122 0.7406250164622677