2 0.36565781238390094 0.4772703119047619 0.36340312507739936 0.4807 0.36142968730650155 0.482415625 0.3580468749226006 0.48184374999999996 0.3546625003095975 0.48413125 0.3526906247678019 0.48927656309523815 0.3526906247678019 0.49442187499999996 0.35522656222910215 0.4915625 0.3572 0.48813281190476193 0.3572 0.49270624999999996 0.35550937523219817 0.49785156190476193 0.3529718749226006 0.508142188095238 0.3504343752321981 0.52300625 0.35127968730650155 0.5390140630952381 0.35438125015479877 0.544159375 0.35945625015479876 0.5407296880952381 0.36171093746130034 0.54701875 0.3665031250773994 0.548734375 0.36932187492260066 0.5418734369047619 0.3698859374613003 0.5287234369047619 0.37129531269349847 0.512715625 0.37411562476780186 0.5069984369047619 0.3749609374613003 0.49956718690476193 0.37411562476780186 0.4904203130952381 0.3749609374613003 0.47212499999999996 0.37411562476780186 0.4675515630952381 0.37016874984520126 0.4698390619047619 0.3679125003095975 0.4755546869047619 0.36565781238390094 0.4772703119047619
2 0.3738328123839009 0.5493046869047619 0.3780625003095975 0.5515921880952381 0.38031718761609906 0.5533078130952381 0.38341874984520125 0.5533078130952381 0.3862375003095975 0.5424453130952381 0.3890562501547987 0.5264375 0.388775 0.513859375 0.3845453126934984 0.5132875 0.38229062476780185 0.5069984369047619 0.3777796873065015 0.5069984369047619 0.37411562476780186 0.5092859369047619 0.3718593752321982 0.515003125 0.37157812507739935 0.524721875 0.3718593752321982 0.532154688095238 0.3738328123839009 0.53615625 0.3738328123839009 0.5493046869047619
2 0.388775 0.5567375 0.3944125003095975 0.557309375 0.39723125015479877 0.558453125 0.3997687498452012 0.5601671869047619 0.40399687492260067 0.5567375 0.4048437498452013 0.545875 0.4068171876160991 0.515575 0.4054078123839009 0.5104296880952381 0.4014609374613003 0.5012828130952381 0.3963859374613003 0.502996875 0.39384843777089784 0.5087140630952381 0.39215781238390096 0.5069984369047619 0.38821093746130025 0.519004688095238 0.3865187498452013 0.537871875 0.3862375003095975 0.5527359369047619 0.388775 0.5567375
9 0.37693437523219814 0.40066250000000003 0.37552500000000005 0.3720765619047619 0.37411562476780186 0.4138109369047619 0.3727062501547988 0.44068125 0.37693437523219814 0.43210624999999997 0.37693437523219814 0.40066250000000003
9 0.4031515622291022 0.4178125 0.4031515622291022 0.3806515619047619 0.4014609374613003 0.37550625 0.3997687498452012 0.4258171880952381 0.4008968749226006 0.44468281190476194 0.4011781250773994 0.461834375 0.405125 0.4486859369047619 0.4031515622291022 0.4178125
9 0.405125 0.4441109369047619 0.4059703126934985 0.4486859369047619 0.40963593746130034 0.4441109369047619 0.4076624996904025 0.42810312500000003 0.40879062476780187 0.4120953119047619 0.4110453126934984 0.398375 0.4113265622291022 0.3909421869047619 0.40738125015479876 0.407521875 0.4045609374613003 0.4252453119047619 0.405125 0.4441109369047619
9 0.378625 0.419528125 0.3777796873065015 0.4332484380952381 0.38200781238390097 0.429246875 0.3828546873065016 0.41438281190476195 0.3817265622291021 0.4029484380952381 0.3825718749226006 0.3920859380952381 0.38426406253869966 0.3806515619047619 0.38144531269349846 0.3823671880952381 0.37947187492260065 0.4052359380952381 0.378625 0.419528125
2 0.7327046873065016 0.662503125 0.7369343752321982 0.65335625 0.7397531250773994 0.6470671880952381 0.7380609374613003 0.6407781250000001 0.7346781250773993 0.627057811904762 0.7312953126934985 0.611621875 0.7262203126934984 0.5967578130952381 0.7197374996904025 0.587609375 0.7143812501547988 0.5921828119047619 0.7081781250773994 0.60133125 0.7031046873065016 0.599615625 0.699157812383901 0.601903125 0.6969031250773994 0.60990625 0.6901359374613003 0.6161953130952381 0.6864718749226006 0.6241984380952381 0.6861890625386997 0.6350609380952381 0.6884453126934984 0.64249375 0.6935187498452013 0.644779686904762 0.6946468749226006 0.655071875 0.6963390625386997 0.6693640619047618 0.7000031250773995 0.676225 0.700567187616099 0.6825125000000001 0.7008484377708979 0.6922328130952381 0.7087421876160991 0.6910890630952381 0.7098703126934984 0.6996640630952381 0.7146625003095975 0.70309375 0.7174812501547988 0.6956625 0.7188906247678019 0.6882296869047619 0.7236843752321982 0.6767953130952381 0.7293218749226006 0.6739375 0.7327046873065016 0.662503125
9 0.747082812383901 0.7048093750000001 0.7544125003095975 0.7151 0.76005 0.7259625 0.7648421876160991 0.7339671880952381 0.7693531250773994 0.7442578119047619 0.7693531250773994 0.737396875 0.7575124996904025 0.7122421869047619 0.7482093752321981 0.6956625 0.747082812383901 0.7048093750000001
9 0.7157906247678019 0.717959375 0.7194546873065015 0.7316796869047619 0.7248109374613003 0.7431140619047619 0.73045 0.7505453119047619 0.7366515622291021 0.759121875 0.7425718749226007 0.7665531250000001 0.7414437498452012 0.75969375 0.7310140625386996 0.7425421869047619 0.7245296873065015 0.726534375 0.720582812383901 0.7059531250000001 0.7172000000000001 0.6905171869047619 0.7160718749226006 0.6996640630952381 0.7135343752321981 0.7025234380952381 0.7157906247678019 0.717959375
0 0.4130187498452012 0.6939468750000001 0.41752968730650153 0.6916609380952381 0.42316718761609906 0.6825125000000001 0.42485937523219813 0.666504688095238 0.42316718761609906 0.655642188095238 0.418375 0.6464953130952381 0.4138640625386997 0.6527843750000001 0.4113265622291022 0.662503125 0.4104812501547988 0.673365625 0.4110453126934984 0.6876578119047619 0.4130187498452012 0.6939468750000001
2 0.4124546873065016 0.627057811904762 0.40794374984520126 0.623626561904762 0.40427968730650155 0.625342188095238 0.4014609374613003 0.625342188095238 0.3966671876160991 0.620196875 0.39356718761609905 0.617339063095238 0.3879281250773994 0.619625 0.38341874984520125 0.619625 0.37834374984520125 0.62076875 0.37355156222910213 0.6333468750000001 0.37016874984520126 0.65335625 0.3707328123839009 0.6687921869047619 0.3743968749226006 0.672221875 0.3791890625386997 0.675653125 0.3828546873065016 0.6830843750000001 0.3845453126934984 0.6859437500000001 0.38764687492260064 0.6916609380952381 0.3907484377708978 0.6910890630952381 0.3944125003095975 0.6785109369047619 0.3958218749226006 0.6659328130952381 0.39892343777089784 0.666504688095238 0.40399687492260067 0.6693640619047618 0.4076624996904025 0.6710781250000001 0.4121734377708979 0.6636468750000001 0.41358281238390093 0.655642188095238 0.4149921876160991 0.6407781250000001 0.4124546873065016 0.627057811904762
9 0.3907484377708978 0.6910890630952381 0.3865187498452013 0.6945187500000001 0.3845453126934984 0.6882296869047619 0.38229062476780185 0.677939063095238 0.3805984377708978 0.6830843750000001 0.3789078123839009 0.6990921869047619 0.37693437523219814 0.723104688095238 0.3746781250773994 0.7556921869047619 0.37157812507739935 0.7819906249999999 0.3727062501547988 0.8019999999999999 0.3746781250773994 0.7945671880952381 0.3758062501547988 0.7819906249999999 0.378625 0.7642671880952381 0.3811624996904025 0.7396843750000001 0.38567343777089785 0.7162437500000001 0.3907484377708978 0.6910890630952381
0 0.3711909653250774 0.6363410988095238 0.3737284656346749 0.6271926619047619 0.37260034055727553 0.6237629738095238 0.370345653250774 0.6237629738095238 0.3675253405572755 0.6243348488095238 0.36104252817337457 0.6271926619047619 0.3579409653250774 0.6289082869047619 0.3562503405572755 0.6374832869047619 0.3562503405572755 0.6523489119047619 0.35906909040247675 0.6649254738095238 0.3641425281733746 0.660923911904762 0.3669628408668731 0.6546348488095238 0.3694987783281734 0.6466317238095238 0.3711909653250774 0.6363410988095238
2 0.3161515622291022 0.60956875 0.3161515622291022 0.6205984380952381 0.32038125015479874 0.63898125 0.3288421876160991 0.642657811904762 0.3366968749226006 0.651235938095238 0.3445531250773994 0.658589061904762 0.35180468730650155 0.6536875 0.3566390625386997 0.6377562499999999 0.3566390625386997 0.6169218750000001 0.34878437523219813 0.60711875 0.3379062501547988 0.6034421869047619 0.33005 0.5948625000000001 0.32098593746130033 0.5973140619047619 0.3161515622291022 0.60956875
11 0.2413344557275542 0.5563268226190476 0.229357559752322 0.5683037190476191 0.2155841294117647 0.5862690630952381 0.20240954365325078 0.6114205452380952 0.20240954365325078 0.6347754916666667 0.2155841294117647 0.6515431464285715 0.23295062848297213 0.6575315952380952 0.24852059380804953 0.6533396809523809 0.26588709287925694 0.6401650952380953 0.2844512817337461 0.628787044047619 0.29642817770897834 0.6174089928571429 0.30241662600619196 0.5976471142857143 0.30241662600619196 0.5886644428571429 0.30002124705882355 0.5730944773809524 0.29523048854489164 0.56471065 0.29283510897832815 0.5509372202380952 0.2886431956656347 0.5383614785714286 0.28085821300309594 0.5233903583333334 0.27067785139318884 0.5209949797619048 0.25271250712074306 0.5449487714285713 0.2413344557275542 0.5563268226190476
25 0.3736791578947369 0.45152898214285714 0.37128377832817333 0.4623081880952381 0.37188262352941176 0.47009317142857143 0.3754756922600619 0.46949432619047615 0.3784699164086687 0.4635058785714286 0.3814641399380805 0.4557208952380952 0.3832606743034056 0.4407497761904762 0.3814641399380805 0.4335636380952381 0.3802664507739938 0.43416248333333335 0.3748768470588235 0.4353601726190476 0.3736791578947369 0.45152898214285714
25 0.39583641547987614 0.500634255952381 0.407214466873065 0.5060238595238096 0.41080753560371513 0.46470356785714284 0.41200522538699685 0.4479359130952381 0.4012260185758514 0.46590125714285713 0.39583641547987614 0.500634255952381
7 0.7359802637770898 0.638967405952381 0.7383756433436532 0.6623223535714285 0.7485560049535603 0.6844796107142856 0.7665213492260061 0.7024449547619047 0.7880797622291021 0.7120264714285713 0.8024520371517028 0.6946599726190475 0.8054462613003096 0.6760957833333334 0.8036497269349845 0.6653165773809523 0.8000566582043345 0.6521419916666666 0.7886786068111455 0.6251939750000001 0.7850855380804954 0.6150136130952382 0.7593352111455108 0.6060309416666667 0.7485560049535603 0.6233974404761905 0.7359802637770898 0.638967405952381
6 0.6653165770897833 0.6449558535714286 0.6671131114551083 0.6467523880952382 0.6719038699690402 0.6437581642857142 0.6725027151702787 0.6437581642857142 0.6766946284829721 0.6365720261904761 0.6629211981424149 0.6341766476190477 0.6653165770897833 0.6449558535714286
6 0.29311572445820433 0.6230145988095238 0.29311572445820433 0.631060911904762 0.29886309164086683 0.635658805952381 0.3023115114551084 0.6345093321428572 0.3138062458204334 0.6115198642857143 0.29771361795665635 0.6069219702380952 0.29311572445820433 0.6230145988095238
