1 0.35621093746130034 0.501942188095238 0.3525453126934985 0.49851249999999997 0.3460624996904025 0.49736875 0.3409875003095975 0.500798438095238 0.33535 0.5030859380952382 0.33224843777089785 0.51680625 0.3285828123839009 0.5288125 0.3271734377708978 0.5425328119047619 0.32886562476780185 0.5545390619047619 0.33422187492260064 0.5665453119047619 0.33929687492260063 0.57340625 0.34549843777089784 0.5722625 0.3525453126934985 0.567117186904762 0.3573390625386997 0.5591125 0.35959374984520126 0.549965625 0.36015781238390093 0.5373875 0.3607218749226006 0.528240625 0.36100312507739934 0.518521875 0.3587484377708979 0.507659375 0.35621093746130034 0.501942188095238
1 0.36551406253869967 0.5242390619047619 0.36213125015479875 0.533957813095238 0.35818437523219815 0.5591125 0.3573390625386997 0.567117186904762 0.35818437523219815 0.5774078119047619 0.363257812383901 0.5882703130952381 0.3705874996904025 0.593415625 0.37622656222910217 0.5939875 0.3835562501547988 0.5876984380952381 0.38862968730650155 0.5779796869047619 0.38947656222910215 0.5636859380952381 0.38975781238390095 0.5465359380952381 0.3872203126934985 0.5328140619047619 0.38242812507739943 0.5259546880952382 0.3765078123839009 0.5202375 0.37284374984520124 0.51909375 0.3691781250773994 0.5219515619047619 0.36551406253869967 0.5242390619047619
9 0.35621093746130034 0.45391875 0.3494453126934985 0.485934375 0.3471890625386997 0.49679687499999997 0.3511359374613003 0.4927953119047619 0.3545187498452012 0.4910796869047619 0.3584656247678018 0.4602078130952381 0.363257812383901 0.4310515619047619 0.36946093746130027 0.40189375 0.3705874996904025 0.3841703119047619 0.36354062476780186 0.4184734369047619 0.35621093746130034 0.45391875
9 0.39567812507739936 0.41275625000000005 0.39708749969040247 0.38645781309523813 0.3931406247678018 0.4247625 0.38975781238390095 0.453346875 0.3866578123839009 0.47678750000000003 0.3818640625386997 0.48993593809523805 0.3832734377708978 0.5025140619047619 0.3827109374613003 0.5150921869047619 0.3858109374613003 0.5236671869047619 0.38834843777089784 0.4905078130952381 0.3934234377708979 0.4607796869047619 0.3951140625386997 0.43562500000000004 0.39567812507739936 0.41275625000000005
2 0.64235 0.51795 0.6375578123839009 0.5288125 0.6381203126934986 0.5368171869047619 0.638967187616099 0.54825 0.6353015622291022 0.5573984380952381 0.6355843752321981 0.5648296869047619 0.6381203126934986 0.5722625 0.64235 0.5756921869047619 0.647142187616099 0.571690625 0.6550359374613003 0.568260938095238 0.6587000000000001 0.568260938095238 0.6640562501547987 0.5648296869047619 0.6677218749226007 0.5659734369047619 0.6716687498452012 0.5636859380952381 0.6722328123839009 0.553967186904762 0.6682859374613003 0.539675 0.6609562501547988 0.5259546880952382 0.6556000000000001 0.51909375 0.6496796873065015 0.5156640619047619 0.64235 0.51795
2 0.7184656247678018 0.5556828130952381 0.7142375003095975 0.5448203130952382 0.7097265622291021 0.5368171869047619 0.7063437498452012 0.52995625 0.703525 0.5230953119047619 0.6953484377708978 0.5213796869047619 0.6930937498452012 0.529384375 0.6922484377708978 0.5373875 0.6860453126934984 0.5448203130952382 0.6823812501547988 0.54939375 0.680407812383901 0.5579703130952381 0.682098437770898 0.5751203130952381 0.6860453126934984 0.5876984380952381 0.6950671876160991 0.5962734369047619 0.7007046873065015 0.5997046869047619 0.7119812501547987 0.6077078119047619 0.7212843752321981 0.6077078119047619 0.7226937498452012 0.6059921869047619 0.7243859374613004 0.600276563095238 0.7280500000000001 0.5917 0.7294593752321981 0.583696875 0.7272046873065016 0.5751203130952381 0.7229765622291022 0.5665453119047619 0.7184656247678018 0.5556828130952381
9 0.7506031250773993 0.59284375 0.7413 0.585410938095238 0.733125 0.5779796869047619 0.7280500000000001 0.56883125 0.7260765622291022 0.57111875 0.7297421876160991 0.580265625 0.733125 0.592271875 0.7384812501547987 0.59513125 0.7469390625386997 0.600846875 0.7539859374613003 0.605421875 0.7613156247678019 0.6157125 0.7700546873065015 0.628289061904762 0.7776671876160991 0.642582813095238 0.7756937498452012 0.634578125 0.7709015622291021 0.6242875000000001 0.7661078123839009 0.613996875 0.7587781250773994 0.601990625 0.7506031250773993 0.59284375
9 0.72495 0.5997046869047619 0.7212843752321981 0.6059921869047619 0.7159281250773993 0.6082796869047619 0.7252312501547987 0.619714063095238 0.7334062501547988 0.629432811904762 0.7432734377708978 0.639723436904762 0.75455 0.6494421869047619 0.7689281250773994 0.6545875000000001 0.7745656247678018 0.656303125 0.772875 0.6523015630952381 0.7666718749226006 0.6488703119047619 0.7593421876160992 0.644296875 0.7506031250773993 0.6385796869047619 0.7413 0.627145313095238 0.7288968749226006 0.6111375 0.72495 0.5997046869047619
0 0.40864531269349846 0.643153125 0.40328906253869967 0.6374375 0.3984968749226006 0.645440625 0.3934234377708979 0.654015625 0.38693906253869964 0.668309375 0.38693906253869964 0.693464061904762 0.3939874996904025 0.6940359380952381 0.4027265622291022 0.687746875 0.41146562476780185 0.675740625 0.41569374984520124 0.66430625 0.415975 0.6580187500000001 0.4140031250773994 0.6517296880952381 0.40864531269349846 0.643153125
0 0.3539562501547988 0.66545 0.3564921876160991 0.6580187500000001 0.359875 0.6505859380952381 0.359875 0.643153125 0.356775 0.6374375 0.3514187498452013 0.643153125 0.3511359374613003 0.659160936904762 0.3539562501547988 0.66545
0 0.31420625015479875 0.605421875 0.3119515622291022 0.611709375 0.31110468730650154 0.626003125 0.31674374984520126 0.627717188095238 0.3187171876160991 0.621429686904762 0.3198437498452012 0.6162843749999999 0.3175890625386997 0.6059921869047619 0.31420625015479875 0.605421875
2 0.3305562501547988 0.601990625 0.3252 0.5962734369047619 0.32153593746130027 0.61456875 0.3246374996904025 0.621429686904762 0.3246374996904025 0.629432811904762 0.33337656222910217 0.63400625 0.33337656222910217 0.6385796869047619 0.33309374984520124 0.650014063095238 0.33760468730650156 0.659732811904762 0.3440890625386997 0.646584375 0.3466265622291022 0.645440625 0.3517 0.6191421869047619 0.3480359374613003 0.6128531249999999 0.34747187492260057 0.6059921869047619 0.34267968730650156 0.6065640630952381 0.33901406253869965 0.60485 0.3345031250773994 0.6065640630952381 0.3305562501547988 0.601990625
2 0.2941906247678019 0.547678125 0.28967968730650157 0.5471078119047619 0.28404218761609906 0.5614 0.28291406253869966 0.567117186904762 0.2843234377708978 0.570546875 0.2868609374613003 0.5785515630952381 0.28855156222910217 0.5894140630952381 0.29362656222910216 0.5968453119047619 0.2995468749226006 0.5968453119047619 0.3043390625386997 0.589984375 0.3085671876160991 0.5876984380952381 0.31110468730650154 0.580265625 0.31420625015479875 0.5676890630952381 0.31054062476780186 0.5659734369047619 0.30913125015479875 0.5573984380952381 0.3043390625386997 0.555110938095238 0.2992656247678019 0.5465359380952381 0.2941906247678019 0.547678125
6 0.645003080495356 0.6135984357142857 0.6353401126934984 0.6208456619047619 0.6099748229102167 0.6401715964285715 0.6003118557275542 0.6498345642857143 0.5991039845201239 0.652250305952381 0.6003118557275542 0.6534581773809524 0.6365479839009288 0.6582896607142856 0.6594975318885449 0.6534581773809524 0.6703683702786377 0.6329243714285714 0.6764077244582043 0.6268850166666666 0.6836549504643963 0.6135984357142857 0.682447079256966 0.5966882428571428 0.6619132736842106 0.611182694047619 0.645003080495356 0.6135984357142857
6 0.3067992179566563 0.4771090202380952 0.2910968959752322 0.4674460523809523 0.2717709609907121 0.45415947261904765 0.2633158643962848 0.4601988273809524 0.26814734798761614 0.48435624523809523 0.2826417993808049 0.49643495476190475 0.2947205083591331 0.507305794047619 0.3067992179566563 0.5121372773809524 0.3261251529411765 0.5085136642857143 0.33095663653250773 0.5048900511904761 0.33095663653250773 0.4976428261904762 0.32370941114551083 0.4879798583333333 0.3067992179566563 0.4771090202380952
6 0.6776155956656347 0.5169687607142858 0.6957336594427245 0.5121372773809524 0.7053966272445821 0.5024743095238096 0.7029808854489163 0.4916034714285714 0.6957336594427245 0.4807326333333333 0.6909021758513931 0.4807326333333333 0.6860706922600619 0.48194050357142854 0.6848628210526316 0.48314837499999996 0.6848628210526316 0.48435624523809523 0.6691604990712073 0.49885069642857144 0.6776155956656347 0.5169687607142858
0 0.6216408625386997 0.5173424178571429 0.6221941702786378 0.5214922238095239 0.6238540922600619 0.5245354142857143 0.6268972829721362 0.5239821071428571 0.6268972829721362 0.5201089547619048 0.6268972829721362 0.5170657642857143 0.6280038978328174 0.5154058416666667 0.6282805517027864 0.5134692666666667 0.6288338588235294 0.510426075 0.6291105126934984 0.5076595380952381 0.6293871665634675 0.5046163476190476 0.6291105126934984 0.5037863869047619 0.6247559213622291 0.5030290666666667 0.6230241312693499 0.5057229630952381 0.6216408625386997 0.5093194607142857 0.6208109015479876 0.5131926130952381 0.6216408625386997 0.5173424178571429
13 0.6953125003095975 0.6085285380952381 0.6859375634674922 0.6335135345238095 0.6734375956656347 0.6709911488095238 0.6484374996904025 0.6907709249999999 0.6036458811145511 0.6970172535714286 0.6098958650154799 0.7095097523809524 0.6390625634674922 0.7199201940476191 0.6598958972136223 0.717838138095238 0.6796875003095975 0.702222475 0.6973958012383902 0.6605807071428571 0.7096354167182664 0.6263020833333334 0.6953125003095975 0.6085285380952381
13 0.2432291504643963 0.4044838154761905 0.25468754798761606 0.4502897357142857 0.3130208650154799 0.4815210607142857 0.3453125157894737 0.5065061369047619 0.3859375318885449 0.5335732702380952 0.41197919876160993 0.5231628285714286 0.3880208334365325 0.5054650690476191 0.3411458334365325 0.47631584047619047 0.3078125318885449 0.44300241785714284 0.2526041665634675 0.4075520833333333 0.2432291504643963 0.4044838154761905
