1 0.38382797314227446 0.5188491456787333 0.41303572075332795 0.5215658979441704 0.40744558877293 0.5816598951213536 0.37823784312081443 0.5789431565720953
1 0.4333616347305451 0.5978415972711804 0.4007587388658749 0.5958856126729857 0.4048252543958597 0.5281136503426005 0.4374277724904232 0.5300696235946422
2 0.3391991557298297 0.6051990077470518 0.3718012785029714 0.5726008769646006 0.41780184754418315 0.6186020437865967 0.3851999227823626 0.6511999768412172
1 0.5965663241403263 0.5376631288168495 0.6275366520953867 0.5345663960471156 0.6340277381777923 0.5994773614674758 0.6030574128697026 0.602574076759463
1 0.634809629067945 0.6518582352826235 0.6085786398272148 0.6220125581891602 0.6588765753194821 0.5778115202735759 0.6851074328968707 0.6076570111733824
1 0.47385736039166204 0.5699470941271048 0.5008900219727366 0.568595608318449 0.5038313248334134 0.6274218246137344 0.4767986637789363 0.6287733031719189
11 0.7319529683520614 0.46530391716754466 0.6922584596542265 0.47313058984497935 0.6665566304470758 0.3427840432208776 0.7062505087828868 0.33495743448817505
2 0.6802364156690146 0.5461952160335796 0.660625000112077 0.5340236221192135 0.6854401591309625 0.4940437841169659 0.7050514641197196 0.5062153329925141
2 0.6270429859421256 0.5682075657102262 0.6295741668257051 0.5277141504853124 0.664688931438377 0.5299089198042019 0.6621578761790943 0.5704022166527472
2 0.6078813990924345 0.602184720560747 0.5886110384334415 0.6049621543418091 0.5809171473417791 0.5515853626138005 0.6001873265624909 0.5488079421875028
2 0.3398147650842702 0.5185096445320974 0.37415964538104163 0.5122019483560811 0.38213217944633016 0.5556080276697545 0.34778730527523294 0.5619157011089374
0 0.38204875331791754 0.5288873214355104 0.3730845689696025 0.5284276562873418 0.37453606999929434 0.5001238978689837 0.3835002146026909 0.5005835619960008
2 0.2932284113209107 0.48611487654957247 0.3125028495123843 0.4737251515767011 0.3413273892234656 0.5185635424610463 0.3220529907176797 0.5309532169614783
11 0.32254871972259025 0.4627281810396152 0.28527980551154997 0.4597065275741065 0.2959554729629872 0.3280451628581617 0.33322379966682547 0.33106679244236664
2 0.3573142770611639 0.5862062150865043 0.3426445792293862 0.6054583662987325 0.30479259100627587 0.5766188956793632 0.31946225452429644 0.5573668251223232
2 0.4362947321469619 0.6249899209480411 0.42709064650819073 0.6541330103269182 0.3919356439391777 0.6430314809840658 0.40113978593751654 0.6138884953124715
2 0.44800847299745783 0.670839335382089 0.42592526166265543 0.672495361609143 0.42283711744573793 0.6313188843923841 0.4449201494624049 0.6296628648977372
2 0.6957622671362742 0.5506271144400834 0.7172858115700365 0.5672572389572628 0.6874886878570123 0.6058181867300643 0.6659652060886856 0.5891881335294784
11 0.710370465573078 0.5435026391408665 0.7568374235569308 0.5376948939381917 0.773688686651667 0.6725052628329957 0.7272217417585125 0.6783129353012107
11 0.23542229682504967 0.5439440510191782 0.30658176027100126 0.5422086410028125 0.3087906005773675 0.6327716421829963 0.2376311375331852 0.6345070380962008
9 0.4867788277155114 0.4675480755883685 0.49423592422158436 0.46792721966631023 0.49063017291280175 0.5388406810696303 0.48317307656259345 0.538461539062502
9 0.611778846875 0.447115384375 0.6177884609375 0.447115384375 0.6177884609375 0.50360576875 0.611778846875 0.50360576875
9 0.4151509282189636 0.4170857839948256 0.4208179363014324 0.4169392324191055 0.42266089302461296 0.48820031631110394 0.41699388497158907 0.4883468671672073
9 0.39882022343272183 0.47430006080803666 0.39406703574832136 0.474158307901736 0.39501380684862397 0.4424141505338021 0.3997669734375222 0.44255590312500054
7 0.6973025638275203 0.7696188029846502 0.6613371620172757 0.7723849027129628 0.657233518799103 0.7190347468608199 0.6931984841103258 0.7162686640450313