2 0.6399869021671827 0.577341663095238 0.6359696984520125 0.5840419988095238 0.6355233882352942 0.5920823976190477 0.6431113479876162 0.6005694952380952 0.6480212402476779 0.6050363857142858 0.6538237541795666 0.5978893511904761 0.6569482681114551 0.5938691607142857 0.6609654037151703 0.5889555714285715 0.663197160371517 0.5840419988095238 0.6658752959752322 0.5764482821428571 0.6663216068111455 0.5701946297619047 0.6619419541795666 0.5654017857142857 0.6524847541795665 0.574661519047619 0.6399869021671827 0.577341663095238
2 0.5935663170278638 0.6170969749999999 0.5850856674922601 0.6237973095238095 0.5868710458204335 0.630944344047619 0.5953517634674923 0.6291575821428572 0.5984762092879257 0.6327310904761905 0.6056178588235295 0.6282642 0.6136521294117647 0.6229039452380953 0.6172229541795665 0.6162036107142858 0.6176693325077399 0.6054831011904762 0.6118667510835913 0.6028029404761904 0.6033861021671827 0.612183436904762 0.5935663170278638 0.6170969749999999
2 0.354768359133127 0.6220105642857143 0.36146362972136226 0.6278175523809524 0.3686052452012384 0.6233506619047618 0.37128334674922603 0.6206705011904762 0.37128334674922603 0.6157569119047619 0.36280266377708975 0.6144168821428572 0.3552147040247678 0.6135234666666666 0.3525366024767802 0.607269830952381 0.3477678470588235 0.6022321428571429 0.34762670959752323 0.6144168821428572 0.354768359133127 0.6220105642857143
9 0.5060814520123839 0.5996761142857143 0.5051887628482973 0.6041430035714286 0.5105449659442725 0.6117367202380952 0.5145621349845201 0.6148635297619047 0.5185793046439628 0.596995969047619 0.5212574061919504 0.585828744047619 0.513504453869969 0.5854910714285714 0.5078668643962848 0.5894022702380952 0.5060814520123839 0.5996761142857143
9 0.5212574061919504 0.5844886809523809 0.5217037504643963 0.5666211202380953 0.5217037504643963 0.5380330345238095 0.5208110613003096 0.5250790464285714 0.5167938922600619 0.509444930952381 0.5176866154798762 0.5478601785714285 0.5154548582043343 0.5626009297619048 0.515178560990712 0.5810267857142857 0.5212574061919504 0.5844886809523809
13 0.33602158080495353 0.649705269047619 0.3686052452012384 0.6702529904761905 0.3869056452012384 0.6742731642857143 0.39672536222910215 0.6782933726190477 0.3962790179566564 0.6631059392857144 0.37574686068111457 0.6604258119047619 0.3578928049535604 0.6501519857142857 0.34093143900928796 0.634517886904762 0.3321428470588235 0.6251116071428572 0.32129200495356036 0.6456850952380953 0.33602158080495353 0.649705269047619
13 0.5917809386996904 0.6568523202380953 0.5788367758513931 0.6613192107142858 0.5792830860681115 0.672039719047619 0.5971371417956657 0.6818668976190476 0.6069568582043343 0.6599791297619048 0.6408795913312694 0.6430049511904762 0.6340401684210526 0.6262276785714286 0.6158838860681114 0.6416648702380952 0.5917809386996904 0.6568523202380953
11 0.712295813003096 0.555007213095238 0.697119892879257 0.5478601785714285 0.6917636216718267 0.5621542309523809 0.69087093250774 0.5742148369047619 0.6895318650154798 0.5894022702380952 0.6859611083591332 0.6099499916666666 0.6846220408668731 0.6229039452380953 0.6846220408668731 0.6336244714285714 0.6868537975232198 0.6438983321428571 0.6984588928792569 0.6456850952380953 0.7239009764705883 0.6363046154761904 0.742647720743034 0.6264774547619049 0.7466648563467493 0.6188837714285713 0.7497893021671826 0.6028029404761904 0.7515747486068111 0.5902956345238095 0.7515747486068111 0.5827019345238096 0.7448794780185758 0.574661519047619 0.7408622743034056 0.5706413285714286 0.7252399758513932 0.5652810571428571 0.712295813003096 0.555007213095238
11 0.24719766501547985 0.5800217904761905 0.2373779306501548 0.5961026047619047 0.23559251826625388 0.6032496226190477 0.24719766501547985 0.6045896857142857 0.254339279876161 0.6023562416666667 0.2601418445820433 0.6077165464285714 0.2565710371517028 0.6157569119047619 0.2503221108359133 0.6242440095238095 0.24362684024767803 0.6264774547619049 0.24139508297213622 0.6278175523809524 0.2422877894736842 0.6363046154761904 0.24987576656346752 0.6385380607142858 0.27799590030959753 0.6318377261904762 0.28826199566563465 0.6287109000000001 0.29540361114551084 0.6103966392857142 0.29451092198142415 0.6005694952380952 0.291832786377709 0.5894022702380952 0.29049375294117646 0.5844886809523809 0.28960102972136226 0.5755549011904761 0.28960102972136226 0.5701946297619047 0.2887083405572755 0.5621542309523809 0.28647658328173375 0.5541138321428571 0.2824594142414861 0.5496469416666667 0.2752232043343653 0.5430803571428572 0.25969550030959754 0.5594741035714286 0.24719766501547985 0.5800217904761905
11 0.6560555108359133 0.44594411904761905 0.661858092879257 0.466045125 0.6672142953560372 0.47765903214285715 0.6725705665634676 0.4803391595238095 0.6823902835913314 0.48346598571428573 0.6886391758513931 0.4839126857142857 0.6931026897832817 0.4642583619047619 0.6984588928792569 0.4584514083333333 0.7064932315789473 0.4504110095238096 0.704707853250774 0.4352235761904762 0.6993516501547988 0.4231629702380952 0.6868537975232198 0.40574211785714287 0.6801585269349845 0.38921460357142856 0.6734632557275543 0.37894075952380957 0.655609200619195 0.3686669166666667 0.6538237541795666 0.3816208952380952 0.6530133826625386 0.38627232142857143 0.6551628216718266 0.420929525 0.6560555108359133 0.44594411904761905
2 0.31848572012383897 0.5850970880952381 0.3164590489164087 0.5820547761904762 0.31206791888544894 0.5752940773809524 0.3083523374613003 0.5708996261904762 0.30497454303405575 0.5722517773809523 0.30497454303405575 0.5769842511904761 0.31071679628482973 0.58374495 0.3164590489164087 0.590167619047619 0.318147946130031 0.5959142154761905 0.3147701517027864 0.6019988416666667 0.31747238452012383 0.6080834678571428 0.3211879529411764 0.6040270452380953 0.3232146377708978 0.5999706238095238 0.3252413089783282 0.5976043904761905 0.32659243157894735 0.5949001 0.32989864086687304 0.5934121619047619 0.3255790959752322 0.5871253 0.31848572012383897 0.5850970880952381
