2 0.5833957276581714 0.4577070445765621 0.6037539764816984 0.4719924902200015 0.5762595098028669 0.5111721219470502 0.5559013030863298 0.49688672698631187
2 0.6153792811559242 0.49030960181148325 0.5934321228630779 0.49456771958448664 0.5860798589095566 0.45667506505101574 0.6080268968750033 0.4524169593750082
2 0.6082711812500747 0.4499741031249944 0.6474908198157436 0.44388868418012767 0.6523991425815439 0.47552010327132516 0.6131795072471959 0.48160550849886324
2 0.6801370299709788 0.4164307760955116 0.6923114677280182 0.43441466558545605 0.662376338590775 0.4546784258647359 0.650201949364714 0.4366945795408568
2 0.6830637684616931 0.518945244929537 0.660955511920065 0.5090414673310873 0.68188866919661 0.46231595218812305 0.7039967787754904 0.4722196916444882
11 0.8003882296923166 0.47067045003637814 0.7749778745138656 0.5558378963448501 0.7021125586693415 0.5340991919259336 0.7275231979836008 0.44893223251254866
2 0.369234782030162 0.43090449537558806 0.3758767002262857 0.4630048175645623 0.3368738726618403 0.4710743308029446 0.33023205460847294 0.4389740957992794
2 0.3590589645904174 0.45707651586686404 0.3779218095763781 0.44562486095381615 0.3993385142917987 0.48089955313647115 0.38047569482262134 0.49235117428957575
11 0.2999849500330356 0.5648731387499717 0.23341004155156497 0.5540046907165553 0.24913020493750082 0.4577219380028917 0.3157041109546981 0.46859030196739176
2 0.3751657315439161 0.5452620831587919 0.3990616285378792 0.5337577384362711 0.41822662954893985 0.5735620516514379 0.39433076037505543 0.5850663530954741
2 0.41212121625005693 0.5540344052367678 0.43796359414818653 0.5618464337217004 0.42961849532787255 0.589449478167309 0.4037761258776982 0.5816374693006786