2 0.3116 0.452 0.3032 0.4456 0.298 0.4496 0.2944 0.4576 0.2884 0.476 0.2884 0.48960000000000004 0.29000000000000004 0.5016 0.29359999999999997 0.508 0.2964 0.5064 0.302 0.5112 0.306 0.5184 0.3088 0.524 0.31120000000000003 0.5272 0.3184 0.524 0.32680000000000003 0.5168 0.33 0.4968 0.33 0.4856 0.3304 0.4768 0.3288 0.47040000000000004 0.3184 0.45999999999999996 0.3116 0.452
2 0.3584 0.48879999999999996 0.35159999999999997 0.48719999999999997 0.34640000000000004 0.4848 0.34159999999999996 0.4856 0.3364 0.4856 0.3308 0.48879999999999996 0.328 0.496 0.328 0.504 0.328 0.5152 0.3308 0.528 0.3356 0.5448 0.3412 0.5432 0.34840000000000004 0.5432 0.3512 0.5528 0.3564 0.5552 0.36319999999999997 0.5504 0.37079999999999996 0.5344 0.3724 0.5264 0.3724 0.516 0.3716 0.5072 0.3696 0.49520000000000003 0.366 0.4928 0.3584 0.48879999999999996
2 0.36800000000000005 0.556 0.37 0.5671999999999999 0.376 0.576 0.3824 0.5768 0.39 0.5744 0.39440000000000003 0.5624 0.39799999999999996 0.5488000000000001 0.3972 0.5384 0.39440000000000003 0.5207999999999999 0.3892 0.516 0.3796 0.5184 0.3724 0.5184 0.36879999999999996 0.5272 0.36800000000000005 0.5376 0.36800000000000005 0.556
2 0.3988 0.5367999999999999 0.39640000000000003 0.5432 0.39440000000000003 0.5536 0.39440000000000003 0.5728 0.39799999999999996 0.5776 0.40280000000000005 0.5888 0.4088 0.5896 0.4136 0.5856 0.4184 0.5792 0.4204 0.5752 0.42360000000000003 0.5720000000000001 0.4268 0.5648 0.4276 0.5552 0.4276 0.5416 0.4264 0.5304 0.4196 0.5272 0.4072 0.5272 0.3988 0.5367999999999999
2 0.31439999999999996 0.5424 0.31120000000000003 0.5432 0.3092 0.5424 0.304 0.5464 0.3016 0.5656 0.3016 0.5752 0.3052 0.5831999999999999 0.3116 0.5928 0.3204 0.5952000000000001 0.32439999999999997 0.5968 0.3356 0.5984 0.33880000000000005 0.5984 0.3444 0.5968 0.348 0.5888 0.3488 0.5728 0.3488 0.5576 0.3436 0.5488000000000001 0.34 0.5496 0.33440000000000003 0.548 0.3316 0.5448 0.3236 0.5424 0.3196 0.5367999999999999 0.31439999999999996 0.5424
2 0.3932 0.6232000000000001 0.3972 0.6384 0.4024 0.6432 0.40840000000000004 0.644 0.41400000000000003 0.6408 0.41800000000000004 0.636 0.42160000000000003 0.6288 0.42240000000000005 0.6184000000000001 0.41759999999999997 0.608 0.41400000000000003 0.6024 0.412 0.5928 0.4076 0.5871999999999999 0.4044 0.5928 0.3996 0.5928 0.3932 0.5968 0.3912 0.6120000000000001 0.3932 0.6232000000000001
2 0.604 0.6232000000000001 0.6112 0.6216 0.618 0.6176 0.622 0.6120000000000001 0.6232 0.6032 0.622 0.5968 0.6188 0.588 0.6144 0.588 0.6048 0.5856 0.602 0.5896 0.6 0.5928 0.5956 0.5992 0.5912000000000001 0.6063999999999999 0.5932000000000001 0.6176 0.5976 0.6248 0.604 0.6232000000000001
2 0.5952000000000001 0.5871999999999999 0.604 0.5888 0.6104 0.58 0.614 0.5632 0.6116 0.5464 0.6092 0.5304 0.6003999999999999 0.5248 0.5936 0.5248 0.5888 0.5304 0.5832 0.5424 0.5816 0.5544 0.5848 0.5664 0.5908 0.5768 0.5952000000000001 0.5871999999999999
2 0.6204000000000001 0.5696 0.6264 0.5688 0.6304 0.5671999999999999 0.636 0.5616 0.6399999999999999 0.5552 0.6396 0.5424 0.6364000000000001 0.5216 0.632 0.5144 0.6236 0.5184 0.618 0.5224 0.614 0.5272 0.612 0.5344 0.61 0.5432 0.614 0.5592 0.6204000000000001 0.5696
2 0.6916 0.46480000000000005 0.6876 0.4712 0.6804 0.48 0.6764 0.4928 0.6772 0.5032 0.6816000000000001 0.5184 0.684 0.5248 0.6908000000000001 0.5304 0.6956 0.5272 0.6996 0.5216 0.7044 0.5152 0.7108 0.5144 0.7148 0.5088 0.7168 0.5 0.718 0.48960000000000004 0.716 0.4768 0.7124 0.46640000000000004 0.7088 0.4616 0.7048 0.4624 0.698 0.4624 0.6916 0.46480000000000005
2 0.6336 0.5584 0.6268 0.5608 0.6252 0.5656 0.6216 0.5744 0.6184 0.5831999999999999 0.6192 0.5952000000000001 0.622 0.604 0.6284 0.6144000000000001 0.6448 0.6152000000000001 0.6544 0.6103999999999999 0.662 0.604 0.6664000000000001 0.596 0.6683999999999999 0.5848 0.6676 0.5712 0.6656 0.5576 0.6644000000000001 0.5528 0.6576 0.5568 0.6524 0.5536 0.6487999999999999 0.5536 0.6472 0.5592 0.6452 0.5656 0.6416 0.5656 0.6348 0.5656 0.6336 0.5584
2 0.6688000000000001 0.5464 0.6632 0.5624 0.6676 0.5816 0.6716 0.5831999999999999 0.6796000000000001 0.5856 0.6896 0.5824 0.6943999999999999 0.5792 0.6963999999999999 0.5776 0.7028 0.5776 0.7095999999999999 0.5671999999999999 0.7108 0.552 0.7080000000000001 0.5328 0.7024 0.5304 0.696 0.5304 0.6928000000000001 0.5304 0.6896 0.5367999999999999 0.6851999999999999 0.5384 0.6804 0.5384 0.6744 0.5384 0.6688000000000001 0.5464
2 0.7024 0.5536 0.702 0.5648 0.7051999999999999 0.5752 0.7091999999999999 0.5768 0.7100000000000001 0.5624 0.7068 0.5512 0.7024 0.5536
2 0.7148 0.5616 0.7156 0.5688 0.7176 0.5728 0.7208000000000001 0.5688 0.7223999999999999 0.5616 0.726 0.5528 0.724 0.5456 0.7152 0.5504 0.7148 0.5616
11 0.2788461535603715 0.53125 0.21274038452012384 0.5697115380952381 0.23557692321981424 0.6502403845238095 0.3100961535603715 0.6310096154761905 0.2788461535603715 0.53125
11 0.729567307739938 0.6670673071428571 0.765625 0.6502403845238095 0.7728365386996905 0.5240384619047619 0.6959134613003095 0.5228365380952381 0.729567307739938 0.6670673071428571
11 0.2788461535603715 0.31490384642857144 0.24879807678018576 0.3125 0.2680288464396285 0.44230769285714283 0.3149038464396285 0.42908653809523806 0.2788461535603715 0.31490384642857144
11 0.7067307690402478 0.46875 0.75 0.46514423095238094 0.754807692260062 0.34134615357142856 0.7067307690402478 0.34134615357142856 0.7067307690402478 0.46875
13 0.4290865386996904 0.6550480773809523 0.4771634613003096 0.6766826928571429 0.5396634613003096 0.6838942309523809 0.604567307739938 0.6454326928571429 0.6694711535603716 0.6105769226190477 0.75 0.5552884619047619 0.7463942309597522 0.550480769047619 0.65625 0.609375 0.6177884613003096 0.6334134619047619 0.5709134613003096 0.65625 0.5348557690402477 0.6694711535714286 0.4483173077399381 0.6586538464285714 0.30288461547987616 0.590144230952381 0.3786057690402477 0.6358173071428571 0.4290865386996904 0.6550480773809523
13 0.390625 0.5144230773809524 0.4639423077399381 0.5456730773809524 0.5432692309597523 0.5408653845238095 0.5973557690402477 0.5216346154761905 0.6346153845201238 0.5024038464285714 0.7007211535603716 0.4519230773809524 0.6995192309597522 0.4387019226190476 0.629807692260062 0.5012019226190476 0.526442307739938 0.5372596154761905 0.4567307690402477 0.5300480773809524 0.3966346154798761 0.512019230952381 0.30288461547987616 0.4519230773809524 0.390625 0.5144230773809524
