1 0.36578587490976133 0.5439654279708407 0.40066889059926325 0.5447939752837756 0.39919633876934313 0.6067843913575865 0.36431332322808885 0.6059558485513341
11 0.30875431749677773 0.4941043326505732 0.26043629390596834 0.4965200848202833 0.253453701650983 0.35685736163997256 0.30177081186866417 0.3544416329936184
2 0.45083633031356385 0.5545856291608247 0.46967715795358345 0.5500382978970139 0.48099740395775825 0.5969365383435944 0.46215658307824015 0.6014838503968407
2 0.4046962739535047 0.5684242098672687 0.42840507532832817 0.5838333344745548 0.4107326808328935 0.61102153998552 0.3870239150147654 0.595612460220435
2 0.2975388000000976 0.5341555781249939 0.31609221141900434 0.5319293702803176 0.3190984821966367 0.5569816544858396 0.30054507162014943 0.559207857661964
2 0.36397941919699406 0.5822375151360915 0.32141374025025016 0.5720227286171042 0.33113089475716606 0.5315351610898499 0.3736962869470517 0.5417499118106355
11 0.25593706780307457 0.553729100443696 0.31802225779756554 0.5814332176180488 0.2598310185852597 0.7118245363913714 0.1977460579111039 0.6841208013992388
2 0.32996458786374205 0.6261072865901427 0.35292935421239235 0.5951971160311483 0.3909766801735941 0.6234611698688315 0.3680120670431961 0.6543712014075422
2 0.4198412545421206 0.643224796217236 0.3924673312303639 0.6536516731305656 0.3843629159324564 0.6323774665329713 0.4117367305290145 0.6219506126227435
2 0.44186636104950594 0.6722035904313247 0.4200362789947576 0.6609136572715639 0.43037708060603563 0.640921528998681 0.45220708170415946 0.6522114368142939
2 0.5964352541075186 0.6334119843808587 0.6164001696452033 0.6287541032634296 0.6235309908302042 0.659314868492161 0.6035660801780978 0.6639727352200412
2 0.6755548235171318 0.6400712771899467 0.6314008732143748 0.6547875042414538 0.6203627340304365 0.6216727684770355 0.6645164121505331 0.6069565905697961
2 0.6142595705649683 0.6013252922371443 0.5899690736175671 0.5988469265149021 0.5931406418363849 0.5677662406791688 0.6174310042849811 0.5702445994728162
2 0.6371597203866486 0.6041714798779801 0.6120440841958725 0.5998416482156268 0.6202187143577476 0.5524293545054252 0.6453341419883145 0.5567591677704837
2 0.6379596876373625 0.5921084648632853 0.6332529577158539 0.5607327763800964 0.6689172205656178 0.5553832245936862 0.6736240312101245 0.5867588146403042
2 0.6798964811828228 0.5369110401819235 0.7006417358671797 0.5346062242610019 0.7031864817408859 0.5575089863454711 0.6824412277887859 0.5598137978411218
11 0.7519550852870225 0.4725817752736299 0.7008485705325711 0.48584296770822044 0.6642180894745024 0.3446805732008126 0.7153237578063454 0.3314194931480821
11 0.7733005527113619 0.7033790177052779 0.6977253359679025 0.6875196451919169 0.7209752853411828 0.5767442041440878 0.7965488781039767 0.5926033999588495
9 0.38742389287847345 0.5423879975121579 0.37813215442997716 0.5419234455869881 0.3828350260046136 0.44786774362999704 0.39212663302885176 0.44833229226867516