2 0.3176 0.5608 0.318 0.5512 0.3184 0.5384 0.318 0.5312 0.3156 0.5216 0.3132 0.5184 0.306 0.5072 0.3016 0.5048 0.292 0.504 0.2844 0.5048 0.2788 0.512 0.276 0.5207999999999999 0.2744 0.532 0.2736 0.5392 0.2744 0.5496 0.2768 0.5599999999999999 0.2804 0.5648 0.2828 0.5616 0.2856 0.5616 0.2892 0.5696 0.2916 0.5744 0.296 0.5808 0.2992 0.5831999999999999 0.302 0.5824 0.306 0.5784 0.3096 0.5768 0.3116 0.5736 0.314 0.5704 0.3176 0.5608
2 0.36160000000000003 0.5752 0.36160000000000003 0.5656 0.358 0.5528 0.35600000000000004 0.5496 0.3524 0.5472 0.3468 0.5448 0.3432 0.5439999999999999 0.33959999999999996 0.5424 0.33320000000000005 0.54 0.3292 0.5384 0.3228 0.5384 0.3204 0.54 0.3184 0.5456 0.3156 0.5536 0.314 0.5608 0.3132 0.5752 0.31479999999999997 0.588 0.31720000000000004 0.6 0.3224 0.604 0.32639999999999997 0.6024 0.3288 0.6016 0.3308 0.5992 0.3336 0.6048 0.33959999999999996 0.6088 0.3444 0.6103999999999999 0.34840000000000004 0.608 0.3544 0.604 0.3576 0.6008 0.36119999999999997 0.584 0.36160000000000003 0.5752
2 0.31920000000000004 0.6063999999999999 0.3168 0.604 0.31479999999999997 0.6032 0.312 0.604 0.31 0.6048 0.3076 0.6016 0.3052 0.5976 0.3016 0.5928 0.3 0.5903999999999999 0.296 0.5903999999999999 0.29359999999999997 0.5912000000000001 0.2912 0.5936 0.2864 0.6 0.28200000000000003 0.6144000000000001 0.2816 0.6264000000000001 0.2828 0.6368 0.2864 0.6447999999999999 0.2928 0.6519999999999999 0.3124 0.6656000000000001 0.3184 0.664 0.3228 0.6616000000000001 0.3252 0.6584000000000001 0.3296 0.6536 0.33240000000000003 0.644 0.3336 0.6352 0.33320000000000005 0.6264000000000001 0.33199999999999996 0.6184000000000001 0.3288 0.6176 0.32680000000000003 0.6152000000000001 0.32439999999999997 0.6127999999999999 0.3208 0.6095999999999999 0.31920000000000004 0.6063999999999999
2 0.3672 0.6392 0.3644 0.6368 0.35960000000000003 0.6368 0.3572 0.6336 0.3544 0.6256 0.35200000000000004 0.6232000000000001 0.3476 0.6232000000000001 0.3436 0.6248 0.3404 0.6216 0.33880000000000005 0.62 0.3348 0.6264000000000001 0.3328 0.6352 0.3292 0.6464 0.328 0.6616000000000001 0.33 0.6712 0.33880000000000005 0.6864 0.3528 0.6928 0.3664 0.696 0.37079999999999996 0.6951999999999999 0.37439999999999996 0.6896 0.3772 0.6839999999999999 0.37920000000000004 0.6808 0.3816 0.672 0.3828 0.6599999999999999 0.3828 0.6504 0.3804 0.6416 0.378 0.6376 0.3728 0.6392 0.37 0.6416 0.3672 0.6392
2 0.6527999999999999 0.6328 0.6487999999999999 0.6304 0.6444 0.632 0.6412 0.6368 0.6392 0.64 0.6384000000000001 0.6424 0.6344000000000001 0.6416 0.6324 0.6416 0.6287999999999999 0.6432 0.6256 0.6432 0.6236 0.6432 0.6188 0.6447999999999999 0.618 0.6464 0.6148 0.6559999999999999 0.614 0.6599999999999999 0.6144 0.6672 0.6148 0.6808 0.618 0.6911999999999999 0.6204000000000001 0.696 0.626 0.6991999999999999 0.6412 0.6976 0.6524 0.6911999999999999 0.6596 0.6824 0.6652 0.672 0.6683999999999999 0.6672 0.6688000000000001 0.6591999999999999 0.6679999999999999 0.648 0.6656 0.64 0.6628000000000001 0.6328 0.66 0.6296 0.658 0.6272 0.656 0.632 0.6556000000000001 0.6344 0.6527999999999999 0.6328
2 0.6948000000000001 0.5968 0.6908000000000001 0.6088 0.6892 0.6135999999999999 0.6831999999999999 0.6103999999999999 0.6824 0.6088 0.6768 0.6127999999999999 0.6736 0.6160000000000001 0.6696 0.6224000000000001 0.6676 0.6272 0.6648000000000001 0.6368 0.6659999999999999 0.648 0.6672 0.6576 0.6704 0.6648000000000001 0.6748 0.6696000000000001 0.6828 0.6728000000000001 0.6928000000000001 0.672 0.7004 0.6672 0.7075999999999999 0.6616000000000001 0.714 0.6576 0.716 0.6536 0.7188 0.6464 0.718 0.632 0.718 0.6256 0.7156 0.6152000000000001 0.7111999999999999 0.6056 0.7051999999999999 0.5992 0.6988 0.5976 0.6948000000000001 0.5968
2 0.722 0.5632 0.7232000000000001 0.5512 0.7232000000000001 0.5424 0.7223999999999999 0.5367999999999999 0.72 0.5272 0.7176 0.5207999999999999 0.7136 0.516 0.7104 0.5152 0.7080000000000001 0.5152 0.7040000000000001 0.516 0.7004 0.5192 0.6956 0.5207999999999999 0.69 0.524 0.6851999999999999 0.528 0.6776000000000001 0.5384 0.678 0.552 0.6784 0.5680000000000001 0.6808 0.5768 0.6844 0.584 0.6884 0.5888 0.6936 0.5928 0.6968000000000001 0.5936 0.6992 0.5928 0.7008 0.5912000000000001 0.7028 0.5888 0.7060000000000001 0.584 0.7080000000000001 0.58 0.7108 0.5784 0.7132 0.5728 0.7152 0.5728 0.7196 0.5728 0.7212000000000001 0.5680000000000001 0.722 0.5632
2 0.6824 0.5824 0.6816000000000001 0.5744 0.68 0.5671999999999999 0.6764 0.5464 0.6708000000000001 0.5439999999999999 0.6676 0.5432 0.6608 0.5424 0.6536000000000001 0.5424 0.6432 0.5496 0.6368 0.5552 0.6332 0.5664 0.6328 0.5984 0.6348 0.608 0.6404000000000001 0.6112 0.6436 0.6127999999999999 0.6472 0.6152000000000001 0.6504 0.6184000000000001 0.6536000000000001 0.6176 0.6572 0.6152000000000001 0.6596 0.6120000000000001 0.6628000000000001 0.6072 0.6664000000000001 0.6095999999999999 0.6704 0.6103999999999999 0.676 0.6112 0.6796000000000001 0.6063999999999999 0.6816000000000001 0.596 0.6824 0.5888 0.6824 0.5824
13 0.48828125015479873 0.7200520833333334 0.5664062501547987 0.7239583333333334 0.588541666873065 0.71875 0.6627604167182664 0.6966145833333334 0.7200520835913313 0.6549479166666666 0.6523437498452012 0.6901041666666666 0.5963541665634675 0.7096354166666666 0.494791666873065 0.7174479166666666 0.38281249969040243 0.6979166666666666 0.28776041671826624 0.65234375 0.390625 0.7096354166666666 0.48828125015479873 0.7200520833333334
13 0.708333333126935 0.5104166666666666 0.7070312501547988 0.5091145833333334 0.583333333126935 0.5703125 0.546875 0.5716145833333334 0.4557291665634675 0.5794270833333334 0.39453125015479873 0.5598958333333334 0.3572828885448916 0.5471529726190476 0.38151041671826624 0.5611979166666666 0.44661458328173376 0.5846354166666666 0.5859374996904024 0.57421875 0.708333333126935 0.5104166666666666
11 0.2773437498452012 0.5716145833333334 0.20703125015479878 0.6184895833333334 0.20703125015479878 0.6510416666666666 0.28645833312693497 0.6809895833333334 0.2773437498452012 0.5716145833333334
11 0.27604166687306503 0.5130208333333334 0.3085937498452012 0.4296875 0.2786458334365325 0.4127604166666667 0.2369791665634675 0.4934895833333333 0.27604166687306503 0.5130208333333334
11 0.7122395832817336 0.6888020833333334 0.7747395832817336 0.69140625 0.7942708334365325 0.625 0.729166666873065 0.58203125 0.7122395832817336 0.6888020833333334
