2 0.31316159707648694 0.4923769580076145 0.33233057724874016 0.49309441649530894 0.33067573913513115 0.5373047024214435 0.31150675909646 0.5365872464254563
9 0.34730468750001364 0.38285937500000006 0.35260734778773895 0.38284154958611216 0.35286515905727356 0.4595306121784187 0.3475624987698893 0.45954843750413504
2 0.5954214500675334 0.5594045273716353 0.5707789569116812 0.5605714765880446 0.5667083420164545 0.4746158925327502 0.59135049061274 0.4734489516638436
9 0.5820476173825 0.4719914329092366 0.5758103477481882 0.47183714153486583 0.5783315640416049 0.36992383467897766 0.5845687500000167 0.37007812500000015
2 0.6231840802577153 0.5039988041177202 0.6548218807334933 0.5043653876558613 0.6541476990912543 0.5625453392411527 0.6225098986450348 0.5621787574433281
2 0.6503253546486576 0.5120022478109629 0.6667120639073119 0.5098034200687318 0.6723148199967 0.5515543064662911 0.6559281122273433 0.5537531267138718
2 0.6852815200470559 0.47712256932652014 0.7185863922480848 0.4717433674286213 0.7267254175408198 0.5221317363079385 0.6934205504072679 0.5275109172916554
2 0.7284876142242638 0.6317629408140474 0.6748965499153883 0.6372075943153461 0.6653393662993494 0.5431424367915831 0.7189295338390593 0.5376978290803793
9 0.7639579022483076 0.6361139423330691 0.7600064259153214 0.6414047002171885 0.7262452270528001 0.6161926166180091 0.7301966953125429 0.6109018796874737
9 0.7519563533259088 0.6562764377149551 0.7447178700426775 0.6650182297152226 0.71263144078182 0.6384529683629538 0.7198699034281617 0.6297112118883277
2 0.6290176261535407 0.6152599030207965 0.6056265054911592 0.6176846523017496 0.6016359617807439 0.5791919094282788 0.6250269196079898 0.5767671686358286
1 0.3677837804207229 0.5645530631301814 0.35447905982221073 0.6409142493939349 0.29577446319740375 0.6306866847242336 0.3090795066962073 0.5543259119490657
1 0.2404372477395782 0.5678613772149369 0.2690479802141681 0.5174961461389774 0.3309803078373079 0.5526745330883774 0.3023699295629285 0.6030394581888061
2 0.27632946406697556 0.552047664167372 0.3119948954440588 0.5667503702905251 0.28803823687871954 0.6248576726932155 0.25237285186665304 0.6101550493880962
9 0.2768200361235813 0.6176409373041305 0.28709991690459447 0.6219138210287858 0.2554204855525768 0.6981197234885094 0.24514062500009004 0.6938468750000116
9 0.23408906250006112 0.6896812500000119 0.22757784914563217 0.6870625623790352 0.2600826212017182 0.6062520594278821 0.2665937359070085 0.6088707248210973
7 0.241920860654659 0.7113600472999245 0.21521450030081724 0.7052126469768225 0.22521637304669184 0.6617681369829858 0.2519224918819418 0.6679155082360684
2 0.25732826969078815 0.49316361510382034 0.23209622124375073 0.4940387346703398 0.23028814236295148 0.44190774703794816 0.25552000380344 0.44103263071410626
0 0.3293269973991073 0.4925134750146871 0.32254374999990887 0.492267187499998 0.3233773751832132 0.4693094887138193 0.33016059970464084 0.46955577581189933
11 0.7026334790122064 0.2941922097488423 0.7462971731762309 0.2908010029342309 0.7580686681045563 0.44235995633525393 0.714404977554409 0.4457511342252996
10 0.3719503616991915 0.38957007619790796 0.3946818724049308 0.3913355140783002 0.38543923838369665 0.5103353243448084 0.3627077293917864 0.5085699009477729
6 0.7126016557207322 0.6454518885797639 0.6459488093963728 0.683823565660705 0.6007587911323071 0.6053356250862966 0.6674107140624983 0.566964285937493
6 0.2578124946144271 0.4241071421020203 0.2974141972235884 0.4247356984560692 0.2960895343367156 0.5081897440136641 0.2564878317691637 0.5075611913904814
6 0.6261162795020709 0.5580357140625001 0.5926337284718102 0.5580357140625001 0.5926339562450949 0.467633928125 0.6261160392481315 0.467633928125