2 0.31316159707648694 0.4923769580076145 0.33233057724874016 0.49309441649530894 0.33067573913513115 0.5373047024214435 0.31150675909646 0.5365872464254563
9 0.34730468750001364 0.38285937500000006 0.35260734778773895 0.38284154958611216 0.35286515905727356 0.4595306121784187 0.3475624987698893 0.45954843750413504
2 0.5954214498192414 0.5594045273636412 0.5707789567844657 0.5605714766202832 0.5664156093154133 0.4684344632149739 0.5910577333371521 0.4672675229269261
9 0.5820476173825 0.4719914329092366 0.5758103477481882 0.47183714153486583 0.5783315640416049 0.36992383467897766 0.5845687500000167 0.37007812500000015
2 0.6231840802577153 0.5039988041177202 0.6548218807334933 0.5043653876558613 0.6541476990912543 0.5625453392411527 0.6225098986450348 0.5621787574433281
2 0.6503253546486576 0.5120022478109629 0.6667120639073119 0.5098034200687318 0.6723148199967 0.5515543064662911 0.6559281122273433 0.5537531267138718
2 0.6852815200470559 0.47712256932652014 0.7185863922480848 0.4717433674286213 0.7267254175408198 0.5221317363079385 0.6934205504072679 0.5275109172916554
2 0.7284876142242638 0.6317629408140474 0.6748965499153883 0.6372075943153461 0.6653393662993494 0.5431424367915831 0.7189295338390593 0.5376978290803793
9 0.763957908377165 0.6361139484486558 0.7582192678827369 0.6429403824112905 0.7259879384860142 0.6158482819703287 0.7317265624999436 0.6090218750000419
9 0.7519563533259088 0.6562764377149551 0.7447178700426775 0.6650182297152226 0.71263144078182 0.6384529683629538 0.7198699034281617 0.6297112118883277
2 0.6290176261535407 0.6152599030207965 0.6056265054911592 0.6176846523017496 0.6016359617807439 0.5791919094282788 0.6250269196079898 0.5767671686358286
1 0.3677837804207229 0.5645530631301814 0.35447905982221073 0.6409142493939349 0.29577446319740375 0.6306866847242336 0.3090795066962073 0.5543259119490657
1 0.2404372477395782 0.5678613772149369 0.2690479802141681 0.5174961461389774 0.3309803078373079 0.5526745330883774 0.3023699295629285 0.6030394581888061
2 0.27632946406697556 0.552047664167372 0.3119948954440588 0.5667503702905251 0.28803823687871954 0.6248576726932155 0.25237285186665304 0.6101550493880962
9 0.2768200361235813 0.6176409373041305 0.28709991690459447 0.6219138210287858 0.2554204855525768 0.6981197234885094 0.24514062500009004 0.6938468750000116
9 0.23408906250006112 0.6896812500000119 0.22757784914563217 0.6870625623790352 0.2600826212017182 0.6062520594278821 0.2665937359070085 0.6088707248210973
2 0.25732826969078815 0.49316361510382034 0.23209622124375073 0.4940387346703398 0.23028814236295148 0.44190774703794816 0.25552000380344 0.44103263071410626
0 0.3293269973991073 0.4925134750146871 0.32254374999990887 0.492267187499998 0.3233773751832132 0.4693094887138193 0.33016059970464084 0.46955577581189933
11 0.6962720559649824 0.2938316215678369 0.7419260365397804 0.2879787793649218 0.7609842217389087 0.4366330468123287 0.7153302510220101 0.44248583999685887
7 0.22944409035210356 0.6667762479658814 0.2583414867211786 0.681983226915147 0.23990699105991098 0.7170086201957329 0.21100963771118586 0.7018017047018914
10 0.3700961397054243 0.38878066270507317 0.3939126556434758 0.39060257159846884 0.38421650245891215 0.5173460115124265 0.36039998826754527 0.5155241186146324
7 0.32011973812473116 0.7250654383441768 0.32587577572303417 0.7323704985439734 0.301065022126636 0.7519168916269805 0.2953090126661664 0.74461185735766
7 0.30061846920443713 0.7398045747192086 0.273239080683652 0.7351578551994694 0.278390131221272 0.7048122748808674 0.30576933873908274 0.70945897873341
6 0.6305806791257282 0.5658482140625 0.5904015701515846 0.5658482140625 0.5904018296774893 0.4665178578125001 0.6305803216650929 0.4665178578125001
6 0.6296087468771248 0.5797506388544453 0.6949515686725363 0.5807405606211975 0.6935619320946671 0.6724571662023362 0.6282191104705817 0.6714672531196664
6 0.2566964281249966 0.4207589281250053 0.2887896456300041 0.41648011202782365 0.3000575215437493 0.5009895215890157 0.26796430937122295 0.5052683121133035