2 0.326075 0.49418593809523814 0.3244343752321981 0.4963375 0.32139062476780184 0.49418593809523814 0.3176437498452012 0.49418593809523814 0.31530156222910216 0.49805937499999997 0.31459843777089785 0.505375 0.31319374984520126 0.512690625 0.31225625015479874 0.5165640630952381 0.3117890625386997 0.5290453119047619 0.3138968749226006 0.5324875 0.3169406247678018 0.5367906250000001 0.32302968730650156 0.5333484380952381 0.326075 0.5324875 0.32865000000000005 0.5299046869047619 0.33122656222910213 0.5225890619047618 0.3293531250773994 0.4971984369047619 0.3270109374613003 0.4928953119047619 0.326075 0.49418593809523814
25 0.3508984377708978 0.529475 0.3501968749226006 0.50580625 0.34972812507739937 0.4928953119047619 0.35130886191950467 0.46409749642857145 0.3349734377708979 0.4954765619047619 0.33380312507739934 0.51183125 0.3300562501547988 0.5350703130952381 0.3298218749226006 0.54755 0.33239843777089784 0.552284375 0.3354421876160991 0.5570171869047619 0.33942343777089784 0.5565875 0.3412968749226006 0.555296875 0.34645 0.557878125 0.35230468730650155 0.5570171869047619 0.3551140625386997 0.5509921880952381 0.3518359374613003 0.5385125000000001 0.3508984377708978 0.529475
9 0.35245781238390095 0.4548140630952381 0.3522 0.4439265619047619 0.3527156247678018 0.42783125 0.3527156247678018 0.41505 0.34730468730650155 0.382859375 0.3478203126934985 0.400375 0.34936562476780186 0.4164703119047619 0.34885156222910213 0.43871875 0.3475624996904025 0.4595484380952381 0.35245781238390095 0.4548140630952381
9 0.37976406253869965 0.483690625 0.3805374996904025 0.47375 0.38131093746130035 0.458128125 0.3810531250773994 0.43729999999999997 0.37538593746130033 0.39516718809523804 0.37538593746130033 0.42641093809523806 0.37461250030959753 0.4548140630952381 0.3725515622291022 0.48653124999999997 0.37976406253869965 0.483690625
2 0.5920390625386998 0.5083078130952381 0.5886906247678019 0.504046875 0.5848265622291022 0.502626561904762 0.580584119504644 0.4739587976190476 0.5724609374613003 0.498365625 0.5724609374613003 0.5139875 0.5698843752321981 0.5210890619047619 0.5696265622291022 0.5362375 0.5722031250773995 0.540025 0.5724609374613003 0.553753125 0.5755515622291022 0.557065625 0.5789 0.5584859369047619 0.5848265622291022 0.55990625 0.5907515622291022 0.5556453119047619 0.5930703126934984 0.548545313095238 0.5946156247678018 0.542390625 0.5941 0.531503125 0.5930703126934984 0.5210890619047619 0.5920390625386998 0.5083078130952381
9 0.5812187498452013 0.4458203119047619 0.5812187498452013 0.4235703119047619 0.5845687498452012 0.37007812500000004 0.5786437498452012 0.41457656309523805 0.576582812383901 0.4406125 0.576582812383901 0.47185625 0.58225 0.463809375 0.5812187498452013 0.4458203119047619
2 0.6530937498452012 0.5310296869047619 0.6492296873065017 0.5272421880952382 0.6456234377708978 0.5272421880952382 0.6404703126934984 0.5291359369047619 0.6407281250773994 0.526295313095238 0.639440624767802 0.5144609369047619 0.6348031250773994 0.5083078130952381 0.6273328123839009 0.504046875 0.6229531250773994 0.5239296869047619 0.6226953126934984 0.546178125 0.6247562501547987 0.54901875 0.6255296873065016 0.5532796869047619 0.6306812501547987 0.562273436904762 0.6376374996904025 0.560853125 0.6466531250773994 0.5613265630952381 0.6510328123839009 0.5594328119047619 0.6538671876160991 0.553753125 0.6543812501547988 0.542390625 0.6530937498452012 0.5310296869047619
2 0.6543812501547988 0.5272421880952382 0.6556703126934984 0.535290625 0.6559281250773994 0.553753125 0.659792187616099 0.5518593749999999 0.662367187616099 0.5475984380952381 0.66855 0.5419171880952381 0.66855 0.53245 0.6680359374613003 0.51966875 0.6628828123839009 0.511620313095238 0.6567000000000001 0.511146875 0.6512906247678019 0.519195313095238 0.6543812501547988 0.5272421880952382
2 0.7128609374613003 0.48085156309523813 0.7061625003095976 0.47375 0.6992062501547988 0.4751703119047619 0.6901906247678018 0.480378125 0.6878718749226006 0.493159375 0.6907062501547988 0.5064140619047619 0.6927656247678018 0.5234562500000001 0.6950843752321981 0.5272421880952382 0.6989484377708979 0.526295313095238 0.7022984377708978 0.5229828130952381 0.7105421876160991 0.519195313095238 0.7177546873065015 0.5125671880952382 0.7234218749226007 0.501679686904762 0.7208468749226007 0.4936328130952381 0.7172390625386996 0.488425 0.7128609374613003 0.48085156309523813
2 0.7156109374613002 0.6298140630952381 0.7180109374613003 0.6260328119047619 0.7183531250773993 0.618471875 0.7210968749226007 0.618471875 0.7252109374613004 0.6172124999999999 0.7262406247678019 0.609651563095238 0.7231546873065016 0.598309375 0.7217828123839009 0.5894890630952381 0.7228109374613003 0.584448438095238 0.722125 0.5756265630952381 0.7214390625386997 0.5623953119047619 0.7186968749226006 0.5460140630952381 0.7114953126934984 0.538453125 0.7066953126934985 0.5422328130952381 0.7039531250773994 0.5460140630952381 0.7001812501547988 0.5460140630952381 0.6943515622291021 0.54979375 0.686807812383901 0.5605046869047619 0.6840656247678017 0.5605046869047619 0.67515 0.563025 0.67035 0.56995625 0.6696640625386996 0.5857078130952381 0.6761781250773994 0.6008296869047619 0.6796078123839009 0.6165828119047619 0.6840656247678017 0.6146921869047619 0.6874937498452013 0.6153218749999999 0.6898937498452012 0.6153218749999999 0.6936656247678019 0.6153218749999999 0.6991515622291021 0.615951561904762 0.7022374996904025 0.6197328130952381 0.7042953126934985 0.625403125 0.7104671876160992 0.63359375 0.7156109374613002 0.6298140630952381
9 0.7276109374613003 0.6172124999999999 0.7639578123839009 0.6361140619047619 0.7317265622291022 0.609021875 0.7276109374613003 0.6172124999999999
9 0.7303546873065014 0.6531265619047619 0.7402984377708979 0.6543875 0.7519562501547987 0.656276561904762 0.7327546873065015 0.645565625 0.7241828123839009 0.640525 0.7207546873065015 0.6304437500000001 0.7156109374613002 0.634854688095238 0.722125 0.645565625 0.7303546873065014 0.6531265619047619
2 0.6086312501547988 0.581928125 0.6021156247678019 0.58381875 0.6045156247678019 0.602090625 0.6110312501547988 0.609021875 0.6161734377708978 0.6146921869047619 0.6223453126934985 0.615951561904762 0.6271468749226007 0.609651563095238 0.6268031250773994 0.5939 0.6254312501547987 0.5806671880952381 0.6182312501547987 0.5775171880952381 0.6117171876160991 0.578146875 0.6086312501547988 0.581928125
1 0.3545531250773994 0.6077609369047619 0.35901093746130036 0.5995703130952381 0.363125 0.5888593750000001 0.365525 0.5775171880952381 0.35901093746130036 0.563025 0.3500953126934984 0.5623953119047619 0.34255156222910216 0.5623953119047619 0.3353515622291022 0.5592453119047619 0.32849374984520124 0.559875 0.31923593746130036 0.5560953130952381 0.31169218761609907 0.5573546869047619 0.30723437523219815 0.564915625 0.3065484377708978 0.5775171880952381 0.30689218761609904 0.592009375 0.30860625015479876 0.6008296869047619 0.3127203126934984 0.6077609369047619 0.32026406253869966 0.619103125 0.32334999999999997 0.632964063095238 0.33055 0.636745311904762 0.3380937498452012 0.6298140630952381 0.34495156222910217 0.6235125 0.3497515622291022 0.615951561904762 0.3545531250773994 0.6077609369047619
1 0.31100625015479877 0.582557811904762 0.3120343752321981 0.568065625 0.31032031269349847 0.554204686904762 0.30552031269349844 0.5397125 0.29832031269349846 0.5371921880952382 0.29351874984520127 0.534671875 0.285975 0.5271109380952381 0.27603125015479874 0.524590625 0.2684890625386997 0.5252203130952381 0.2636874996904025 0.527740625 0.25785937523219815 0.5371921880952382 0.25442968730650156 0.5523140619047618 0.2530593752321982 0.571846875 0.25854531269349845 0.578146875 0.26300312507739937 0.5806671880952381 0.269175 0.581928125 0.2794609374613003 0.5875984369047619 0.285975 0.5913796880952381 0.29626249969040247 0.5995703130952381 0.3017484377708978 0.59705 0.30792031269349845 0.59326875 0.31100625015479877 0.582557811904762
2 0.2814390625386997 0.620282813095238 0.2847875003095975 0.614128125 0.2881374996904025 0.610340625 0.2901984377708978 0.60608125 0.29303125015479875 0.6041875 0.29792656222910213 0.6008734380952381 0.29869843777089783 0.5933 0.3005015622291022 0.582884375 0.29818437523219815 0.5743640630952381 0.29535 0.5715234369047619 0.28916718761609905 0.5634765619047619 0.2845296873065015 0.5554281249999999 0.27474062476780187 0.5559015630952381 0.2734531250773994 0.5658421869047618 0.26830000000000004 0.5772046880952382 0.26185937523219815 0.5871453130952381 0.2585109374613003 0.5961390630952381 0.2608296873065015 0.60608125 0.26495156222910216 0.607975 0.2670125003095975 0.6075015619047619 0.2698468749226006 0.6037140630952381 0.27474062476780187 0.6008734380952381 0.27448281238390093 0.6098671869047619 0.27525625015479877 0.6174421880952381 0.2780890625386997 0.62075625 0.2814390625386997 0.620282813095238
9 0.26979531269349843 0.6626031250000001 0.2760296873065015 0.64854375 0.27971249969040246 0.6318796869047619 0.28226249969040246 0.619903125 0.2763124996904025 0.6188625000000001 0.2743281250773994 0.6266734369047618 0.27007812507739937 0.641773436904762 0.26554374984520124 0.659478125 0.2570421876160991 0.673017188095238 0.24514062476780185 0.693846875 0.25335937523219815 0.6834328119047619 0.2632765622291022 0.6761421880952381 0.26979531269349843 0.6626031250000001
9 0.24457343777089785 0.6584375 0.24995781238390094 0.64541875 0.2587437498452012 0.62719375 0.26299374984520124 0.6178203119047619 0.26554374984520124 0.6084484369047619 0.26044374984520124 0.60740625 0.2564765622291022 0.6152171880952381 0.25165781238390095 0.627714063095238 0.24655781238390095 0.6402125 0.2411734377708978 0.6579171869047619 0.23834062476780188 0.6704140619047619 0.2357890625386997 0.681870311904762 0.23408906253869968 0.68968125 0.24060625015479875 0.672496875 0.24457343777089785 0.6584375
7 0.23851249969040247 0.7060140619047619 0.24283125015479876 0.7019 0.2449109374613003 0.698371875 0.24667031269349843 0.6907296869047619 0.24763125015479875 0.683675 0.24827031269349845 0.6780906250000001 0.24347187492260064 0.6830875 0.23867343777089783 0.6901421869047619 0.23595312507739938 0.6948453130952381 0.23275468730650156 0.6927875 0.23163437523219815 0.689260936904762 0.23163437523219815 0.686026563095238 0.230675 0.6786781249999999 0.23083437523219813 0.6730937499999999 0.23323437523219814 0.667509375 0.23355468730650153 0.6636875 0.23003437523219813 0.668684375 0.22491718761609908 0.6713296880952381 0.2213968749226006 0.6801484369047619 0.21915781238390092 0.688084375 0.22011718761609908 0.6969031250000001 0.2244359374613003 0.7057203119047619 0.22763593746130031 0.708071875 0.23147500000000001 0.708071875 0.23595312507739938 0.707484375 0.23851249969040247 0.7060140619047619
2 0.24245000000000003 0.4414859369047619 0.23823437523219815 0.4432078130952381 0.2319109374613003 0.450953125 0.23120781238390092 0.46128125 0.23167656222910216 0.4724703119047619 0.23167656222910216 0.48193906190476193 0.23612656222910217 0.487103125 0.24104374984520124 0.4935578130952381 0.24596250030959754 0.4935578130952381 0.2511140625386997 0.489684375 0.25696874984520124 0.4828 0.25626718761609907 0.4625734380952381 0.25439374984520124 0.45568749999999997 0.24900625015479874 0.445359375 0.24245000000000003 0.4414859369047619
0 0.32675937523219817 0.4922671869047619 0.3293359374613003 0.4922671869047619 0.3295703126934984 0.4858125 0.32886718761609907 0.4776359380952381 0.3274624996904025 0.4694578119047619 0.3255890625386997 0.4759140619047619 0.32371562476780186 0.48366093809523814 0.32254374984520123 0.4922671869047619 0.32675937523219817 0.4922671869047619
10 0.36979880247678015 0.5035427023809523 0.38828874241486067 0.4967630571428571 0.3895214049535604 0.46779548452380953 0.3864397479876161 0.4178726464285714 0.37966010340557277 0.39260306190476185 0.36979880247678015 0.3858234166666667 0.36979880247678015 0.41602365238095235 0.36979880247678015 0.45053820714285714 0.36979880247678015 0.5035427023809523
11 0.7087810377708978 0.3469945428571429 0.7087810377708978 0.34945986785714284 0.707548374613003 0.357472175 0.7112463628482972 0.39321939285714286 0.7124790253869969 0.42095430357142855 0.7241893207430341 0.444991225 0.7389812730650155 0.4425259 0.7469935801857586 0.4289666107142857 0.749458905882353 0.4191053095238095 0.753773225386997 0.40308069404761904 0.753773225386997 0.3870560797619048 0.7451445863777091 0.3722641273809524 0.740830266873065 0.36548448333333333 0.7358996160990712 0.3537741869047619 0.7352832848297214 0.34329655476190474 0.7346669535603715 0.3303535964285714 0.7346669535603715 0.3217249583333333 0.7334342910216719 0.31124732499999996 0.7303526340557276 0.3038513488095238 0.7211076643962848 0.2927573845238095 0.7069320433436532 0.30138602380952384 0.7050830495356037 0.32419028333333333 0.7081647065015481 0.34945986785714284 0.7087810377708978 0.3469945428571429
13 0.22311194427244582 0.43636258690476193 0.26563880619195046 0.46163217142857144 0.3254229461300309 0.5060080273809524 0.3919867300309598 0.53004495 0.5676411616099071 0.5183346547619048 0.670568494736842 0.4992283833333333 0.7309689659442724 0.46656282261904763 0.7229566582043343 0.43389726071428575 0.6798134643962848 0.4511545380952381 0.6255763071207431 0.4801221119047619 0.5738044749226006 0.4875180880952381 0.5337429380804954 0.4936814011904762 0.42280329721362225 0.5004610452380952 0.3685661393188855 0.4813547738095238 0.3309699281733746 0.46471382857142857 0.2674878 0.42711761666666664 0.2286589263157895 0.40431335714285715 0.22311194427244582 0.43636258690476193
13 0.3568558439628483 0.6409845904761905 0.4178726464396285 0.6687195011904762 0.48258743715170277 0.672417488095238 0.5411389139318885 0.6699521630952381 0.6095516922600619 0.6508458916666667 0.6526948860681114 0.661323525 0.6761154767801857 0.6557765428571429 0.6989197362229103 0.6409845904761905 0.7180260074303406 0.6194129940476191 0.7395976043343654 0.5922944142857143 0.7278873089783282 0.5596288535714286 0.629890626625387 0.6077026988095238 0.5670248303405573 0.6323559511904762 0.4203379721362229 0.6348212773809524 0.3593211696594427 0.6089353607142857 0.3001533609907121 0.5935270773809523 0.2533121795665635 0.5546982035714285 0.2502305226006192 0.5842821071428571 0.30323501795665636 0.621878319047619 0.3568558439628483 0.6409845904761905
6 0.2659199306501548 0.47940494523809524 0.2659199306501548 0.4837745214285714 0.26904105696594427 0.4875198726190476 0.2715379572755418 0.4887683238095238 0.27341063281733746 0.4900167738095238 0.27653175913312694 0.48689564761904763 0.2821497857585139 0.4762838202380953 0.26966528173374615 0.474411144047619 0.2659199306501548 0.47940494523809524
6 0.5986319566563467 0.5243491595238096 0.5967592811145511 0.5330883119047619 0.5986319566563467 0.5368336630952381 0.6054984340557276 0.5387063380952382 0.6154860371517028 0.5380821130952381 0.6186071628482972 0.5349609880952381 0.6217282891640867 0.5206038083333334 0.6061226594427245 0.5187311321428572 0.5986319566563467 0.5243491595238096
6 0.6379581436532508 0.5799052011904762 0.6292189913312694 0.5905170297619048 0.6373339188854489 0.597383505952381 0.6485699721362229 0.5923897047619048 0.6635513764705883 0.5824021023809524 0.664799827244582 0.5805294261904762 0.6672967275541796 0.5692933726190477 0.6672967275541796 0.5680449226190476 0.6473215213622291 0.5724144988095238 0.6379581436532508 0.5799052011904762
