0 0.5070453457996109 0.5091687485233092 0.4958739322770498 0.5096641522096764 0.4939862801002164 0.46709968262455276 0.5051576236951405 0.46660428047998403
0 0.613160561311247 0.48100808271674667 0.5851585035918561 0.4850821642451579 0.5740760121442463 0.4089133069653025 0.6020777789262866 0.4048392470865444
0 0.7294295683270775 0.4739958288958014 0.7641778195015831 0.48181906074106684 0.7514148714155908 0.5385035980142583 0.7166666317435784 0.5306804010782247
7 0.7788313822064765 0.6540687500000001 0.7408857658801935 0.6540687500000001 0.740886178833307 0.5631999999999999 0.7788311454675068 0.5631999999999999
0 0.631665625 0.5246640625000001 0.6543765625 0.5246640625000001 0.6543765625 0.5584156250000001 0.631665625 0.5584156250000001
0 0.317099541957532 0.5897274255913406 0.3087967686534512 0.5877638016971085 0.31604138082946065 0.5571346843043281 0.32434411051610823 0.559098302834478
0 0.2697398670668463 0.5394590606041642 0.25514439855692217 0.5389988643757437 0.2562434504183102 0.5041457949918536 0.27083883790362506 0.5046059899400245
0 0.7036118512829717 0.45296096217853166 0.6905097953858785 0.45001985740173395 0.6975620131396454 0.418605560129978 0.7106640150839212 0.4215466586193061
0 0.7222736355505504 0.4352315204230177 0.7154594054288737 0.4389791384590952 0.7068693898137326 0.42336093054685464 0.7136836071467769 0.4196133168769208
6 0.36225137261396867 0.6070141015243017 0.3092112823230764 0.6122139868171818 0.3028150074636642 0.54697359268785 0.3558544890626081 0.5417737374999946
10 0.6356027916223184 0.4308035599284632 0.612363901937556 0.4332496449051406 0.6056675389993416 0.3696335755311356 0.62890625 0.36718749999999756
10 0.3800223241674985 0.44531252903755336 0.37370131451405086 0.3652487585137943 0.39490657296539666 0.3635747261380914 0.4012276781249966 0.4436383921875248
10 0.3820167575404412 0.47013800169011244 0.3615299430921368 0.47221944965560636 0.34921040787060065 0.35096888352949895 0.3696969169673139 0.34888745104852953
6 0.6741073141142806 0.4787946476451871 0.631597315365866 0.4774451997056842 0.6345129262999762 0.38561239907275346 0.67702241370705 0.38696183891605385