10 0.35477343777089787 0.3395390619047619 0.3498968749226006 0.35902343809523807 0.3564 0.3830921880952381 0.3564 0.4220609380952381 0.3564 0.4369609369047619 0.36019218761609906 0.465615625 0.3650703126934985 0.47363906309523807 0.3748234377708978 0.465615625 0.3769906247678019 0.44039999999999996 0.375907812383901 0.41518437500000005 0.36994687492260064 0.379653125 0.36398593746130037 0.346415625 0.35477343777089787 0.3395390619047619
10 0.378075 0.444984375 0.38945468730650157 0.4518609369047619 0.39812499999999995 0.43925312499999997 0.3964984377708978 0.4083078130952381 0.3905390625386997 0.3773609369047619 0.37915937523219817 0.364753125 0.375907812383901 0.3727765630952381 0.378075 0.4025765619047619 0.38024218761609907 0.4186234369047619 0.378075 0.444984375
0 0.498375 0.501146875 0.5070453126934985 0.5091687500000001 0.5059609374613003 0.4919765619047619 0.5054187498452012 0.4724921880952381 0.501625 0.4667609369047619 0.4962062501547988 0.46790781309523805 0.4945812501547988 0.480515625 0.498375 0.501146875
0 0.5867015622291022 0.465615625 0.6007906247678019 0.4828078119047619 0.6083781250773994 0.480515625 0.6110875003095975 0.4667609369047619 0.6067515622291022 0.4369609369047619 0.601875 0.40486875 0.5894109374613004 0.41289218690476187 0.5796578123839009 0.4472765619047619 0.5867015622291022 0.465615625
10 0.6322203126934984 0.38996875000000003 0.6257187498452013 0.352146875 0.6143390625386997 0.352146875 0.6121703126934984 0.40486875 0.6246343752321982 0.41174687499999996 0.6327625003095975 0.4220609380952381 0.6322203126934984 0.38996875000000003
0 0.7576265622291022 0.505373438095238 0.7548359374613003 0.48413125 0.7481390625386997 0.47823125 0.7325156247678019 0.474690625 0.7258187498452012 0.49003281190476194 0.7202390625386996 0.5148140619047619 0.7313984377708977 0.5289765630952381 0.7353046873065016 0.5348765630952381 0.7464656247678019 0.52425625 0.7559515622291022 0.5183546869047619 0.7576265622291022 0.505373438095238
7 0.7548359374613003 0.65406875 0.7626484377708977 0.650528125 0.7704609374613003 0.648167188095238 0.7749250000000001 0.637546875 0.7788312501547987 0.6210249999999999 0.7788312501547987 0.6033234380952381 0.7754828123839009 0.58208125 0.7648796873065015 0.5632 0.7632062501547987 0.585621875 0.7654374996904024 0.6068640619047618 0.7659968749226006 0.6233859369047619 0.7542781250773993 0.624565625 0.7475812501547987 0.626925 0.7408859374613003 0.6163046880952381 0.7436750000000001 0.62810625 0.7459078123839009 0.6410875 0.7548359374613003 0.65406875
0 0.6402593752321981 0.5272609369047618 0.6316656247678019 0.5337515630952381 0.6316656247678019 0.54803125 0.6396453126934984 0.558415625 0.6500796873065016 0.5571171869047619 0.6543765622291022 0.536346875 0.6506937498452012 0.524664063095238 0.6402593752321981 0.5272609369047618
0 0.31820625015479875 0.5826390619047619 0.32087343777089783 0.5737718749999999 0.32277968730650153 0.5657125000000001 0.3216359374613003 0.5584578130952381 0.317825 0.5600703130952381 0.31401249969040246 0.5657125000000001 0.31210781238390095 0.5753843750000001 0.31439374984520124 0.5890875 0.31820625015479875 0.5826390619047619
0 0.2705640625386997 0.5133203119047619 0.2659906247678019 0.5044531250000001 0.25836718761609906 0.509290625 0.2557 0.5213796869047619 0.25684218761609906 0.5342765630952381 0.25874843777089784 0.5391125 0.26522812507739935 0.5366953130952381 0.2701828123839009 0.5254109369047619 0.2705640625386997 0.5133203119047619
0 0.6936507752321982 0.436028294047619 0.6938751851393189 0.44163853928571434 0.695446053869969 0.44881965357142856 0.7001586600619195 0.4521858011904762 0.7050956761609907 0.4463511452380952 0.7075641845201238 0.4353550642857143 0.7066665448916409 0.42862276904761903 0.7041980371517027 0.42009519642857146 0.7033003975232198 0.42054401547619047 0.6974657424148606 0.4292959988095238 0.6936507752321982 0.436028294047619
0 0.7089106433436533 0.42525662261904756 0.7102571021671826 0.4295204083333333 0.7127256105263158 0.4337841952380952 0.7158673479876161 0.43872121190476193 0.7187846755417956 0.4371503428571428 0.7190090854489165 0.4292959988095238 0.7165405777089783 0.4248078023809524 0.7131744297213622 0.4234613428571429 0.709135053250774 0.4221148845238095 0.7089106433436533 0.42525662261904756
6 0.3247277374613003 0.5585990095238095 0.3247277374613003 0.5745830166666667 0.3322991095975232 0.5771068071428571 0.35417196222910213 0.5661703809523809 0.35669575294117645 0.5585990095238095 0.35585448916408674 0.5417737380952381 0.3339816365325078 0.5493451095238095 0.3247277374613003 0.5585990095238095
