11 0.2867640625386997 0.368565625 0.27665468730650156 0.31341875 0.25919062476780186 0.304228125 0.24540468730650156 0.37408125 0.24540468730650156 0.429228125 0.265625 0.45404375 0.2729781250773994 0.4503671880952381 0.2867640625386997 0.4430140630952381 0.296875 0.4237125 0.29411718761609906 0.4025734369047619 0.2867640625386997 0.368565625
11 0.2711390625386997 0.5753671880952381 0.2674624996904025 0.5514703119047619 0.24080937523219817 0.523896875 0.22977968730650156 0.540440625 0.22150781238390094 0.5625 0.21139687492260062 0.609375 0.203125 0.6452203119047619 0.203125 0.65625 0.21875 0.661764063095238 0.24448593746130032 0.637867186904762 0.26286718761609906 0.6075375 0.2711390625386997 0.5753671880952381
11 0.7775734377708978 0.633271875 0.7748156247678019 0.602940625 0.7711390625386997 0.568934375 0.7647062501547989 0.53033125 0.7591906247678019 0.53216875 0.75 0.54595625 0.7279406247678019 0.5588234369047619 0.7306984377708978 0.5983453119047619 0.7472421876160991 0.647978125 0.7711390625386997 0.675551563095238 0.78125 0.65625 0.7775734377708978 0.633271875
11 0.7279406247678019 0.320771875 0.7150734377708978 0.3318015630952381 0.7113968749226006 0.37408125 0.7095593752321981 0.4181984369047619 0.7123156247678019 0.462315625 0.7316171876160991 0.4733453119047619 0.7490812501547989 0.444853125 0.7573531250773994 0.4099265630952381 0.7380515622291022 0.365809375 0.7279406247678019 0.320771875
2 0.28046826996904023 0.5224172928571429 0.2840794495356037 0.5302415142857143 0.2882924922600619 0.5356582833333333 0.3033390730650155 0.5422787797619048 0.3105614321981424 0.5362601464285714 0.3081539789473684 0.5272321988095238 0.29852416718266256 0.5145930702380952 0.2894962185758514 0.5097781642857143 0.2768570904024768 0.5109818904761905 0.28046826996904023 0.5224172928571429
2 0.31658006439628483 0.5458899583333333 0.32079310712074305 0.5579272238095238 0.3316266452012384 0.5627421297619047 0.34306204705882354 0.5651495821428572 0.35269185882352944 0.5633439928571429 0.35630303839009286 0.5567234976190476 0.3532937219814241 0.5452880952380952 0.34667322662538697 0.5374638738095238 0.3376452780185759 0.5350564202380952 0.32079310712074305 0.5374638738095238 0.31658006439628483 0.5458899583333333
2 0.28167199628482975 0.5663533095238096 0.28167199628482975 0.568760761904762 0.281070133126935 0.5765849845238096 0.2828757226006192 0.5820017535714286 0.2870887653250774 0.5886222488095237 0.2967185770897833 0.5988539238095238 0.30695025263157893 0.6018632404761904 0.31296888482972135 0.5982520607142857 0.31296888482972135 0.5928352916666667 0.3087558421052632 0.5844092059523809 0.3033390730650155 0.5765849845238096 0.2955148507739938 0.5699644880952381 0.28227385944272443 0.5663533095238096 0.28167199628482975 0.5663533095238096
2 0.3310247820433436 0.5958446083333333 0.3304229188854489 0.5982520607142857 0.3304229188854489 0.6036688297619047 0.33222850835913315 0.6151042309523809 0.3340340984520124 0.6253359059523809 0.344265773374613 0.6337619916666667 0.35630303839009286 0.6331601285714286 0.3647291238390093 0.6217247273809524 0.3611179442724458 0.6132986416666666 0.35570117523219813 0.609687461904762 0.3496825424148607 0.6042706928571429 0.3310247820433436 0.5940390178571429 0.3310247820433436 0.5958446083333333
2 0.6909291448916408 0.5964165833333334 0.6940325424148607 0.6020591238095239 0.6988287021671826 0.6048803952380952 0.7061640055727554 0.6012127428571429 0.7149099442724458 0.591056169047619 0.7197061040247679 0.5817459761904762 0.7160384526315788 0.5732821654761905 0.7123708006191951 0.5687681321428572 0.7053176247678019 0.5707430214285715 0.6977001944272446 0.5761034357142858 0.6934682885448916 0.5806174690476191 0.6875436204334365 0.5899276607142857 0.6909291448916408 0.5964165833333334
2 0.6367607510835914 0.6215258904761904 0.6384535139318885 0.6274505583333333 0.642967546749226 0.6305539559523808 0.6534062470588236 0.6336573535714286 0.6644092024767803 0.628861194047619 0.6692053622291022 0.6209616369047618 0.6677947269349845 0.6122156976190476 0.6652555832817337 0.6082659190476191 0.6548168823529411 0.6085480464285714 0.6455066897832817 0.611651444047619 0.6364786241486069 0.6141905869047618 0.6367607510835914 0.6215258904761904
2 0.6943146693498452 0.5326558702380952 0.6954431777089783 0.5368877761904761 0.7019320996904025 0.5439409523809524 0.7129350551083592 0.5447873333333333 0.7191418501547988 0.5368877761904761 0.7230916284829721 0.5256026940476191 0.7174490879256965 0.5140354845238095 0.7109601653250774 0.5120605952380952 0.7061640055727554 0.51262485 0.6991108291021672 0.5174210095238095 0.6934682885448916 0.5264490749999999 0.6943146693498452 0.5326558702380952
