11 0.29022152904417453 0.4587187796443732 0.2491936819219518 0.4532728606591265 0.26986206798983403 0.29757490964447714 0.31088916978910675 0.3030207779153956
11 0.31389485857334876 0.5364974729297416 0.29526563114018245 0.5464322377642152 0.27330082289472557 0.5052481698262515 0.29192993784181454 0.49531344179241205
2 0.31952240312500635 0.5289940390624945 0.3541811041162646 0.5242139544270261 0.35894406847205573 0.5587454686745965 0.3242853703069386 0.5635255394842532
2 0.2814159688214204 0.5952940650810948 0.2981827017819114 0.564159481696572 0.3365894021017084 0.5848402797960041 0.3198228108692547 0.6159747414487482
2 0.38119976528196275 0.609131566383885 0.3670515108788095 0.6388397721496081 0.3253767383264403 0.618994673025813 0.3395250214508678 0.589286594288811
2 0.6476329688373426 0.5883166085121692 0.6622013835948337 0.6096464156159108 0.6223027168733779 0.6368942575754546 0.6077344100161781 0.615564546485101
2 0.6277512152785221 0.5257998407986281 0.6578429028965047 0.5204268154030772 0.6644764935974763 0.5575750694096068 0.634384810441702 0.5629480780722432
2 0.6955317462990251 0.49310342534951623 0.7145316971341344 0.5013189436423681 0.6947893731332897 0.5469731258246886 0.6757894414937482 0.5387576398090362
11 0.7673856761527986 0.6621303599374317 0.7025539460604477 0.6735279895341554 0.6804566860135992 0.5478439556565509 0.7452869109880567 0.5364464621200907
11 0.6693485342907479 0.3164290530452138 0.7146249201342698 0.30953950301855404 0.7361577914934969 0.45104239211554414 0.6908814185779875 0.45793188486496866
2 0.6792108796938692 0.5690415729386374 0.700635541593897 0.5845727878238706 0.6756250207886296 0.619070008867993 0.6542004098729421 0.6035388539174076