1 0.3752135698313168 0.5311607622330884 0.32671744235017286 0.5239658344611461 0.3379902513319166 0.44799138243921127 0.38648582698851897 0.45518626832295933
2 0.28407822598683197 0.4290743057803204 0.3183387583144395 0.4192862047007855 0.33648224050375575 0.48278857152715887 0.30222172628509725 0.4925766276644308
2 0.2955317324325506 0.521362742922151 0.31382807431987203 0.4962075123585322 0.355884949520032 0.5267945750756557 0.3375887238287305 0.5519497009510724
2 0.4009994590508086 0.5549506556223596 0.38671185341490855 0.5882855282084802 0.34155867727781697 0.5689341991732522 0.3558463281250397 0.5355994656249522
2 0.4033986391000326 0.6045666079888453 0.3971027480548628 0.5730902329984642 0.42155316232401674 0.5682001866408897 0.427849105252335 0.5996764915877156
11 0.309064979648042 0.612311802939334 0.24155540105141426 0.6245850767342643 0.22511476660338303 0.5341592155930995 0.2926232860241953 0.5218860405948507
2 0.6424249691999648 0.5909822688279986 0.6075524341567871 0.5869394479314549 0.6153347393831154 0.5198189697035972 0.6502068765624927 0.5238617671875037
2 0.6790093632928347 0.48261059366349107 0.7043531224749131 0.4976949387425942 0.6770135091044267 0.5436255009879072 0.6516697970367886 0.5285412190815625
2 0.6389875260548479 0.5127736055817382 0.6205648770261405 0.4914216123266407 0.6524708097609846 0.4638949958983582 0.6708934136047446 0.48524692190686114
2 0.6001090487392275 0.5138430793799503 0.620617812416981 0.5067444820143449 0.6283081658915535 0.5289611009066943 0.6077994086964509 0.53605968501633
2 0.571108139755097 0.5341242530998992 0.5855640859103914 0.5169928282228352 0.606640440240767 0.5347760922151924 0.5921845350243302 0.5519074786062561
2 0.6894524701837099 0.4299460599199288 0.7105640751569808 0.44345661222775573 0.6825468539163921 0.4872335296536843 0.6614352872006748 0.4737230262971351
11 0.7950757110158975 0.5913363193739618 0.738493603730717 0.6176044308617494 0.6797524908032528 0.49108498824928154 0.7363334709835954 0.46481718334921873
11 0.6601745088041753 0.28026527709247434 0.7004374200957955 0.26825013863353697 0.7415453625749251 0.4059991072541651 0.7012824901486283 0.4180141561294005
2 0.37831260312500004 0.5096182859375 0.39924539375 0.5096182859375 0.39924539375 0.5339764406249999 0.37831260312500004 0.5339764406249999
2 0.40736559128367844 0.5374596170472027 0.4100391515331694 0.522756463689585 0.42933095247815345 0.5262641031620009 0.42665741871564933 0.5409672331231843