1 0.36480937523219814 0.5296171869047619 0.37262187492260057 0.5275265630952382 0.377717187616099 0.5142859369047619 0.3824734377708979 0.48222968809523814 0.3797546873065015 0.4606265619047619 0.362092187616099 0.4515671880952381 0.34239062476780185 0.4529609380952381 0.33322031269349844 0.4801390619047619 0.3355984377708979 0.4975609380952381 0.34137187492260057 0.5170734380952381 0.35258125015479874 0.5219515619047619 0.3556390625386997 0.526829686904762 0.36480937523219814 0.5296171869047619
2 0.29374293374613003 0.43403806666666667 0.29008941424148604 0.45011355 0.29593504520123837 0.47057325714285714 0.3105491213622291 0.4888408523809524 0.328086013003096 0.48518733333333336 0.33173953188854494 0.4786109988095238 0.32881671702786375 0.4596127 0.3244324941176471 0.4406144 0.31274123281733746 0.4208853976190476 0.29374293374613003 0.43403806666666667
2 0.30324208297213623 0.5107619666666666 0.30543419442724457 0.5231839309523809 0.30908771393188855 0.5312216738095238 0.3251631975232198 0.5429129345238095 0.34416149659442724 0.5429129345238095 0.3470843120743034 0.5209918202380952 0.32881671702786375 0.5071084476190476 0.31127982538699694 0.5034549285714286 0.30324208297213623 0.5107619666666666
2 0.35584632755417955 0.5355994666666667 0.35584632755417955 0.5421758 0.3565770315789473 0.55167495 0.36096125448916405 0.5772495833333333 0.37849814613003097 0.5838259178571429 0.39238151826625384 0.5750574726190476 0.3960350377708978 0.5619048035714286 0.39238151826625384 0.55167495 0.3660761808049536 0.5399836892857143 0.35584632755417955 0.5355994666666667
2 0.3996885566563468 0.5772495833333333 0.3996885566563468 0.5860180297619048 0.4084570024767802 0.6035549214285714 0.41941755975232203 0.6013628095238095 0.42453248606811145 0.5830952142857143 0.41868685572755415 0.5699425452380952 0.4018806681114551 0.5721346571428572 0.3996885566563468 0.5772495833333333
11 0.23017659442724459 0.550743705952381 0.23152069102167183 0.5601523833333334 0.2325287640866873 0.57493745 0.23588900619195044 0.5927467333333334 0.2426094910216718 0.6061877023809524 0.27049950154798763 0.6159324047619048 0.2799081795665635 0.6176125261904762 0.2983895120743034 0.6135802357142857 0.30006963343653253 0.6024914357142858 0.2987255362229102 0.5866982976190476 0.2997336092879257 0.5685529892857143 0.2987255362229102 0.555448044047619 0.29469324582043344 0.5332704452380953 0.28730071269349844 0.5228536952380952 0.282596373374613 0.5262139369047619 0.273523719504644 0.531590325 0.25672250835913313 0.5379747845238095 0.24126539380804954 0.5409990023809524 0.23320081238390092 0.544695269047619 0.23118466687306502 0.5534318988095238 0.23017659442724459 0.550743705952381
2 0.6108920414860681 0.558136238095238 0.6105560173374612 0.5712411833333334 0.6145883083591331 0.5870343214285715 0.6199646959752322 0.588378419047619 0.6354218099071207 0.5816579345238095 0.6448304885448917 0.5702331107142857 0.645838560990712 0.5594803357142857 0.645838560990712 0.5520878023809525 0.6475186823529412 0.5399909297619048 0.6502068761609907 0.5238617678571429 0.6404621733746131 0.5262139369047619 0.6344137374613003 0.5312543 0.623996986377709 0.539654905952381 0.6145883083591331 0.5504076809523809 0.6108920414860681 0.558136238095238
2 0.6572633851393188 0.5292381547619047 0.6596155541795665 0.5332704452380953 0.6693602569659443 0.5359586392857143 0.6784329108359134 0.5349505666666666 0.6881776136222911 0.5248698404761905 0.6942260495356037 0.5141170642857144 0.6962421950464396 0.5080686285714285 0.6935540012383901 0.49126741785714284 0.6824652018575852 0.4926115142857143 0.6646559176470588 0.5067245321428572 0.6562553120743034 0.5208375488095238 0.6572633851393188 0.5292381547619047
2 0.6300454222910217 0.4909313928571428 0.629373373993808 0.49529970833333337 0.6297093981424149 0.5020201928571428 0.6384460284829722 0.5087406773809524 0.6448304885448917 0.5077326047619047 0.6619677238390094 0.4929475380952381 0.6676801356037152 0.48152271547619047 0.6586074817337461 0.47110596428571433 0.6505429003095976 0.46942584285714284 0.6371019312693499 0.4771544 0.6317255436532508 0.4848829571428572 0.6300454222910217 0.4909313928571428
2 0.6014833634674922 0.5178133309523809 0.6045075814241486 0.5265499607142857 0.6139162600619195 0.5339424940476191 0.6236609622291022 0.528566105952381 0.6243330105263158 0.5174773071428572 0.6176125263157894 0.5090767011904762 0.6041715572755418 0.512436944047619 0.6014833634674922 0.5178133309523809
2 0.5793057647058824 0.5255418880952382 0.5752734736842104 0.5376387607142857 0.5860262489164088 0.5467114142857143 0.5954349275541795 0.5480555119047619 0.6008113151702786 0.5409990023809524 0.5977870972136223 0.528566105952381 0.5897225157894738 0.520501525 0.5786337164086688 0.5252058642857143 0.5793057647058824 0.5255418880952382
2 0.6670080873065015 0.4707699392857143 0.6707043535603715 0.47950656904761907 0.6804490563467492 0.48589102976190474 0.6898577349845201 0.47581030357142856 0.699266413003096 0.45833704285714283 0.7002744854489164 0.44859234047619045 0.6975862916408669 0.4351513714285714 0.6905297832817338 0.43179112976190476 0.6834732743034055 0.4398557107142857 0.677088814241486 0.4492643892857143 0.666336039009288 0.46606560119047624 0.6670080873065015 0.4707699392857143
11 0.7150595517027863 0.4993319988095238 0.7096831640866873 0.5094127261904762 0.7016185826625386 0.5322623726190476 0.704642800619195 0.544695269047619 0.7157316 0.5598163595238095 0.7244682297213622 0.5739293773809524 0.7318607628482973 0.5887144428571428 0.7442936594427244 0.6031634845238095 0.7587427009287926 0.6082038476190477 0.7678153547987616 0.5984591452380953 0.7718476458204334 0.5887144428571428 0.7752078879256966 0.5786337166666666 0.7765519851393189 0.5685529892857143 0.7768880092879257 0.5567921416666667 0.7741998154798762 0.5467114142857143 0.7698315003095976 0.5369667119047619 0.7641190885448916 0.525877913095238 0.7530302891640868 0.5067245321428572 0.7469818532507739 0.4909313928571428 0.7392532959752321 0.47110596428571433 0.732196786996904 0.4667376488095238 0.7237961814241486 0.47278608452380955 0.7164036482972136 0.490595369047619 0.7150595517027863 0.4993319988095238
11 0.6733925473684211 0.3195590380952381 0.6821291777089783 0.35383350952380954 0.6959061708978329 0.39953280357142856 0.7012825585139318 0.41801413690476186 0.7157316 0.40625328809523814 0.7224520848297213 0.3907961738095238 0.7291725690402476 0.3716427928571428 0.7254763027863778 0.3521533880952381 0.7164036482972136 0.3407285642857143 0.7096831640866873 0.3293037404761905 0.7056508730650155 0.3209031357142857 0.702962679256966 0.30410192380952383 0.6982583405572755 0.28629264047619046 0.6895217102167183 0.2715075738095238 0.6858254439628483 0.27486781666666665 0.6811211046439629 0.28058022857142856 0.6744006204334365 0.2933491488095238 0.6707043535603715 0.3138466261904762 0.6733925473684211 0.3195590380952381
2 0.37831260309597525 0.5221779595238095 0.37831260309597525 0.530551075 0.3828797572755418 0.5339764416666667 0.39315585448916407 0.5339764416666667 0.3992453931888545 0.5282674988095238 0.39886479690402477 0.5191331904761906 0.39620062352941177 0.5138048440476191 0.3916334693498452 0.5096182857142857 0.38744691145510834 0.5099988821428572 0.37831260309597525 0.5145660357142857 0.37831260309597525 0.5221779595238095
2 0.40952149040247676 0.5328346523809524 0.41332745201238386 0.5385435952380953 0.4258871256965945 0.5408271726190477 0.4270289145510836 0.5389241916666667 0.42626772198142415 0.5290286904761905 0.4152304328173374 0.5237003440476191 0.40952149040247676 0.5256033250000001 0.40952149040247676 0.5328346523809524
