2 0.33097656222910216 0.63299375 0.34476718761609904 0.619185938095238 0.34794843777089784 0.5864828119047619 0.34405937523219815 0.5675875 0.33451249969040253 0.560320311904762 0.33062187492260064 0.564679688095238 0.32390312507739943 0.560320311904762 0.3214281250773994 0.560320311904762 0.31753906253869973 0.5530515619047619 0.31400312507739936 0.55450625 0.30622343777089783 0.5530515619047619 0.3002124996904025 0.5581390630952381 0.29985781238390097 0.5734015619047619 0.2977374996904025 0.5922968750000001 0.2977374996904025 0.6010171880952381 0.31117343777089784 0.621365625 0.33097656222910216 0.63299375
2 0.34229062476780187 0.6424421880952381 0.3472421876160991 0.650435938095238 0.3606796873065016 0.667878125 0.36739687492260065 0.662064061904762 0.3748234377708978 0.65625 0.3836640625386997 0.6344484380952381 0.3864921876160991 0.6111921880952381 0.3879062501547988 0.594476561904762 0.38189531269349847 0.579215625 0.3719937498452012 0.579215625 0.3596187498452012 0.57049375 0.35183906253869973 0.57049375 0.3472421876160991 0.5784890630952381 0.34405937523219815 0.5886625 0.34017031269349846 0.6061046869047618 0.3369874996904025 0.625 0.34229062476780187 0.6424421880952381
2 0.610325 0.667878125 0.6198734377708979 0.667151561904762 0.6315421876160991 0.667878125 0.6393203126934984 0.65915625 0.6403812501547987 0.6438953119047619 0.6379062501547987 0.6162796869047619 0.634017187616099 0.5922968750000001 0.6287124996904024 0.5843015619047619 0.6170437498452013 0.58066875 0.6138609374613003 0.5813953130952382 0.602192187616099 0.5843015619047619 0.5975953126934985 0.590115625 0.5965343752321981 0.6024703130952381 0.5958281250773994 0.6293609380952381 0.6000703126934984 0.6475296869047619 0.610325 0.667878125
2 0.6506359374613003 0.6402609369047619 0.6577093752321981 0.6373546880952381 0.6647812501547987 0.62790625 0.6693781250773994 0.623546875 0.6753890625386997 0.613371875 0.6778640625386998 0.593023438095238 0.6732671876160992 0.5683140619047619 0.6665484377708978 0.5610468750000001 0.6548796873065016 0.55959375 0.6492218749226006 0.563226561904762 0.638967187616099 0.566134375 0.636492187616099 0.566134375 0.6269453126934984 0.5843015619047619 0.6329562501547987 0.624273438095238 0.6375531250773994 0.635901561904762 0.6506359374613003 0.6402609369047619
1 0.34512031269349847 0.5363375 0.3550218749226006 0.5363375 0.36492187492260064 0.5406984380952381 0.37411562476780186 0.5399703130952381 0.3836640625386997 0.53125 0.3843703126934985 0.5050875 0.3829562501547987 0.4847390630952381 0.3748234377708978 0.47456406190476186 0.3670437498452013 0.4709296880952381 0.3529 0.46947656190476195 0.3426453126934984 0.4774703130952381 0.33769374984520123 0.49273281190476187 0.3369874996904025 0.514534375 0.3369874996904025 0.530523438095238 0.34512031269349847 0.5363375
2 0.42008437523219816 0.5581390630952381 0.42963281238390094 0.5486921880952381 0.43246093746130027 0.537790625 0.4321078123839009 0.516715625 0.4292781250773994 0.5014531249999999 0.42008437523219816 0.4956390630952381 0.41018437523219814 0.498546875 0.40452656222910216 0.510175 0.399575 0.5297968750000001 0.3999296873065015 0.5581390630952381 0.4062937498452012 0.564679688095238 0.41265937523219814 0.5675875 0.42008437523219816 0.5581390630952381
9 0.3589109374613003 0.667151561904762 0.35113125015479874 0.659884375 0.3468875003095975 0.654796875 0.3384015622291021 0.6344484380952381 0.33627968730650154 0.659884375 0.33309687492260065 0.702034375 0.3323906247678019 0.722384375 0.33627968730650154 0.73183125 0.34017031269349846 0.7311046880952381 0.34405937523219815 0.720203125 0.35183906253869973 0.6940406250000001 0.3567890625386997 0.677325 0.3550218749226006 0.7122093749999999 0.3500703126934985 0.7347390630952381 0.35183906253869973 0.746365625 0.3596187498452012 0.738371875 0.37057968730650154 0.7122093749999999 0.37340937523219814 0.6751453119047619 0.3772984377708979 0.65625 0.3670437498452013 0.66424375 0.3589109374613003 0.667151561904762
9 0.35820312507739943 0.4709296880952381 0.3712874996904025 0.46947656190476195 0.3762375003095975 0.47238437499999997 0.3762375003095975 0.4563953130952381 0.37659062476780186 0.43677343809523805 0.37588437523219814 0.4186046869047619 0.37093281238390097 0.3909890630952381 0.36739687492260065 0.3728203119047619 0.3659828123839009 0.36482499999999995 0.3617390625386997 0.3706390630952381 0.3539609374613003 0.38081406190476186 0.3514843752321981 0.37863437499999997 0.34512031269349847 0.3844484380952381 0.3472421876160991 0.399709375 0.3490093752321981 0.4287796869047619 0.3472421876160991 0.46875 0.35820312507739943 0.4709296880952381
9 0.4515562501547987 0.5297968750000001 0.4618109374613003 0.53415625 0.46746874984520126 0.5356109369047619 0.4688828123839009 0.519621875 0.4671140625386997 0.49273281190476187 0.4649921876160991 0.45857499999999995 0.4660531250773994 0.438953125 0.4649921876160991 0.40043593809523814 0.46075000000000005 0.386628125 0.4572140625386997 0.3837203130952381 0.45332343777089784 0.40043593809523814 0.4515562501547987 0.43459374999999995 0.4490812501547988 0.47674374999999997 0.44802031269349846 0.514534375 0.4448375003095975 0.53415625 0.4515562501547987 0.5297968750000001
9 0.4883312501547988 0.49273281190476187 0.4855015622291022 0.45857499999999995 0.4855015622291022 0.4149703130952381 0.48479531269349846 0.39607499999999995 0.48090468730650154 0.38226718809523813 0.4752468749226006 0.38517500000000005 0.47135781238390095 0.40043593809523814 0.4685296873065015 0.4353203119047619 0.468175 0.48619218809523806 0.46994374984520126 0.5138078119047619 0.4685296873065015 0.5327031249999999 0.4727718749226006 0.5225296869047619 0.48055156222910217 0.519621875 0.4883312501547988 0.530523438095238 0.4883312501547988 0.49273281190476187
9 0.6400281250773994 0.65334375 0.638967187616099 0.662064061904762 0.6329562501547987 0.6649703130952381 0.6283593752321981 0.667878125 0.6166906247678019 0.666425 0.60785 0.6613375 0.6050218749226006 0.65915625 0.6089109374613003 0.7093015619047619 0.6128 0.744185938095238 0.6145687498452013 0.755814061904762 0.6195187498452013 0.7572671880952381 0.6234093752321982 0.7543609380952381 0.6244703126934984 0.7449125 0.6234093752321982 0.704215625 0.6212875003095976 0.6809593749999999 0.6251765622291022 0.677325 0.6329562501547987 0.691134375 0.6372 0.7093015619047619 0.638967187616099 0.7260171880952381 0.6456859374613003 0.733284375 0.6531124996904025 0.7281984380952381 0.6516968749226005 0.6969484380952381 0.6467468749226005 0.6649703130952381 0.6400281250773994 0.639534375 0.6400281250773994 0.65334375
11 0.6674107145510837 0.6361607142857143 0.737723214241486 0.6540178571428571 0.7399553572755418 0.6004464285714286 0.7421875003095975 0.5982142857142857 0.6919642854489163 0.5479910714285714 0.6674107145510837 0.6361607142857143
13 0.39620535727554185 0.6685267857142857 0.46540178575851393 0.6908482142857143 0.5368303572755418 0.6919642857142857 0.5725446427244582 0.6785714285714286 0.6227678569659443 0.6651785714285714 0.6930803572755418 0.6372767857142857 0.6875 0.6183035714285714 0.609375 0.6573660714285714 0.5569196427244582 0.6752232142857143 0.45424107120743035 0.6752232142857143 0.3638392854489164 0.6417410714285714 0.30022321424148607 0.6194196428571429 0.2734374996904025 0.625 0.3024553572755418 0.6607142857142857 0.34040178575851393 0.6428571428571429 0.39620535727554185 0.6685267857142857
13 0.4263392854489164 0.5145089285714286 0.5 0.5055803571428571 0.5613839287925697 0.4921875 0.6774553572755418 0.45982142857142855 0.6774553572755418 0.45535714285714285 0.5558035715170279 0.48549107142857145 0.44754464272445815 0.5 0.3214285715170278 0.45089285714285715 0.4263392854489164 0.5145089285714286
