2 0.29551562476780185 0.435540625 0.2887234377708978 0.44878124999999996 0.28634531269349844 0.4620203119047619 0.287025 0.4759578119047619 0.28804374984520126 0.4912890630952381 0.29381718761609904 0.4961671880952381 0.2992531250773994 0.4940765630952381 0.30570625015479874 0.5101046869047619 0.31114062476780185 0.5121953119047619 0.31793437523219814 0.5101046869047619 0.3260875003095975 0.5052265630952381 0.3277859374613003 0.48919843690476195 0.3277859374613003 0.48432031190476194 0.328125 0.4662015630952381 0.32642656222910216 0.4508703130952381 0.31317968730650153 0.438328125 0.30298906253869967 0.42926875000000003 0.29551562476780185 0.435540625
2 0.32642656222910216 0.48780468809523814 0.328125 0.5121953119047619 0.3328796873065015 0.5296171869047619 0.3406921876160991 0.5303140630952381 0.34273125015479877 0.519860938095238 0.34884531269349844 0.5296171869047619 0.35359999999999997 0.531010936904762 0.36175312507739943 0.5296171869047619 0.3702453126934985 0.5121953119047619 0.3729625003095975 0.4968640630952381 0.372282812383901 0.48501718809523814 0.36922499999999997 0.4717765630952381 0.3641296873065015 0.4655046869047619 0.35054374984520126 0.4620203119047619 0.33593749969040243 0.4641109369047619 0.32948437523219815 0.4717765630952381 0.32642656222910216 0.48780468809523814
2 0.36175312507739943 0.5149828119047619 0.36175312507739943 0.5289203130952381 0.36480937523219814 0.5421609380952381 0.36854687492260063 0.550521875 0.375 0.5581875 0.3797546873065015 0.556096875 0.38417187492260063 0.5491296869047619 0.387907812383901 0.5428578119047619 0.3926624996904025 0.5247390630952381 0.39300312507739943 0.5114984369047619 0.39198437523219815 0.5017421869047619 0.3902859374613003 0.4940765630952381 0.3831515622291021 0.4885015630952381 0.3783968749226006 0.48780468809523814 0.36854687492260063 0.4905921869047619 0.3641296873065015 0.4996515630952381 0.36175312507739943 0.5149828119047619
2 0.3902859374613003 0.557490625 0.39640000000000003 0.5672468749999999 0.40013593746130033 0.5777 0.40625 0.574215625 0.41236406253869967 0.56655 0.4171203126934985 0.557490625 0.4198375003095975 0.5463421869047619 0.4211953126934984 0.5414640619047619 0.4211953126934984 0.5296171869047619 0.41134531269349844 0.5101046869047619 0.40183437523219817 0.5101046869047619 0.3936828123839009 0.5212546880952381 0.3899453126934984 0.5296171869047619 0.38926562476780185 0.5463421869047619 0.3902859374613003 0.557490625
2 0.5988453126934985 0.570034375 0.6049593752321982 0.5790937500000001 0.6100546873065016 0.5790937500000001 0.6141296873065015 0.568640625 0.6188859374613004 0.560975 0.6219421876160991 0.551915625 0.6209234377708978 0.5435546880952381 0.6209234377708978 0.531010936904762 0.6175265622291022 0.5177703119047619 0.6120921876160991 0.5101046869047619 0.5991843752321981 0.5170734380952381 0.5910328123839009 0.532404686904762 0.5896734377708978 0.5442515630952381 0.5954484377708978 0.557490625 0.5988453126934985 0.570034375
2 0.6219421876160991 0.5477359369047619 0.6243203126934984 0.551915625 0.6290765622291022 0.55958125 0.6355296873065015 0.561671875 0.6385875003095975 0.560975 0.6443609374613003 0.553309375 0.6470781250773994 0.5477359369047619 0.6487765622291022 0.535192188095238 0.6487765622291022 0.5247390630952381 0.6447015622291022 0.5121953119047619 0.6409640625386996 0.5017421869047619 0.6379078123839009 0.4975609380952381 0.6256796873065016 0.5010453119047619 0.6185468749226006 0.519860938095238 0.6202453126934985 0.5358890630952381 0.6219421876160991 0.5477359369047619
2 0.6426624996904025 0.506620313095238 0.6430031250773994 0.526829686904762 0.6497968749226006 0.5386765630952381 0.6552312501547988 0.5414640619047619 0.6603265622291022 0.5428578119047619 0.6691578123839009 0.5379796880952381 0.6756109374613003 0.5400703130952381 0.6786687498452012 0.5358890630952381 0.6827453126934984 0.5296171869047619 0.6864812501547988 0.5142859369047619 0.6864812501547988 0.502439061904762 0.6851218749226006 0.4871078130952381 0.6834234377708978 0.4801390619047619 0.6810468749226006 0.4752609369047619 0.6698375003095975 0.47456406190476186 0.6559109374613004 0.4780484380952381 0.6426624996904025 0.49198593690476194 0.6426624996904025 0.506620313095238
2 0.6834234377708978 0.4885015630952381 0.6834234377708978 0.5052265630952381 0.6868203126934985 0.5142859369047619 0.6915765622291022 0.5240421880952382 0.6997281250773993 0.5254359380952381 0.7078796873065016 0.5191640619047618 0.7150140625386997 0.5087109369047619 0.7180703126934985 0.5073171869047619 0.7214671876160991 0.4982578130952381 0.724184375232198 0.4898953130952381 0.7248640625386997 0.4752609369047619 0.7214671876160991 0.4606265619047619 0.7150140625386997 0.44878124999999996 0.708559375232198 0.4473875 0.6953125003095975 0.4557484369047619 0.6844421876160991 0.4766546880952381 0.6834234377708978 0.4885015630952381
2 0.5947687498452012 0.6327531249999999 0.5947687498452012 0.60975625 0.5927312501547988 0.599303125 0.5869562501547988 0.593728125 0.5811828123839009 0.59303125 0.5788046873065016 0.594425 0.5726906247678019 0.605575 0.5699734377708978 0.614634375 0.5658968749226007 0.625784375 0.5703125003095976 0.635540625 0.5743890625386997 0.6487812500000001 0.5822015622291022 0.6466906250000001 0.5917125003095975 0.6446000000000001 0.5947687498452012 0.6327531249999999
2 0.6110734377708978 0.57351875 0.6069968749226006 0.5777 0.6036 0.5846687500000001 0.5957874996904025 0.5846687500000001 0.5917125003095975 0.599303125 0.5957874996904025 0.620209375 0.5998640625386996 0.625784375 0.616507812383901 0.622996875 0.6246609374613002 0.61533125 0.6229625003095975 0.594425 0.6182062501547988 0.5749124999999999 0.6110734377708978 0.57351875
2 0.6233015622291022 0.568640625 0.6182062501547988 0.579790625 0.6205843752321982 0.597909375 0.6243203126934984 0.6027875 0.6300953126934985 0.6083625 0.6416437498452012 0.60975625 0.6501359374613003 0.606271875 0.6538718749226006 0.602090625 0.6613453126934985 0.596515625 0.6657609374613003 0.592334375 0.6688171876160991 0.574215625 0.6654218749226006 0.56515625 0.6623640625386997 0.5554 0.6542125003095975 0.553309375 0.6497968749226006 0.55400625 0.6470781250773994 0.5484328119047619 0.640625 0.551915625 0.6355296873065015 0.560278125 0.6294156247678018 0.560975 0.6233015622291022 0.568640625
2 0.6654218749226006 0.579790625 0.6674593752321982 0.5916375 0.6756109374613003 0.596515625 0.6854625003095975 0.594425 0.6949734377708978 0.586759375 0.7024453126934985 0.583275 0.708559375232198 0.579790625 0.7112765622291022 0.568640625 0.7095781250773994 0.5477359369047619 0.7041437498452012 0.5386765630952381 0.69735 0.5372828130952381 0.6915765622291022 0.5428578119047619 0.6864812501547988 0.5421609380952381 0.6810468749226006 0.5372828130952381 0.6742531250773994 0.5386765630952381 0.6694968749226006 0.5449484369047619 0.6654218749226006 0.557490625 0.6654218749226006 0.579790625
2 0.3128390625386997 0.5916375 0.33457812507739937 0.596515625 0.33797499999999997 0.592334375 0.3457874996904025 0.568640625 0.3434109374613003 0.5484328119047619 0.3396734377708978 0.5358890630952381 0.33457812507739937 0.5337984369047619 0.328125 0.5289203130952381 0.31929374984520126 0.5289203130952381 0.31351874984520123 0.526829686904762 0.30706562476780186 0.526829686904762 0.3016296873065015 0.526829686904762 0.29789374984520123 0.5337984369047619 0.29483749969040246 0.55400625 0.29517656222910216 0.571428125 0.3128390625386997 0.5916375
2 0.3485046873065015 0.5463421869047619 0.3434109374613003 0.550521875 0.33933437523219817 0.5581875 0.33831562476780186 0.57351875 0.3403531250773994 0.593728125 0.34816562476780183 0.607665625 0.359375 0.61533125 0.36888593746130033 0.61533125 0.37364062476780185 0.60975625 0.3797546873065015 0.606271875 0.38417187492260063 0.599303125 0.3875671876160991 0.58745625 0.3865484377708978 0.56655 0.38111406253869967 0.55958125 0.37601874984520123 0.55958125 0.3712640625386997 0.5484328119047619 0.36650781238390095 0.5449484369047619 0.359375 0.5491296869047619 0.35495937523219817 0.551915625 0.35054374984520126 0.550521875 0.3485046873065015 0.5463421869047619
11 0.22631487368421052 0.5759330523809524 0.22084699566563465 0.5821794666666666 0.22553370588235294 0.5962339654761905 0.24193727987616098 0.6056035416666666 0.266933105882353 0.6141923571428571 0.2825555120743034 0.6188771607142857 0.29427231640866874 0.6173155797619048 0.2966157015479876 0.6040419607142857 0.29505342476780183 0.5813986452380953 0.29271009969040246 0.5579745702380953 0.29114782352941176 0.5439201309523809 0.29114782352941176 0.5298657511904762 0.2888044984520124 0.5181536535714286 0.2794310191950464 0.5173728630952381 0.25990301114551084 0.5251808880952381 0.24037500371517026 0.5368929261904761 0.2247525975232198 0.5392353273809524 0.22319038080495357 0.551728155952381 0.23359373188854488 0.5597656261904762 0.22631487368421052 0.5759330523809524
11 0.7449787690402476 0.5236192773809524 0.7246695931888545 0.5119072392857142 0.7176395585139319 0.5267424690476191 0.7176395585139319 0.5400161178571429 0.7176395585139319 0.5626594035714285 0.7129527888544892 0.5884259404761905 0.7121717399380805 0.6126307761904762 0.7277941461300309 0.6149731476190476 0.7559144055727554 0.6149731476190476 0.7746613647058823 0.6095075547619048 0.7738801962848297 0.5938915035714285 0.7574766222910216 0.5938915035714285 0.756695573374613 0.5821794666666666 0.756695573374613 0.5720290392857142 0.7699745950464396 0.5665634154761905 0.781691399380805 0.5610978511904762 0.7804687318885449 0.5412109380952381 0.7613822241486068 0.5361121059523809 0.7449787690402476 0.5236192773809524
11 0.7067038024767802 0.37917081071428577 0.7074849702786378 0.4158685345238095 0.715296173374613 0.4471006357142857 0.7254507616099071 0.45568945119047616 0.7348241814241486 0.45022382857142856 0.7449787690402476 0.4260189619047619 0.7418542160990711 0.39791005357142856 0.7387297826625386 0.3783899904761905 0.7332619640866872 0.36433555119047617 0.7248046693498452 0.3429687511904762 0.7067038024767802 0.37917081071428577
11 0.25365408482972135 0.4064988988095238 0.2559974099071207 0.429922975 0.26615199752321983 0.461155075 0.2809932953560371 0.46662069880952384 0.2934912080495356 0.4447582047619048 0.298959026625387 0.4182109369047619 0.29427231640866874 0.37448597738095235 0.2873046693498452 0.36347656309523807 0.2684953226006192 0.3893212369047619 0.25365408482972135 0.4064988988095238
