1 0.33599999999999997 0.496 0.326 0.4912 0.31479999999999997 0.4912 0.3084 0.492 0.3048 0.5016 0.304 0.5112 0.30360000000000004 0.5264 0.306 0.5336 0.3108 0.5432 0.3168 0.5464 0.3228 0.548 0.32680000000000003 0.5528 0.3312 0.5576 0.3372 0.5576 0.344 0.5576 0.3476 0.5568 0.3508 0.5456 0.35200000000000004 0.5384 0.3524 0.5176 0.35 0.5112 0.34640000000000004 0.5056 0.33599999999999997 0.496
2 0.4072 0.6544 0.4116 0.6456 0.4152 0.628 0.4144 0.6192000000000001 0.4116 0.6103999999999999 0.4068 0.596 0.4024 0.5912000000000001 0.39399999999999996 0.596 0.384 0.6056 0.38320000000000004 0.6304 0.38320000000000004 0.6487999999999999 0.39840000000000003 0.6632 0.40280000000000005 0.6616000000000001 0.4072 0.6544
1 0.5584 0.5408 0.5608 0.5584 0.5656 0.5712 0.57 0.5696 0.5764 0.5736 0.5851999999999999 0.5712 0.594 0.5616 0.5952000000000001 0.5496 0.594 0.536 0.5912000000000001 0.524 0.5863999999999999 0.5136 0.5796 0.5072 0.5684 0.5104 0.5612 0.5168 0.5596 0.5304 0.5584 0.5408
1 0.6316 0.5536 0.6364000000000001 0.552 0.6504 0.5432 0.6587999999999999 0.536 0.662 0.5192 0.6587999999999999 0.5024000000000001 0.6547999999999999 0.48960000000000004 0.646 0.48800000000000004 0.632 0.49039999999999995 0.6176 0.4976 0.6088 0.508 0.6088 0.5224 0.6096 0.5488000000000001 0.6176 0.5528 0.6316 0.5536
2 0.6708000000000001 0.6144000000000001 0.6811999999999999 0.6112 0.6948000000000001 0.6103999999999999 0.7115999999999999 0.6024 0.7192000000000001 0.5864 0.7192000000000001 0.5671999999999999 0.7148 0.5416 0.7075999999999999 0.5328 0.7040000000000001 0.5336 0.6972 0.5344 0.6912 0.5416 0.6884 0.5488000000000001 0.6804 0.5504 0.6744 0.552 0.6716 0.5608 0.6679999999999999 0.5720000000000001 0.6639999999999999 0.592 0.6708000000000001 0.6144000000000001
1 0.6828 0.5328 0.6868 0.5312 0.7004 0.524 0.7044 0.508 0.7040000000000001 0.49520000000000003 0.698 0.476 0.692 0.4688 0.6788 0.47200000000000003 0.6628000000000001 0.48800000000000004 0.6572 0.5056 0.66 0.5328 0.6656 0.536 0.6748 0.54 0.6828 0.5328
9 0.5656 0.5128 0.5731999999999999 0.5088 0.5828 0.5088 0.5883999999999999 0.512 0.5904 0.52 0.5924 0.516 0.594 0.5 0.5964 0.46640000000000004 0.5956 0.44079999999999997 0.5928 0.4128 0.5863999999999999 0.4048 0.5768 0.41919999999999996 0.5728 0.4456 0.57 0.47200000000000003 0.5656 0.48719999999999997 0.5636 0.5096 0.5656 0.5128
9 0.6612 0.4456 0.6612 0.468 0.6616 0.48879999999999996 0.6659999999999999 0.48800000000000004 0.6699999999999999 0.4824 0.6764 0.4752 0.6848 0.4696 0.6908000000000001 0.4688 0.6948000000000001 0.47200000000000003 0.6983999999999999 0.4696 0.6968000000000001 0.44720000000000004 0.6924 0.4184 0.688 0.39759999999999995 0.6824 0.3816 0.6756 0.37439999999999996 0.6656 0.3704 0.6612 0.3768 0.6592 0.3952 0.6587999999999999 0.42160000000000003 0.6612 0.4456
1 0.35359999999999997 0.576 0.36119999999999997 0.58 0.37120000000000003 0.576 0.3752 0.5720000000000001 0.3768 0.5664 0.37920000000000004 0.5544 0.3796 0.5392 0.38 0.5224 0.372 0.5152 0.36319999999999997 0.5128 0.35200000000000004 0.5152 0.3496 0.5304 0.34640000000000004 0.5439999999999999 0.3476 0.5632 0.35359999999999997 0.576
22 0.30769230773993805 0.6574519226190477 0.3689903845201239 0.671875 0.4711538464396285 0.7007211535714286 0.6538461535603716 0.6346153845238095 0.723557692260062 0.5697115380952381 0.6995192309597522 0.53125 0.5949519232198143 0.6237980773809523 0.5132211535603716 0.65625 0.3581730767801858 0.6069711535714286 0.3317307690402477 0.6189903845238095 0.2992788464396285 0.5492788464285714 0.2740384613003096 0.5360576928571429 0.27524038452012384 0.5697115380952381 0.29086538452012384 0.5913461535714286 0.30769230773993805 0.6574519226190477
22 0.3725961535603715 0.5793269226190476 0.4122596154798761 0.5769230773809524 0.4639423077399381 0.5877403845238095 0.5348557690402477 0.5889423071428571 0.5973557690402477 0.5697115380952381 0.6153846154798761 0.5612980773809524 0.6129807690402477 0.5384615380952381 0.609375 0.519230769047619 0.6033653845201239 0.48197115357142856 0.5949519232198143 0.4699519226190476 0.5865384613003096 0.44110576904761906 0.5841346154798761 0.42908653809523806 0.567307692260062 0.39783653809523806 0.5637019232198143 0.38221153809523806 0.5492788464396284 0.36899038452380956 0.5132211535603716 0.36177884642857144 0.4615384613003096 0.36298076904761906 0.4302884613003096 0.3737980773809524 0.3834134613003096 0.421875 0.3531880513931888 0.5079011666666666 0.3377403845201239 0.515625 0.3605769232198142 0.5564903845238095 0.3725961535603715 0.5793269226190476
22 0.3798076922600619 0.5240384619047619 0.3834134613003096 0.515625 0.3918269232198142 0.484375 0.4170673077399381 0.43509615357142856 0.4266826922600619 0.41466346190476194 0.4362980767801858 0.40024038452380956 0.4471153845201239 0.38822115357142856 0.4663461535603715 0.38221153809523806 0.4915865386996904 0.38341346190476194 0.5180288464396284 0.3894230773809524 0.5432692309597523 0.40144230714285717 0.5697115386996904 0.44230769285714283 0.598557692260062 0.5396634619047619 0.5769230767801857 0.5444711535714286 0.536057692260062 0.5516826928571429 0.4338942309597523 0.5552884619047619 0.3581730767801858 0.5324519226190476 0.35529647430340555 0.5123157047619048 0.3798076922600619 0.5240384619047619
11 0.21754807678018576 0.6454326928571429 0.2788461535603715 0.6069711535714286 0.23317307678018576 0.5252403845238095 0.19110576904024767 0.6189903845238095 0.21754807678018576 0.6454326928571429
11 0.7716346154798762 0.6382211535714286 0.7836538464396284 0.5841346154761905 0.734375 0.527644230952381 0.7091346154798762 0.6213942309523809 0.7716346154798762 0.6382211535714286
13 0.3329326922600619 0.49038461547619044 0.40625 0.5240384619047619 0.4555288464396285 0.527644230952381 0.5336538464396284 0.5168269226190476 0.604567307739938 0.49399038452380956 0.698317307739938 0.46514423095238094 0.692307692260062 0.44951923095238094 0.578125 0.5 0.4963942309597523 0.5168269226190476 0.4110576922600619 0.5180288464285714 0.3473557690402477 0.48798076904761906 0.27644230773993805 0.44471153809523806 0.3329326922600619 0.49038461547619044
13 0.4949021882352941 0.7037881297619049 0.453125 0.6887019226190477 0.3485576922600619 0.6442307690476191 0.2584134613003096 0.566105769047619 0.3040865386996904 0.6310096154761905 0.3762019232198142 0.6598557690476191 0.4435096154798761 0.6935096154761905 0.4949021882352941 0.7037881297619049
13 0.5384615386996904 0.6995192309523809 0.49715909102167183 0.7042395107142857 0.4975961535603715 0.7043269226190477 0.5396634613003096 0.7067307690476191 0.7247596154798762 0.6021634619047619 0.71875 0.5949519226190476 0.5384615386996904 0.6995192309523809
6 0.2776442309597523 0.6911057690476191 0.3425480767801858 0.703125 0.3569711535603715 0.59375 0.3149038464396285 0.5673076928571429 0.2776442309597523 0.6911057690476191
