2 0.6041671876160991 0.6090109369047619 0.5992234377708978 0.61191875 0.5963984377708978 0.6184593749999999 0.5963984377708978 0.6300875 0.5995765622291022 0.6388078119047619 0.6038140625386997 0.654070311904762 0.6108750000000001 0.65625 0.6225281250773994 0.654070311904762 0.6366531250773995 0.6497093749999999 0.6426546873065015 0.646075 0.6472453126934984 0.646075 0.6475984377708978 0.6409890630952381 0.6475984377708978 0.6315406250000001 0.6475984377708978 0.62790625 0.6472453126934984 0.614098438095238 0.6451265622291021 0.6061046869047618 0.6415953126934985 0.6024703130952381 0.6331218749226006 0.603925 0.627825 0.6046515619047619 0.6193500000000001 0.6075578119047619 0.6137 0.6075578119047619 0.6108750000000001 0.6075578119047619 0.6041671876160991 0.6090109369047619
2 0.6458328123839009 0.605378125 0.6458328123839009 0.6177328119047619 0.6472453126934984 0.63299375 0.6543078123839009 0.6497093749999999 0.6599578123839009 0.650435938095238 0.6652546873065016 0.650435938095238 0.6737281250773994 0.6468015619047619 0.684675 0.644621875 0.6920906247678018 0.6388078119047619 0.6949156247678019 0.630814061904762 0.6949156247678019 0.622820311904762 0.6945624996904025 0.6097390630952381 0.6924437498452012 0.59665625 0.6899718749226006 0.5828484380952381 0.6814968749226007 0.58066875 0.6769062501547988 0.58066875 0.6705515622291022 0.5886625 0.662782812383901 0.591570311904762 0.6574859374613004 0.5893890630952381 0.6504234377708977 0.59665625 0.6458328123839009 0.605378125
2 0.3177968749226006 0.5406984380952381 0.3125 0.541425 0.30896874984520123 0.5472390630952381 0.30685 0.5574125 0.30685 0.5675875 0.31108750030959753 0.572675 0.31603125015479877 0.5777609369047619 0.3262718749226006 0.583575 0.33297968730650157 0.587209375 0.33792343777089784 0.5879359380952381 0.3428671876160991 0.587209375 0.34710468730650157 0.5850296869047619 0.3485171876160991 0.583575 0.3527546873065015 0.5683140619047619 0.3534609374613003 0.5581390630952381 0.34992968730650154 0.5530515619047619 0.3460453126934985 0.550871875 0.33792343777089784 0.550871875 0.3350984377708979 0.545784375 0.3308609374613003 0.53924375 0.32733125015479875 0.537790625 0.3177968749226006 0.5406984380952381
2 0.3933609374613003 0.60174375 0.3933609374613003 0.595929688095238 0.39265468730650155 0.5886625 0.3887718749226006 0.5799421880952381 0.3838281250773994 0.5712203130952381 0.37817812507739934 0.5712203130952381 0.37570625015479875 0.5712203130952381 0.3725281250773994 0.5675875 0.36935 0.5639531249999999 0.36581874984520124 0.563226561904762 0.36158125015479875 0.561773438095238 0.35805156222910217 0.561773438095238 0.35452031269349843 0.563226561904762 0.3524015622291021 0.5639531249999999 0.3506359374613003 0.5675875 0.3506359374613003 0.5734015619047619 0.3506359374613003 0.58066875 0.34992968730650154 0.5850296869047619 0.3506359374613003 0.591570311904762 0.3538140625386997 0.5952031249999999 0.3569921876160991 0.5988375 0.3612281250773994 0.600290625 0.3651124996904025 0.603925 0.3672312501547988 0.605378125 0.36935 0.6061046869047618 0.3760593752321981 0.6097390630952381 0.38206250030959754 0.6097390630952381 0.38524062476780185 0.610465625 0.38983125015479875 0.6090109369047619 0.39194843777089783 0.6061046869047618 0.3933609374613003 0.60174375
9 0.31546152260061916 0.6261979904761904 0.3086918439628483 0.6741426142857143 0.3170237287925696 0.6423532547619047 0.32535565263157895 0.6204655285714286 0.33264602724458203 0.5996200023809524 0.3305630854489164 0.5938875011904762 0.31848957151702784 0.584765625 0.3159822575851393 0.6090004666666666 0.31546152260061916 0.6261979904761904
9 0.3515360099071207 0.632009055952381 0.3452870904024768 0.6486854452380952 0.34737006315789476 0.6524376392857142 0.3552853678018576 0.6353443297619048 0.3636172600619195 0.6203356178571429 0.3694495913312693 0.6161665202380953 0.37861466068111455 0.6115804880952381 0.35843749040247674 0.6021875 0.3573683405572755 0.6132481178571428 0.3515360099071207 0.632009055952381
9 0.36611682167182663 0.6591081892857144 0.3577849287925697 0.7237291988095239 0.3669500297213622 0.6695309321428571 0.3690330030959752 0.6474347345238096 0.3690330030959752 0.632425975 0.36570023343653246 0.6236708607142857 0.3652836452012384 0.6399303476190475 0.36611682167182663 0.6591081892857144
9 0.3419543523219814 0.6657787380952381 0.3465368866873065 0.6541052845238096 0.3438541572755418 0.650625 0.3327892513931889 0.690376419047619 0.3419543523219814 0.6657787380952381
9 0.31029316718266253 0.7033668678571429 0.31362590464396284 0.6912764952380952 0.3157291572755418 0.6709375 0.3123761399380805 0.674183186904762 0.31029316718266253 0.7033668678571429
9 0.657733092879257 0.7479762297619047 0.6477347832817337 0.7021161738095238 0.6381531578947368 0.6654280880952381 0.6323958235294118 0.6730208333333333 0.6377365374613003 0.6850228488095238 0.657733092879257 0.7479762297619047
9 0.6202395758513932 0.6991977714285714 0.6214893727554179 0.7363027440476191 0.6331539715170279 0.7638187809523809 0.6244055226006192 0.7338012916666667 0.6239889021671826 0.6996146904761904 0.6245833238390093 0.6782291666666667 0.6189897795665634 0.6766846547619048 0.6202395758513932 0.6991977714285714
9 0.6052421442724458 0.6525038773809524 0.6064919405572755 0.6633435392857143 0.616490186377709 0.6737662833333333 0.6244055226006192 0.6766846547619048 0.6289880253869969 0.6712648154761904 0.6344037678018576 0.6675126369047618 0.6394028910216718 0.6637604428571429 0.6444020773993808 0.6566729738095237 0.6439854569659443 0.6479178761904762 0.6365624904024768 0.6443749999999999 0.6169068061919505 0.6487516988095238 0.6052421442724458 0.6525038773809524
11 0.4306889888544892 0.41550040238095237 0.43110560866873066 0.4384304380952381 0.43652132012383904 0.4534391988095238 0.4456864210526316 0.46969866904761903 0.4519353405572756 0.4817890892857143 0.45985061300309593 0.4784537833333333 0.46568294365325075 0.43342753452380955 0.46193358575851395 0.3938211095238095 0.45401831331269354 0.36588814523809526 0.44776939380804953 0.3429581178571428 0.44485321238390096 0.32878317976190474 0.42860601547987615 0.2657635619047619 0.4202741232198142 0.24325043809523808 0.4144418241486068 0.24199971547619048 0.41527500061919503 0.2590930047619048 0.4169413851393189 0.28577523452380954 0.4202741232198142 0.3320522166666666 0.4223570965944273 0.35915135000000004 0.42277371640866873 0.36832336785714287 0.42402348111455107 0.39417175833333334 0.4306889888544892 0.41550040238095237
16 0.6602326222910218 0.4601760011904762 0.6652318086687307 0.4872751345238095 0.6714807281733746 0.5122897190476191 0.6685645145510836 0.5398057559523809 0.6735637009287925 0.5560652416666667 0.6893942464396284 0.5627357916666667 0.6981427585139319 0.5493946761904762 0.705224854489164 0.5385550619047619 0.7110572173374613 0.522295544047619 0.7068912712074303 0.4989486047619048 0.6977261386996904 0.4776862142857143 0.6906440427244581 0.4497532583333333 0.6848117436532508 0.4259894 0.6818955938080494 0.4051439130952381 0.6818955938080494 0.38846752261904766 0.6789793801857585 0.3805462392857143 0.6710641077399381 0.3834646035714286 0.6704166569659443 0.38916666666666666 0.6585662693498452 0.4259894 0.6602326222910218 0.4601760011904762
2 0.6781462037151702 0.6119974226190477 0.687727892879257 0.6078283261904761 0.6873112730650155 0.5978224535714286 0.6814789733746129 0.5878166297619047 0.6764798507739939 0.5886504523809524 0.6681479585139318 0.5932364523809524 0.6593994458204334 0.5944871785714286 0.6568999157894737 0.600740825 0.6544003226006192 0.6061606488095238 0.6544003226006192 0.6115804880952381 0.6593994458204334 0.6153326654761906 0.6618990390092879 0.6199186821428571 0.6656483653250774 0.6257554095238095 0.6718972842105263 0.6282568773809524 0.6719791572755418 0.6292708333333333 0.6810623535603715 0.6195017630952381 0.6781462037151702 0.6119974226190477
11 0.2711332495356037 0.5277816202380953 0.2582188229102167 0.5486271071428571 0.26113498823529413 0.5769769666666666 0.26030179566563466 0.6140819714285713 0.2573856303405573 0.6386796214285715 0.2536362879256966 0.658274382142857 0.2536362879256966 0.6745338678571428 0.2540528761609907 0.6862073214285713 0.2561358495356037 0.6991315178571429 0.2632179616099071 0.7062190023809524 0.27030007306501547 0.7095542607142857 0.2807149386996904 0.6982977107142857 0.2882136390092879 0.6828720630952381 0.30154465448916407 0.6470178 0.3032110390092879 0.614915763095238 0.30362762724458203 0.5869828071428571 0.3065438092879257 0.5653034976190476 0.30947915727554176 0.5402083333333333 0.2894634198142415 0.5252801678571428 0.2711332495356037 0.5277816202380953
7 0.2815481151702786 0.7074697119047618 0.27488260804953557 0.7108050023809523 0.2711332495356037 0.7058020988095238 0.2653009343653251 0.6870411607142857 0.26363454984520124 0.6766184166666667 0.2632179616099071 0.6616096404761905 0.2565524377708978 0.6624434797619048 0.2507201226006192 0.6878749666666667 0.2528030959752322 0.7012160666666666 0.25780223467492264 0.7099711964285714 0.2632179616099071 0.7133064547619047 0.27279963467492263 0.7149741000000001 0.2823813077399381 0.7137233583333332 0.28904683157894734 0.7078866476190476 0.29112980433436536 0.6966300654761906 0.29112980433436536 0.6928778714285715 0.2928124904024768 0.6813541666666666 0.2877970346749226 0.6991315178571429 0.2815481151702786 0.7074697119047618
6 0.3808281250773994 0.521875 0.41151562476780185 0.521875 0.41151562476780185 0.39281249999999995 0.3808281250773994 0.39281249999999995 0.3808281250773994 0.521875
13 0.3636172600619195 0.45767453333333336 0.3415377640866873 0.4572576309523809 0.3165420866873065 0.45600690476190475 0.31570887801857583 0.46809727738095236 0.3527858061919505 0.4781031178571429 0.38403040309597525 0.4889427642857143 0.39652824210526316 0.4943626035714286 0.417357973374613 0.5068698964285714 0.4348549349845201 0.5143742678571429 0.4444366241486068 0.5197940916666667 0.44776939380804953 0.49561332976190475 0.42360689287925696 0.48227221428571426 0.40687499071207434 0.4740625 0.38278060681114556 0.46100982380952377 0.3636172600619195 0.45767453333333336
13 0.5989932247678018 0.6587575226190476 0.606075320743034 0.6787692035714286 0.638986334365325 0.6662619107142856 0.6714807281733746 0.6612589904761904 0.6977261386996904 0.6575067964285713 0.7006423517027863 0.6516700702380953 0.6981427585139319 0.636244405952381 0.6731470811145511 0.6424980523809524 0.6585662693498452 0.6458333273809524 0.6502343764705882 0.6491686023809524 0.6198229560371518 0.654588425 0.5989932247678018 0.6587575226190476
13 0.36028452198142413 0.6103959999999999 0.34320411702786374 0.5916350607142857 0.3448705021671827 0.6062269023809523 0.3681997950464396 0.6295738416666667 0.3902793226006192 0.6520869738095239 0.41152564210526316 0.6658449916666667 0.41364582352941176 0.6495833333333333 0.38694655294117647 0.6237371142857142 0.36028452198142413 0.6103959999999999
2 0.4136086154798762 0.6128974511904761 0.4098592575851393 0.6095621761904763 0.404443546130031 0.6091452738095238 0.39694483034055733 0.6053930797619048 0.39611165386996905 0.6083114511904762 0.39402868049535605 0.6199849202380953 0.39652824210526316 0.6237371142857142 0.40277716160990706 0.6241540178571428 0.4069431077399381 0.624570936904762 0.4144418241486068 0.6204018392857144 0.4136086154798762 0.6128974511904761
