1 0.39160033161044794 0.5519042545597619 0.36522676964068523 0.5526614392178553 0.3633105704092259 0.48591799966290744 0.3896838559550133 0.48516081895817353
1 0.42103455061305795 0.5520126602269201 0.39185129981729006 0.5550530788090635 0.38477587540023706 0.4871445679878981 0.41395881251355604 0.48410416591188543
1 0.34142024818402206 0.6335052235039658 0.29544538574430135 0.6347461666704937 0.29340332495019084 0.5590875862849991 0.3393775575065092 0.5578466516072657
1 0.34076201452796795 0.5740710946215325 0.3910680829476405 0.5761108727306843 0.38862620337454246 0.6363272122958447 0.3383201356460859 0.6342874455142516
11 0.7078835964716745 0.5619258740150527 0.7797816198815326 0.5720034256337105 0.7665582203504755 0.6663348183233648 0.69466021590938 0.6562573567951978
2 0.3267454445953035 0.5495981589517124 0.29597811712585553 0.5476753687250878 0.29834604393477093 0.5097901807689535 0.32911318348021723 0.5117129651052843
2 0.35799346116277775 0.5072889354662529 0.3801975986276602 0.5183900341028433 0.36031357914407636 0.5581580907910546 0.3381094677334886 0.5470570322087608
11 0.2538224736252914 0.5324611954771143 0.29685849437066736 0.5337903440535713 0.2924864527377622 0.6753362630481944 0.24945043281752532 0.6740071317416098
2 0.6836790874508551 0.5407641558500685 0.6646819371923129 0.510594669086717 0.6918309335625281 0.49350087559905703 0.7108280745773072 0.5236702860765444
6 0.6126794039962533 0.45855235321407767 0.661987924641835 0.4485777131950507 0.6769911190262974 0.5227391016427367 0.6276826155252593 0.5327136848180809
9 0.36658653906249583 0.3990384609375019 0.3733209528811585 0.3983242491282461 0.38193014021351246 0.4794970137530607 0.3751957270171715 0.48021122164182306
9 0.390625 0.4038461531249974 0.39693919705848657 0.40342427224507177 0.40285631473159356 0.49197925789585734 0.39654211792822025 0.4924011362100435
9 0.2848557691942233 0.6911057688486977 0.28052877747404636 0.6901443458394395 0.29254805523100913 0.636057813668575 0.296875 0.6370192312499952
9 0.35351559571120106 0.6383137810859703 0.3592616449398065 0.640185207308464 0.3391560068325816 0.7019095141368461 0.3334099633087817 0.7000381003046855
9 0.36328125 0.6448242062500004 0.3685412810178832 0.6447487503577771 0.36951783674919625 0.7128151697345811 0.3642578057429091 0.7128906250969314
9 0.31121801022356976 0.6440264229529356 0.32171086129085325 0.6487199286612901 0.29760220894934264 0.702610144527905 0.287109375 0.6979166671874855