2 0.6536140289191508 0.6939403486258418 0.6004665032379535 0.6900613591663464 0.605159522290478 0.6257742769156402 0.6583063633862594 0.6296532413216926
11 0.28670940909194087 0.357228754814819 0.3325404275965411 0.3671375919384104 0.3047877276044346 0.4954944354590768 0.25895673552088283 0.4855856832783272
11 0.7181472542898746 0.48741974958274037 0.6813772822794135 0.49243353110586735 0.661987628492966 0.3502397064049739 0.6987569105415332 0.3452259737220847
2 0.284734019877078 0.5257953001876401 0.30421477609195335 0.5182201388586776 0.3214573967565002 0.5625584288028783 0.3019766565893178 0.5701335602187678
2 0.3588285688247197 0.5653431143258686 0.3538266438728215 0.5920177979656076 0.3204829710442709 0.5857658809067646 0.32548495624996576 0.5590912765624846
2 0.29260993592481555 0.6319353834094764 0.29654022019781223 0.6018075812894541 0.32319962958081305 0.6052850113291964 0.3192694297441676 0.6354127369120918
2 0.6580593559843919 0.5639790653751449 0.6718970635678261 0.5816587325659506 0.6487074359627059 0.5998071098666754 0.6348697785850845 0.5821274888252524
2 0.6945882784929154 0.5403410562313962 0.7142531964615273 0.5543860425376916 0.6878871208942883 0.5912985449802352 0.6682222489397418 0.5772536135153206
2 0.6964975328957053 0.6525873021168579 0.6693099289717566 0.6589302971333088 0.6605436743479913 0.6213602883590967 0.6877310827327392 0.6150173170969782
11 0.6949096046875 0.614727728125 0.7608369265625 0.614727728125 0.7608369265625 0.7127277999999999 0.6949096046875 0.7127277999999999
11 0.258489835143223 0.5764722416035635 0.3135288138548731 0.6023035965871879 0.25720304118362947 0.7223017956111976 0.20216427231355283 0.6964707794561482