2 0.6562937498452013 0.655523438095238 0.6570015622291021 0.6475296869047619 0.6566484377708979 0.6388078119047619 0.655232812383901 0.6315406250000001 0.6524046873065015 0.6293609380952381 0.6506359374613003 0.6293609380952381 0.6488687498452013 0.6300875 0.6467468749226005 0.630814061904762 0.6428578123839009 0.630814061904762 0.639675 0.6300875 0.6375531250773994 0.628634375 0.6343703126934984 0.62790625 0.6304812501547987 0.6300875 0.6283593752321981 0.6344484380952381 0.6244703126934984 0.6322671880952381 0.6212875003095976 0.6322671880952381 0.6188125003095976 0.6337203130952381 0.6163359374613003 0.63299375 0.613507812383901 0.6337203130952381 0.610325 0.6373546880952381 0.6043140625386997 0.645348438095238 0.6032531250773994 0.6518890619047619 0.6050218749226006 0.667151561904762 0.6096187498452013 0.683865625 0.6117390625386997 0.688226561904762 0.615982812383901 0.691134375 0.6223484377708978 0.691134375 0.6283593752321981 0.688953125 0.6329562501547987 0.6918609380952381 0.6350781250773995 0.6925875 0.6382609374613003 0.69040625 0.6400281250773994 0.686046875 0.6435640625386997 0.6824125 0.6460390625386997 0.6787796869047619 0.6488687498452013 0.67441875 0.6527578123839008 0.670784375 0.6541718749226006 0.667151561904762 0.6559406247678018 0.662064061904762 0.6562937498452013 0.655523438095238
11 0.2824779349845201 0.49067101547619046 0.30104914860681115 0.4916484476190476 0.309846039628483 0.4720998011904762 0.31277833622291024 0.4515737238095238 0.3147332012383901 0.42225075476190477 0.3137557690402477 0.4085667023809524 0.2981168520123839 0.3596950869047619 0.28541023219814243 0.37728886785714283 0.2795456383900929 0.39683751428571423 0.2707487473684211 0.43104764523809525 0.2629292891640867 0.4672126404761905 0.2824779349845201 0.49067101547619046
11 0.6929995015479876 0.49067101547619046 0.707660986377709 0.47796439523809525 0.7135255801857585 0.4535285880952381 0.7105932829721362 0.4320250773809524 0.7057061219814241 0.4046569726190476 0.6929995015479876 0.34601103452380955 0.6793154495356036 0.3841308940476191 0.6763831529411765 0.418341025 0.675405720123839 0.44864142619047614 0.6871349077399381 0.4916484476190476 0.6929995015479876 0.49067101547619046
2 0.28931996099071206 0.5375877654761905 0.2961619876160991 0.5551815476190476 0.30495887801857585 0.5659333023809524 0.31277833622291024 0.5659333023809524 0.3157106334365325 0.5483395214285713 0.309846039628483 0.5327006047619047 0.29713941981424147 0.5209714166666667 0.28931996099071206 0.5375877654761905
2 0.32743982105263153 0.5747301928571429 0.3333044148606811 0.5854819488095239 0.3450336024767802 0.5903691107142858 0.3557853578947368 0.581572219047619 0.3557853578947368 0.5737527607142857 0.3518756284829721 0.5649558702380952 0.3411238730650155 0.5620235738095238 0.32548495665634675 0.5590912761904762 0.32743982105263153 0.5747301928571429
2 0.2942071226006192 0.6196920797619048 0.2961619876160991 0.6323986988095238 0.3186429300309598 0.6353309964285715 0.32157522724458204 0.6177372142857143 0.3137557690402477 0.6040531619047619 0.29713941981424147 0.609917755952381 0.2942071226006192 0.6196920797619048
2 0.6408610798761609 0.5897822547619048 0.6456125987616098 0.5957216523809523 0.6539277566563467 0.5957216523809523 0.6646186730650155 0.5862186154761905 0.6669944328173375 0.5761216380952381 0.6610550340557275 0.567806480952381 0.6539277566563467 0.5672125404761904 0.6402671399380806 0.5779034571428571 0.6408610798761609 0.5897822547619048
2 0.6741217108359133 0.5814670964285714 0.6812489888544891 0.5862186154761905 0.6978793040247678 0.5773095178571429 0.7020368829721362 0.5606792023809524 0.7014429430340557 0.5452367666666667 0.691939905882353 0.5440488869047618 0.6865944470588236 0.555333744047619 0.6741217108359133 0.5689943607142857 0.6741217108359133 0.5814670964285714
2 0.667588372755418 0.6473944178571429 0.6735277708978329 0.6551156357142858 0.6907520260061919 0.653927755952381 0.6943156650154799 0.6432368392857143 0.6901580860681115 0.625418644047619 0.6800611089783282 0.6194792464285714 0.671152011764706 0.6188853059523809 0.6634307938080496 0.6337338023809524 0.667588372755418 0.6473944178571429
11 0.6984732439628483 0.6610550345238095 0.6949096049535604 0.6806550488095238 0.6949096049535604 0.705006582142857 0.7156974990712074 0.7127278 0.7275762959752322 0.7085702214285714 0.7501460092879257 0.6978793035714286 0.7608369263157895 0.6824368678571429 0.7548975281733746 0.6705580714285714 0.760242986377709 0.6557095761904762 0.756679347368421 0.6396731999999999 0.7501460092879257 0.6272004642857143 0.7418308513931888 0.621855005952381 0.7341096340557275 0.6194792464285714 0.7180732582043343 0.6147277273809524 0.7032247622291021 0.6147277273809524 0.6955035448916409 0.6248247047619048 0.6990671839009288 0.6473944178571429 0.6984732439628483 0.6610550345238095
11 0.22035167801857583 0.705006582142857 0.23579411393188857 0.707976280952381 0.24945473003095975 0.6972853642857143 0.27024262414860684 0.6824368678571429 0.28093354117647057 0.6717459511904762 0.28806081919504645 0.6533338166666666 0.285091120123839 0.6355156214285714 0.2821214210526316 0.6266065238095238 0.2803396012383901 0.6153216666666667 0.27796384210526315 0.5992852916666667 0.26786686501547985 0.5808731571428571 0.24945473003095975 0.5957216523809523 0.24410927120743034 0.6111640880952381 0.23995169287925694 0.6224489452380952 0.23520017399380805 0.6402671404761905 0.22213349783281736 0.653927755952381 0.21678803900928792 0.6675883726190476 0.21797591888544893 0.6913459654761904 0.22035167801857583 0.705006582142857
