1 0.3368635251571277 0.5712671957918077 0.30405028425366254 0.602026878452911 0.2553634504239426 0.5500944532208503 0.2881764700325675 0.5193349606392891
2 0.4548 0.5952 0.4756 0.5952 0.4756 0.6384000000000001 0.4548 0.6384000000000001
1 0.7120726321887787 0.5107236793748614 0.7412518721654351 0.5366979010329617 0.6938597489408949 0.5899328068846138 0.6646806563446717 0.5639587403434189
3 0.33550693579979907 0.329042069371604 0.35751616759273475 0.33024252068453636 0.3524917516546111 0.4223570802346914 0.330482520383498 0.4211566352544212
1 0.31747889303994725 0.41392583079371964 0.3673063937837924 0.41748471356436556 0.36029679964042316 0.5156191185784847 0.31046930147374496 0.5120602604163451
11 0.18415437013288738 0.5043394400330568 0.23855907373467744 0.4927543876080757 0.27037838050262053 0.6421674447280302 0.2159737248549618 0.6537523422117635
11 0.753806193555306 0.5160368818797312 0.7963901460886973 0.5260300981310697 0.7648706381083912 0.6603302132682101 0.7222867281037679 0.6503371201762443
7 0.24081777381638858 0.6418050250755868 0.27716170408325524 0.6543839225438565 0.2645104601889443 0.6909319239967071 0.22816655392830398 0.6783530759946584
9 0.27967092572839647 0.5757932573576054 0.28809650289667843 0.5796056543979732 0.26136900557332865 0.638668189545709 0.25294344230644583 0.6348558152694339
9 0.7230114781336852 0.6434658803071305 0.7150819949330298 0.6454864885249149 0.6999999033797621 0.5863064438414539 0.7079293015624444 0.5842858468750042
9 0.7420172121530868 0.6352550666981739 0.7371245539284246 0.6369997367348107 0.711390227668744 0.5648398343722435 0.7162828234374956 0.5630951765625107
9 0.46351076355733767 0.6378738562484467 0.4676448172771188 0.6378865693757039 0.46739096537544356 0.7204229033588007 0.46325691165623084 0.7204101903397542
9 0.28971990605680276 0.589571661501091 0.2970314023921219 0.5927093302114014 0.27680070312408134 0.6398462239868457 0.269489215624958 0.63670857031249
7 0.7379402613640877 0.6773199995971556 0.7126683867187467 0.6754940764138866 0.7150028331508338 0.6431895487399556 0.7402745435723546 0.6450154659612629
7 0.3351904555013334 0.708290808063438 0.32897988837487446 0.7333221455814686 0.31416205342634385 0.7296462108359064 0.3203726482803404 0.7046149149717469
6 0.6338963485804925 0.40754467552042595 0.6977477879618164 0.39690338487956006 0.7144145181434851 0.4969038063755306 0.6505630985180915 0.5075450230283733