1 0.32627187423167925 0.61555156244258 0.378429835830957 0.6194497838765242 0.37327589666494987 0.6884004291160175 0.3211179382788032 0.6845022344821647
1 0.3764186304068744 0.6357399675935876 0.4106450743697678 0.6409911848893219 0.3994766000820391 0.7137753168987439 0.36525016518010034 0.7085241393243468
1 0.4097462529322229 0.645085581565127 0.4437615794482781 0.65078427375495 0.432665028360816 0.7170100514359413 0.39864971145993877 0.7113113989671753
2 0.2950371088229531 0.5693179543435601 0.28012799200848804 0.5413658973329789 0.3016159103750624 0.5299057004238313 0.31652503289103606 0.5578577005847009
2 0.3297793874983199 0.5795178676309107 0.33378238716829856 0.5598690367067682 0.3623630621190159 0.565691113080954 0.35836011958110703 0.5853398939972712
2 0.395292496823231 0.603068545529718 0.3748956196052404 0.6065848676985498 0.3715330669796231 0.5870818368756427 0.39192987273554536 0.5835655209977321
2 0.4060566869778768 0.6129742742286016 0.39890219273661387 0.5968783816458861 0.4213955437530785 0.5868813633496729 0.42855004838145305 0.6029772196555544
2 0.27792760304464537 0.6237429058430054 0.2895705203486614 0.5995287336358398 0.3314589350478627 0.6196676067694544 0.3198161426588513 0.6438816725773366
11 0.2439469792248019 0.582692231941161 0.3070764125734513 0.6063627169621116 0.2639477515450608 0.7213726101697592 0.20081846579296325 0.6977024130643212
2 0.6119519620073106 0.6502833665245751 0.5901884066337288 0.6578523516983212 0.5835273219074679 0.6387016547466768 0.6052907979010342 0.6311326846659201
2 0.6492503099744908 0.616651682077209 0.6610075695398336 0.6401632099382916 0.6266926747474599 0.657320607977747 0.6149355176249856 0.6338091675964218
2 0.6894585729161236 0.5885929636929911 0.7063805583970861 0.6062180199901418 0.6771473442430533 0.6342818396392027 0.6602254261906637 0.6166568497378535
11 0.7735432277789869 0.725179208345846 0.7207501654308999 0.7314419956006184 0.7028037002122574 0.5801722026396811 0.7555952254243721 0.5739095057281086
2 0.5706238869433946 0.5810440895044098 0.5813641356456856 0.5605421805635622 0.6058374685716217 0.5733616444262366 0.5950972779297672 0.5938635036221143
2 0.6134533150343486 0.5926323348252879 0.6008831172058535 0.5767845502444465 0.6180566662587808 0.5631641718471526 0.6306268488370961 0.5790119260071928
2 0.6569886009598349 0.5514721044401876 0.6715183369875604 0.574302258194293 0.6473373550464885 0.5896901091263006 0.6328076838160541 0.5668600122944246
2 0.6833300600770826 0.5642955475283098 0.6765147075037703 0.5293696408311809 0.7101583722054556 0.5228050760826035 0.7169737990607246 0.5577308843876791
7 0.27743216090721035 0.7060415262617923 0.2695247111066692 0.7508445186322418 0.22392894701215482 0.7427982375294433 0.23183657454285367 0.6979954746457587
7 0.738277503760969 0.7606728212637278 0.7103703215109363 0.7686110841593822 0.6963392525002519 0.7192920763403426 0.7242461308563861 0.7113538592931041