1 0.36228750030959755 0.6300875 0.35416718761609906 0.623546875 0.3446328123839009 0.61700625 0.33580468730650154 0.61700625 0.3262718749226006 0.6155515619047619 0.3255656247678019 0.625 0.3248593752321981 0.636628125 0.3255656247678019 0.652615625 0.32591874984520125 0.6606109380952381 0.3283890625386997 0.67441875 0.3368640625386997 0.6787796869047619 0.3524015622291021 0.6831390619047619 0.3612281250773994 0.6875 0.3651124996904025 0.685320311904762 0.37040937523219813 0.67950625 0.37217500000000003 0.672965625 0.3739406247678019 0.66424375 0.3760593752321981 0.6511625 0.3764124996904025 0.64316875 0.3764124996904025 0.6373546880952381 0.37570625015479875 0.6322671880952381 0.3686437498452012 0.630814061904762 0.36228750030959755 0.6300875
1 0.39547968730650157 0.6468015619047619 0.3880656247678019 0.6424421880952381 0.3774718749226006 0.635901561904762 0.3760593752321981 0.63808125 0.3739406247678019 0.6518890619047619 0.3739406247678019 0.662064061904762 0.3732343752321981 0.66933125 0.3728812501547988 0.672965625 0.3728812501547988 0.6787796869047619 0.3746468749226006 0.69040625 0.37782499999999997 0.7013078119047619 0.3802968749226006 0.71075625 0.38453437523219813 0.7114828119047619 0.389125 0.70566875 0.3944203126934984 0.698401561904762 0.4021890625386997 0.686773438095238 0.4053671876160991 0.672965625 0.40819218761609904 0.656976561904762 0.40889843777089785 0.64825625 0.4071328123839009 0.644621875 0.39547968730650157 0.6468015619047619
1 0.4389124996904025 0.659884375 0.43432187492260066 0.654796875 0.4286718749226006 0.64825625 0.41984531269349845 0.6518890619047619 0.41066406253869964 0.6518890619047619 0.4085453126934985 0.654070311904762 0.40677968730650155 0.6627906250000001 0.40572031269349845 0.6722390630952381 0.40430781238390096 0.6780515619047619 0.4032484377708978 0.683865625 0.40289531269349843 0.6925875 0.40360156222910215 0.699128125 0.4064265622291022 0.7063953119047619 0.4110171876160991 0.7114828119047619 0.41419531269349846 0.7136625 0.41702031269349843 0.7143890619047619 0.4237281250773994 0.707121875 0.42831874984520124 0.697675 0.43432187492260066 0.691134375 0.4378531250773994 0.686046875 0.4396187498452012 0.6751453119047619 0.44032499999999997 0.6656984380952381 0.4389124996904025 0.659884375
2 0.2916766891640867 0.5360115190476191 0.286593 0.5379179035714285 0.286593 0.5534867023809524 0.2923121504643963 0.5617476976190476 0.3008908767801857 0.5661959261904762 0.3104227944272446 0.5611122369047619 0.3126469089783282 0.5534867023809524 0.30978733374613 0.5452257071428571 0.3075632191950465 0.5414129392857143 0.3008908767801857 0.5369647119047619 0.2916766891640867 0.5360115190476191
2 0.3336171281733746 0.5665136571428572 0.33139301424148604 0.5715973464285714 0.33457032012383897 0.5804938035714285 0.35172777275541794 0.5839888404761905 0.3596710371517028 0.57890515 0.3587178458204335 0.5690555011904762 0.35236323343653253 0.5636540821428572 0.33679443405572757 0.5620654285714285 0.3336171281733746 0.5665136571428572
2 0.37396891455108355 0.5900257214285715 0.3726979919504644 0.5938384880952381 0.37809941238390093 0.6043235976190476 0.38985544396284827 0.6040058678571428 0.39430367244582043 0.597333525 0.39271501981424145 0.5881193380952381 0.38763133003095973 0.5843065702380953 0.3749221058823529 0.5865306845238095 0.37396891455108355 0.5900257214285715
2 0.4038355907120743 0.5957448726190476 0.4022469374613003 0.5998753702380952 0.40320012941176475 0.6065477119047619 0.410507933126935 0.6109959404761904 0.4219462346749226 0.6059122511904762 0.42575900185758514 0.5966980642857143 0.4194043900928792 0.5893902595238095 0.405741973993808 0.5938384880952381 0.4038355907120743 0.5957448726190476
2 0.28786392198142413 0.6109959404761904 0.28786392198142413 0.612584594047619 0.2859575386996904 0.6230697035714285 0.29040576718266253 0.6297420464285715 0.30692775789473686 0.6376853107142857 0.3186837900928792 0.6364143880952381 0.3263093244582043 0.6303775071428571 0.3247206718266254 0.6208455892857143 0.3193192513931889 0.6138555166666667 0.3094696030959752 0.6100427488095238 0.30152633808049534 0.6052767904761904 0.28818165263157897 0.6024172142857143 0.28786392198142413 0.6109959404761904
11 0.2160568068111455 0.7005959690476191 0.21955184334365327 0.7047264678571429 0.2271773777089783 0.7053619285714285 0.24306390773993808 0.7034555452380952 0.2599036297213622 0.694876819047619 0.2754724291021672 0.682485325 0.2843688854489164 0.6669165261904761 0.2837334241486068 0.6554782250000001 0.2837334241486068 0.634190275 0.28246250216718266 0.6230697035714285 0.27992065696594426 0.6094072880952381 0.2675291640866873 0.5957448726190476 0.25672632321981426 0.5874838761904762 0.247829866873065 0.5897079904761905 0.23861567925696595 0.5986044476190476 0.237027026625387 0.6011462916666667 0.23289652879256967 0.6157619 0.2294014922600619 0.6272002011904761 0.22114049659442725 0.6532541107142857 0.21129084767801856 0.6697761011904763 0.20906673374613002 0.6812144035714286 0.2151036148606811 0.6999605083333333 0.2160568068111455 0.7005959690476191
2 0.5874838767801858 0.6500768047619048 0.5909789133126935 0.6551604940476191 0.6043235981424149 0.6529363797619047 0.6109959405572756 0.6475349595238095 0.6059122513931888 0.6329193523809523 0.5992399083591331 0.6332370821428571 0.5874838767801858 0.6443576535714286 0.5874838767801858 0.6500768047619048
2 0.6237051647058823 0.6335548130952381 0.6192569362229102 0.6351434666666668 0.617986014241486 0.639909425 0.6214810507739938 0.646264036904762 0.6297420458204335 0.6507122654761904 0.6437221925696595 0.6488058821428572 0.6532541102167183 0.643086730952381 0.6545250328173374 0.63704985 0.6545250328173374 0.6300597761904763 0.6529363795665634 0.6240228952380952 0.6440399232198142 0.6192569369047619 0.6408626167182663 0.62148105 0.6281533931888544 0.6272002011904761 0.6246583566563467 0.6313306988095237 0.6237051647058823 0.6335548130952381
2 0.6678697176470588 0.6109959404761904 0.6659633343653251 0.6144909773809524 0.6665987956656346 0.6202101285714285 0.6688229095975232 0.6256115488095237 0.6808966724458204 0.6284711238095239 0.6891576681114551 0.6227519726190477 0.6977363944272446 0.6144909773809524 0.7015491616099071 0.6084540964285714 0.7005959696594427 0.6001930999999999 0.6916995126934984 0.5922498357142857 0.6847094396284829 0.5947916797619047 0.6780370972136223 0.5995576392857143 0.6700938321981423 0.6071831738095238 0.6678697176470588 0.6109959404761904
11 0.7082215040247678 0.6065477119047619 0.7069505814241486 0.615126438095238 0.7098101566563468 0.6354611964285715 0.7187066136222909 0.6538895714285714 0.7285562619195046 0.6704115630952381 0.7441250613003096 0.7018668916666666 0.7549279021671826 0.722519380952381 0.7638243585139318 0.7263321476190476 0.7654130117647059 0.7139406547619047 0.7647775504643962 0.6993250476190477 0.7641420891640868 0.6783548273809523 0.7622357058823529 0.6386385023809523 0.7619179752321982 0.6272002011904761 0.7596938606811146 0.6084540964285714 0.7561988241486068 0.5960626023809524 0.7530215182662539 0.5858952238095239 0.7473023678018575 0.5763633059523809 0.7349108743034055 0.5763633059523809 0.7314158377708978 0.5804938035714285 0.7260144173374614 0.5855774928571429 0.7222016501547988 0.5916143738095239 0.71266973250774 0.6017817535714286 0.7082215040247678 0.6065477119047619
7 0.6803448984520123 0.7474561642857143 0.6853161034055728 0.7563333154761904 0.690997480495356 0.7662757261904761 0.6959686848297214 0.7737325333333334 0.706621266873065 0.7833198571428572 0.7240204842105262 0.7843851154761905 0.7403544433436533 0.7719571023809524 0.7481663362229102 0.7573985738095238 0.7527824551083591 0.7428400452380952 0.754912971517028 0.729346775 0.7531375411764706 0.7211797952380952 0.746390905882353 0.7105272142857143 0.7410646154798761 0.7027153202380954 0.7293467752321982 0.7005848035714285 0.7229552260061919 0.7055560083333333 0.7218899678018575 0.7194043654761905 0.7254408284829721 0.7289916892857143 0.7293467752321982 0.7346730654761904 0.7314772916408668 0.7431951321428572 0.7254408284829721 0.749586680952381 0.7179840210526316 0.7478112499999999 0.7098170414860682 0.7403544428571429 0.6991644594427244 0.729346775 0.690997480495356 0.7243755702380952 0.68709153374613 0.7261510000000001 0.6828305009287926 0.7343179797619047 0.6803448984520123 0.7474561642857143
2 0.5817509956656347 0.5634508809523809 0.57982466749226 0.5644140452380952 0.5759720123839009 0.5708351380952381 0.5756509572755418 0.5836773238095238 0.5891352520123839 0.590740525 0.5965195083591331 0.5894563071428571 0.5990879455108359 0.5862457607142857 0.5968405634674923 0.5762930666666667 0.5917036891640867 0.5682667011904762 0.5875299789473684 0.5637719357142857 0.5817509956656347 0.5628087726190476 0.5817509956656347 0.5634508809523809
2 0.6100038030959752 0.569550919047619 0.6093616941176471 0.5705140833333333 0.6055090383900928 0.5750088476190476 0.6071143114551083 0.5846404869047619 0.6186722786377709 0.5884931428571429 0.6279828625386997 0.5811088857142858 0.6254144253869969 0.5724404107142858 0.6199564965944272 0.5682667011904762 0.612572240247678 0.5676245916666667 0.6100038030959752 0.569550919047619
2 0.6344039554179567 0.5689088107142857 0.6392197746130032 0.5769351761904762 0.6469250860681115 0.5843194321428572 0.655272506501548 0.5846404869047619 0.6610514897832818 0.5807878321428571 0.6645830910216718 0.5775772857142857 0.6665094185758513 0.5737246297619047 0.6655462544891642 0.5673035369047619 0.6652252 0.5644140452380952 0.6616935993808049 0.559919280952381 0.6559146160990712 0.5573508428571429 0.6437145399380805 0.559919280952381 0.6366513380804953 0.5644140452380952 0.6344039554179567 0.5689088107142857
2 0.688662188235294 0.5278138166666667 0.6844884780185758 0.5342349095238095 0.6851305876160991 0.5396928380952382 0.681598986377709 0.5554245154761905 0.6893042978328173 0.5631298261904761 0.7024675374613003 0.5605613892857143 0.7127412860681114 0.5522139690476191 0.7137044495356036 0.5409770571428572 0.7108149578947369 0.5281348714285714 0.7063201931888545 0.5239611619047619 0.6976517182662539 0.5252453797619048 0.6870569151702786 0.5274927619047619 0.688662188235294 0.5278138166666667
7 0.2388918185758514 0.7035537726190477 0.22962945386996902 0.7105005452380952 0.22847165820433435 0.721692569047619 0.23040131764705882 0.7294112071428571 0.24082147801857587 0.7417610261904761 0.25085570588235295 0.7475500035714285 0.2585743430340557 0.7463922083333334 0.2624336619195046 0.7433047535714286 0.26938043529411765 0.7336564571428572 0.27246788978328174 0.7278674797619048 0.27555534489164085 0.7166754559523809 0.27555534489164085 0.7089568178571428 0.2720819578947368 0.7050974999999999 0.26783670773993806 0.7058693630952381 0.25239943343653254 0.7016241130952381 0.2388918185758514 0.7035537726190477
