1 0.40885002627840095 0.5830506288571149 0.3921905599772799 0.6337048376960767 0.3385350336634474 0.616060012294577 0.35519463491289116 0.5654060666245005
2 0.4233430078603533 0.6265398266002111 0.39417584827333485 0.6346496775615375 0.3848429463204184 0.6010874161804037 0.4140099253182825 0.5929775919058721
2 0.6519118670471471 0.5371996992278147 0.6225182848244231 0.5256531381458075 0.6401472517393358 0.4807797062083583 0.6695406378056532 0.4923262241997101
2 0.6984457878033936 0.46648935237936107 0.7128471883532939 0.48154424873323454 0.6790410708075569 0.5138805057179295 0.6646397237153678 0.4988256618739298
2 0.6616610760003141 0.5177656031276364 0.6864111386609011 0.5322729405532617 0.6639912980498366 0.5705185629363233 0.6392412749912637 0.5560112788679928
2 0.6152307859158554 0.5980547162014622 0.5983706629651806 0.5681692281564977 0.632329747133781 0.5490128873308576 0.6491898733005428 0.5788982738269621
2 0.6299165921182066 0.5391671551366255 0.6061100369913675 0.5443420470356521 0.6025411425639504 0.5279250183555513 0.6263476349326993 0.5227501335223403
2 0.5912302267198584 0.5351885053338507 0.6029846918719386 0.5516432304135332 0.5833908806930594 0.5656387788671519 0.5716364524126902 0.5491840869069855
9 0.3541328585613428 0.565215679321339 0.34010978963033267 0.5807954539026552 0.3023849470789628 0.546843137027236 0.3164079649280893 0.5312634295516298
11 0.26994766732548214 0.5154609496311873 0.31915104163044816 0.529860526933045 0.28154960039103116 0.6583317934629234 0.23234629568230503 0.643932386616175
2 0.29856409501906 0.48753382442373805 0.3270149882729356 0.48262887428445156 0.33287027933772606 0.516589616546953 0.3044193894102136 0.5214945537474454
2 0.32885929323424534 0.5252461086653837 0.34747707384303794 0.4962877113163329 0.38692768450334825 0.521649036608481 0.368310026987956 0.5506073256922006
11 0.7193076500011557 0.6348426949576912 0.6601660508289342 0.6028264125327238 0.7262153338532471 0.48083133437676717 0.7853558021221261 0.5128472385171035
9 0.32431949826900563 0.7377981329001456 0.3223089246114341 0.7371742493687542 0.35026223550551094 0.6471034101924185 0.3522727721128831 0.647727287571979
9 0.3664770941319375 0.6647726785417322 0.37473709429923474 0.6669848324816712 0.35343044734656814 0.7465303156307042 0.34517045468749075 0.7443181812499949