2 0.2749402065536515 0.5278846084844568 0.29150662054712484 0.5152637098606319 0.3186406601651015 0.550877244513895 0.30207428683365833 0.5634980966824656
2 0.3257802683533555 0.5802054720562608 0.31465532510435423 0.5394175966733817 0.34600300126794536 0.5308683044473238 0.3571280140098452 0.5716560669539944
2 0.3849214955773732 0.567446280139686 0.3828454380841322 0.5902812246193995 0.358991821066752 0.5881127264159203 0.36106792172722635 0.5652778300407709
2 0.3962874651213042 0.6023578698229733 0.38435887740547514 0.5860933100904261 0.4035218108099343 0.5720405176905812 0.41545038607080187 0.5883050428618435
11 0.28340591069388665 0.514410195233301 0.24067945987235362 0.5013017909612241 0.2754604651847785 0.3879429720254749 0.31818627582276804 0.4010512716995587
11 0.28704762372387904 0.5793633313258119 0.28782561872048973 0.6602019676220648 0.21343687599664918 0.6609172556992745 0.2126594535870936 0.5800791863803657
2 0.2927339701341225 0.5771879354238294 0.32005645972640195 0.5743121834830303 0.3233245761593935 0.6053592732179739 0.2960020878687146 0.6082350170749884
2 0.33699363284642914 0.6001634136128129 0.36707022104269527 0.5922494436146047 0.377155797420869 0.6305747863012007 0.3470792204735744 0.6384887269289238
2 0.6443528587823266 0.593889953933897 0.6577232884003479 0.6206276237269871 0.62364170375713 0.6376683595413359 0.6102713857084154 0.6109307849385354
2 0.6886823374205733 0.5620011015029249 0.7063149496198093 0.5838875062049508 0.6714933975443955 0.6119381694041444 0.653860879616559 0.5900518521205728
2 0.5941055851120609 0.5781835416958226 0.5997274278036002 0.6006683474693619 0.5758025166929883 0.6066495598174467 0.5701807319893533 0.5841648040241717
2 0.5973732124768958 0.5969025083621787 0.5973732692821159 0.5738360642200749 0.6242056229220907 0.5738361221282258 0.6242056212471425 0.5969025112384676
2 0.6637481367176861 0.5879583874999998 0.6284422849414568 0.5879583874999998 0.6284424149216647 0.5455914890624999 0.6637480101575193 0.5455914890624999
2 0.6832921044275508 0.5141163075590975 0.705293424264255 0.5217682662468932 0.6885022859222545 0.5700427604050328 0.6665009816704242 0.5623908339803921
11 0.7149195379480489 0.5397384086877389 0.7777357960338804 0.5516213438331178 0.7601698716416649 0.6444696689369775 0.6973536409269627 0.6325868349574111
11 0.6722398577945796 0.4118290768760537 0.7173762624938718 0.4021576216653855 0.7406125149452691 0.5105939806531377 0.6954761352258174 0.5202653602287712