2 0.2973828123839009 0.61700625 0.3150640625386997 0.608284375 0.3150640625386997 0.594476561904762 0.31365000000000004 0.57049375 0.3065765622291022 0.5639531249999999 0.29384687492260064 0.569040625 0.27970312507739936 0.572675 0.2733375003095975 0.58066875 0.26661874984520123 0.58575625 0.26272968730650154 0.6024703130952381 0.2630828123839009 0.619185938095238 0.26555937523219814 0.6293609380952381 0.28253125015479874 0.6206390619047619 0.2973828123839009 0.61700625
2 0.3384015622291021 0.566134375 0.3295609374613003 0.5784890630952381 0.3196609374613003 0.5763078119047619 0.3150640625386997 0.593023438095238 0.31470937523219816 0.622820311904762 0.3666906247678019 0.619185938095238 0.3723484377708978 0.605378125 0.3695187498452012 0.58575625 0.3659828123839009 0.5799421880952381 0.360325 0.5784890630952381 0.3468875003095975 0.5719484380952381 0.3384015622291021 0.566134375
2 0.6669031250773995 0.587209375 0.6615984377708979 0.5734015619047619 0.655232812383901 0.569040625 0.6432109374613003 0.5625 0.6350781250773995 0.572675 0.6258843752321982 0.5697671880952381 0.6198734377708979 0.5763078119047619 0.6128 0.5734015619047619 0.6050218749226006 0.5879359380952381 0.6050218749226006 0.603925 0.610325 0.626453125 0.6598296873065016 0.6206390619047619 0.6658421876160991 0.6097390630952381 0.6669031250773995 0.587209375
2 0.6937765622291021 0.5675875 0.6838750000000001 0.55450625 0.6715000000000001 0.560320311904762 0.6658421876160991 0.5843015619047619 0.6679624996904024 0.61191875 0.7213578123839008 0.6199125 0.7227718749226006 0.60174375 0.723832812383901 0.577034375 0.713225 0.5625 0.7022624996904026 0.5581390630952381 0.6937765622291021 0.5675875
2 0.6997874996904024 0.533429688095238 0.7061531250773994 0.5254359380952381 0.7114562501547987 0.514534375 0.7156999999999999 0.5094484380952381 0.7210046873065015 0.5050875 0.7231265622291022 0.4912796869047619 0.7256015622291021 0.46875 0.7220656247678019 0.454215625 0.7128718749226006 0.4418609369047619 0.6792781250773993 0.4781984380952381 0.6796328123839009 0.49636562500000003 0.68635 0.516715625 0.6881187498452013 0.527615625 0.6997874996904024 0.533429688095238
2 0.6329562501547987 0.533429688095238 0.6417968749226006 0.542878125 0.6516968749226005 0.5406984380952381 0.6570015622291021 0.533429688095238 0.6693781250773994 0.5406984380952381 0.673975 0.5363375 0.6810468749226006 0.516715625 0.6810468749226006 0.4978203119047619 0.6775109374613004 0.47674374999999997 0.6732671876160992 0.46584374999999995 0.6315421876160991 0.47456406190476186 0.6269453126934984 0.49273281190476187 0.6244703126934984 0.5094484380952381 0.6244703126934984 0.5261625 0.6329562501547987 0.533429688095238
2 0.2772281250773994 0.52325625 0.2878359374613003 0.54941875 0.2906640625386997 0.542878125 0.29702968730650153 0.541425 0.3041015622291022 0.5363375 0.30975937523219815 0.5203484380952381 0.3101125003095975 0.5072671880952381 0.3090515622291022 0.48255781190476194 0.2949078123839009 0.467296875 0.2772281250773994 0.45857499999999995 0.26732656222910217 0.483284375 0.2669734377708978 0.5014531249999999 0.2698015622291022 0.52325625 0.2772281250773994 0.52325625
2 0.31541718761609905 0.5472390630952381 0.3246109374613003 0.5537796869047619 0.3327437498452013 0.54433125 0.3472421876160991 0.55450625 0.3539609374613003 0.542878125 0.35714218761609906 0.53415625 0.36244687492260064 0.53415625 0.3631546873065016 0.516715625 0.35749687492260057 0.493459375 0.350425 0.47892500000000005 0.33026874984520127 0.4796515619047619 0.30975937523219815 0.48691875 0.30622343777089783 0.50799375 0.3094062501547988 0.53125 0.31541718761609905 0.5472390630952381
11 0.2259615386996904 0.6826923071428571 0.29086538452012384 0.6682692309523809 0.2668269232198142 0.5576923071428571 0.18870192321981424 0.6129807690476191 0.2259615386996904 0.6826923071428571
11 0.7319711535603716 0.6466346154761905 0.7379807690402478 0.6694711535714286 0.7944711535603716 0.6021634619047619 0.7668269232198143 0.49399038452380956 0.7091346154798762 0.5625 0.7319711535603716 0.6466346154761905
11 0.6947115386996905 0.40264423095238094 0.7283653845201238 0.40264423095238094 0.7487980767801857 0.36899038452380956 0.739182692260062 0.29326923095238094 0.6850961535603716 0.33533653809523806 0.6947115386996905 0.40264423095238094
11 0.29206730773993805 0.43028846190476194 0.3221153845201239 0.34014423095238094 0.2668269232198142 0.2980769226190476 0.23317307678018576 0.40024038452380956 0.29206730773993805 0.43028846190476194
13 0.6310096154798761 0.6310096154761905 0.5145781634674922 0.6533550452380952 0.5793269232198143 0.6490384619047619 0.6502403845201238 0.6394230773809523 0.7091346154798762 0.6201923071428571 0.7319711535603716 0.6105769226190477 0.6310096154798761 0.6310096154761905
13 0.4050480767801858 0.6550480773809523 0.4483173077399381 0.6622596154761905 0.5120192309597523 0.6538461535714286 0.5145781634674922 0.6533550452380952 0.5072115386996904 0.6538461535714286 0.46875 0.6538461535714286 0.4290865386996904 0.6538461535714286 0.3787403845201238 0.648125 0.4050480767801858 0.6550480773809523
13 0.7163461535603716 0.44110576904761906 0.6850961535603716 0.45552884642857144 0.635817307739938 0.46394230714285717 0.5444711535603716 0.47115384642857144 0.5012019232198143 0.47235576904761906 0.40691048421052634 0.4873044119047619 0.4278846154798761 0.48918269285714283 0.5817307690402477 0.47235576904761906 0.6911057690402478 0.46033653809523806 0.7163461535603716 0.44110576904761906
13 0.3473557690402477 0.48197115357142856 0.3957207269349845 0.486302344047619 0.2836538464396285 0.45913461547619044 0.3473557690402477 0.48197115357142856
