1 0.4369697548639806 0.6029168738284933 0.4599613232331876 0.6033305896420562 0.45838896465602375 0.6907010138521025 0.43539739637833463 0.6902873016022014
1 0.49922878194536224 0.5903551856173817 0.5171345577540478 0.5891672052064773 0.5220641922484219 0.6634602395902264 0.5041584172917055 0.66464821155087
1 0.48720609598876763 0.5978238164430376 0.500657795780171 0.5969523342390279 0.5053088855926262 0.668735355569897 0.4918571863922807 0.6696068317216279
1 0.47241875 0.5995640625 0.49080625 0.5995640625 0.49080625 0.6816859375 0.47241875 0.6816859375
1 0.47613096589680026 0.6865783323216731 0.4583864636266526 0.6870804396331015 0.45608123939825873 0.6056202833804117 0.47382545551772637 0.6051181801362107
7 0.2718220228663313 0.5849480732554366 0.24503531340462814 0.6106389686562199 0.20951381625127397 0.5736060239093231 0.23630039624777055 0.5479152457335693
2 0.3029127039845889 0.5281262197872725 0.3197526186613686 0.5163098314754422 0.3461945277791756 0.5539897708599832 0.3293546505132099 0.5658061143528517
11 0.25290788747645365 0.4827790315839944 0.3076997399989523 0.49135677072084316 0.28595206319312183 0.630261710234962 0.2311602355754303 0.621684072230588
2 0.3226468504718696 0.5947928124750976 0.3457735211520685 0.550086391866652 0.39350848404365024 0.5747772381235602 0.3703820618661666 0.6194834463024285
2 0.6243292534614966 0.5999828262042206 0.5983287138375317 0.57918451083543 0.6222761938015537 0.5492502243033531 0.6482766223197132 0.5700484703720292
2 0.6283189169181469 0.5061987646468304 0.6537062237391638 0.4977370228467889 0.6615608401367581 0.5213009499875454 0.6361735411283007 0.5297626753247199
9 0.3232064431589379 0.6730449235658179 0.3169290642795204 0.670235911795691 0.3396360040858326 0.6194987035958627 0.3459133235933223 0.6223077000125412
9 0.3576201240236969 0.621355472674709 0.3634676667358008 0.6224344343080889 0.3477014979442856 0.7078696756067938 0.3418539578125319 0.7067907234375077