2 0.2796215226006192 0.5319399333333333 0.28197523900928795 0.5371181107142857 0.2895071318885449 0.547003719047619 0.2989219981424149 0.5550063559523809 0.30551240433436533 0.560655275 0.3144565275541796 0.5540648690476191 0.3121028105263158 0.5474744630952382 0.3045709176470588 0.5324106773809524 0.29656828173374616 0.5244080404761905 0.28197523900928795 0.5225250678571429 0.2796215226006192 0.5319399333333333
2 0.3182224736842105 0.5493574357142857 0.319163960371517 0.5559478428571428 0.3224591634674923 0.5639504785714285 0.3295203133126935 0.5728946011904762 0.3370522061919504 0.5771312916666667 0.35258673498452014 0.5728946011904762 0.35494045139318886 0.5672456821428572 0.35258673498452014 0.5550063559523809 0.34787930216718266 0.547003719047619 0.33281551640866874 0.5413548 0.31963470340557276 0.5380595964285714 0.3182224736842105 0.5493574357142857
2 0.3601186278637771 0.5757190607142857 0.36106011455108356 0.5794850071428571 0.36435531764705886 0.5846631845238095 0.3728286972136223 0.5893706166666667 0.38083133312693496 0.5865461571428572 0.3836557931888545 0.581367980952381 0.3813020767801858 0.5705408845238096 0.37753613003095976 0.5667749380952382 0.36200160123839004 0.5653627083333334 0.3601186278637771 0.5757190607142857
2 0.3860095095975232 0.5860754142857143 0.3888339696594427 0.5921950773809525 0.3940121455108359 0.5987854833333334 0.4043684984520124 0.5964317666666666 0.4114296476780186 0.5912535904761904 0.4114296476780186 0.5846631845238095 0.41001741795665636 0.5808972380952381 0.40248552507739943 0.5761898047619047 0.3940121455108359 0.5790142642857143 0.3860095095975232 0.5860754142857143
11 0.2654992235294118 0.4377912726190476 0.2565551009287926 0.4495598559523809 0.2556136142414861 0.46415289761904766 0.25937956037151705 0.4749799940476191 0.26455773684210526 0.4900437797619048 0.27303111640866873 0.5112272285714285 0.2824459826625387 0.5116979714285714 0.2904486185758514 0.49145600952380947 0.29798051145510834 0.4650943845238095 0.30315868792569656 0.45003059880952384 0.3092783510835913 0.4269641773809524 0.3088076074303406 0.415195594047619 0.30739537770897835 0.402485525 0.3059831479876161 0.39730734880952384 0.2923315919504644 0.3940121452380952 0.2857411857585139 0.3991903226190476 0.2824459826625387 0.4071929583333333 0.2786800359133127 0.4175493107142857 0.2664407102167183 0.43261309642857143 0.2654992235294118 0.4377912726190476
11 0.214658946749226 0.6143200119047619 0.21936637956656346 0.6275008249999999 0.2226615826625387 0.6383279202380953 0.23160570588235294 0.6458598130952381 0.24855246439628484 0.6557454226190476 0.2626747640866873 0.6590406261904761 0.2862119287925696 0.6602174845238095 0.28762415913312694 0.6392694071428572 0.28668267244582046 0.6199689321428572 0.2843289560371517 0.6082003488095238 0.2833874693498452 0.5945487928571429 0.28103375294117644 0.5832509535714285 0.27444334613003096 0.5794850071428571 0.2692651702786378 0.5823094678571429 0.2532598978328173 0.5893706166666667 0.23537165201238391 0.5841924404761905 0.2254860427244582 0.5799557511904762 0.21936637956656346 0.581367980952381 0.212775973374613 0.5921950773809525 0.21418820371517028 0.6053758892857143 0.214658946749226 0.6143200119047619
2 0.2946853083591331 0.580426494047619 0.2932730786377709 0.5823094678571429 0.2942145653250774 0.5912535904761904 0.2960975386996904 0.5992562261904761 0.30315868792569656 0.6058466321428572 0.30974909411764706 0.6067881190476191 0.32057619009287924 0.5992562261904761 0.32198842043343656 0.5926658202380952 0.3210469337461301 0.5837216976190477 0.31069058080495354 0.5785435214285715 0.3022172012383901 0.5761898047619047 0.2946853083591331 0.580426494047619
2 0.33799369226006193 0.6025514297619048 0.33799369226006193 0.6039636595238095 0.3408181523219814 0.6124370392857142 0.3436426123839009 0.6227933916666666 0.34505484210526316 0.6307960273809523 0.35305747801857584 0.6369156904761905 0.36058937089783283 0.6289130547619047 0.36859200743034054 0.6190274452380953 0.3709457238390093 0.6082003488095238 0.3695334941176471 0.6016099428571429 0.3662382910216718 0.5987854833333334 0.35494045139318886 0.5987854833333334 0.34223038204334366 0.5987854833333334 0.33799369226006193 0.6025514297619048
2 0.6129077820433436 0.6162029857142857 0.6152614984520124 0.6199689321428572 0.6260885944272445 0.6293837976190477 0.6392694074303406 0.6298545416666667 0.647742786996904 0.6218519047619048 0.651508733126935 0.613378525 0.6500965034055728 0.6053758892857143 0.6435060972136224 0.5997269702380952 0.6359742043343654 0.5983147392857143 0.6279715678018576 0.6020806857142857 0.6138492687306502 0.6091418357142857 0.6129077820433436 0.6162029857142857
2 0.6576283962848297 0.5870169000000001 0.6604528557275542 0.5978439964285714 0.6646895455108359 0.6034929166666667 0.6802240749226006 0.6049051464285714 0.690580427244582 0.5964317666666666 0.696229347368421 0.5837216976190477 0.6967000904024768 0.5719531142857143 0.6886974544891641 0.5663041952380952 0.6745751547987616 0.5733653452380952 0.6675032253869969 0.5826472523809524 0.6665725188854489 0.5827802107142857 0.6661017758513933 0.5818387238095238 0.6576283962848297 0.5870169000000001
2 0.5719531145510837 0.5912535904761904 0.5757190613003096 0.5987854833333334 0.5813679808049536 0.6044344023809524 0.5903121034055728 0.6030221726190477 0.595490279876161 0.5936073071428571 0.595490279876161 0.5837216976190477 0.5888998736842106 0.5794850071428571 0.5757190613003096 0.5827802107142857 0.5719531145510837 0.5912535904761904
2 0.597373253250774 0.580426494047619 0.5983147399380805 0.587487644047619 0.6058466328173374 0.5969025095238095 0.6199689318885448 0.5969025095238095 0.6242056216718266 0.5870169000000001 0.6237348780185759 0.5785435214285715 0.6166737287925697 0.5747775749999999 0.6082003492260062 0.5738360880952381 0.601139199380805 0.5771312916666667 0.597373253250774 0.580426494047619
2 0.628913054489164 0.5634797357142857 0.6284423114551084 0.5794850071428571 0.6331497442724459 0.5879583869047619 0.6482135300309598 0.5870169000000001 0.6637480588235294 0.5724238583333333 0.6637480588235294 0.5620675047619048 0.6618650860681115 0.5517111523809524 0.6609235993808049 0.547003719047619 0.6500965034055728 0.5455914892857143 0.6373864340557276 0.5460622333333334 0.6331497442724459 0.5502989226190477 0.628913054489164 0.5634797357142857
2 0.6731629250773994 0.5432377726190476 0.6712799517027864 0.5488866928571429 0.672221438390093 0.5630089916666666 0.6750458984520123 0.5653627083333334 0.6882267108359132 0.5587723023809524 0.6971708334365325 0.5451207464285714 0.6990538068111455 0.527703244047619 0.6952878606811146 0.5182883785714285 0.686814481114551 0.5192298642857143 0.6769288718266253 0.5324106773809524 0.6731629250773994 0.5432377726190476
11 0.7051734699690403 0.5912535904761904 0.7028197535603716 0.6049051464285714 0.7065856996904025 0.6298545416666667 0.7202372557275541 0.6369156904761905 0.7423621907120742 0.6378571773809524 0.7546015170278638 0.6402108940476191 0.7626041529411764 0.6289130547619047 0.7640163826625387 0.6157322416666667 0.7687238160990713 0.5992562261904761 0.7663700996904025 0.5832509535714285 0.7531892866873064 0.5639504785714285 0.7447159071207431 0.5535941261904762 0.7334180681114552 0.5432377726190476 0.7164713089783281 0.5418255428571429 0.7136468495356036 0.5535941261904762 0.7084686730650155 0.5738360880952381 0.7051734699690403 0.5912535904761904
11 0.690580427244582 0.4933389833333333 0.6938756303405572 0.5060490523809524 0.7047027263157895 0.5182883785714285 0.7131761058823529 0.5140516880952382 0.7202372557275541 0.5032245928571428 0.7263569182662538 0.49192675357142857 0.7320058383900929 0.47874594047619046 0.7310643517027864 0.4660358714285714 0.7216494854489164 0.45238431547619046 0.7103516464396284 0.43826201666666664 0.699995293498452 0.42555194761904763 0.690580427244582 0.4109589047619048 0.6806948179566563 0.41001741785714285 0.6792825882352941 0.4175493107142857 0.6788118445820434 0.4236689738095238 0.6792825882352941 0.43308384047619053 0.6806948179566563 0.4448524226190476 0.6830485343653251 0.46226992499999997 0.6886974544891641 0.48863154999999997 0.690580427244582 0.4933389833333333
