2 0.6570857678018576 0.5984417547619048 0.6461501671826625 0.6031319773809524 0.6435464507739939 0.609906755952381 0.6523990705882353 0.6213717785714287 0.6565650328173374 0.6198084107142857 0.6612517300309598 0.6239774642857143 0.6680213690402477 0.6255408714285715 0.6716665560371516 0.6151181285714286 0.6716665560371516 0.6093856273809524 0.6742702724458205 0.6026108476190476 0.676353293498452 0.5932303821428572 0.6739583213622291 0.58671875 0.6648969176470588 0.5880190107142858 0.6570857678018576 0.5984417547619048
2 0.6909341213622291 0.5692580607142856 0.6898925708978328 0.5838498976190476 0.6935378377708978 0.5911458261904762 0.7065564198142414 0.5796808035714286 0.7169712854489163 0.5661312452380952 0.7216579430340557 0.5598775952380952 0.7182291547987616 0.5483072916666667 0.7018696823529411 0.5588353166666666 0.6909341213622291 0.5692580607142856
2 0.6352145659442724 0.5364264226190476 0.6289656229102167 0.533820736904762 0.626361906501548 0.5426800726190476 0.6310486037151702 0.5567507797619048 0.636776772136223 0.5676946535714286 0.6425049405572756 0.5635255595238096 0.6497953541795666 0.5676946535714286 0.6529198061919504 0.554145094047619 0.6529198061919504 0.5437223511904762 0.6482331479876161 0.539553238095238 0.6425049405572756 0.5447646095238096 0.6378182823529412 0.547891444047619 0.6352145659442724 0.5364264226190476
2 0.6091774018575852 0.5557085023809524 0.6065736854489164 0.5676946535714286 0.608656626625387 0.5734271535714286 0.6164677758513932 0.5739483035714286 0.6284448873065015 0.5760328392857144 0.633652320123839 0.560398725 0.6326108495356038 0.546328036904762 0.626361906501548 0.5379898297619048 0.619071492260062 0.549975980952381 0.6091774018575852 0.5557085023809524
2 0.29308620433436533 0.5140175273809524 0.28423356470588235 0.5140175273809524 0.2826713386996904 0.5202711773809524 0.28527505510835915 0.5286093642857143 0.2925654693498452 0.5390321083333334 0.29933512755417957 0.5442434797619047 0.3092292582043344 0.541637794047619 0.3113122191950464 0.5322573285714286 0.3113122191950464 0.51870775 0.3081877678018576 0.5098484345238096 0.3014181089783282 0.5161020642857143 0.29308620433436533 0.5140175273809524
2 0.29464843034055727 0.5947937904761904 0.29777290216718266 0.6026108476190476 0.29829363715170276 0.6104279047619048 0.30350106996904025 0.6125124416666666 0.32016485944272444 0.6083433488095238 0.32172708482972134 0.6057376630952381 0.3191233684210526 0.5932303821428572 0.3113122191950464 0.5885401404761905 0.30506329597523224 0.5796808035714286 0.30245957956656344 0.5739483035714286 0.2962106761609907 0.5692580607142856 0.29049477956656344 0.5697916666666667 0.28892026191950465 0.5859344535714286 0.29464843034055727 0.5947937904761904
2 0.3404738352941176 0.6224140964285715 0.3456812681114551 0.6328368392857143 0.35245094674922595 0.6359636154761904 0.36026209597523223 0.6312733928571428 0.36651099938080495 0.628667705952381 0.37223920743034056 0.6276254678571428 0.36599026439628485 0.6182449630952381 0.35869985015479877 0.6135547202380953 0.35088870092879254 0.6109490345238096 0.3420360811145511 0.6062588119047619 0.3380208216718266 0.6029947916666667 0.33630789287925694 0.6156392773809524 0.3404738352941176 0.6224140964285715
11 0.7445706160990713 0.5306939214285714 0.7336350544891641 0.5468491654761904 0.7362387708978329 0.5755117107142858 0.7419668996904024 0.5921881047619048 0.7430084495356037 0.6062588119047619 0.7471743325077399 0.6213717785714287 0.7622759356037152 0.6125124416666666 0.7857093832817338 0.5968783273809524 0.7992486606811146 0.5833287678571428 0.8023731523219814 0.5661312452380952 0.8028939275541795 0.560398725 0.7851886080495356 0.5583141880952381 0.779460479876161 0.5536239452380952 0.7857093832817338 0.5411166654761905 0.7903960408668731 0.527567086904762 0.7903960408668731 0.5218345857142856 0.7903960408668731 0.515059805952381 0.783105666873065 0.5062004702380952 0.7669625931888545 0.5239191226190476 0.7445706160990713 0.5306939214285714
13 0.6456294315789474 0.6495131940476191 0.619071492260062 0.6708798095238095 0.5951173095975232 0.6844293678571428 0.5753290885448916 0.6995423547619048 0.5597067900928793 0.7016269107142857 0.5295036631578948 0.7073594119047619 0.4904479170278638 0.7068382833333333 0.4493091894736842 0.7016269107142857 0.4206683089783282 0.6927675952380953 0.3941104092879257 0.6792179964285715 0.370156226625387 0.6604570666666667 0.3295382340557276 0.6443018214285714 0.3154781616099071 0.635442525 0.3097499938080495 0.6542034166666667 0.35088870092879254 0.674006625 0.3883822414860681 0.6885984821428571 0.41806459256965944 0.7021480404761905 0.4513921708978328 0.7156975988095238 0.48315750340557273 0.7162187678571429 0.5144021003095975 0.7162187678571429 0.5560615628482972 0.7162187678571429 0.608656626625387 0.6948521119047619 0.640942734365325 0.665668438095238 0.6659383882352942 0.6484709547619047 0.7055148699690402 0.6302311535714286 0.6947916544891641 0.6186197916666667 0.6706250854489164 0.6359636154761904 0.6456294315789474 0.6495131940476191
2 0.3253722922600619 0.547891444047619 0.33318344148606815 0.5510182595238096 0.3425568167182662 0.5577930380952381 0.35036796594427244 0.547891444047619 0.3425568167182662 0.5411166654761905 0.3368286482972136 0.535384144047619 0.3295382340557276 0.5249614011904762 0.3206855944272446 0.5280882357142856 0.31860263343653256 0.5359052928571428 0.319140613003096 0.541796875 0.3253722922600619 0.547891444047619
0 0.27277722848297214 0.6041742547619048 0.2712149826625387 0.614075869047619 0.27850539628482973 0.6114701833333334 0.28215060371517026 0.6046953845238096 0.27486977956656344 0.5977864583333333 0.27277722848297214 0.6041742547619048
0 0.31235371021671826 0.4983834130952381 0.31704040743034057 0.5009890988095238 0.32381006625387 0.4973411345238095 0.32120634984520124 0.4863972714285714 0.31235371021671826 0.4983834130952381
13 0.6919755919504644 0.46763631071428574 0.6711458606811145 0.4822281583333334 0.6492746185758513 0.49577771666666665 0.6539613164086687 0.5072427488095238 0.6779155393188854 0.48743952976190474 0.701348986996904 0.46919972857142855 0.7273861510835914 0.4452274166666667 0.7180127560371518 0.42855102261904765 0.7065564198142414 0.45304447380952384 0.6919755919504644 0.46763631071428574
13 0.2805883777089783 0.4738899619047619 0.29985586315789475 0.48952407619047617 0.31391593560371517 0.502552505952381 0.33839089411764706 0.5119329714285714 0.35869985015479877 0.5265248083333334 0.3592206253869969 0.5077638773809524 0.33630789287925694 0.4994256904761905 0.31756114303405575 0.48900295714285713 0.29933512755417957 0.4749322297619048 0.2794270712074303 0.455859375 0.2701735120743034 0.46763631071428574 0.2805883777089783 0.4738899619047619
