11 0.2524850625386997 0.6846360464285715 0.26065169535603716 0.6744277547619048 0.26745722291021673 0.6608167 0.2763044080495356 0.6390390130952381 0.2878738049535604 0.5954836380952381 0.28923491021671827 0.5852753476190475 0.2885543572755418 0.5648587654761905 0.2844710408668731 0.5566921333333333 0.2749433027863777 0.5498866059523809 0.26269335356037155 0.5417199726190476 0.24840174613003094 0.5410394202380953 0.24636008792569658 0.5403588678571428 0.23955456099071207 0.5621365547619047 0.233429586377709 0.5914003226190476 0.22117963715170277 0.634275144047619 0.23751290278637774 0.6574139369047619 0.24298538823529411 0.6494156880952381 0.23751290278637774 0.6608167 0.23615179690402477 0.6771499654761904 0.2524850625386997 0.6846360464285715
11 0.2660961170278638 0.4171788238095238 0.262012800619195 0.43147043095238097 0.2518045102167183 0.44780369642857143 0.24772119380804952 0.4641369619047619 0.2518045102167183 0.48047022738095235 0.2722210916408669 0.49816459761904763 0.28106827739938084 0.4988451511904762 0.2878738049535604 0.47502580476190476 0.29127656842105265 0.4586925392857143 0.2994432012383901 0.4375954047619047 0.300804306501548 0.42262324523809525 0.3028459647058823 0.4056094273809524 0.30352651764705885 0.392678925 0.3021654117647059 0.3777067654761905 0.2994432012383901 0.3627346047619048 0.2899154625386997 0.34640133928571426 0.2797071721362229 0.34640133928571426 0.27085998637770897 0.3736234488095238 0.2681377752321981 0.4042483214285714 0.2660961170278638 0.4171788238095238
2 0.32938752136222904 0.517220075 0.32938752136222904 0.5185811797619048 0.32938752136222904 0.5342338928571428 0.3443596811145511 0.5410394202380953 0.3613734996904025 0.537636655952381 0.35456797213622293 0.5179006273809523 0.34912355046439625 0.5138173107142857 0.3409569176470589 0.5110951 0.32598475727554177 0.5090534416666667 0.32938752136222904 0.517220075
2 0.34504023405572753 0.5784698202380952 0.34504023405572753 0.5825531369047618 0.35116520866873063 0.6029697190476191 0.35729018328173373 0.6145391154761904 0.36613736842105266 0.6131780095238095 0.3743040012383901 0.6056919297619048 0.38315118699690404 0.5900392166666667 0.3715817900928793 0.5811920309523809 0.3436791281733746 0.5675809761904762 0.34504023405572753 0.5784698202380952
2 0.571664292879257 0.5301505761904762 0.571664292879257 0.5342338928571428 0.5737059510835913 0.5485255 0.585275347368421 0.5471643952380952 0.5914003219814242 0.5430810785714286 0.5914003219814242 0.5342338928571428 0.5825531368421053 0.5281089178571429 0.5791503727554179 0.5267478130952381 0.571664292879257 0.5301505761904762
2 0.6301918278637771 0.506331230952381 0.6301918278637771 0.5117756523809524 0.6288307219814241 0.5253867071428572 0.6356362495356037 0.5321922345238095 0.6580944897832818 0.517220075 0.6635389114551083 0.49952570357142856 0.6424417770897833 0.4920396238095238 0.6308723801857585 0.49816459761904763 0.6301918278637771 0.506331230952381
2 0.6764694130030959 0.4791091214285714 0.6717055442724459 0.48863685952380953 0.670344439009288 0.5002062559523809 0.6805527294117647 0.5076923369047619 0.6900804681114551 0.5008868095238095 0.7016498643962847 0.4852340964285714 0.7050526278637772 0.47638691071428574 0.6941637845201238 0.46822027857142856 0.6866777040247678 0.4709424892857143 0.6764694130030959 0.47502580476190476 0.6764694130030959 0.4791091214285714
2 0.6247474055727554 0.5825531369047618 0.6274696167182663 0.5859559 0.6301918278637771 0.5900392166666667 0.6397195659442725 0.5988864023809524 0.6499278569659444 0.5995669547619047 0.6574139368421053 0.5893586642857143 0.6587750421052632 0.5832336892857143 0.6580944897832818 0.5696226345238096 0.6560528315789474 0.5614560023809524 0.6506084092879257 0.5628171071428572 0.6424417770897833 0.5662198714285714 0.6356362495356037 0.5696226345238096 0.6274696167182663 0.5750670571428571 0.6247474055727554 0.5825531369047618
2 0.6676222278637771 0.5560115797619047 0.6717055442724459 0.5628171071428572 0.6791916241486069 0.5696226345238096 0.6962054427244582 0.5614560023809524 0.7002887585139319 0.554650475 0.7009693114551084 0.5328727869047619 0.6962054427244582 0.5260672595238095 0.6887193622291022 0.5308311285714286 0.6791916241486069 0.5383172095238096 0.6683027808049536 0.5471643952380952 0.6676222278637771 0.5560115797619047
11 0.7091359442724459 0.5417199726190476 0.7070942860681115 0.554650475 0.7111776024767801 0.5716642928571429 0.7152609188854488 0.5879975583333333 0.7207053405572756 0.6009280607142857 0.727510868111455 0.6267890642857142 0.7363580532507741 0.6397195654761905 0.7486080024767802 0.6567333845238095 0.7554135300309598 0.6424417773809523 0.7567746352941176 0.6254279583333333 0.7547329770897833 0.6077335880952381 0.7581357405572755 0.613858561904762 0.7635801628482972 0.6492473035714286 0.7690245845201238 0.6472056464285714 0.7697051374613003 0.6179418785714286 0.7710662427244582 0.6070530345238095 0.7697051374613003 0.5832336892857143 0.767663479256966 0.5696226345238096 0.7656218210526315 0.5519282642857143 0.7615385046439629 0.5362755511904762 0.7526913188854488 0.5199422857142858 0.7411219226006192 0.512456205952381 0.7179831300309597 0.5294700238095238 0.7091359442724459 0.5417199726190476
