1 0.5388000000000001 0.5416 0.5436 0.5528 0.5452 0.5576 0.552 0.5616 0.5608 0.5616 0.5664 0.5552 0.5680000000000001 0.5424 0.5672 0.5192 0.5652 0.5032 0.5619999999999999 0.4976 0.554 0.4944 0.5496 0.5008 0.5424 0.5048 0.5388000000000001 0.5136 0.5368 0.52 0.5388000000000001 0.5416
9 0.5548 0.496 0.5636 0.5016 0.5668 0.4864 0.5644 0.44399999999999995 0.5632 0.4112 0.5599999999999999 0.37279999999999996 0.5591999999999999 0.3592 0.5564 0.35440000000000005 0.5528000000000001 0.36160000000000003 0.5496 0.372 0.5468 0.4 0.5464 0.4296 0.5464 0.45999999999999996 0.5448 0.4864 0.5424 0.5072 0.5484 0.5024000000000001 0.5548 0.496
11 0.22265625015479878 0.6432296869047619 0.26302031269349846 0.6458328130952381 0.28710937523219815 0.6328125 0.2923171876160991 0.615234375 0.29492187492260064 0.6087234380952381 0.2890625003095975 0.5911453130952381 0.27929687492260064 0.5690109369047619 0.27864531269349846 0.5403640630952381 0.26757812507739936 0.546875 0.24934843777089782 0.5729171869047619 0.23697968730650154 0.5768234369047619 0.21940156222910218 0.5983078119047619 0.21679687492260064 0.6041671869047619 0.21679687492260064 0.6028640630952381 0.21549531269349845 0.6067703130952381 0.22135468730650154 0.6256515619047619 0.22265625015479878 0.6432296869047619
11 0.801432812383901 0.6751296880952381 0.802734375232198 0.6302078130952381 0.7955734377708978 0.6158859369047619 0.7786453126934985 0.6015625 0.771484375232198 0.5833328130952381 0.7486984377708978 0.5625 0.7428390625386997 0.57421875 0.7428390625386997 0.6009109380952381 0.7278640625386997 0.61328125 0.728515624767802 0.6412765619047619 0.7395828123839009 0.658203125 0.7591140625386997 0.6634109380952381 0.801432812383901 0.6751296880952381
2 0.30476535356037154 0.5478197833333334 0.30097608606811144 0.5521503738095238 0.3020587343653251 0.5618942047619048 0.30693064891640864 0.5743446535714285 0.3155918315789474 0.5808405404761905 0.3226290421052631 0.5840884845238095 0.32858360495356037 0.5840884845238095 0.3399514068111455 0.5792165690476191 0.3399514068111455 0.570014063095238 0.3383274352941177 0.5586462607142857 0.33562081547987616 0.55160905 0.3296662526315789 0.5499850785714285 0.31017859256965946 0.5467371357142857 0.30476535356037154 0.5478197833333334
2 0.35348450402476783 0.5629768523809524 0.35619112383900925 0.5727206821428571 0.3599803907120743 0.5824645119047619 0.3691828972136223 0.6079067357142858 0.377844079256966 0.5997868773809524 0.38325731826625387 0.588419075 0.3924598247678019 0.5813818642857143 0.39083585325077397 0.5721793583333333 0.3892118811145511 0.5689314154761905 0.3870465857585139 0.5651421476190476 0.3848812904024768 0.5640595 0.37243084086687306 0.5597289083333333 0.36431098204334367 0.5543156702380952 0.35889774303405575 0.5570222892857143 0.35348450402476783 0.5629768523809524
2 0.33562081547987616 0.5034312238095238 0.3323728724458204 0.505596519047619 0.3280422811145511 0.5137163773809523 0.3275009572755418 0.5212949119047618 0.34319935046439626 0.5359106571428571 0.35348450402476783 0.5353693333333334 0.36106303900928793 0.5277907988095238 0.36268701052631575 0.5212949119047618 0.35943906687306504 0.5120924059523809 0.35186053250773996 0.49910063214285716 0.34752994117647057 0.4969353369047619 0.338868759133127 0.5007246035714286 0.33562081547987616 0.5034312238095238
2 0.28040577832817337 0.5045138714285714 0.2841950452012384 0.5175056452380953 0.2955628470588235 0.5277907988095238 0.3031413820433437 0.5288734464285714 0.3155918315789474 0.5083031380952381 0.3150505077399381 0.5012659273809523 0.31342653560371514 0.49368739285714286 0.3080132972136223 0.48394356309523806 0.3020587343653251 0.48177826785714284 0.29339755170278636 0.48719150714285714 0.28094710216718266 0.4958526892857143 0.28040577832817337 0.5045138714285714
2 0.3691828972136223 0.5229188833333334 0.36972422105263153 0.529956094047619 0.37351348854489164 0.539699925 0.3848812904024768 0.5456544869047619 0.39354247244582047 0.5413238964285714 0.3924598247678019 0.529956094047619 0.3859639380804954 0.5234602071428571 0.37946805139318884 0.5202122642857143 0.3745961362229102 0.5202122642857143 0.3691828972136223 0.5229188833333334
2 0.39787306377708975 0.5283321226190476 0.39787306377708975 0.5332040380952381 0.40220365510835915 0.5413238964285714 0.41465410464396285 0.5478197833333334 0.424397934365325 0.542406544047619 0.42818720185758513 0.5353693333333334 0.4184433715170278 0.5207535880952381 0.41303013250773996 0.5153403488095238 0.40924086563467493 0.5175056452380953 0.4049102743034056 0.5250841797619048 0.39787306377708975 0.5283321226190476
2 0.4796129721362229 0.5137163773809523 0.4806956198142415 0.5229188833333334 0.4806956198142415 0.5402412488095237 0.4828609151702786 0.5489024309523809 0.4888154780185759 0.5521503738095238 0.4947700408668731 0.5402412488095237 0.4926047455108359 0.529956094047619 0.4926047455108359 0.5202122642857143 0.49043945015479873 0.5115510821428572 0.487191506501548 0.5061378428571428 0.48015429597523224 0.5072204904761904 0.4796129721362229 0.5137163773809523
2 0.47419973312693503 0.505596519047619 0.4725757616099071 0.5050551952380953 0.4720344377708978 0.5093857869047619 0.4725757616099071 0.5310387416666666 0.4828609151702786 0.5456544869047619 0.48394356346749223 0.5359106571428571 0.4806956198142415 0.5158816726190476 0.47419973312693503 0.5061378428571428 0.47419973312693503 0.505596519047619
2 0.692894586996904 0.5499850785714285 0.6907292916408669 0.5564809654761904 0.694518558513932 0.5710967107142857 0.6988491498452012 0.5802992166666667 0.7053450365325077 0.5813818642857143 0.7183368105263158 0.5765099499999999 0.7302459362229102 0.5689314154761905 0.737283146749226 0.5591875845238096 0.7367418229102167 0.5461958107142857 0.7253740210526315 0.5483611071428571 0.7123822476780185 0.5505264023809524 0.7037210650154799 0.5521503738095238 0.6977665021671826 0.55160905 0.692894586996904 0.5499850785714285
2 0.718878134365325 0.4915220976190476 0.7145475430340558 0.4963940130952381 0.7042623888544891 0.505596519047619 0.7031797411764705 0.5153403488095238 0.7134648953560371 0.5229188833333334 0.7297046117647059 0.5223775595238095 0.7389071182662539 0.5142577011904762 0.7421550619195048 0.49747666071428576 0.7356591746130031 0.4812369440476191 0.7264566687306501 0.4828609154761905 0.718878134365325 0.4915220976190476
2 0.6582498575851393 0.49368739285714286 0.6506713232198142 0.5045138714285714 0.6517539708978327 0.5164229964285715 0.6560845622291022 0.5256255035714286 0.6636630965944272 0.5277907988095238 0.6782788421052631 0.5207535880952381 0.677737518266254 0.5142577011904762 0.6766548699690402 0.5045138714285714 0.6734069269349845 0.49747666071428576 0.6652870681114551 0.48610885833333334 0.6614978012383901 0.48610885833333334 0.6582498575851393 0.49368739285714286
2 0.6301010148606812 0.5099271107142858 0.6236051281733747 0.5126337297619047 0.6203571851393189 0.5277907988095238 0.6252291003095976 0.5413238964285714 0.6311836631578948 0.539699925 0.6398448452012384 0.5353693333333334 0.6436341126934985 0.5310387416666666 0.6430927888544892 0.5196709404761904 0.6403861690402477 0.5099271107142858 0.6328076346749226 0.508844461904762 0.6301010148606812 0.5099271107142858
2 0.6035761442724459 0.5185882928571429 0.5932909900928792 0.5250841797619048 0.5911256947368421 0.5332040380952381 0.5954562860681115 0.5478197833333334 0.6024934965944273 0.5526916976190477 0.6084480594427244 0.5510677261904762 0.6133199746130031 0.5472784595238095 0.6187332136222911 0.536451980952381 0.6144026222910216 0.5218362357142857 0.6100720309597524 0.5202122642857143 0.6035761442724459 0.5185882928571429
