1 0.568652831365057 0.5613292360692573 0.5382611726352025 0.5623771338351147 0.5359387837320355 0.49502275014976044 0.5663301128732883 0.4939748580746456
11 0.30157322975856005 0.6366541878669888 0.2254081596620381 0.6547874456847842 0.20248156367165393 0.5584971558159177 0.27864531249997526 0.5403640625000017
11 0.7172417602620271 0.6520889305949631 0.7422468992816675 0.5607342988276949 0.8264370209317349 0.5837760024609341 0.8014327606454117 0.6751298769509627
2 0.34169457371649514 0.5822156711666203 0.30569631577009204 0.5873577772470976 0.3000991670191979 0.5481769159496305 0.3360971835610371 0.5430348273659285
2 0.35118478737229 0.5591617526832441 0.3818493355086048 0.5478406498483723 0.3998473807963592 0.5965856986391793 0.3691828592238835 0.6079067498379094
2 0.3475307949065609 0.5413230899999953 0.32208748716834634 0.5158818795290938 0.3453643860351576 0.4926050119267511 0.37080762805408085 0.51804615671484
2 0.3053673482936574 0.4797103620250769 0.32683907880129937 0.5140624769777639 0.29462672687702707 0.5341950641597105 0.27315511082997546 0.499843049344604
2 0.36707266981420617 0.5231378017380246 0.38682179368311154 0.5154582525912336 0.3967673295330769 0.5410325466367477 0.377018214885652 0.5487120787142847
2 0.4302694138102652 0.5384925518001291 0.409531960820118 0.5523163519273276 0.3933755125995049 0.5280816621386379 0.4141128941585066 0.514257894528976
2 0.4959739009950681 0.5513765560928846 0.4820620080200797 0.5528804157593511 0.4771264263060857 0.50722586969549 0.4910382176769872 0.5057220155509314
2 0.48545545365641374 0.5452337869791573 0.47514866398444155 0.5469050175746687 0.46847019039046245 0.5057209095411652 0.4787769131163486 0.5040496844514054
2 0.7367418044905207 0.5461955917282236 0.7395277525002939 0.5784277332886909 0.6929738800836276 0.582451000570869 0.690188071308171 0.5502189882422603
2 0.7317586047938676 0.47742954169715096 0.7538285608361548 0.49897231071530435 0.7209333255485717 0.5326698439754881 0.698863446461587 0.5111271528594904
2 0.6418411915400384 0.4953582840951007 0.666868209580116 0.48358180975418613 0.6833197102325812 0.5185413880341462 0.6582927140473203 0.5303178272607275
2 0.6474049198751572 0.5351943892813921 0.6242037869421893 0.5416386194820036 0.6163631037219375 0.5134120216028779 0.639564134208058 0.5069678064520088
2 0.5881493363904156 0.5231587929014084 0.6126442597583264 0.515901679606269 0.6218843182879255 0.5470869729947443 0.5973894030597648 0.5543440670478257
9 0.5592449155649319 0.49283853573038694 0.5513778529696083 0.49325026841423475 0.544689892906149 0.3654685477536848 0.552556818749963 0.3650568187500021