0 0.711157812383901 0.399709375 0.7143359374613003 0.4106109369047619 0.7189265622291021 0.4149703130952381 0.7228109374613003 0.4149703130952381 0.7256359374613004 0.40625 0.7266953126934984 0.39898281190476187 0.7274015622291022 0.3909890630952381 0.7266953126934984 0.38808125 0.7231640625386997 0.38299374999999997 0.7221046873065015 0.38226718809523813 0.7157484377708979 0.38226718809523813 0.7139828123839009 0.38226718809523813 0.7097453126934984 0.389534375 0.711157812383901 0.399709375
0 0.7030375003095976 0.407703125 0.7019781250773994 0.40334374999999995 0.7009187498452012 0.39607499999999995 0.6984468749226006 0.3968015619047619 0.6959749999999999 0.40261562500000003 0.6956218749226006 0.412790625 0.6963281250773993 0.42369218809523806 0.6995062501547988 0.4280515619047619 0.7062140625386997 0.4251453130952381 0.7062140625386997 0.4156984380952381 0.7030375003095976 0.407703125
0 0.7231640625386997 0.4956390630952381 0.7266953126934984 0.4949125 0.7291671876160991 0.493459375 0.730932812383901 0.48691875 0.7298734377708979 0.47892500000000005 0.728107812383901 0.46947656190476195 0.7266953126934984 0.46584374999999995 0.7238703126934984 0.46584374999999995 0.7189265622291021 0.4665703119047619 0.7157484377708979 0.46802343809523805 0.7139828123839009 0.480378125 0.7139828123839009 0.4876453130952381 0.7189265622291021 0.4956390630952381 0.7231640625386997 0.4956390630952381
0 0.6933030613003096 0.5537094297619047 0.6950686860681115 0.5449891166666667 0.6957749362229102 0.5362672416666666 0.6971874365325077 0.5290000547619048 0.6968343114551083 0.5231859916666667 0.6933030613003096 0.5188250547619048 0.6897718111455109 0.5151922416666667 0.685181186377709 0.5151922416666667 0.6802374365325078 0.5326344297619048 0.6869468111455109 0.5508016166666667 0.6897718111455109 0.5544359916666667 0.6933030613003096 0.5537094297619047
0 0.2899015622291021 0.4796515619047619 0.29590468730650155 0.485465625 0.30190625015479877 0.4905515619047619 0.30967500000000003 0.49636562500000003 0.31603125015479877 0.493459375 0.31956250030959754 0.4774703130952381 0.3223875003095975 0.470203125 0.3223875003095975 0.4563953130952381 0.31815 0.449128125 0.3082625003095975 0.444040625 0.304025 0.4462203130952381 0.29766874984520125 0.4498546869047619 0.29378593746130033 0.45566875 0.2909609374613003 0.4593015619047619 0.2899015622291021 0.4796515619047619
2 0.3951265622291022 0.52325625 0.3972453126934985 0.5188953130952382 0.3972453126934985 0.5152609369047619 0.396892187616099 0.5138078119047619 0.39547968730650157 0.51308125 0.39406718761609905 0.516715625 0.3944203126934984 0.5218015619047619 0.3951265622291022 0.52325625
11 0.2249945424148607 0.5261122392857143 0.22611951517027865 0.5373619654761905 0.23174437894736843 0.550861638095238 0.23736924272445822 0.5568614928571428 0.24599403343653253 0.5647363023809524 0.2549938148606811 0.5711111476190476 0.2609936693498452 0.5774859928571429 0.27636829659442724 0.5909856654761905 0.28836800557275544 0.5861107833333333 0.2969927962848297 0.5568614928571428 0.2943678600619195 0.5347370297619047 0.2943678600619195 0.5189874119047619 0.2947428507739938 0.499862875 0.28836800557275544 0.4852382297619048 0.2823681510835913 0.4833632761904762 0.2756183145510836 0.4844882488095238 0.26249363281733745 0.4878631666666667 0.25086891517027865 0.4901131119047619 0.24299410588235293 0.49198806666666667 0.2381192241486068 0.49386302142857147 0.22311958823529413 0.49461300238095235 0.22161962476780184 0.49648795714285715 0.21599476099071208 0.5058627297619047 0.24561904210526317 0.5084876666666667 0.2249945424148607 0.5261122392857143
2 0.3029926507739938 0.5234873023809524 0.31011747801857587 0.5317371023809524 0.3153673504643963 0.5362369928571429 0.31911725944272445 0.532862075 0.3322419411764706 0.5302371392857143 0.33336691393188855 0.5272372119047619 0.3307419777089783 0.5216123476190476 0.32174219628482975 0.5182374297619048 0.3112424507739938 0.5144875214285715 0.30636756904024764 0.512237575 0.30224266873065014 0.5107376119047619 0.2992427417956656 0.5096126392857143 0.2962428142414861 0.5077376845238095 0.29811776904024767 0.5167374666666666 0.3029926507739938 0.5234873023809524
2 0.3434916687306502 0.550861638095238 0.34424165015479874 0.5609863928571428 0.3464915956656347 0.5677362297619047 0.3479915591331269 0.569986175 0.35174146811145507 0.5714861380952381 0.3566163498452012 0.5714861380952381 0.36299119566563465 0.5711111476190476 0.36674110464396287 0.5677362297619047 0.37311594984520124 0.5632363380952381 0.37499090464396284 0.5606114023809523 0.3757408860681115 0.5557365202380952 0.3727409591331269 0.5497366654761905 0.3689910501547987 0.5456117654761905 0.36674110464396287 0.5433618202380952 0.36374117708978326 0.5407368845238095 0.36111624086687305 0.5377369571428572 0.35624135913312693 0.5339870476190476 0.3491165318885449 0.5298621476190476 0.345741613622291 0.5291121666666667 0.3431166773993808 0.5309871202380952 0.34274168668730653 0.5418618571428571 0.3434916687306502 0.550861638095238
2 0.3851156588235294 0.5988604738095238 0.385865640866873 0.6067352833333334 0.388115586377709 0.6112351738095239 0.3914905040247678 0.6116101654761904 0.3956154043343653 0.607860255952381 0.3959903950464396 0.6044853380952381 0.3967403770897833 0.6003604380952381 0.39636538575851393 0.5936106011904762 0.395240413003096 0.5906106750000001 0.3929904681114551 0.5876107476190476 0.39036553126934986 0.5842358285714286 0.38961554984520125 0.5834858476190476 0.386990613622291 0.5808609107142857 0.3832407040247678 0.5793609476190477 0.3836156953560372 0.5891107107142858 0.3851156588235294 0.5988604738095238
2 0.5459867566563468 0.591360655952381 0.5471117294117648 0.5969855202380953 0.5486116928792569 0.5992354654761906 0.5519866111455108 0.6018604011904762 0.5606114018575852 0.6011104202380952 0.5613613839009287 0.5984854833333333 0.5617363746130031 0.5887357202380953 0.5591114383900929 0.5842358285714286 0.5564865021671827 0.5812359023809524 0.5504866476780186 0.5786109654761905 0.5459867566563468 0.5819858833333333 0.5444867931888545 0.587235755952381 0.5459867566563468 0.591360655952381
2 0.588735720123839 0.5504866476190476 0.5849858111455108 0.5519866107142857 0.5831108563467492 0.5519866107142857 0.5812359015479875 0.5531115845238095 0.5774859925696594 0.5542365571428571 0.5759860291021672 0.5557365202380952 0.573361092879257 0.5579864654761905 0.5677362291021671 0.5632363380952381 0.5666112563467492 0.5703611654761905 0.5677362291021671 0.5808609107142857 0.5707361566563467 0.586485775 0.5744860656346749 0.5883607285714285 0.5849858111455108 0.5868607654761905 0.5928606198142415 0.5808609107142857 0.5977355015479876 0.5579864654761905 0.5928606198142415 0.5482367023809523 0.588735720123839 0.5504866476190476
11 0.6993580365325077 0.5114875940476191 0.6978580730650155 0.515612494047619 0.6963581095975233 0.5272372119047619 0.695983118885449 0.5501116571428571 0.7012329913312694 0.5594864297619048 0.7158576365325078 0.5602364107142858 0.7391070724458205 0.5587364476190476 0.7421070000000001 0.5587364476190476 0.7518567634674923 0.5602364107142858 0.763481481114551 0.5497366654761905 0.7676063814241487 0.541111875 0.7672313907120744 0.524612275 0.7653564359133126 0.5231123119047619 0.7473568724458204 0.5238622940476191 0.7473568724458204 0.520487375 0.7529817362229102 0.5208623666666666 0.7638564724458204 0.5171124571428571 0.764606453869969 0.507362694047619 0.7638564724458204 0.49611296666666665 0.7601065634674923 0.4882381571428571 0.7544816996904026 0.47998835714285715 0.7488568359133128 0.4762384488095238 0.7394820637770898 0.46873863095238094 0.7286073275541796 0.46311376666666665 0.7177325913312693 0.4634887583333333 0.7132327003095975 0.46611369404761904 0.7061078730650155 0.4721135488095238 0.700858000619195 0.4841132571428572 0.6989830458204335 0.49573797619047616 0.6989830458204335 0.5107376119047619 0.6993580365325077 0.5114875940476191
2 0.6198599647058823 0.4904881035714285 0.6202349560371517 0.49498799404761906 0.6221099102167182 0.49536298452380956 0.6273597832817338 0.49611296666666665 0.629984719504644 0.4968629488095238 0.6341096191950465 0.49461300238095235 0.6367345554179566 0.49461300238095235 0.6408594557275541 0.49423801190476185 0.6438593826625387 0.49423801190476185 0.6498592371517028 0.49161307619047623 0.6506092191950466 0.48898813928571433 0.6487342643962848 0.48073833928571424 0.6464843195046439 0.4777384119047619 0.6378595281733745 0.47548846666666666 0.6326096557275541 0.4747384845238095 0.6239848650154799 0.4762384488095238 0.6157350650154799 0.4837382666666667 0.6183600012383901 0.49161307619047623 0.6198599647058823 0.4904881035714285
