1 0.3407956071778244 0.5991317001939319 0.39148786665123225 0.5977634362253957 0.39340307119368845 0.6687106181136898 0.3427108120979483 0.6700788726891659
11 0.29188155880478917 0.30424950259446565 0.33946436620624354 0.3144272130881016 0.3091069394015449 0.45634829128811055 0.261524159028113 0.4461706666535739
2 0.32602199300663415 0.5218834932132488 0.357694488696211 0.5109208965005897 0.3729104513602124 0.5548782271706741 0.3412379762439741 0.565840782126955
11 0.23645227586439432 0.6270888054472263 0.291794517555104 0.6254119855827937 0.2945345158892678 0.7158317082738995 0.23919227478518224 0.7175085126542329
2 0.6089224240487283 0.6460969027061153 0.5941279434442777 0.6256558698288417 0.6388223505022097 0.5933114665971464 0.6536167952181131 0.6137523932218735
11 0.6982637107840901 0.6246818234708391 0.7651730165092658 0.6251701419969108 0.7643452935091091 0.7385692938111584 0.697435987838162 0.7380809810027964
7 0.717584300537851 0.7902293710013188 0.6800770405403682 0.7840817267168628 0.6889009257921543 0.7302575455653192 0.7264077197124834 0.7364051507938454
2 0.6187118936554725 0.5011482889082107 0.6560786926263518 0.49314180044598205 0.668364454848188 0.5504756139400737 0.6309976679169722 0.5584820648904254
11 0.7139252549231969 0.42859866515471584 0.6727998795133772 0.4256186787934357 0.6833757092963424 0.2796770728515735 0.7245004567531623 0.28265703682074383
9 0.3283200306133267 0.7486567024884474 0.32205710581899893 0.7461789903457521 0.3554702593381762 0.6617336307723068 0.3617330767599469 0.6642113192751206
9 0.3641829034576176 0.6694409643575288 0.37413016756113393 0.6711585716548851 0.3565381684963995 0.7730244065885755 0.3465909093749815 0.7713068187499973
7 0.38907682288845535 0.8115363757547106 0.360166914632714 0.8031481094670125 0.37543661100448844 0.7505322228430216 0.40434616493712383 0.7589204343982123