1 0.34059769732425593 0.5493045187457973 0.3221348878197432 0.5959418266010909 0.2681250739517509 0.5745622604376315 0.28658797239279465 0.5279251865163502
2 0.63201601134665 0.46270843487357755 0.6807168621724031 0.4635535229897483 0.6795829736734049 0.5288926356209961 0.6308821229773685 0.528047551689806
1 0.6552641219396946 0.5813188728821596 0.6391310260460159 0.5470266067557308 0.693747878606473 0.5213340294867104 0.7098810151252337 0.5556261204616741
11 0.30300507158244727 0.37619633211946657 0.25141642238565964 0.4003775965448363 0.21060247140121646 0.3133072659053379 0.26219066862302043 0.28912612622111467
2 0.3060497340653683 0.48592887746632046 0.3051285072644987 0.5071166020314125 0.2737638858396849 0.505752926435031 0.27468516054273096 0.48456525191306066
2 0.31856504331460656 0.5201913104942611 0.31315292412296003 0.49245603722316506 0.3428675717210581 0.4866581191458234 0.34827973906556053 0.5143933278675434
2 0.3313560718006556 0.5523178400473094 0.36494124595571975 0.5561926663883315 0.3608243863319558 0.5918721625999949 0.32723921428453195 0.5879973483671415
2 0.24054871438011105 0.5244359775143405 0.2534249694041364 0.5061962333272423 0.28305827761107594 0.5271139881789623 0.2701820817139833 0.5453536793943332
11 0.7690228145222591 0.6814210507937795 0.7168326174690947 0.6872193590582852 0.6981676164630244 0.519227897773385 0.7503562637338064 0.513429674585067
2 0.6787985345142715 0.48121221843457634 0.7070818044843463 0.4709281555402973 0.7163940098106423 0.4965368036644563 0.6881107504998454 0.5068208456882382
11 0.7029734552337459 0.29050053828703293 0.7345519026106331 0.285538395869495 0.7496814435177157 0.3818177766314426 0.7181030018572301 0.38677989411895464
9 0.6605113407781573 0.37073863482877994 0.6655729215508472 0.37097964926756094 0.6613115806751466 0.46046828651892124 0.65625 0.4602272734375015
9 0.27414772656254627 0.6761363640625159 0.26946009224889167 0.6745740137424727 0.28792613642508513 0.619176322949281 0.2926137208119144 0.6207386642255688
9 0.30255673438261965 0.6249999838467344 0.30800847346824867 0.626043792078559 0.29522446365933774 0.692805165172509 0.28977272656254627 0.6917613640624991
9 0.6932142922055391 0.6778425691172122 0.6887932425718191 0.6788185251127317 0.6739644250109222 0.6116530322423771 0.6783854171875419 0.6106770828124896
9 0.685841894583632 0.6024414617632432 0.6927682064958844 0.600536967142312 0.7114716765266849 0.6685500870053537 0.7045453697807034 0.6704545686587556
9 0.6562501010710093 0.4557291565817775 0.6519610111203065 0.45617922515078557 0.6408932591776875 0.35071048269152966 0.6451822921875419 0.3502604171875013