2 0.34997082989832506 0.5351032503775723 0.29787463668901637 0.530884505774708 0.30360521298052845 0.46012823976854983 0.35570084686787595 0.4643469615716116
2 0.2741476246814045 0.5264451360108374 0.32695767680763765 0.5353702321105183 0.3138318569032208 0.6130286081139269 0.26102182008253294 0.6041035728869092
11 0.2676616873063722 0.4713684898481431 0.224037003847684 0.46591529151885225 0.24294061711179893 0.3147010649168384 0.28656448875790375 0.3201542108710094
11 0.6953384744772393 0.3091790744010929 0.7414909447724085 0.29961579677658084 0.7709549134302733 0.4418036858443047 0.724802468014218 0.45136688397691765
11 0.8251984918513244 0.6151715791036642 0.7670289419642131 0.6617039375210819 0.6886413466696695 0.5637219294932106 0.7468100613768911 0.5171900891161874
2 0.25686967460308097 0.47443332813379785 0.2880352528829917 0.4652676573487339 0.3036725367200006 0.5184345034681679 0.27250697463182405 0.5276001358994211
2 0.38198119612400205 0.49217896476431794 0.4002441904137868 0.5073968841288966 0.3738408031696281 0.5390809259033463 0.3555778538022878 0.5238630556341345
2 0.3928996103861664 0.49461637252472784 0.41480230236516036 0.49976953423514436 0.406490089765839 0.5350964443865994 0.3845874028597791 0.529943297348697
2 0.4657108521182636 0.5315094321246692 0.4509563889413357 0.5322859198643103 0.44884102049422836 0.4920928284786722 0.46359539079992373 0.4913163431960432
2 0.586827696875 0.50853429375 0.6136711499999999 0.50853429375 0.6136711499999999 0.5525277296875 0.586827696875 0.5525277296875
2 0.6919646314045167 0.5398516546875 0.6457341186223857 0.5398516546875 0.6457342476737722 0.5025690828125001 0.6919644864425436 0.5025690828125001
2 0.7124712506564492 0.46531571462447857 0.7402943895660883 0.4731626800789711 0.7251688537867267 0.5267896307618591 0.6973457282379059 0.518942698312663
2 0.6307609418840912 0.5827165395902902 0.6262866236090758 0.6095599656101899 0.5981129294165157 0.6048643497389061 0.6025873026212594 0.5780209928617804
2 0.696699274050502 0.5906240965777956 0.6773204221631204 0.5799667722131151 0.6993765623292347 0.5398648133580922 0.7187552922613349 0.5505220962435827
9 0.3213390133106486 0.44051318917940663 0.3165922857936039 0.4410113743407969 0.30952167660359464 0.37364565521724186 0.31426836432035543 0.37314747217044725
9 0.33297056562946636 0.45246908011640896 0.32796589573035817 0.4523709721371469 0.33020406442312833 0.33820526733587114 0.3352086647420265 0.33830337462785104
9 0.2814249919191525 0.7007925270179147 0.2744579546049408 0.6996179873953583 0.2880942451727151 0.6187427778389611 0.2950611704777657 0.6199173078403553
9 0.2669025093749724 0.7023921796874913 0.25999208141240615 0.7009294249679576 0.2760836344964446 0.6249195331920625 0.2829939578484755 0.6263822764900052
7 0.5013010726240736 0.7103703450032504 0.5355959052835715 0.7222348461059883 0.5140199328568542 0.7845905662395926 0.479725143388805 0.7727261541985028