1 0.3364 0.5744 0.3368 0.592 0.33959999999999996 0.5944 0.3424 0.5984 0.34719999999999995 0.6056 0.3544 0.608 0.36319999999999997 0.6103999999999999 0.3768 0.6032 0.3848 0.596 0.38760000000000006 0.5816 0.38639999999999997 0.5632 0.3848 0.5584 0.3796 0.5528 0.36800000000000005 0.5576 0.36360000000000003 0.5504 0.35400000000000004 0.5448 0.342 0.5504 0.3364 0.5744
2 0.5728 0.6624000000000001 0.582 0.6599999999999999 0.5832 0.6192000000000001 0.582 0.6103999999999999 0.5756 0.6 0.5688 0.5984 0.5608 0.6008 0.5552 0.6192000000000001 0.5608 0.6496 0.5728 0.6624000000000001
0 0.69 0.5688 0.6896 0.5744 0.692 0.5816 0.6968000000000001 0.584 0.702 0.5792 0.7012 0.5671999999999999 0.6996 0.5616 0.696 0.5552 0.692 0.5616 0.69 0.5688
2 0.30360000000000004 0.5552 0.3092 0.5544 0.31120000000000003 0.5416 0.3108 0.5384 0.3056 0.5376 0.3032 0.5384 0.3004 0.5424 0.30119999999999997 0.5528 0.30360000000000004 0.5552
9 0.33440000000000003 0.72 0.3412 0.72 0.3504 0.7120000000000001 0.3564 0.6991999999999999 0.36239999999999994 0.6744 0.3676 0.6447999999999999 0.3768 0.6144000000000001 0.38 0.6016 0.36920000000000003 0.6088 0.36 0.6103999999999999 0.348 0.6063999999999999 0.3444 0.6016 0.3372 0.5896 0.3376 0.6024 0.3348 0.62 0.3288 0.64 0.3188 0.6752 0.31999999999999995 0.6936 0.322 0.6944 0.3292 0.6936 0.3316 0.6928 0.3364 0.6792 0.34 0.668 0.34640000000000004 0.648 0.34640000000000004 0.6567999999999999 0.3444 0.6816 0.34 0.6928 0.3312 0.7023999999999999 0.3304 0.7080000000000001 0.33440000000000003 0.72
11 0.2862696600619195 0.274393844047619 0.28126931640866876 0.2875197464285714 0.27189367306501544 0.3075211190476191 0.26251802910216715 0.3287725785714286 0.2631430718266254 0.34814890952380956 0.26689332941176475 0.3587746392857143 0.27626897337461304 0.3731506273809524 0.2787691448916409 0.37940105595238094 0.28126931640866876 0.3937770428571429 0.2900199176470588 0.3844014 0.29939556160990716 0.36627515476190475 0.3050209479876161 0.3256473642857143 0.30752111950464395 0.3118964202380953 0.30877120557275545 0.3000206047619048 0.3093962482972136 0.2850195738095238 0.3062710334365325 0.27689401666666663 0.3062710334365325 0.2650182011904762 0.30189573312693496 0.25689264285714286 0.2950202613003096 0.2562676 0.2825194024767802 0.27689401666666663 0.2862696600619195 0.274393844047619
2 0.2756439306501548 0.4750326238095238 0.2806442736842105 0.48440826785714286 0.2868947027863777 0.4937839119047619 0.296270346749226 0.4994092976190476 0.3062710334365325 0.5012844261904762 0.3081461622291022 0.493158869047619 0.3012706904024768 0.4806580095238095 0.29939556160990716 0.46878219404761906 0.2968953900928793 0.44753073452380954 0.28876983157894737 0.4537811642857143 0.27814410216718266 0.4650319369047619 0.2756439306501548 0.4750326238095238
2 0.3225221498452013 0.5075348559523809 0.3262724074303405 0.511285113095238 0.3312727504643963 0.5125351988095238 0.34439865201238395 0.5156604142857143 0.3568995108359133 0.5062847702380953 0.3543993393188854 0.5025345119047618 0.347523866873065 0.48878356785714283 0.3450236953560371 0.4850333107142857 0.3406483944272446 0.48003296666666667 0.3325228365325077 0.4831581821428571 0.32377223591331267 0.4906586964285714 0.3212720637770898 0.4925338261904762 0.3187718922600619 0.49753416904761905 0.3225221498452013 0.5075348559523809
11 0.24001648359133126 0.483783225 0.23689126873065017 0.5012844261904762 0.2381413547987616 0.5169104999999999 0.2375163120743034 0.5506628178571429 0.2350161399380805 0.5756645345238095 0.2375163120743034 0.5987911226190475 0.24251665510835912 0.621917711904762 0.24876708482972137 0.6394189130952381 0.2543924705882353 0.6331684845238096 0.2681434154798762 0.6225427547619048 0.27501888730650154 0.611917025 0.2806442736842105 0.602541380952381 0.2806442736842105 0.5981660797619047 0.27501888730650154 0.5669139333333333 0.2737688018575851 0.5544130749999999 0.27126862972136223 0.5431623023809523 0.26689332941176475 0.5281612726190476 0.26376811455108357 0.5156604142857143 0.26001785696594426 0.5062847702380953 0.2500171702786378 0.4912837392857143 0.24126656965944274 0.4794079238095238 0.24001648359133126 0.483783225
7 0.4862899095975232 0.70816165 0.4840837987616099 0.7154103011904762 0.4834534811145511 0.7229741107142857 0.4843989572755418 0.7365259357142857 0.48944149659442726 0.7453503797619048 0.49133244891640865 0.7500777607142858 0.49542951269349844 0.7538596654761904 0.49889625820433436 0.7560657761904761 0.5055145919504644 0.7557506178571428 0.5118177659442724 0.7488171261904762 0.5149693535603715 0.7406229988095239 0.516545146749226 0.731168236904762 0.5171754643962848 0.720768 0.5181209405572755 0.7087919678571429 0.5102419727554179 0.7018584761904761 0.5089813374613004 0.70816165 0.506775226625387 0.7169860952380953 0.5058297504643963 0.7242347452380952 0.5051994328173375 0.731168236904762 0.5014175281733746 0.741568475 0.4992114173374613 0.7421987928571429 0.49952657585139315 0.7317985547619047 0.5014175281733746 0.7223437928571428 0.49889625820433436 0.707216175 0.497005305882353 0.7015433178571429 0.48849602043343654 0.7037494285714286 0.4862899095975232 0.70816165
2 0.5871407009287926 0.6079411761904762 0.5896619708978328 0.6095169702380953 0.5918680817337462 0.6104624464285714 0.6006925263157895 0.6073108595238095 0.6035289547987616 0.5997470500000001 0.602583478637771 0.5959651452380953 0.6006925263157895 0.5918680821428571 0.5943893517027864 0.5884013357142857 0.5928135578947369 0.5890316535714286 0.5893468117647059 0.5921832404761904 0.5843042724458204 0.598171255952381 0.5836739547987616 0.604474430952381 0.5871407009287926 0.6079411761904762
2 0.6139291925696594 0.5839891142857143 0.6158201448916408 0.5884013357142857 0.6189717318885449 0.5988015738095238 0.6205475256965944 0.6069957 0.6218081603715171 0.6167656214285714 0.6296871287925696 0.6268507 0.6385115727554179 0.6252749059523809 0.6448147473684211 0.6126685571428571 0.6470208582043343 0.6003773678571428 0.6467056996904025 0.5918680821428571 0.6463905411764707 0.5820981619047618 0.6429237950464396 0.5732737166666666 0.6388267312693499 0.5676008607142857 0.6300022873065015 0.5698069714285714 0.6214930018575852 0.5726434 0.6126685572755418 0.5811526857142857 0.6139291925696594 0.5839891142857143
2 0.6816883176470588 0.5549945107142857 0.6782215721362229 0.557515780952381 0.6738093498452012 0.5603522095238095 0.6700274452012384 0.563818955952381 0.6668758575851393 0.5735888761904762 0.6693971275541795 0.5827284785714285 0.681058000619195 0.586195225 0.6864156984520124 0.5795768916666666 0.6895672860681115 0.5688614952380953 0.6905127622291022 0.5606673678571429 0.6892521269349845 0.5553096702380953 0.6816883176470588 0.5549945107142857
2 0.6372509380804954 0.5354546702380952 0.6372509380804954 0.5433336380952382 0.6467056996904025 0.5474307023809524 0.6586817312693498 0.5433336380952382 0.6659303814241486 0.5367153047619048 0.6668758575851393 0.5294666547619047 0.6649849052631579 0.5225331630952381 0.661518159752322 0.5200118928571429 0.6542695089783281 0.516860305952381 0.6470208582043343 0.5165451464285714 0.6413480012383901 0.5237937976190477 0.6372509380804954 0.5354546702380952
11 0.6914582383900928 0.28521864404761904 0.6911430792569659 0.3510868178571429 0.6958704606811146 0.3706266583333333 0.7034342699690403 0.409391180952381 0.7176164123839008 0.4018273714285714 0.7245499040247678 0.3923726107142857 0.7289621263157895 0.37945110238095237 0.7327440309597523 0.36905086428571426 0.7374714117647059 0.3495110238095238 0.730537920123839 0.3381653095238095 0.7232892693498453 0.30601912023809524 0.7213983170278637 0.2953037238095238 0.7213983170278637 0.2858489619047619 0.7217134755417957 0.27923062857142855 0.7220286346749226 0.2694607083333333 0.7207679993808049 0.26410300952380955 0.7163557770897833 0.2577998357142857 0.7128890315789473 0.25685435952380953 0.7065858569659442 0.25811499404761906 0.6924037145510836 0.26599396190476193 0.6914582383900928 0.28521864404761904
11 0.7085192897832818 0.6261188083333333 0.7085192897832818 0.6311127773809524 0.7072707975232199 0.654209880952381 0.7122647659442725 0.672937263095238 0.725373933126935 0.6885434154761906 0.7416043312693498 0.6929131380952381 0.752840760371517 0.6854221845238095 0.7628286978328174 0.6604523416666668 0.7584589752321982 0.6173793630952381 0.754089252631579 0.60364595 0.73348913250774 0.5842943214285714 0.725373933126935 0.5930337666666667 0.7078950433436533 0.6155066250000001 0.7085192897832818 0.6261188083333333
