2 0.31435625 0.45784843750000004 0.3592640625 0.45784843750000004 0.3592640625 0.514534375 0.31435625 0.514534375
1 0.6889370394829939 0.5422570574488033 0.6394091393129884 0.5489028374442755 0.6308498900675659 0.48511800015054096 0.6803772991717096 0.4784722534928613
1 0.6777682467940167 0.5977659123770372 0.622066939083993 0.607616347741527 0.612938056619555 0.5559990465246094 0.6686388636285301 0.5461486564366084
2 0.2616643244828083 0.4534181104361454 0.28173873226444357 0.44672711094995404 0.296719603146812 0.4916698849672689 0.2766452060818665 0.4983608615143278
11 0.2915046949377711 0.5895599931820119 0.22072375412903966 0.60627561390506 0.1994521828547704 0.5162090738053351 0.27023205523698834 0.49949358521450793
2 0.2822976251995897 0.5297805384366326 0.3032141832433126 0.510027776743545 0.3339496951498404 0.5425714066891095 0.31303320747963426 0.5623240963416374
2 0.3457930689223758 0.5431593474136959 0.36454606450365645 0.5420018662706486 0.3664802816552992 0.5733362752306614 0.34772728636619377 0.5744937532914192
2 0.7065236273961091 0.5286733320215877 0.7229181576026349 0.5559949684548213 0.6828835591089728 0.5800155977879861 0.6664891520543961 0.5526940685470441
2 0.710114407323772 0.48078774361277593 0.7268116711896937 0.501996116540027 0.6965558750941909 0.5258144681206118 0.6798586791862817 0.5046061577828347
9 0.6519886359375278 0.3863636359375004 0.6585716492955953 0.3862030835244771 0.6606447253019496 0.4711993510019648 0.6540617119807166 0.4713599025214291
9 0.6729910192804027 0.3805803528037891 0.6793156716555586 0.3811826651264434 0.6703871518536744 0.4749326664308684 0.6640625 0.47433035781249694
9 0.6450892859375017 0.6249999999999979 0.6527211737048901 0.6238260136788132 0.6653785977244979 0.7060990850138678 0.6577467122419876 0.7072730614566638
9 0.6595982140624983 0.6160714281250064 0.6663930339769877 0.6142261773298232 0.690946381732374 0.7046280396803716 0.6841515686035109 0.7064732730828005
9 0.680702683806885 0.6961990414766108 0.6738887276123933 0.6978983788361863 0.6550165031692359 0.6222350381915164 0.6618303578125051 0.6205357140624906
9 0.32097127331371667 0.407464058672086 0.3266814086886143 0.4062405299677513 0.3371833343455819 0.4552496923472235 0.3314732002495475 0.4564732170222352
9 0.3359375 0.37834821406249997 0.3415178578125 0.37834821406249997 0.3415178578125 0.452008928125 0.3359375 0.452008928125
7 0.6776801950160234 0.7069944820036824 0.6955766308437887 0.70943451566552 0.6914207957350982 0.7399106785976497 0.6735243615926265 0.7374706532129482