2 0.31617849845201235 0.5927067130952381 0.3268251294117647 0.6019713738095238 0.3351572743034056 0.6005816607142856 0.33839755789473686 0.5927067130952381 0.3421007312693498 0.5936331654761905 0.34765550092879255 0.5783464785714285 0.3421007312693498 0.5663024261904762 0.3342314767801857 0.5681553476190476 0.32821381733746136 0.5616700952380953 0.3143518501547988 0.5666666666666667 0.3143269027863777 0.5815891130952381 0.31617849845201235 0.5927067130952381
2 0.41292400804953555 0.5343393392857143 0.41292400804953555 0.5468466345238095 0.4036660650154799 0.5510157392857143 0.4013515795665635 0.5579642345238095 0.40690633126934983 0.5639862607142857 0.4166271640866873 0.5681553476190476 0.42171906068111453 0.5653759571428572 0.42403354613003097 0.5565745214285714 0.42449643653250774 0.5422143047619048 0.4231077306501548 0.5292437821428572 0.4219907386996904 0.5232638892857143 0.4147756037151703 0.5264643738095238 0.41292400804953555 0.5343393392857143
8 0.6730721863777089 0.6751621916666667 0.6864962458204334 0.6788680702380953 0.6777011578947368 0.6482946785714286 0.6744608916408669 0.6265227226190476 0.6702948105263159 0.6177212869047619 0.6596481622291022 0.6191109821428571 0.6527047052631579 0.6232801226190476 0.652314813003096 0.6390046297619048 0.66103686749226 0.6529270095238096 0.6730721863777089 0.6751621916666667
8 0.6814043492260062 0.6543167047619047 0.6883478061919505 0.6853533047619048 0.7036234260061919 0.6797945226190476 0.6952912631578947 0.6445888000000001 0.6952912631578947 0.6297653571428571 0.685879627863777 0.6199074083333334 0.6735350761609907 0.6218903916666666 0.6814043492260062 0.6543167047619047
8 0.256464760371517 0.6024346 0.2583163560371517 0.6158683654761905 0.2624824198142415 0.6260594785714285 0.2722032705882353 0.6311550523809524 0.2860901845201238 0.6316182785714286 0.2953481275541796 0.6246697833333333 0.2948852198142415 0.6186477571428571 0.2879417628482972 0.6061404607142857 0.2837756990712074 0.5903905476190476 0.2805354154798762 0.5815891130952381 0.2791467275541796 0.5769567821428571 0.27775803962848294 0.5695450607142857 0.26294532755417954 0.5899273047619047 0.256464760371517 0.6024346
7 0.7355633003095975 0.6802577476190477 0.7346375201238391 0.6862797916666666 0.7286198433436533 0.6890591833333333 0.7235280167182662 0.6881327309523809 0.7142700743034056 0.6774783571428571 0.7175103399380806 0.6899856345238096 0.7295456235294117 0.6955444523809524 0.7351004452012383 0.6923018 0.7401922718266254 0.6858165654761905 0.7411180520123839 0.676088644047619 0.7411180520123839 0.6714563130952381 0.7425925907120743 0.6644675928571429 0.7392664916408668 0.6756254178571428 0.7355633003095975 0.6802577476190477
7 0.3231219560371517 0.7331399369047619 0.3198816724458204 0.738235494047619 0.32265904829721365 0.7451839892857143 0.3268251294117647 0.7521324857142857 0.3319169907120743 0.753058936904762 0.33978624582043343 0.7498163202380953 0.34076494922600614 0.7485430797619048 0.33469438452012384 0.7493530940476191 0.330065413003096 0.7451839892857143 0.330065413003096 0.736845780952381 0.3231219560371517 0.7331399369047619
2 0.3471926105263158 0.5226849154761904 0.34256363900928793 0.519442280952381 0.3356201820433437 0.5236113678571429 0.330065413003096 0.5282436976190477 0.330065413003096 0.5379716023809523 0.3393233554179566 0.5421406892857144 0.34765550092879255 0.5435304023809524 0.3532102699690402 0.5430671583333334 0.35645055356037153 0.5421406892857144 0.3508957839009288 0.5333392726190477 0.3471926105263158 0.5226849154761904
2 0.3939452321981424 0.5944860202380953 0.3893162606811146 0.5889272369047619 0.3846872718266254 0.5861478285714286 0.3749664390092879 0.5875375416666667 0.3684858718266254 0.5856846380952381 0.35783924148606816 0.5815154976190476 0.35783924148606816 0.5893904630952381 0.3587650390092879 0.594949280952381 0.36431979071207427 0.6032874547619047 0.36894876222910217 0.6079197857142857 0.3763551269349845 0.6116256642857143 0.3791325027863777 0.605140394047619 0.3846872718266254 0.605140394047619 0.3942129609907121 0.599074075 0.3939452321981424 0.5944860202380953
2 0.6147471535603715 0.6209639571428571 0.6170616396284829 0.6302286178571428 0.633263039628483 0.6293021130952381 0.6434467622291022 0.6246697833333333 0.6434467622291022 0.6112360345238095 0.6392807164086687 0.6075301571428572 0.6297453684210527 0.6089120369047619 0.6175245294117647 0.6093830964285715 0.6147471535603715 0.6209639571428571
2 0.6596481622291022 0.5672288952380952 0.6522418148606811 0.5700082869047619 0.6508531448916409 0.5741773916666667 0.6490015492260062 0.5788097214285715 0.6545563009287926 0.5811258869047619 0.6615740724458204 0.5817129630952381 0.6628884631578947 0.5718612261904762 0.6596481622291022 0.5672288952380952
2 0.6966799684210527 0.5278540869047619 0.6915880718266254 0.5343393392857143 0.6920509975232197 0.5398981392857143 0.6920509975232197 0.543604 0.6939025578947368 0.5482363309523809 0.7017717950464396 0.5463834083333333 0.7050121312693498 0.5394349130952382 0.7091781770897833 0.5352658083333334 0.7078703684210527 0.5296296297619048 0.7026976458204335 0.5283173130952381 0.6966799684210527 0.5278540869047619
7 0.6476128433436532 0.76556625 0.6471499535603715 0.7729779726190477 0.6383549009287925 0.775757363095238 0.6341888198142416 0.775757363095238 0.6263195820433437 0.7678824154761904 0.6267824724458204 0.7780735285714286 0.6295598482972136 0.7864117380952381 0.6309485535603715 0.7873381892857142 0.637429120743034 0.7850220238095238 0.640669386377709 0.7822426333333333 0.6471499535603715 0.7790000154761905 0.6522418148606811 0.7729779726190477 0.6522418148606811 0.7627868595238095 0.6494644390092879 0.7576912678571428 0.6430555535603715 0.7518518523809524 0.6448354681114551 0.7595442071428572 0.6476128433436532 0.76556625
7 0.662425573374613 0.6960812761904761 0.6642771337461301 0.7090518154761905 0.6665916191950464 0.7146105976190477 0.6763124873065015 0.7136841464285715 0.6827930191950464 0.7039562416666667 0.687422026006192 0.6933019202380952 0.6883478061919505 0.6835739976190477 0.6841817956656348 0.6803313630952381 0.6814043492260062 0.6789416678571429 0.6749237820433436 0.674772563095238 0.6716835164086687 0.6715299285714286 0.667939813003096 0.6696759261904762 0.6638142433436532 0.6784784238095238 0.662425573374613 0.6960812761904761
0 0.35645055356037153 0.49813355000000004 0.35783924148606816 0.504155594047619 0.3629311027863777 0.5083246809523809 0.3652455882352941 0.5106408452380953 0.3647826984520124 0.5009129583333334 0.3623842575851393 0.49027777857142857 0.3587650390092879 0.4944276892857143 0.35645055356037153 0.49813355000000004
13 0.6540934105263158 0.6530006059523809 0.6286340681114551 0.6594858761904762 0.6115068879256966 0.6655079023809525 0.6013231294117647 0.6706034583333333 0.588824920743034 0.6761622583333334 0.5698461455108359 0.6821842845238095 0.5494786643962848 0.6863533892857142 0.5207790204334366 0.6905224940476191 0.49763416346749223 0.6882063285714285 0.46939744458204335 0.6831107547619047 0.4434752123839009 0.674772563095238 0.42403354613003097 0.6627285107142857 0.4082950365325077 0.6506844416666666 0.3851501616099071 0.6381771452380952 0.36663427616099076 0.6270595630952381 0.3453410148606811 0.6210375369047618 0.33145410092879257 0.6140890416666667 0.3064576482972136 0.6057508321428571 0.3069205560371517 0.6238169285714286 0.34071204334365324 0.6344712845238095 0.35783924148606816 0.6418830238095238 0.3795954105263158 0.6511476845238096 0.4008886891640867 0.6636549630952382 0.41894164953560376 0.6729196238095237 0.4365317547987616 0.6845004499999999 0.4504186693498452 0.6942283547619048 0.46939744458204335 0.7044194845238095 0.5105952972136223 0.7104415107142856 0.5587366068111455 0.7011768500000001 0.5791040879256966 0.6933019202380952 0.6221535009287926 0.6789416678571429 0.6411322767801858 0.6673608416666668 0.66103686749226 0.6687505369047619 0.6735350761609907 0.6664343714285715 0.6906622916408669 0.6608755714285715 0.7026976458204335 0.64790505 0.704086280495356 0.6469785809523809 0.6968749981424148 0.627430555952381 0.6795527535603716 0.637250694047619 0.6540934105263158 0.6530006059523809
13 0.6189132352941177 0.5300966369047619 0.5809556482972137 0.5287069416666667 0.5837330594427245 0.5467730202380953 0.6091924024767802 0.5481627333333333 0.6212277207430341 0.5435304023809524 0.6369662303405573 0.5356554369047619 0.6591852724458205 0.5268540023809524 0.6735450160990711 0.5198402999999999 0.6777011578947368 0.4925747678571429 0.6698319207430341 0.49998648928571426 0.6439096879256967 0.5166628714285714 0.6189132352941177 0.5300966369047619
13 0.3490441888544892 0.4846998023809524 0.3319169907120743 0.47960422857142854 0.3245106439628483 0.47543514166666667 0.3254364414860681 0.4958173845238095 0.3495070959752322 0.5018394285714286 0.36802298204334366 0.5069349845238095 0.3879275554179567 0.5185158107142858 0.39487101238390093 0.5231481416666667 0.41940457523219815 0.5217584464285714 0.4198674650154799 0.502765880952381 0.3994999839009288 0.5060085154761904 0.39348230712074306 0.5032291238095238 0.3712632476780186 0.493037994047619 0.3490441888544892 0.4846998023809524
7 0.24026336099071208 0.6019713738095238 0.23517149040247678 0.6019713738095238 0.23470860061919505 0.6116992607142857 0.2356343894736842 0.6237433130952381 0.23980046191950463 0.6320815226190476 0.24118915851393188 0.6427358785714286 0.24118915851393188 0.6520005392857143 0.245355239628483 0.6584857916666667 0.25137289907120747 0.6668239833333334 0.26294532755417954 0.6756254178571428 0.2666485009287926 0.677015130952381 0.2735919585139319 0.6728460261904762 0.2703516749226006 0.6561696261904763 0.26572270340557275 0.650610844047619 0.26572270340557275 0.6413461833333333 0.2680371888544892 0.6381035476190476 0.26942587678018576 0.6325447833333333 0.26387112569659443 0.6255962880952382 0.26063084210526316 0.6205006964285714 0.2573905585139319 0.6135521999999999 0.2560018705882353 0.6098463214285714 0.24674392755417957 0.6066037047619048 0.24026336099071208 0.6019713738095238
