2 0.2725984377708979 0.52834375 0.2736578123839009 0.53415625 0.2803671876160991 0.541425 0.28460468730650157 0.5450578119047619 0.28778281238390097 0.547965625 0.29237343777089786 0.5515984380952381 0.29555156222910217 0.5515984380952381 0.304025 0.5552328119047619 0.3093218749226006 0.552325 0.3100281250773994 0.5421515619047619 0.3107343752321981 0.51308125 0.3082625003095975 0.5014531249999999 0.29908125015479875 0.498546875 0.28637031269349844 0.4912796869047619 0.2757765622291022 0.488371875 0.2725984377708979 0.498546875 0.2725984377708979 0.52834375
2 0.5847453126934985 0.5952031249999999 0.5872171876160991 0.5799421880952381 0.5850984377708979 0.5639531249999999 0.5822734377708979 0.541425 0.5766249999999999 0.5327031249999999 0.5515531250773994 0.5385171880952381 0.5483750000000001 0.56540625 0.5533187498452012 0.591570311904762 0.559675 0.6075578119047619 0.5702687498452013 0.614825 0.5769781250773993 0.6162796869047619 0.5847453126934985 0.5952031249999999
2 0.6807906247678019 0.55959375 0.6878531250773994 0.561773438095238 0.7002125003095976 0.5530515619047619 0.709392187616099 0.5465109369047619 0.7153953126934985 0.534884375 0.7168078123839009 0.524709375 0.7150421876160991 0.4978203119047619 0.7108046873065016 0.4905515619047619 0.7058609374613003 0.498546875 0.6977406247678019 0.4978203119047619 0.6850281250773994 0.514534375 0.6737281250773994 0.5239828119047619 0.6737281250773994 0.5399703130952381 0.6754937498452012 0.5552328119047619 0.6807906247678019 0.55959375
2 0.6338281250773994 0.650435938095238 0.6384187498452012 0.650435938095238 0.648657812383901 0.645348438095238 0.6574859374613004 0.6409890630952381 0.6737281250773994 0.6300875 0.6769062501547988 0.614825 0.6769062501547988 0.59375 0.6698453126934985 0.582121875 0.6592515622291021 0.5886625 0.6412421876160991 0.5952031249999999 0.6267656247678018 0.60174375 0.6200562501547988 0.608284375 0.622175 0.630814061904762 0.6285312501547988 0.6424421880952381 0.6338281250773994 0.650435938095238
2 0.31956250030959754 0.60174375 0.32168125015479876 0.613371875 0.3280374996904025 0.628634375 0.3389828123839009 0.6402609369047619 0.34992968730650154 0.6468015619047619 0.35734531269349845 0.6438953119047619 0.36475937523219815 0.6337203130952381 0.37005625015479876 0.628634375 0.37217500000000003 0.614825 0.37182187492260066 0.6046515619047619 0.3686437498452012 0.59665625 0.36546562476780187 0.594476561904762 0.3538140625386997 0.595929688095238 0.3435734377708978 0.5843015619047619 0.3396890625386997 0.5828484380952381 0.33121406253869967 0.5843015619047619 0.3245062501547987 0.58066875 0.32168125015479876 0.5886625 0.31956250030959754 0.60174375
2 0.4894062501547987 0.619185938095238 0.49187812507739936 0.6061046869047618 0.491525 0.5734015619047619 0.48905312507739934 0.552325 0.4855218749226006 0.5421515619047619 0.4774015622291021 0.5363375 0.4675140625386997 0.537790625 0.4615109374613003 0.547965625 0.459392187616099 0.569040625 0.4600984377708979 0.5995640619047619 0.46539531269349843 0.6184593749999999 0.4759890625386997 0.621365625 0.4894062501547987 0.619185938095238
2 0.3135593752321981 0.624273438095238 0.31603125015479877 0.624273438095238 0.3185031250773994 0.6206390619047619 0.3202687498452012 0.614825 0.320975 0.603925 0.32168125015479876 0.593023438095238 0.3202687498452012 0.5893890630952381 0.31815 0.5850296869047619 0.31391249969040247 0.590115625 0.30896874984520123 0.595929688095238 0.30861562476780185 0.6046515619047619 0.3093218749226006 0.614098438095238 0.31108750030959753 0.6199125 0.3135593752321981 0.624273438095238
9 0.27542343777089784 0.4890984380952381 0.28495781238390094 0.4905515619047619 0.29237343777089786 0.4956390630952381 0.2980218749226006 0.498546875 0.30473125015479874 0.500726561904762 0.30861562476780185 0.50290625 0.3114406247678019 0.4811046869047619 0.3135593752321981 0.46511562500000003 0.31320625015479875 0.43677343809523805 0.3128531250773994 0.40334374999999995 0.3128531250773994 0.3793609369047619 0.30508437523219817 0.36264531190476196 0.30296562476780187 0.360465625 0.2966109374613003 0.376453125 0.29166718761609906 0.4084296880952381 0.29166718761609906 0.4215109369047619 0.29025468730650156 0.4396796880952381 0.2867234377708978 0.4578484380952381 0.27542343777089784 0.4890984380952381
9 0.32415312507739935 0.75 0.32909531269349845 0.7652609369047619 0.3347453126934985 0.760175 0.3389828123839009 0.747820311904762 0.34110156222910215 0.7325578119047619 0.3506359374613003 0.691134375 0.3644062501547987 0.635901561904762 0.3591109374613003 0.641715625 0.3506359374613003 0.6475296869047619 0.34039531269349843 0.641715625 0.33545156222910216 0.6373546880952381 0.32733125015479875 0.62790625 0.3213281250773994 0.6126453119047619 0.32203437523219813 0.626453125 0.320975 0.641715625 0.31744374984520124 0.65625 0.3100281250773994 0.6947671880952381 0.3004937498452013 0.7252906250000001 0.3004937498452013 0.744185938095238 0.30437812507739936 0.750726561904762 0.30755625015479876 0.75 0.31179374984520125 0.744185938095238 0.3149718749226006 0.7281984380952381 0.3185031250773994 0.70566875 0.3262718749226006 0.681685938095238 0.3308609374613003 0.67441875 0.3372171876160991 0.66933125 0.3372171876160991 0.69040625 0.3280374996904025 0.733284375 0.32415312507739935 0.75
9 0.5593218749226007 0.5370640619047619 0.5681499999999999 0.53415625 0.5773312501547987 0.5363375 0.5819203126934984 0.5399703130952381 0.5790953126934985 0.510175 0.5783890625386997 0.462209375 0.5798015622291022 0.422965625 0.5790953126934985 0.39389531190476196 0.5748593752321981 0.37209374999999995 0.5695624996904025 0.36264531190476196 0.5621468749226006 0.381540625 0.5575562501547988 0.4251453130952381 0.5564968749226006 0.4847390630952381 0.5526125003095975 0.5327031249999999 0.5526125003095975 0.53924375 0.5593218749226007 0.5370640619047619
9 0.603107812383901 0.53415625 0.6069921876160991 0.5385171880952381 0.6158187498452012 0.53924375 0.6288843752321982 0.542878125 0.6295906247678018 0.5385171880952381 0.6267656247678018 0.5254359380952381 0.6271187498452012 0.49927343809523805 0.6271187498452012 0.45566875 0.6267656247678018 0.39825625000000003 0.6218218749226007 0.386628125 0.6133468749226006 0.38299374999999997 0.6084046873065015 0.39825625000000003 0.6073453126934985 0.4484015619047619 0.6069921876160991 0.510175 0.6041671876160991 0.5138078119047619 0.603107812383901 0.53415625
2 0.6433609374613003 0.52325625 0.6377125003095976 0.529070311904762 0.6324156247678019 0.5370640619047619 0.6317093752321982 0.545784375 0.6306499999999999 0.560320311904762 0.6324156247678019 0.5777609369047619 0.6373593752321982 0.5813953130952382 0.6415953126934985 0.5850296869047619 0.6461859374613003 0.58575625 0.6567796873065015 0.579215625 0.6610171876160991 0.5712203130952381 0.6659609374613004 0.57558125 0.6698453126934985 0.57558125 0.6730218749226006 0.57049375 0.6758468749226005 0.5566859380952381 0.6754937498452012 0.541425 0.6737281250773994 0.5254359380952381 0.6687859374613003 0.514534375 0.6536015622291022 0.519621875 0.6433609374613003 0.52325625
2 0.6716109374613003 0.60174375 0.6758468749226005 0.6199125 0.6811437498452013 0.624273438095238 0.6857343752321982 0.6206390619047619 0.7019781250773994 0.6126453119047619 0.7168078123839009 0.603925 0.7256359374613004 0.5952031249999999 0.7256359374613004 0.579215625 0.7235171876160991 0.56540625 0.7129234377708977 0.552325 0.7058609374613003 0.5610468750000001 0.6984468749226006 0.5639531249999999 0.6878531250773994 0.56540625 0.6790250000000001 0.5719484380952381 0.6744343752321982 0.5712203130952381 0.6709046873065015 0.5850296869047619 0.6716109374613003 0.60174375
11 0.21973387801857583 0.622638025 0.22140030588235293 0.6359637714285714 0.23223180247678016 0.6426265821428572 0.25222849535603714 0.6442923321428571 0.2672260303405573 0.649289455952381 0.27972395541795664 0.6442923321428571 0.27972395541795664 0.6301337416666667 0.27472479814241485 0.6134766214285715 0.27139200557275545 0.5959866571428571 0.2730583702786378 0.579329536904762 0.2672260303405573 0.5626724166666667 0.2605604452012384 0.5551767 0.2555612879256966 0.5551767 0.2463961560371517 0.5643381345238095 0.24139699876160992 0.5751652571428572 0.23723102352941178 0.5826609416666666 0.2272326452012384 0.5843266607142856 0.21479164767801856 0.5918750011904762 0.21973387801857583 0.622638025
11 0.8013040718266254 0.6084794976190476 0.7913056303405573 0.6009837809523809 0.7688093907120743 0.5943210023809524 0.7563114662538699 0.5859924428571429 0.7454799058823529 0.5743323821428572 0.7371479560371517 0.5743323821428572 0.7329819808049536 0.5826609416666666 0.7329819808049536 0.6068138428571429 0.7304824978328173 0.6268023047619047 0.7304824978328173 0.6526208928571429 0.7363148371517029 0.663447982142857 0.7529787368421054 0.6517879857142856 0.773808611764706 0.643459425 0.8022916476780186 0.6325000011904761 0.8013040718266254 0.6084794976190476
