11 0.2595301040247678 0.33368159166666667 0.2540374030959752 0.34146291785714283 0.23755929907120743 0.3648068916666667 0.2288625226006192 0.38265817023809523 0.22382754613003097 0.40050944880952377 0.22336982105263156 0.42476887976190475 0.22794707244582044 0.4357542821428571 0.24076337523219815 0.4522323714285715 0.24717152631578945 0.45131692142857144 0.25678375356037153 0.42705750476190474 0.2650228055727554 0.41332575238095237 0.27097323157894737 0.3986785488095238 0.270515506501548 0.3849467952380952 0.2696000563467492 0.3730459428571428 0.2723464068111455 0.35931419047619045 0.2755504829721362 0.343293819047619 0.270515506501548 0.3272734404761905 0.2595301040247678 0.33368159166666667
11 0.20689171764705883 0.5680368357142856 0.2078071678018576 0.5735295369047619 0.21192669349845203 0.5868035511904762 0.22199664582043344 0.6032816547619048 0.23389749845201238 0.615182507142857 0.24625607616099068 0.6188443083333333 0.254952853250774 0.6234215595238096 0.2732618569659443 0.6330337869047619 0.2787545585139319 0.6188443083333333 0.2778391083591331 0.6037393797619047 0.27509275789473686 0.5868035511904762 0.27417730712074306 0.5694100119047619 0.2746350328173375 0.5533896333333334 0.27600820804953563 0.5373692547619048 0.270515506501548 0.5236375011904761 0.25998782910216717 0.5259261273809523 0.24762925139318887 0.5323342785714286 0.2352706736842105 0.5419465047619048 0.2224543708978328 0.5483546571428571 0.21558849473684208 0.5506432821428571 0.20551854241486067 0.5570514333333333 0.20689171764705883 0.5680368357142856
2 0.2746350328173375 0.5401156047619048 0.2746350328173375 0.5460660309523809 0.2787545585139319 0.5556782583333334 0.29019768606811147 0.5625441345238096 0.30530258637770896 0.5694100119047619 0.3135416383900929 0.5602555095238095 0.3153725386996904 0.546981480952381 0.3112530123839009 0.5373692547619048 0.30576031145510835 0.5341651785714286 0.2943172117647059 0.5332497285714286 0.28424725944272444 0.5323342785714286 0.27509275789473686 0.5314188285714285 0.2746350328173375 0.5401156047619048
2 0.32406931517027865 0.5556782583333334 0.32498476594427245 0.5620864095238095 0.3309351919504644 0.5675791107142857 0.3368856185758514 0.575818163095238 0.35519462229102167 0.5790222380952381 0.36709547492260064 0.5794799630952381 0.36343367430340556 0.5575091583333333 0.3547368972136223 0.5520164571428572 0.3483287455108359 0.5488123821428572 0.33734334365325075 0.5488123821428572 0.32773111640866875 0.5465237559523809 0.32040751455108357 0.5488123821428572 0.32406931517027865 0.5556782583333334
2 0.6339492365325078 0.5776490630952381 0.6357801368421052 0.5794799630952381 0.6412728383900929 0.5817685892857143 0.6554623164086687 0.5872612904761905 0.6691940693498452 0.5803954142857143 0.6751444959752322 0.5735295369047619 0.6742290452012383 0.5639173107142857 0.6691940693498452 0.5570514333333333 0.6641590934984519 0.5533896333333334 0.6563777665634676 0.5529319083333334 0.6435614637770898 0.5588823345238095 0.6312028860681115 0.5707831869047619 0.6339492365325078 0.5776490630952381
2 0.6815526470588236 0.5556782583333334 0.6806371969040248 0.5634595845238095 0.6879607702786378 0.578564513095238 0.70123479876161 0.5858881154761905 0.7126779263157894 0.5794799630952381 0.7190860773993808 0.5666636607142858 0.7227478780185758 0.546981480952381 0.7190860773993808 0.5318765535714286 0.7117624755417956 0.5291302095238095 0.7044388743034056 0.5295879345238095 0.6961998222910216 0.5373692547619048 0.687045320123839 0.5474392059523809 0.6815526470588236 0.5556782583333334
11 0.7337332804953561 0.5602555095238095 0.7250365040247678 0.5845149392857143 0.7300714798761611 0.6096898202380953 0.751584559752322 0.6165556964285714 0.763485412383901 0.6257101845238094 0.7799635157894738 0.6316606107142857 0.7900334681114551 0.6275410857142857 0.7987302452012385 0.6165556964285714 0.7996456953560371 0.6028239440476191 0.798272520123839 0.5831417642857143 0.7936952687306501 0.5730718119047619 0.7854562173374613 0.5639173107142857 0.7817944160990712 0.5579668833333333 0.7767594402476781 0.5483546571428571 0.763485412383901 0.5250106833333333 0.7497536594427244 0.514025280952381 0.7410568823529412 0.5195179821428572 0.739683707120743 0.5282147595238096 0.7383105318885449 0.5497278321428571 0.7337332804953561 0.5602555095238095
2 0.7135933764705883 0.4861040285714286 0.7140511015479876 0.49159672976190477 0.7241210532507739 0.49937805714285716 0.7337332804953561 0.49205445595238095 0.7424300575851394 0.47969587738095243 0.7428877826625386 0.4714568261904762 0.7341910055727554 0.4604714238095238 0.7282405795665634 0.45726734761904764 0.7209169777089783 0.4604714238095238 0.7140511015479876 0.466879575 0.7103893003095976 0.4742031761904762 0.7135933764705883 0.4861040285714286
11 0.7479227585139319 0.3423783678571428 0.7410568823529412 0.33551249166666663 0.7296137547987616 0.3259002642857143 0.7259519541795665 0.3268157154761904 0.7181706272445821 0.3387165678571428 0.7145088266253871 0.3611450904761905 0.7163397269349845 0.3872354214285714 0.7245787783281734 0.40645987499999997 0.7341910055727554 0.4256843297619048 0.7428877826625386 0.44445104523809525 0.7561618105263158 0.4568096226190476 0.7689781133126935 0.4471973952380952 0.7781326154798761 0.42476887976190475 0.7781326154798761 0.40645987499999997 0.7740130897832818 0.39227039761904764 0.7625699622291021 0.3799118202380952 0.751584559752322 0.36206054047619046 0.7506691095975232 0.34512471904761904 0.7479227585139319 0.3423783678571428
2 0.253435280495356 0.4514129821428572 0.24985737027863777 0.45797248333333335 0.2549260761609907 0.4725822833333333 0.2605910823529412 0.4910681523809524 0.2722192904024768 0.5000129273809524 0.2769898371517028 0.5000129273809524 0.28146222476780186 0.49464606190476196 0.2799714291021672 0.48480680952380956 0.2769898371517028 0.4752657154761905 0.2698340167182663 0.46304118928571425 0.26238003777089786 0.4517111404761905 0.253435280495356 0.4514129821428572
