11 0.28855558637770895 0.5714575630952381 0.2776875665634675 0.5698261607142857 0.2651893479876161 0.5823334690476191 0.2635591492260062 0.6008224976190476 0.2635591492260062 0.6236619464285714 0.26573274117647055 0.6475889071428572 0.256494920123839 0.6666217226190477 0.25540813436532506 0.675322480952381 0.25214771640866873 0.690004936904762 0.2641025417956656 0.7008808440476191 0.278230959752322 0.6997932702380953 0.2929027907120743 0.6889173630952382 0.30159721857585137 0.6530268607142857 0.30866142724458207 0.6290998999999999 0.3146388303405573 0.6122422119047619 0.3140954371517028 0.5855962333333333 0.3112771721362229 0.5816576095238095 0.29996699938080496 0.5752641142857143 0.28855558637770895 0.5714575630952381
11 0.6884987275541796 0.5790706857142857 0.6857817226006192 0.5942969499999999 0.6857817226006192 0.6068042583333333 0.6857817226006192 0.6198553333333334 0.6857817226006192 0.6318188761904762 0.6819778910216718 0.6459575047619047 0.6819778910216718 0.6622713642857143 0.6912157325077399 0.668253125 0.7069743696594428 0.6606399821428571 0.7194725678018575 0.6475889071428572 0.7336010266253871 0.6339940238095239 0.7384916024767801 0.6247495 0.7417520414860681 0.6062604511904762 0.7395783876160992 0.6008224976190476 0.7303405876160991 0.5926655678571429 0.7200160018575852 0.5894028047619048 0.709691333126935 0.5861400202380952 0.7025815195046439 0.5789402178571428 0.6955629157894736 0.5747203261904762 0.6884987275541796 0.5790706857142857
11 0.6689363003095975 0.37823739166666664 0.6667626879256966 0.39128848690476187 0.6645890761609907 0.40107679880952385 0.6635022904024769 0.4168468714285714 0.6667626879256966 0.43152934880952376 0.6700230860681115 0.4380548761904762 0.6770873151702786 0.4467556130952381 0.6857817226006192 0.44240525476190473 0.6950195232198142 0.43642349404761904 0.7031705380804955 0.4260913952380952 0.7026271455108358 0.39998920357142853 0.699366747368421 0.3858505345238095 0.6977365281733746 0.37443084047619046 0.6917591256965945 0.3651863166666667 0.6890421207430341 0.3510476261904762 0.6863251157894737 0.3374527428571429 0.6803477126934984 0.32440166785714286 0.6749137027863776 0.32440166785714286 0.6705664786377709 0.33799655119047617 0.6699728241486068 0.34456521785714284 0.6700230860681115 0.36573010357142854 0.6689363003095975 0.37823739166666664
2 0.3403014241486068 0.6083292928571429 0.3499774736842105 0.6131708285714286 0.3544123207430341 0.6091362178571429 0.3459457894736842 0.6014704511904763 0.3390919219814242 0.5913839261904762 0.3366729170278638 0.5869458523809524 0.33225806315789475 0.5888104845238095 0.3326412328173375 0.5966289238095238 0.3403014241486068 0.6083292928571429
2 0.3669105529411765 0.6139777535714286 0.37013589783281736 0.6236608083333334 0.38021510959752325 0.6285023440476191 0.39392282848297216 0.6252746595238096 0.380645159752322 0.6205645166666667 0.37295807987616103 0.6147846630952382 0.3669105529411765 0.6139777535714286
2 0.5987324117647059 0.6168019678571428 0.5942975647058824 0.6224504285714285 0.5947007269349845 0.6272919642857143 0.6059894563467492 0.6260815845238096 0.6128433083591331 0.6224504285714285 0.6209066780185758 0.6147846630952382 0.6190524179566563 0.6094758071428571 0.6084084613003096 0.6139777535714286 0.5987324117647059 0.6168019678571428
2 0.6640457232198143 0.5215210607142857 0.6604172006191951 0.5267660666666667 0.6725122860681114 0.5162760619047619 0.675334453250774 0.510627625 0.6780241919504645 0.5051411297619048 0.6680774080495355 0.5094172297619048 0.6640457232198143 0.5215210607142857
2 0.3278032074303406 0.517082986904762 0.321755680495356 0.5114345345238095 0.32014300061919504 0.5150656821428571 0.31812715789473683 0.5207141511904761 0.31449865139318883 0.5251522083333333 0.3128859708978328 0.5275729761904762 0.31207963095975233 0.5312041238095238 0.3185303356037152 0.5312041238095238 0.32498102538699686 0.527976430952381 0.32619052755417954 0.5291868190476191 0.3310285523219815 0.5332214285714286 0.3326412328173375 0.5324145035714286 0.3326412328173375 0.5219245154761905 0.3278032074303406 0.517082986904762
2 0.6495316643962847 0.5843968678571428 0.6442904619195047 0.5872211285714285 0.6378397721362229 0.5892384345238095 0.6374366099071208 0.593273044047619 0.6362270922600619 0.6009387797619047 0.6442904619195047 0.598921475 0.6543696736842106 0.593273044047619 0.6588045207430341 0.5880280238095238 0.6616267188854489 0.583186519047619 0.6616267188854489 0.5726965071428571 0.6539665114551083 0.5803622571428572 0.6495316643962847 0.5843968678571428
2 0.6237288755417957 0.5368525916666667 0.6221161956656347 0.542097575 0.622922520123839 0.5433079547619047 0.6305827275541795 0.5445183345238095 0.6325985696594427 0.5445183345238095 0.6374366099071208 0.5392733440476191 0.6390492594427245 0.5372560392857143 0.6370334167182663 0.5328179821428571 0.6297764030959753 0.5352387345238095 0.6237288755417957 0.5368525916666667
13 0.6019577715170279 0.6599723023809525 0.5886532 0.6611826821428571 0.5914753975232198 0.6789349738095238 0.61082746625387 0.6728830583333333 0.6390492594427245 0.6531134619047619 0.6438872996904025 0.6482719416666667 0.6356854823529411 0.6397177428571428 0.6201003529411765 0.6490788511904761 0.6019577715170279 0.6599723023809525
13 0.3532028185758514 0.6462546369047618 0.3455426117647059 0.6567446166666667 0.364491533126935 0.6656207630952381 0.38545629659442726 0.6712692083333334 0.39351966625386997 0.6724796035714287 0.40037353374613 0.6740934392857142 0.39677419195046437 0.6634072583333334 0.3725549027863777 0.6567446166666667 0.3532028185758514 0.6462546369047618
11 0.29675923219814243 0.38582992499999996 0.28990536470588235 0.39389914523809527 0.28305149783281736 0.4068099178571428 0.27579446811145514 0.41770334523809527 0.2733754557275542 0.4322279523809524 0.2782134959752322 0.45119062380952385 0.27942298266253873 0.4628909845238095 0.282245172755418 0.47741559166666664 0.28869586253869967 0.4854848119047619 0.2963560693498452 0.4854848119047619 0.3044194390092879 0.4766086666666666 0.31207963095975233 0.4636979095238095 0.31449865139318883 0.4463490880952381 0.31409547368421054 0.43021064642857143 0.31530497585139317 0.41407220476190476 0.31812715789473683 0.4031787535714286 0.32498102538699686 0.38663686547619047 0.32740003034055726 0.37937455476190474 0.32498102538699686 0.36444649285714287 0.31933666068111455 0.3608153452380952 0.31260080495356035 0.3640120976190476 0.3044194390092879 0.37412955595238095 0.29675923219814243 0.38582992499999996
