11 0.3202015982805051 0.48095193690347704 0.28128270395097843 0.47614456428373614 0.29881816898046054 0.334194186316848 0.33773637849685656 0.3390015160834209
2 0.3763961453482807 0.5670871061093954 0.37750857492017076 0.5921128138118842 0.3465960819233942 0.5934867020546363 0.3454837234933166 0.5684610626505252
2 0.3789036716419787 0.581250171449388 0.39885931186074686 0.594161244682536 0.3837542973988093 0.6175053128117329 0.36379868306232765 0.6045942723213842
2 0.2877355299399369 0.5973146003119962 0.3048101790571991 0.5658649439077926 0.3535973069767806 0.5923496651000447 0.336522841822557 0.6237991633755732
11 0.32386210205538646 0.6471493669185364 0.2639291984278316 0.6832028142923197 0.1993348632887546 0.575836750267192 0.25926668638658157 0.5397837224696846
2 0.33184375970688507 0.6296804155282311 0.361794555191409 0.613918951091926 0.39024638491503083 0.667977937731298 0.36029565479111625 0.6837393068057889
2 0.6871336099833343 0.5485679973928056 0.667528136795795 0.5416118264974799 0.6796341563134547 0.5074949540497996 0.6992395251835433 0.5144511046353295
11 0.6602162558835971 0.3509933097802846 0.6963792926050019 0.34515191742791895 0.7183180763089467 0.48096451115355265 0.6821550518370714 0.4868058526323504
11 0.6976859312356964 0.5669103752431234 0.7574565784998413 0.5688382468640946 0.7540440272649676 0.6746271496837976 0.6942733810184336 0.6726992973372176
2 0.6670519321050961 0.6419421047461911 0.651386814527882 0.631369371687889 0.6784096089648983 0.5913357431366602 0.694074624323548 0.6019084287256653
2 0.5978389645231346 0.6985589862909981 0.5862366018934608 0.6726803691717801 0.6113803898659853 0.6614090549093693 0.6229827733061484 0.6872875981774379
7 0.3348086484340911 0.7309798029615387 0.3618793045835673 0.7479465432006069 0.3367282666634992 0.7880682772447961 0.3096576825490729 0.7711016298036137
7 0.33247884764512037 0.7252089169272755 0.3105653244469977 0.770740524834765 0.28222454200351876 0.7571027814601788 0.3041380994455949 0.7115713343824597