1 0.28495781238390094 0.493459375 0.2962578123839009 0.5043609369047619 0.30225937523219815 0.5058140619047619 0.30508437523219817 0.5123546869047618 0.3146187498452012 0.516715625 0.3185031250773994 0.5174421880952381 0.3280374996904025 0.5159890630952381 0.33121406253869967 0.5094484380952381 0.33297968730650157 0.485465625 0.3336859374613003 0.462209375 0.31638437523219815 0.4534890630952381 0.30543749969040246 0.44040625000000005 0.2930796873065015 0.430959375 0.28637031269349844 0.43023281190476187 0.2821328123839009 0.4600296869047619 0.28495781238390094 0.493459375
1 0.38312187492260064 0.6511625 0.3930078123839009 0.6497093749999999 0.3993640625386997 0.63808125 0.4074859374613003 0.5995640619047619 0.4085453126934985 0.5799421880952381 0.4032484377708978 0.57049375 0.3986578123839009 0.5734015619047619 0.3944203126934984 0.5683140619047619 0.3873593752321981 0.56540625 0.3760593752321981 0.5712203130952381 0.37217500000000003 0.583575 0.3735875003095975 0.614825 0.37182187492260066 0.63808125 0.37570625015479875 0.6468015619047619 0.38312187492260064 0.6511625
1 0.49187812507739936 0.555959375 0.48975937523219815 0.5225296869047619 0.4879937498452013 0.5058140619047619 0.4816390625386997 0.5 0.4759890625386997 0.502179688095238 0.47210468730650157 0.506540625 0.4689265622291022 0.51816875 0.4710453126934985 0.5610468750000001 0.47669531269349846 0.577034375 0.48728749969040247 0.5799421880952381 0.4936437498452012 0.57049375 0.49187812507739936 0.555959375
9 0.48905312507739934 0.44549374999999997 0.48834687492260065 0.4149703130952381 0.4855218749226006 0.376453125 0.4819921876160991 0.35610468809523804 0.4774015622291021 0.34375 0.47316406253869964 0.3597390630952381 0.47245781238390094 0.38880781190476194 0.47316406253869964 0.420784375 0.47033906253869967 0.5109015619047619 0.4756359374613003 0.5014531249999999 0.48446249969040245 0.5014531249999999 0.48975937523219815 0.5094484380952381 0.4911718749226006 0.4890984380952381 0.48905312507739934 0.44549374999999997
9 0.3202687498452012 0.313953125 0.31709062476780187 0.3212203130952381 0.3149718749226006 0.33357499999999995 0.3121468749226006 0.34665625000000005 0.3103812501547988 0.36482499999999995 0.30755625015479876 0.38226718809523813 0.30331874984520124 0.404796875 0.2987281250773994 0.41351718809523813 0.28919531269349846 0.4287796869047619 0.29766874984520125 0.43459374999999995 0.304025 0.438953125 0.3149718749226006 0.4498546869047619 0.3202687498452012 0.45494218809523806 0.32733125015479875 0.46075625000000003 0.3340390625386997 0.4643890630952381 0.33121406253869967 0.45130781190476194 0.3326265622291022 0.43677343809523805 0.33545156222910216 0.4156984380952381 0.33757031269349846 0.3902609369047619 0.33792343777089784 0.368459375 0.3386296873065015 0.3444765630952381 0.3372171876160991 0.327034375 0.33156718761609905 0.30668593809523814 0.32733125015479875 0.30668593809523814 0.32415312507739935 0.3081390630952381 0.3223875003095975 0.3103203119047619 0.3202687498452012 0.313953125
9 0.3661718749226006 0.69549375 0.36475937523219815 0.715115625 0.3651124996904025 0.733284375 0.3672312501547988 0.7405515619047619 0.3707625003095975 0.739098438095238 0.37782499999999997 0.720929688095238 0.3848875003095975 0.6875 0.39265468730650155 0.6518890619047619 0.389125 0.6511625 0.3813562501547988 0.64825625 0.3753531250773994 0.6475296869047619 0.37217500000000003 0.6402609369047619 0.3697031250773994 0.6613375 0.37040937523219813 0.6736921880952381 0.3661718749226006 0.69549375
11 0.7106652482972136 0.2615680619047619 0.6998566501547987 0.2696745107142857 0.6895884823529411 0.2918321273809524 0.6814820340557276 0.3258792107142857 0.6755373052631578 0.35722414523809526 0.6814820340557276 0.3885690797619048 0.6917502018575852 0.4037011 0.7068822390092879 0.40424152976190475 0.7155291176470588 0.39073079880952377 0.7193121269349845 0.3588454345238095 0.7284994346749226 0.2945342773809524 0.7252568557275542 0.2783213880952381 0.7220143424148607 0.26481065 0.7106652482972136 0.2615680619047619
2 0.6825628934984521 0.47503787142857146 0.6804011739938081 0.4766591607142857 0.6712138656346749 0.49016990833333335 0.6782394544891641 0.5053019452380952 0.6955332111455108 0.4961146369047619 0.7009375102167182 0.4917911976190476 0.7036396594427244 0.4815230297619048 0.7052609492260062 0.4680122821428571 0.7052609492260062 0.46260798333333336 0.6933714916408669 0.47071443214285713 0.6825628934984521 0.47503787142857146
2 0.6658095671826626 0.5409703107142857 0.6674308563467491 0.5485363285714285 0.6868863331269349 0.5604257869047619 0.6949927814241487 0.5679918047619048 0.7074226687306501 0.5566427773809524 0.7085035287925696 0.5458341797619047 0.7101248185758514 0.5404298797619047 0.7112056780185758 0.524757413095238 0.7036396594427244 0.5144892452380952 0.6982353609907122 0.5144892452380952 0.6863459027863776 0.5177318249999999 0.6717542959752322 0.5334042916666666 0.6658095671826626 0.5409703107142857
11 0.7263377151702786 0.5696130952380952 0.7230951362229102 0.567451375 0.7247164253869969 0.5917707202380952 0.7241759956656347 0.6139283297619047 0.7301207244582044 0.6366263857142858 0.7468740513931889 0.6495967035714286 0.7771381256965944 0.6377072452380952 0.7971340315789474 0.6247369273809523 0.805240480495356 0.6139283297619047 0.8128064990712074 0.5885281416666667 0.8057809102167183 0.5760982535714285 0.7836232842105263 0.5615066464285715 0.7706529671826625 0.5506980488095238 0.7625465182662539 0.544753319047619 0.7544400699690402 0.535025580952381 0.7484953411764705 0.5307021416666667 0.736065453250774 0.5420511702380952 0.7263377151702786 0.5663705154761904 0.7263377151702786 0.5696130952380952
2 0.2929129708978328 0.5117870952380953 0.2864278123839009 0.5144892452380952 0.28804910216718266 0.5269191333333334 0.29183211145510835 0.5334042916666666 0.29777684024767803 0.5409703107142857 0.302100279256966 0.544753319047619 0.31074715789473684 0.5506980488095238 0.32587919504643964 0.5463746095238096 0.3237174749226006 0.5339447214285714 0.3150705969040248 0.5242169833333333 0.3048024291021672 0.5171913952380952 0.29453426068111455 0.5117870952380953 0.2929129708978328 0.5117870952380953
11 0.2210357950464396 0.46368883452380955 0.2032016080495356 0.4734165726190476 0.1961760198142415 0.4917911892857143 0.2069846173374613 0.5344851511904762 0.2237379442724458 0.5685322190476191 0.23184439256965944 0.5923111345238096 0.24967857956656347 0.6274390773809524 0.25778502786377705 0.6052814511904762 0.26318932693498454 0.5825833952380952 0.2648106167182663 0.565830069047619 0.2680531956656347 0.5382681607142857 0.26913405572755417 0.5252978428571429 0.2648106167182663 0.5166509642857142 0.25400201857585136 0.508004086904762 0.24697642972136225 0.4988167785714286 0.2377891213622291 0.47557829285714287 0.23184439256965944 0.46368883452380955 0.2210357950464396 0.46368883452380955
11 0.29291293808049534 0.3075045952380952 0.28480648978328177 0.31939405238095236 0.2702149151702786 0.33776866904761904 0.26643190588235294 0.36046670833333333 0.2594063176470588 0.37992218452380955 0.2702149151702786 0.40045852023809525 0.27291706501547985 0.41829270714285716 0.28264477027863777 0.42748001547619047 0.2907512185758514 0.4193735666666667 0.301019386377709 0.3977563714285714 0.3037215362229102 0.3820839035714285 0.3102066947368421 0.35614326904761906 0.31236841424148604 0.34371339761904757 0.3134492743034056 0.32641964166666665 0.31128755479876163 0.3107471738095238 0.30804497523219815 0.2939938476190476 0.3037215362229102 0.29075126785714284 0.29615551764705883 0.3042620154761905 0.29291293808049534 0.3075045952380952
25 0.4771760260061919 0.47717602619047617 0.47764384582043345 0.5003330988095238 0.48419332074303406 0.5017365571428571 0.4832576811145511 0.4535511404761905 0.4816203126934985 0.4472355761904762 0.4795151238390093 0.4453642964285714 0.47530476160990714 0.44489648452380953 0.4771760260061919 0.47717602619047617
