11 0.25084305920495353 0.3372134857004989 0.298701403061159 0.3255153382202825 0.32980072210159506 0.45274033676665176 0.2819424110032287 0.4644383915616623
11 0.29346948204192813 0.6499739089742584 0.2184174997437367 0.6510308646081694 0.21690648585502004 0.543692709992502 0.2919570425888196 0.5426357642146246
2 0.4082196740099562 0.6031918027056857 0.3893284636247927 0.5964005533406438 0.3941630327024086 0.5829537626937469 0.41305419876630367 0.5897450033023425
2 0.5978688529839928 0.5902520431523244 0.603675185549946 0.6036050691519196 0.5819176188155097 0.6130648850289031 0.5761113204556523 0.5997118880552957
7 0.5696112823543444 0.6939658817695191 0.6136190648375077 0.6786612080328956 0.6334406903222316 0.7356486481909624 0.5894329564822556 0.7509532215017438
9 0.6809425572230339 0.4775552877027988 0.6760770141027024 0.47745993317915914 0.6770336960936447 0.4286485801756895 0.6818992062500229 0.42874393437500097
9 0.6639260888116496 0.39978855824088677 0.670218746691944 0.3995235412727226 0.6734991317841832 0.4774098330842474 0.6672064739951793 0.4776748486772329
7 0.6562674750634869 0.660091643615162 0.6758718562283548 0.6618550885987244 0.6733741021992046 0.6896190334845297 0.6537697217116829 0.6878555935525958
2 0.6806909046923693 0.5459154372100163 0.6993353191918459 0.5599010400775475 0.674936289614152 0.5924245039394055 0.656291917629801 0.5784389502445335
2 0.6661655882136301 0.47723033796542985 0.6816451707087481 0.4768432650119203 0.6827839527973083 0.5223813409170733 0.667304370350621 0.5227684125265075
2 0.6414930140769002 0.5731336180596124 0.6484381944553661 0.588359743481515 0.6119577151226849 0.6049979459334051 0.6050125992071571 0.5897718753012027
2 0.4383977335905911 0.6089308256426286 0.4331275845916025 0.6185062349299302 0.41421768430734573 0.6080996946929371 0.4194878343749906 0.5985243046875496
2 0.3873011077441788 0.6081145993115523 0.34274004582653106 0.5870034071932336 0.3530230750067176 0.5653007366829111 0.3975839741586924 0.5864118833742823
2 0.5938294425862978 0.5243556640073583 0.6112273013924323 0.5260957311163815 0.6089591515222992 0.5487715927309404 0.5915612932047907 0.5470315288622413
2 0.5839220925190602 0.5506491446475191 0.5639791496146245 0.5529506509441926 0.5593769195885443 0.5130745439325817 0.5793197325106121 0.5107730452711439
2 0.3295101612884537 0.5051041520666129 0.3150890809873772 0.5307464492051225 0.2906186990475135 0.5169854970104812 0.30503978096703577 0.49134325610048196
2 0.34946856253520764 0.538530397828783 0.34947254840096775 0.5151060717973819 0.3750721683749134 0.5151104292851282 0.3750682306477984 0.5385347070693559
2 0.2936599901296404 0.5476302591109896 0.30909754926972255 0.5357532389360562 0.33720488764845413 0.572283267615138 0.32176736951589646 0.5841602410101308