2 0.31265589907120744 0.5209357761904762 0.306043840247678 0.5308538571428572 0.3088775795665635 0.541716525 0.31407276904024767 0.550217744047619 0.31832337832817337 0.5558852226190476 0.3272968866873065 0.5662756011904763 0.33390894551083594 0.5691093404761904 0.3372149752321981 0.5587189630952382 0.33343665572755415 0.5454948452380952 0.32257398761609907 0.5332153071428571 0.3154896390092879 0.5237695083333334 0.31265589907120744 0.5209357761904762
2 0.35091138266253874 0.5483285845238095 0.34807764334365326 0.5535237738095238 0.34335474427244583 0.5676924714285714 0.35610657213622293 0.5823334583333333 0.3683861102167183 0.5955575761904762 0.37877648792569657 0.5927238369047618 0.38113790897832817 0.5842226190476191 0.3816101987616099 0.5757214 0.37877648792569657 0.5648587321428571 0.37547045882352936 0.5587189630952382 0.36885840000000003 0.5492731642857143 0.35468970216718265 0.5436056857142857 0.35091138266253874 0.5483285845238095
2 0.3121836092879257 0.6021696428571428 0.3121836092879257 0.6068925416666667 0.3112390297213622 0.6172829130952381 0.31360047925696594 0.6229503916666667 0.3164342185758514 0.6281455809523809 0.32682459690402477 0.6328684809523809 0.33485352569659443 0.6342853500000001 0.3494945133126935 0.6328684809523809 0.35043909287925695 0.6224781023809525 0.328241466873065 0.6054756726190476 0.3164342185758514 0.5941407142857142 0.3121836092879257 0.6021696428571428
2 0.35657886191950466 0.6290901607142857 0.35516199195046444 0.6328684809523809 0.3537451226006192 0.6484540476190477 0.3556342823529412 0.6621504559523809 0.3631909207430341 0.6815143428571429 0.37452587863777087 0.6767914428571429 0.3825547789473684 0.6739577035714286 0.3915282873065015 0.663567325 0.38963912755417957 0.6564829761904761 0.3825547789473684 0.6423142785714285 0.36885840000000003 0.6323961904761904 0.3641355009287926 0.6314516107142857 0.35657886191950466 0.6290901607142857
11 0.2658991969040248 0.5884732345238095 0.2559811083591331 0.591306975 0.2498413399380805 0.6135046011904762 0.2540919492260062 0.6475094678571429 0.2564533987616099 0.6970999095238096 0.2668437770897833 0.7282710297619047 0.28479079380804956 0.7032396785714286 0.2994317814241486 0.6399528297619048 0.3046269702786378 0.6054756726190476 0.2989594916408669 0.5903623952380952 0.2909305628482972 0.586584075 0.27959560495356034 0.5875286547619047 0.2640100371517028 0.5880009452380952 0.2658991969040248 0.5884732345238095
2 0.6168106086687306 0.6508154976190477 0.6135045789473684 0.6583721357142858 0.6163383188854489 0.6621504559523809 0.627200986996904 0.6706516595238096 0.6328684371517028 0.6730131095238095 0.6432588154798762 0.6739576892857143 0.6475094247678018 0.6640396154761905 0.6517600340557276 0.6555383964285714 0.6593166730650155 0.6442034380952382 0.6550660631578948 0.6253118416666666 0.6437311052631579 0.6253118416666666 0.634285307120743 0.6328684809523809 0.6201166383900929 0.6465648880952382 0.6168106086687306 0.6508154976190477
2 0.6597889628482972 0.6120877238095238 0.6541214835913313 0.6168106226190475 0.6593166730650155 0.6290901607142857 0.6654564414860681 0.6305070309523809 0.6810420092879258 0.6243672619047619 0.6919046773993808 0.6139768833333333 0.6999336061919504 0.6040587952380952 0.691432387616099 0.5846949083333334 0.6815142990712074 0.5894178071428571 0.671123920743034 0.601225055952381 0.6597889628482972 0.6120877238095238
11 0.7051287950464395 0.5998081857142857 0.7004058959752322 0.626728711904762 0.7221312321981425 0.6451480178571429 0.7490517578947369 0.6682902095238096 0.7693602247678019 0.6914324166666667 0.7764445733746129 0.6800974583333333 0.780222892879257 0.6612058761904761 0.7788060229102167 0.6352299297619047 0.772666253869969 0.6101985642857143 0.7627481653250774 0.5870563583333334 0.7533023671826625 0.5738322476190476 0.7443288588235294 0.5634418690476191 0.7287432910216719 0.5478563011904762 0.723075812383901 0.5521069107142857 0.7207143628482973 0.5573021 0.7207143628482973 0.5653310285714286 0.7159914631578947 0.5804442988095239 0.7051287950464395 0.5998081857142857
2 0.6536491938080495 0.5601358321428571 0.6583720928792569 0.5643864416666666 0.6720685009287926 0.5521069035714286 0.6829311690402476 0.5360490464285714 0.6857649083591331 0.5270755380952381 0.6843480383900928 0.518574319047619 0.6758468198142414 0.5152682904761905 0.6630949919504644 0.5204634785714286 0.6588443826625388 0.5242417988095238 0.649870931888545 0.5346321916666666 0.6536491938080495 0.5601358321428571
2 0.6073648105263159 0.5516346142857144 0.6021696210526315 0.5639141523809523 0.6035864910216718 0.5823334440476191 0.6116154198142415 0.5913069523809523 0.6224780879256966 0.5898900833333334 0.6323961473684211 0.5823334440476191 0.6404250761609906 0.5724153559523809 0.641841945510836 0.5676924714285714 0.6408973659442725 0.5587189630952382 0.6352298866873065 0.550217744047619 0.6267286972136222 0.546439425 0.6097262600619194 0.5516346142857144 0.6073648105263159 0.5516346142857144
