2 0.6890979659442725 0.539392630952381 0.6739215455108359 0.540732694047619 0.6721360786377709 0.5492197916666667 0.6770460879256965 0.5586002547619048 0.6846343145510836 0.562173763095238 0.6882052489164087 0.5737876880952381 0.6913297913312694 0.5626204619047619 0.6980252674922601 0.5626204619047619 0.7033816352941176 0.5626204619047619 0.7056134606811145 0.551006538095238 0.7038280278637771 0.538945930952381 0.6890979659442725 0.539392630952381
2 0.6975788755417957 0.47462272499999997 0.6980252674922601 0.48578995 0.6989179845201239 0.49293696666666664 0.706059853250774 0.48132305952380955 0.7127553294117647 0.47149589761904764 0.7167725882352941 0.4674756904761905 0.7138392842105262 0.459375 0.7029352427244582 0.4683690714285714 0.6975788755417957 0.47462272499999997
2 0.6248213845201238 0.5099111464285714 0.6270532099071208 0.5237585154761905 0.6319632191950464 0.5291187869047619 0.641336879876161 0.5237585154761905 0.6417832377708979 0.5058909547619047 0.6351562482972136 0.49229910714285713 0.6248213845201238 0.4956171107142857 0.6248213845201238 0.5099111464285714
2 0.34718227244582045 0.5782545773809523 0.3520922990712074 0.5849549130952381 0.35968049226006193 0.578701294047619 0.3614659591331269 0.5755744333333334 0.3730714452012384 0.5684274166666667 0.36280505139318886 0.5648539071428571 0.3538777492260062 0.5653005892857143 0.3458431808049536 0.5626204619047619 0.3409331715170279 0.5594936357142857 0.3382812482972136 0.5620535714285714 0.3400404377708978 0.5755744333333334 0.34718227244582045 0.5782545773809523
2 0.32664948482972134 0.5081244 0.33423769473684206 0.5125912904761905 0.34628953931888545 0.516611480952381 0.3458431808049536 0.5085710821428572 0.3409331715170279 0.5014240654761905 0.331559494117647 0.4965104761904762 0.32932766873065017 0.49070352142857143 0.32173945882352945 0.49204358571428575 0.31986606996904027 0.5012276785714286 0.32664948482972134 0.5081244
2 0.2891548099071208 0.45764855357142853 0.2980821120743034 0.46926245357142854 0.3092412390092879 0.47998299642857145 0.306116679876161 0.4723892797619047 0.306116679876161 0.4589886011904762 0.30076031269349845 0.45452171071428565 0.28870845139318885 0.4473746928571428 0.2869419628482972 0.4537946428571429 0.2891548099071208 0.45764855357142853
2 0.6395514123839009 0.584061530952381 0.6502641814241485 0.5760211321428571 0.6551741907120744 0.5706608607142857 0.6542814743034056 0.5577068726190476 0.6489250730650155 0.5568134916666667 0.637319586996904 0.5657472714285714 0.6297313938080495 0.5675340345238096 0.6212504501547987 0.5715542428571428 0.6292850359133128 0.5800413238095238 0.6395514123839009 0.584061530952381
2 0.522863386996904 0.5336197869047619 0.5209614916408669 0.5390577404761905 0.5209614916408669 0.544495694047619 0.5223199944272445 0.5572748857142857 0.5255803919504644 0.56352855 0.529112506501548 0.5572748857142857 0.5288407894736842 0.5466708726190476 0.5280257003095976 0.5385139428571429 0.526902172755418 0.5330163047619048 0.522863386996904 0.5336197869047619
2 0.5280257003095976 0.5553716 0.5310144018575851 0.5512931345238096 0.5334597102167182 0.5431362047619048 0.532644600619195 0.5344354785714286 0.5296195640866873 0.5319972833333334 0.5282973969040248 0.5450394904761905 0.5280257003095976 0.5553716
0 0.5356333021671826 0.5355230726190476 0.5356333021671826 0.5409610261904761 0.534818213003096 0.5458551821428571 0.5345465164086688 0.5518369321428571 0.5391654167182662 0.5523807297619048 0.5405239188854489 0.5483022642857143 0.5402522229102167 0.544495694047619 0.5456862328173375 0.5344354785714286 0.5410673120743034 0.5265504523809524 0.534818213003096 0.5230157750000001 0.5304710092879257 0.5249190595238095 0.5293842030959752 0.527638036904762 0.5340353250773994 0.5333559785714286 0.5356333021671826 0.5355230726190476
11 0.27884007182662535 0.6000060714285714 0.2846725665634675 0.637111044047619 0.2896718588235294 0.664210161904762 0.2905050767801858 0.6850556488095237 0.2942545498452012 0.7054842321428572 0.2967541882352941 0.7184084273809523 0.3013368637770898 0.7267466226190477 0.30841919318885447 0.7288311714285713 0.318001160371517 0.7134055238095238 0.32633330897832813 0.6667116452380952 0.3267499263157895 0.6266883011904762 0.3304993832817337 0.5962538773809524 0.32841634613003096 0.5749914869047619 0.3246668891640867 0.5608165488095238 0.31633474055727556 0.5524783535714286 0.3042708315789474 0.5698958333333333 0.2796732904024768 0.5712392928571428 0.27884007182662535 0.6000060714285714
13 0.623374400619195 0.6137640892857142 0.6087931405572755 0.6196008321428571 0.590462439009288 0.6304404785714286 0.5837966947368421 0.6316912047619048 0.5846299287925696 0.6396125285714286 0.6025440291021672 0.6446154166666667 0.6162920866873065 0.6283559297619048 0.633372985139319 0.621685380952381 0.670867653250774 0.6045920714285714 0.6679514142414861 0.5954200702380952 0.6672916650154799 0.5912499999999999 0.6408719312693498 0.608761169047619 0.623374400619195 0.6137640892857142
13 0.3317492185758514 0.5975046190476191 0.32841634613003096 0.6191839130952381 0.3454972600619195 0.6187670404761905 0.37299334365325076 0.6196008321428571 0.38799122105263156 0.6304404785714286 0.4059053368421052 0.6400294 0.42715230959752326 0.6508690619047619 0.42548587306501545 0.6341926726190477 0.4004894433436532 0.6241868321428572 0.3788258544891641 0.6070935392857143 0.3751041653250774 0.5995833333333334 0.34966333436532504 0.598338425 0.3317492185758514 0.5975046190476191
13 0.6300401448916408 0.4823712833333333 0.612126012383901 0.48904183333333334 0.6025440291021672 0.48904183333333334 0.6068749981424149 0.5032291666666666 0.638372293498452 0.4911263809523809 0.6300401448916408 0.4823712833333333
13 0.42090319814241484 0.49237710714285715 0.44256680309597524 0.5023829476190476 0.4721459238390093 0.5061351261904762 0.4725625250773994 0.4898756559523809 0.4508989517027864 0.4898756559523809 0.4338180216718266 0.48445583214285715 0.4113212464396285 0.47820218571428574 0.3963233690402477 0.4761176369047619 0.38132549226006196 0.47111471666666666 0.38812499814241486 0.49072916666666666 0.4059053368421052 0.49237710714285715 0.42090319814241484 0.49237710714285715
11 0.6996136037151703 0.29873225238095236 0.6983637690402477 0.3149917226190476 0.6916980247678018 0.3379217583333334 0.6904481894736842 0.3533474226190476 0.6958640990712074 0.37294221547619044 0.701696640866873 0.3837818297619047 0.7100287894736842 0.3937876869047619 0.7212771770897832 0.38419875 0.7279428582043344 0.3821142011904762 0.7362750061919505 0.3716914571428571 0.741274346130031 0.34792759880952384 0.7350252352941177 0.3137409976190476 0.7346086024767802 0.2795543952380952 0.7329421981424148 0.2612103761904762 0.7312757300309597 0.24536781666666668 0.7183609380804953 0.23702962261904761 0.7041962476780186 0.2420325261904762 0.7089583318885448 0.24072916666666666 0.702946412383901 0.26871474880952384 0.6996136037151703 0.29873225238095236
11 0.2680082773993808 0.29331242976190475 0.27175774241486067 0.30790427023809525 0.2750905987616099 0.32874975714285715 0.27467399814241483 0.3445923238095238 0.2792566730650155 0.3625194714285714 0.2842559653250774 0.37544363571428574 0.2955043690402477 0.3741929095238095 0.31050223034055724 0.3591841654761905 0.3209174154798761 0.3387555821428571 0.31841777770897833 0.3216622880952381 0.30883580990712073 0.2958138809523809 0.29758740619195045 0.26829784523809524 0.288422039628483 0.24745236547619046 0.288422039628483 0.23119287142857142 0.283006146130031 0.22285467738095235 0.27217434365325077 0.23452814642857145 0.2688541653250774 0.24489583333333334 0.2650920222910217 0.26913165119047616 0.2680082773993808 0.29331242976190475
11 0.7419045708978328 0.7168577130952382 0.7641326606811145 0.6751543035714285 0.7627434247678019 0.6431817011904762 0.7349582866873065 0.6153794285714286 0.7155086681114551 0.6028684369047619 0.7002268631578947 0.6334508952380953 0.690502107120743 0.672374119047619 0.7030054408668731 0.7043467226190476 0.7243055238390093 0.7156250011904762 0.7419045708978328 0.7168577130952382
11 0.23204732136222908 0.6320608023809523 0.25010759814241484 0.6515224142857142 0.27511426501547986 0.6556927452380953 0.2945638829721362 0.6390113702380952 0.2876175987616099 0.6167695738095238 0.2862283628482972 0.5472638916666667 0.2598324600619195 0.5542144595238095 0.23065808606811145 0.563945213095238 0.22951385696594426 0.5854166678571429 0.23204732136222908 0.6320608023809523
