9 0.3404 0.4232 0.33880000000000005 0.41759999999999997 0.3364 0.4144 0.3348 0.4112 0.3336 0.4032 0.3312 0.39680000000000004 0.3272 0.39599999999999996 0.324 0.39840000000000003 0.322 0.4064 0.3196 0.42160000000000003 0.3188 0.44320000000000004 0.3176 0.4336 0.3156 0.42560000000000003 0.3128 0.41359999999999997 0.3092 0.40080000000000005 0.3056 0.4056 0.304 0.41519999999999996 0.306 0.4296 0.3072 0.4456 0.3084 0.46480000000000005 0.3092 0.4784 0.3124 0.496 0.3108 0.5096 0.308 0.5248 0.3076 0.5336 0.3164 0.5312 0.3224 0.528 0.3304 0.5272 0.3456 0.5312 0.35 0.5336 0.3496 0.528 0.3476 0.5192 0.3456 0.5104 0.3436 0.5048 0.34159999999999996 0.496 0.3412 0.4856 0.34159999999999996 0.47200000000000003 0.342 0.4544 0.34159999999999996 0.44320000000000004 0.3404 0.4344 0.3404 0.4232
9 0.6592 0.7472 0.662 0.7568 0.6676 0.76 0.6732 0.7568 0.674 0.7432 0.6732 0.7312 0.6692 0.7063999999999999 0.6664000000000001 0.6896 0.6628000000000001 0.6768 0.6608 0.6656000000000001 0.6596 0.6559999999999999 0.6584 0.648 0.6576 0.6432 0.6544 0.6408 0.6472 0.648 0.6384000000000001 0.6527999999999999 0.6236 0.6608 0.6188 0.6576 0.6132 0.6576 0.61 0.6584000000000001 0.6128 0.6664 0.6172 0.6752 0.6192 0.6888 0.6216 0.7096 0.6264 0.7296 0.6328 0.7512000000000001 0.6392 0.7648 0.6436 0.7688 0.646 0.7624000000000001 0.6468 0.756 0.6436 0.7384 0.6392 0.7144 0.6368 0.7016000000000001 0.6396 0.6911999999999999 0.6448 0.6944 0.6496000000000001 0.7023999999999999 0.6524 0.7168 0.6544 0.732 0.6592 0.7472
1 0.3496 0.5336 0.34080000000000005 0.5296 0.3272 0.5264 0.31479999999999997 0.5296 0.3072 0.5328 0.3048 0.5408 0.30360000000000004 0.5504 0.3052 0.5632 0.3084 0.5744 0.3132 0.5808 0.3184 0.5831999999999999 0.32439999999999997 0.5824 0.32839999999999997 0.5792 0.3316 0.5831999999999999 0.338 0.588 0.344 0.5888 0.3508 0.5848 0.35400000000000004 0.5792 0.35559999999999997 0.5736 0.3564 0.5599999999999999 0.3552 0.5488000000000001 0.3524 0.5392 0.3496 0.5336
2 0.5172 0.556 0.5152 0.5632 0.5164 0.5728 0.5212 0.5752 0.526 0.5680000000000001 0.5244 0.5592 0.5204 0.5536 0.5172 0.556
1 0.6188 0.6112 0.6148 0.6103999999999999 0.6088 0.6103999999999999 0.6044 0.6112 0.5992 0.6184000000000001 0.5976 0.6288 0.6015999999999999 0.64 0.6092 0.648 0.6168 0.6552000000000001 0.6248 0.6608 0.6332 0.6584000000000001 0.6424000000000001 0.6552000000000001 0.6492 0.6487999999999999 0.6536000000000001 0.644 0.6547999999999999 0.6368 0.656 0.6272 0.6547999999999999 0.6152000000000001 0.6512000000000001 0.6095999999999999 0.646 0.6063999999999999 0.6376 0.6072 0.6312 0.6056 0.6252 0.608 0.6188 0.6112
2 0.7164 0.5152 0.7196 0.5104 0.7208000000000001 0.5032 0.718 0.4992 0.7152 0.4984 0.7132 0.5 0.7115999999999999 0.4968 0.7095999999999999 0.492 0.7068 0.48879999999999996 0.7044 0.4864 0.7004 0.4848 0.6963999999999999 0.484 0.6932 0.4824 0.6924 0.476 0.6888 0.4752 0.6844 0.4768 0.6811999999999999 0.4824 0.6788 0.4928 0.6796000000000001 0.5032 0.6808 0.5152 0.6791999999999999 0.5224 0.6791999999999999 0.5304 0.6772 0.5344 0.6768 0.5392 0.6788 0.5376 0.6808 0.5416 0.682 0.5456 0.688 0.5448 0.6936 0.5432 0.698 0.5376 0.7031999999999999 0.5336 0.7084 0.5272 0.7124 0.52 0.7164 0.5152
2 0.3664 0.636 0.35919999999999996 0.632 0.3532 0.6288 0.348 0.6264000000000001 0.3412 0.6232000000000001 0.33959999999999996 0.6208 0.33240000000000003 0.6176 0.32839999999999997 0.6176 0.328 0.6264000000000001 0.3288 0.64 0.3316 0.6504 0.3356 0.6527999999999999 0.34 0.6487999999999999 0.3432 0.6464 0.3456 0.6504 0.3488 0.6519999999999999 0.3504 0.6472 0.3532 0.6512 0.3552 0.6567999999999999 0.35919999999999996 0.6608 0.364 0.6591999999999999 0.36800000000000005 0.6567999999999999 0.37079999999999996 0.6552000000000001 0.37120000000000003 0.6447999999999999 0.3716 0.6392 0.3664 0.636
2 0.26599999999999996 0.5952000000000001 0.2648 0.5984 0.262 0.6008 0.2596 0.5976 0.2576 0.5968 0.256 0.6008 0.2596 0.608 0.26439999999999997 0.608 0.2684 0.6032 0.2692 0.5976 0.2676 0.5944 0.26599999999999996 0.5952000000000001
2 0.3052 0.5984 0.2988 0.5984 0.2944 0.596 0.292 0.592 0.2892 0.5928 0.2848 0.592 0.2816 0.5912000000000001 0.2808 0.5968 0.2804 0.6072 0.2852 0.6088 0.2888 0.608 0.2888 0.6152000000000001 0.2908 0.6216 0.296 0.6248 0.30119999999999997 0.624 0.3032 0.62 0.3064 0.6216 0.312 0.6224000000000001 0.3152 0.6208 0.31720000000000004 0.6144000000000001 0.3164 0.6088 0.31120000000000003 0.6016 0.3052 0.5984
11 0.23254209287925695 0.6890136095238095 0.2372399133126935 0.6874476690476191 0.26151198328173375 0.6498651083333333 0.2787373238390093 0.6154144285714286 0.2803032637770898 0.5927082976190476 0.27482247368421053 0.5778318678571428 0.2677757436532508 0.5660873178571428 0.25368228359133127 0.5519938571428572 0.2485929783281734 0.5472960369047619 0.238805853250774 0.5457300976190476 0.23175912321981423 0.5465130666666667 0.2270613027863777 0.5519938571428572 0.22314645263157895 0.5606065273809524 0.22392942291021672 0.5809637476190476 0.2145337826625387 0.6177633380952381 0.20592111269349844 0.6529969880952381 0.22079754303405572 0.6780520285714287 0.22784427306501548 0.6921454892857143 0.23254209287925695 0.6890136095238095
7 0.20320117461300308 0.6761754357142856 0.20354971888544893 0.6876773892857143 0.20668661547987616 0.6984822547619047 0.2160973040247678 0.7040589595238096 0.2213254650154799 0.6977851666666667 0.22341672941176471 0.6918599178571428 0.22515944953560374 0.685237580952381 0.22376527306501548 0.6814035964285714 0.22062837708978328 0.6772210678571428 0.21784002476780187 0.6709472750000001 0.21505167244582044 0.6657191154761906 0.2119147758513932 0.6597938666666667 0.20877787925696592 0.655262794047619 0.20842933560371518 0.6538686178571429 0.20598952693498454 0.6583996904761905 0.20389826315789475 0.6664162035714286 0.20320117461300308 0.6761754357142856
13 0.6671875318885448 0.6408008130952382 0.6432291665634675 0.6512112547619048 0.6119791665634675 0.6699500416666666 0.5015625157894736 0.7001403392857143 0.40989581733746133 0.6928530619047619 0.34843754798761606 0.6782784273809523 0.30156254798761606 0.6470471011904761 0.3067708811145511 0.6761963702380952 0.36614584953560375 0.7053455595238095 0.4828124842105263 0.7188791654761906 0.5567708811145511 0.7188791654761906 0.6140625479876161 0.6866068119047619 0.6692708334365325 0.6692708333333334 0.6671875318885448 0.6408008130952382
13 0.6151041987616099 0.5314911738095238 0.6234375634674922 0.5075471654761905 0.5755208334365325 0.5065061369047619 0.5098958811145511 0.5283680488095238 0.4661458334365325 0.536696394047619 0.4223958650154799 0.536696394047619 0.34947919876160993 0.5221218 0.36614584953560375 0.5450247797619048 0.4057292142414861 0.553353125 0.44947918266253867 0.5606404428571429 0.5015625157894736 0.5543941535714285 0.5507812501547987 0.5390625 0.6151041987616099 0.5314911738095238
