9 0.6428 0.7160000000000001 0.6384000000000001 0.6951999999999999 0.6348 0.68 0.632 0.6768 0.6224000000000001 0.6832 0.6112 0.688 0.602 0.6896 0.5976 0.6896 0.6 0.7016000000000001 0.602 0.7216 0.606 0.7512000000000001 0.6108 0.7807999999999999 0.6172 0.7992 0.6248 0.7983999999999999 0.6244 0.7839999999999999 0.62 0.7576 0.6176 0.7368 0.6172 0.72 0.6192 0.7063999999999999 0.626 0.7232000000000001 0.632 0.7432 0.6355999999999999 0.7568 0.6399999999999999 0.7752 0.646 0.78 0.6496000000000001 0.7624000000000001 0.6464 0.736 0.6428 0.7160000000000001
9 0.6884 0.6736 0.6844 0.6616000000000001 0.6811999999999999 0.6512 0.678 0.6392 0.674 0.6232000000000001 0.6708000000000001 0.6248 0.6688000000000001 0.6344 0.6672 0.6456 0.6612 0.6552000000000001 0.652 0.6664 0.6428 0.668 0.6376 0.6656000000000001 0.6396 0.6736 0.6484 0.6904 0.6567999999999999 0.7080000000000001 0.6644000000000001 0.7216 0.6756 0.7368 0.6816000000000001 0.7408 0.6844 0.7256 0.6764 0.7055999999999999 0.6712 0.6928 0.6656 0.6832 0.6724 0.6832 0.6776000000000001 0.692 0.6811999999999999 0.7055999999999999 0.686 0.7176 0.69 0.7152000000000001 0.6924 0.7088000000000001 0.6924 0.6991999999999999 0.6908000000000001 0.6896 0.6884 0.6736
9 0.42319999999999997 0.5384 0.4312 0.5416 0.43760000000000004 0.5568 0.4408 0.564 0.4392 0.5408 0.43839999999999996 0.504 0.4408 0.4624 0.4424 0.43679999999999997 0.43560000000000004 0.4296 0.4292 0.44480000000000003 0.42160000000000003 0.46559999999999996 0.41600000000000004 0.49039999999999995 0.412 0.5184 0.4108 0.5544 0.41400000000000003 0.5448 0.42319999999999997 0.5384
1 0.2768 0.628 0.2744 0.6408 0.2716 0.6591999999999999 0.2748 0.6696000000000001 0.2816 0.6768 0.2916 0.6839999999999999 0.3028 0.6911999999999999 0.312 0.6936 0.31920000000000004 0.6872 0.32639999999999997 0.6712 0.32759999999999995 0.6559999999999999 0.3236 0.6472 0.3168 0.6376 0.3124 0.6336 0.30360000000000004 0.6352 0.2996 0.6344 0.29000000000000004 0.628 0.2832 0.6256 0.2768 0.628
9 0.3024 0.7447999999999999 0.3072 0.7192000000000001 0.316 0.6936 0.3096 0.6936 0.2992 0.6888 0.2872 0.68 0.2784 0.672 0.2728 0.6664 0.268 0.6864 0.26 0.7080000000000001 0.2536 0.7336 0.2504 0.7536 0.2504 0.7672 0.2572 0.776 0.26599999999999996 0.7664 0.2708 0.7424 0.2776 0.7248 0.28240000000000004 0.7144 0.28400000000000003 0.7288 0.2816 0.7495999999999999 0.2768 0.7704 0.27 0.7824 0.2708 0.7992 0.2812 0.8032 0.2944 0.7776 0.3024 0.7447999999999999
25 0.4108 0.6216 0.4188 0.6288 0.4296 0.6312 0.4396 0.6304 0.44320000000000004 0.6176 0.442 0.588 0.4408 0.5648 0.4336 0.5456 0.424 0.536 0.4152 0.5424 0.41040000000000004 0.5568 0.4088 0.5728 0.40840000000000004 0.5936 0.40840000000000004 0.6095999999999999 0.4108 0.6216
1 0.6428 0.608 0.634 0.6160000000000001 0.63 0.628 0.6264 0.6336 0.618 0.6392 0.6092 0.644 0.5956 0.6512 0.59 0.6591999999999999 0.5908 0.6704 0.5944 0.6792 0.5984 0.688 0.6044 0.6904 0.6123999999999999 0.6888 0.6228 0.6832 0.632 0.6792 0.6336 0.6736 0.636 0.664 0.6416 0.6712 0.6516000000000001 0.6704 0.6604 0.6632 0.6683999999999999 0.6496 0.6712 0.6312 0.6716 0.6135999999999999 0.6708000000000001 0.5992 0.6664000000000001 0.5896 0.6584 0.588 0.6507999999999999 0.5984 0.6428 0.608
13 0.3653846154798761 0.7295673071428571 0.4362980767801858 0.7524038464285714 0.4879807690402477 0.7451923071428571 0.5408653845201239 0.7367788464285714 0.6033653845201239 0.7163461535714286 0.6875 0.671875 0.6850961535603716 0.6442307690476191 0.5817307690402477 0.7127403845238095 0.520432692260062 0.7271634619047619 0.3653846154798761 0.7163461535714286 0.22540900866873065 0.6427996488095238 0.25 0.6850961535714286 0.28725961547987616 0.7019230773809523 0.3425480767801858 0.7235576928571429 0.3653846154798761 0.7295673071428571
13 0.2259615386996904 0.44591346190476194 0.2896634613003096 0.503605769047619 0.3641826922600619 0.5252403845238095 0.4807692309597523 0.534855769047619 0.6033653845201239 0.49038461547619044 0.6598557690402478 0.47115384642857144 0.635817307739938 0.47836538452380956 0.5348557690402477 0.503605769047619 0.4411057690402477 0.5180288464285714 0.3918269232198142 0.512019230952381 0.3100961535603715 0.5048076928571429 0.2271634613003096 0.44350961547619044 0.2259615386996904 0.44591346190476194
11 0.6899038464396284 0.6418269226190477 0.7103365386996905 0.6802884619047619 0.7223557690402478 0.6430288464285714 0.713942307739938 0.5841346154761905 0.7055288464396284 0.5625 0.6538461535603716 0.5805288464285714 0.6899038464396284 0.6418269226190477
