1 0.33440781249999996 0.50691875 0.3851734375 0.50691875 0.3851734375 0.573584375 0.33440781249999996 0.573584375
1 0.38068760557916903 0.6063407159329856 0.3536329753849259 0.6635258578267691 0.27724177535765193 0.6273884589681823 0.3042965096705075 0.570203768764669
1 0.718690429345088 0.5713028192331207 0.7436118640813447 0.642405085434671 0.6648328285316438 0.6700133296885835 0.6399120541655066 0.5989116234691539
1 0.6732257828955426 0.4818831858001154 0.7432213048783751 0.4784388739047085 0.7468218423191502 0.5516034915196004 0.6768263218793891 0.5550477835236762
11 0.21998471548863563 0.6546668332907641 0.11822654554293877 0.6407526552672959 0.1336814007315752 0.5277477594421638 0.23543755168145708 0.541661799293593
11 0.2501202180594646 0.41467303007121054 0.1889849248043447 0.3999475241715215 0.22275681878090836 0.25974576550440553 0.2838912315741027 0.2744711595459936
11 0.9240472346754132 0.5648778370429621 0.9120788363919701 0.6795766275344925 0.8005865575820508 0.6679429116025233 0.8125560164949093 0.5532453064896287
11 0.7380306826270271 0.2869778599291835 0.7963946825416315 0.2669836220932444 0.8467589646511442 0.4139940793401018 0.7883950441105299 0.43398814959814225
9 0.36588550184967517 0.5091145789052558 0.35295222626803024 0.5097114621225459 0.3472331973943028 0.3857967491411049 0.360166252238173 0.3851998710622824
9 0.27473958281245814 0.7226562499999765 0.2693721101830988 0.7201792973749738 0.300622370665792 0.652471070959091 0.305989771565919 0.6549480042928865
9 0.3190102318818617 0.667968703680923 0.3297334246481114 0.6706490773037522 0.3089002665681164 0.7539824315644105 0.2981770828125718 0.751302082812512
9 0.29166666718754186 0.7148437499999911 0.28655823267797587 0.7114386265874432 0.3216145547537508 0.6588541484843804 0.32672293945120146 0.6622592491531151
9 0.7182295813317978 0.7710936579817749 0.7034773234170189 0.7743714432687523 0.6794270096100945 0.6661454130825609 0.6941789223500336 0.6628676675687224
9 0.7055579250709343 0.6628268277903299 0.7101813104269468 0.661033800060373 0.745508713815525 0.7521132716158571 0.7408853386129977 0.7539062804722934
9 0.7075134073489835 0.4478146162273623 0.7013091119290493 0.4479588950630437 0.6995249311951284 0.37123802814400014 0.7057291671875419 0.371093749999999