1 0.3389828123839009 0.521075 0.3326265622291022 0.5239828119047619 0.3287421876160991 0.5297968750000001 0.32591874984520125 0.530523438095238 0.32203437523219813 0.53125 0.3202687498452012 0.537790625 0.31815 0.550871875 0.31920937523219817 0.561773438095238 0.31956250030959754 0.5777609369047619 0.3248593752321981 0.5886625 0.33121406253869967 0.593023438095238 0.3372171876160991 0.600290625 0.3460453126934985 0.6075578119047619 0.35416718761609906 0.60174375 0.3605218749226006 0.5952031249999999 0.366525 0.5893890630952381 0.37040937523219813 0.5784890630952381 0.3746468749226006 0.5639531249999999 0.375 0.5486921880952381 0.37182187492260066 0.5421515619047619 0.36793749969040246 0.537790625 0.3644062501547987 0.533429688095238 0.3587578123839009 0.5261625 0.3538140625386997 0.5297968750000001 0.34816406253869964 0.529070311904762 0.34322031269349845 0.52325625 0.3389828123839009 0.521075
2 0.46045156222910216 0.52325625 0.4622171876160991 0.5268890630952381 0.4636296873065015 0.51816875 0.4632765622291022 0.5043609369047619 0.4600984377708979 0.506540625 0.45833281238390094 0.511628125 0.45833281238390094 0.51816875 0.46045156222910216 0.52325625
0 0.6857343752321982 0.4018890630952381 0.6839687498452013 0.4149703130952381 0.6832625003095976 0.4265984380952381 0.6832625003095976 0.43386562500000003 0.6867937498452013 0.44331406190476186 0.6910312501547987 0.44331406190476186 0.6913843752321981 0.42950625000000003 0.690325 0.4113375 0.6885593752321981 0.39244218809523806 0.6857343752321982 0.4018890630952381
2 0.5974578123839009 0.6111921880952381 0.6016953126934984 0.6162796869047619 0.6024015622291021 0.605378125 0.6006359374613003 0.593023438095238 0.5967515622291022 0.5879359380952381 0.5935734377708978 0.5952031249999999 0.5935734377708978 0.605378125 0.5974578123839009 0.6111921880952381
2 0.6946142637770898 0.5273975321428571 0.6837825089783282 0.5294820809523809 0.6812828390092879 0.537403355952381 0.6837825089783282 0.5432400988095238 0.6908648222910216 0.5428231952380952 0.6929478594427245 0.5424062761904762 0.6954475294117648 0.5469922928571429 0.7008633752321981 0.5457415511904762 0.7033630452012384 0.5407386464285714 0.7058627151702785 0.5344850011904761 0.7100287894736842 0.5311497107142857 0.7154446352941176 0.5286482583333333 0.7175276724458205 0.5228115154761905 0.7183609380804953 0.516557869047619 0.7150280656346749 0.511971869047619 0.7046128804953561 0.5186424178571428 0.6946142637770898 0.5273975321428571
2 0.6758669300309598 0.45527215 0.675450360371517 0.4694470714285714 0.6804496371517028 0.47570071785714285 0.6858655461300309 0.46402724880952384 0.6875319504643963 0.45235377857142856 0.6865624984520123 0.44385416666666666 0.682949307120743 0.4481846738095238 0.6758669300309598 0.45527215
2 0.6779499665634675 0.4786190892857143 0.6704511157894737 0.4832050904761905 0.6592026643962849 0.4852896392857143 0.6546199572755418 0.4915432845238095 0.6542033560371517 0.49487857500000004 0.6542033560371517 0.5007153023809524 0.6546199572755418 0.5040505773809524 0.6592026643962849 0.5044674964285715 0.6633687386996905 0.501549125 0.6679514142414861 0.5048844 0.6683680148606811 0.505301319047619 0.6796164346749225 0.5107211428571429 0.6837825089783282 0.4990476726190476 0.6891984179566564 0.5019660285714286 0.6950308965944272 0.4882080095238095 0.6983637690402477 0.4740330880952381 0.6983637690402477 0.46152579642857144 0.6902083318885448 0.456875 0.6850323436532507 0.46569489404761905 0.6779499665634675 0.4786190892857143
2 0.3809088916408669 0.4898756559523809 0.37840923715170277 0.49946457619047624 0.37674281733746134 0.5094704166666667 0.3763262 0.523645338095238 0.3792424551083592 0.5324004523809523 0.38299192879256966 0.5349019047619048 0.38799122105263156 0.5319835333333334 0.3954901510835913 0.5265637095238095 0.4021558637770898 0.525729886904762 0.407571772755418 0.5203100630952381 0.41340428359133125 0.5123887714285714 0.41173784705882355 0.5073858678571429 0.4063219380804953 0.5061351261904762 0.3996562253869969 0.5036336738095238 0.3967399702786378 0.5007153023809524 0.3959067523219814 0.49404475238095236 0.3967399702786378 0.4840389130952381 0.3954901510835913 0.4790359928571429 0.39229166501547985 0.47562499999999996 0.3842417473684211 0.47820218571428574 0.3809088916408669 0.4898756559523809
2 0.34424744086687303 0.48862492976190475 0.34674707925696596 0.4832050904761905 0.3409145690402477 0.48028673452380954 0.3329990371517028 0.4794529119047619 0.3246668891640867 0.4765345404761905 0.31883437832817335 0.47361616904761905 0.3192509956656347 0.4619427 0.31966759690402474 0.4506861333333333 0.31425170340557274 0.4369281154761905 0.3063361560371517 0.43942957499999996 0.3013368637770898 0.4536045047619048 0.296337586996904 0.47361616904761905 0.2996704433436532 0.4919602035714286 0.30675277275541796 0.497796930952381 0.31341848544891643 0.4919602035714286 0.318001160371517 0.4944616559523809 0.3250834897832817 0.48862492976190475 0.33799833003095975 0.49029255833333335 0.34424744086687303 0.48862492976190475
11 0.713361598142415 0.32464689761904764 0.7196107095975232 0.34757693333333334 0.721693746749226 0.3667547904761905 0.7233602142414861 0.3909355523809524 0.7250266185758514 0.39677227976190477 0.7379414743034055 0.39802302142857143 0.7512728990712074 0.38885100357142854 0.7583552130030959 0.3767606154761905 0.760021680495356 0.3567489511904762 0.7654375263157894 0.34090638333333334 0.7508562662538699 0.3067197821428571 0.742107548606811 0.28629120595238094 0.7371082724458204 0.2637780738095238 0.736691639628483 0.24334949761904762 0.7346086024767802 0.2345943964285714 0.7191941399380806 0.24043113928571427 0.7167708315789474 0.2626041666666667 0.7112785609907121 0.29963231309523813 0.713361598142415 0.32464689761904764
11 0.23301324705882354 0.31380724285714284 0.22593092569659443 0.33090054404761904 0.22634753498452012 0.35049530476190477 0.22676413622291022 0.36383641904761904 0.2346796835913313 0.37592679285714287 0.24259522291021673 0.3809297119047619 0.2521771907120743 0.39051863333333336 0.25759309164086686 0.39677227976190477 0.2663418414860681 0.39135245595238094 0.27217434365325077 0.37259151785714284 0.27217434365325077 0.3596673226190476 0.27259096099071206 0.3484107559523809 0.27259096099071206 0.3313174630952381 0.27384077956656344 0.32006089642857144 0.2771736359133127 0.2975477642857143 0.27800685386996904 0.28629120595238094 0.27634041795665637 0.2754515511904762 0.27092452445820436 0.26127662142857144 0.26842487863777087 0.2562737011904762 0.25800969287925696 0.2554398785714286 0.24906249845201237 0.263125 0.24342843281733745 0.29296175595238094 0.23301324705882354 0.31380724285714284
11 0.21093305696594425 0.5237115916666667 0.18926947182662537 0.5274637702380952 0.19093589969040245 0.5470585309523809 0.20260090835913314 0.5574812738095238 0.20760020061919504 0.5641518392857142 0.2096832377708978 0.5733238416666666 0.206350373374613 0.583329680952381 0.19926804829721362 0.5845804071428572 0.19676840185758515 0.5845804071428572 0.19510197399380808 0.5941693285714286 0.2051005547987616 0.605425894047619 0.21551573993808051 0.6166824928571428 0.23176342848297213 0.6229361380952381 0.24134539566563468 0.6283559297619048 0.2500941535603715 0.6346095761904762 0.2588429108359133 0.629606655952381 0.26717505944272446 0.6125133952380952 0.2696747052631579 0.5995891678571429 0.2650920222910217 0.5829127773809524 0.2642588043343653 0.5704054857142857 0.26842487863777087 0.5449739821428571 0.26842487863777087 0.5395541583333333 0.26175916594427245 0.5274637702380952 0.2571764829721362 0.5228777690476191 0.2469791653250774 0.5230208333333333 0.23259664643962846 0.5237115916666667 0.21093305696594425 0.5237115916666667
11 0.7346086024767802 0.5704054857142857 0.7312757300309597 0.5887495047619047 0.7300258953560372 0.6116795404761906 0.7350252352941177 0.621685380952381 0.7512728990712074 0.6225192035714285 0.7637711219814242 0.6254375583333334 0.7766859777089784 0.6354434309523809 0.7875177325077399 0.6425308678571428 0.7966830829721362 0.6396125285714286 0.7991827529411765 0.6279390261904763 0.7858513281733747 0.6029244416666667 0.7796022167182662 0.5945862476190477 0.7904339715170279 0.5799944059523809 0.8075149015479876 0.5770760357142858 0.8116809758513931 0.565819469047619 0.7991827529411765 0.5512276285714286 0.7837682910216718 0.5420556107142857 0.7729364724458204 0.5249623178571429 0.7633544891640868 0.5112042916666667 0.755438973374613 0.5057844833333334 0.7464583318885448 0.5094791666666666 0.7416909157894737 0.5337174154761904 0.7346086024767802 0.5704054857142857
13 0.6567029944272447 0.45158620119047616 0.6396220965944271 0.45492147619047624 0.6108761777089783 0.46701186547619045 0.612126012383901 0.4828544476190476 0.6329563839009288 0.4770176976190476 0.6480208315789473 0.47562499999999996 0.6567029944272447 0.45158620119047616
13 0.3155015226006192 0.4473508583333333 0.335915292879257 0.45485523095238095 0.3504965523219814 0.458607425 0.38340852941176473 0.47111471666666666 0.38299192879256966 0.45318760119047624 0.34633047801857586 0.4469339630952381 0.31758455975232197 0.43192519523809525 0.3001041653250774 0.42822916666666666 0.3000870445820433 0.4444324869047619 0.3155015226006192 0.4473508583333333
13 0.40340568297213625 0.6270389666666666 0.4179869585139319 0.6328757095238094 0.429235346130031 0.639963161904762 0.44381660619195046 0.6407969690476191 0.46006430216718264 0.6424646142857142 0.47922823777089785 0.6470506142857143 0.4988088055727554 0.6491351630952381 0.5438023882352941 0.6491351630952381 0.5775475839009288 0.6470506142857143 0.6000443907120743 0.6374617095238095 0.6217079962848298 0.6291235154761905 0.6392054953560371 0.6170331261904761 0.689614987616099 0.5853479928571429 0.6821160408668732 0.5749252333333333 0.6562863931888545 0.5932692833333334 0.6300401448916408 0.607861125 0.6208747622291022 0.6166162226190476 0.6025440291021672 0.6241205785714287 0.5887960030959752 0.6291235154761905 0.5767143814241487 0.6349602583333334 0.561299919504644 0.6387124202380952 0.5317207665634675 0.6412139035714286 0.49006002414860683 0.6395462583333332 0.4633971746130031 0.6345433226190477 0.43673429287925697 0.6324587738095238 0.4204865969040248 0.625788225 0.4104880123839009 0.6182838678571428 0.4001041653250774 0.6068749999999999 0.39132407678018577 0.6224529654761906 0.40340568297213625 0.6270389666666666
9 0.30925241114551083 0.6479507226190476 0.3013368637770898 0.6817203892857143 0.31341848544891643 0.6475337880952382 0.3238336705882353 0.6225192035714285 0.3334156383900929 0.6020906190476191 0.3304993832817337 0.5945862476190477 0.3250834897832817 0.608761169047619 0.30925241114551083 0.6479507226190476
9 0.34299760619195047 0.6325250273809524 0.3325824204334365 0.7125717166666666 0.3434142229102167 0.6708807428571428 0.34799689845201237 0.6275221071428572 0.34841351517027863 0.6050089904761905 0.34177083157894733 0.6068749999999999 0.34299760619195047 0.6158486380952382 0.34299760619195047 0.6325250273809524
