2 0.2952609374613003 0.5828484380952381 0.29243281238390095 0.5813953130952382 0.2896046873065015 0.5813953130952382 0.28748281238390094 0.5879359380952381 0.2853609374613003 0.594476561904762 0.286775 0.603925 0.2896046873065015 0.600290625 0.291725 0.6031984380952381 0.29349374984520127 0.5981109369047619 0.2949078123839009 0.59375 0.2959687498452012 0.5886625 0.2952609374613003 0.5828484380952381
2 0.29950468730650154 0.614098438095238 0.30197968730650154 0.6155515619047619 0.3041015622291022 0.6126453119047619 0.3065765622291022 0.61191875 0.3101125003095975 0.614098438095238 0.3125890625386997 0.6126453119047619 0.3118812501547988 0.6075578119047619 0.3090515622291022 0.603925 0.30587031269349846 0.6010171880952381 0.30304062476780186 0.59665625 0.29915156222910216 0.595929688095238 0.29561562476780184 0.5981109369047619 0.2949078123839009 0.605378125 0.29702968730650153 0.6075578119047619 0.29950468730650154 0.6090109369047619 0.29950468730650154 0.614098438095238
2 0.33026874984520127 0.603925 0.3277937498452012 0.608284375 0.3285 0.61700625 0.3316828123839009 0.619185938095238 0.33627968730650154 0.619185938095238 0.33981562476780186 0.6177328119047619 0.34052343777089783 0.613371875 0.34017031269349846 0.608284375 0.3380484377708978 0.6031984380952381 0.33380468730650154 0.6010171880952381 0.33026874984520127 0.603925
2 0.34547343777089784 0.6206390619047619 0.3490093752321981 0.6199125 0.350425 0.614825 0.3525453126934985 0.6162796869047619 0.3550218749226006 0.6162796869047619 0.3550218749226006 0.610465625 0.35325312507739937 0.6046515619047619 0.3497171876160991 0.60174375 0.3468875003095975 0.6024703130952381 0.3433515622291022 0.60174375 0.3408765622291022 0.6090109369047619 0.33910937523219814 0.6126453119047619 0.3387546873065016 0.6199125 0.3419375003095975 0.62209375 0.34547343777089784 0.6206390619047619
1 0.3635078123839009 0.587209375 0.36421562476780184 0.594476561904762 0.36492187492260064 0.6031984380952381 0.3663359374613003 0.6126453119047619 0.36916562476780185 0.6177328119047619 0.37340937523219814 0.6199125 0.37942031269349846 0.619185938095238 0.38578437523219816 0.614098438095238 0.3882609374613003 0.603925 0.3886140625386997 0.5952031249999999 0.38755312507739936 0.583575 0.38543125015479873 0.5763078119047619 0.3829562501547987 0.572675 0.37835937523219815 0.572675 0.37447031269349845 0.574128125 0.3719937498452012 0.5799421880952381 0.3684578123839009 0.582121875 0.3659828123839009 0.5828484380952381 0.3635078123839009 0.587209375
2 0.38755312507739936 0.6177328119047619 0.3900281250773994 0.622820311904762 0.39639374984520126 0.621365625 0.40594062476780185 0.6177328119047619 0.41089062476780186 0.6199125 0.41265937523219814 0.613371875 0.4112453126934984 0.6075578119047619 0.40594062476780185 0.605378125 0.40169687492260064 0.603925 0.3971 0.605378125 0.3978078123839009 0.5988375 0.394625 0.591570311904762 0.3900281250773994 0.59084375 0.38896718761609905 0.600290625 0.3879062501547988 0.6090109369047619 0.38755312507739936 0.6177328119047619
2 0.3118812501547988 0.6606109380952381 0.3069312501547988 0.657703125 0.3026874996904025 0.656976561904762 0.2987984377708978 0.652615625 0.2963218749226006 0.654070311904762 0.2959687498452012 0.659884375 0.29314062476780184 0.6613375 0.29243281238390095 0.667151561904762 0.29349374984520127 0.672965625 0.2949078123839009 0.677325 0.29809062476780185 0.675871875 0.30304062476780186 0.6780515619047619 0.3065765622291022 0.6780515619047619 0.30869843777089784 0.675871875 0.31117343777089784 0.6787796869047619 0.3132953126934984 0.672965625 0.316125 0.6715109369047619 0.3196609374613003 0.6736921880952381 0.3221359374613003 0.67950625 0.32425781238390095 0.6736921880952381 0.3253187498452012 0.6627906250000001 0.32178281238390094 0.6627906250000001 0.3182468749226006 0.65915625 0.3118812501547988 0.6606109380952381
2 0.36492187492260064 0.6656984380952381 0.3606796873065016 0.6656984380952381 0.3564359374613003 0.667151561904762 0.3525453126934985 0.6635171880952381 0.34865625015479873 0.6656984380952381 0.34405937523219815 0.6606109380952381 0.34017031269349846 0.6613375 0.3394624996904025 0.67441875 0.34512031269349847 0.67950625 0.34512031269349847 0.691134375 0.3472421876160991 0.699128125 0.35113125015479874 0.7027609369047619 0.3539609374613003 0.6998546880952381 0.3550218749226006 0.6918609380952381 0.35572812507739937 0.683865625 0.3596187498452012 0.685320311904762 0.3620937498452012 0.6824125 0.3620937498452012 0.676598438095238 0.36527656222910215 0.6780515619047619 0.36527656222910215 0.685320311904762 0.36456874984520127 0.689679688095238 0.3698734377708978 0.689679688095238 0.3719937498452012 0.675871875 0.36775156222910216 0.667878125 0.36492187492260064 0.6656984380952381
2 0.38755312507739936 0.6751453119047619 0.3872 0.667878125 0.3829562501547987 0.6700578119047619 0.3836640625386997 0.677325 0.38578437523219816 0.6802328119047619 0.38755312507739936 0.6751453119047619
2 0.4009906247678019 0.6802328119047619 0.4002828123839009 0.6751453119047619 0.39639374984520126 0.6736921880952381 0.39639374984520126 0.6809593749999999 0.3985156247678019 0.6875 0.4009906247678019 0.6802328119047619
2 0.4133656247678018 0.6802328119047619 0.4133656247678018 0.688953125 0.41654843777089784 0.69040625 0.41973125015479873 0.6947671880952381 0.4222062501547988 0.69549375 0.4243281250773994 0.6925875 0.4222062501547988 0.6875 0.41867031269349847 0.681685938095238 0.41548749969040244 0.67950625 0.4133656247678018 0.6802328119047619
2 0.4243281250773994 0.7049421880952381 0.4222062501547988 0.7100296869047619 0.42574218761609905 0.7136625 0.42821718761609906 0.707848438095238 0.4278640625386997 0.7013078119047619 0.4250359374613003 0.697675 0.4243281250773994 0.7049421880952381
2 0.46782187492260063 0.6031984380952381 0.4657 0.6075578119047619 0.46534687492260063 0.614825 0.4688828123839009 0.62209375 0.4710046873065015 0.614825 0.4710046873065015 0.6075578119047619 0.46782187492260063 0.6031984380952381
2 0.49186718761609904 0.61191875 0.49257500000000004 0.621365625 0.4964640625386997 0.626453125 0.5007078123839009 0.62790625 0.5017687498452013 0.6162796869047619 0.502475 0.6031984380952381 0.49787812507739937 0.5981109369047619 0.49151406253869967 0.60174375 0.49186718761609904 0.61191875
2 0.5254593752321981 0.6344484380952381 0.5279343752321981 0.6300875 0.5282890625386997 0.625 0.5304109374613003 0.621365625 0.5304109374613003 0.6126453119047619 0.5279343752321981 0.605378125 0.523692187616099 0.5981109369047619 0.521217187616099 0.6031984380952381 0.5194484377708978 0.6097390630952381 0.5194484377708978 0.6162796869047619 0.5201562501547987 0.623546875 0.5222765622291021 0.630814061904762 0.5254593752321981 0.6344484380952381
2 0.5632953126934985 0.685320311904762 0.562942187616099 0.6918609380952381 0.5632953126934985 0.697675 0.566125 0.7013078119047619 0.5675390625386997 0.6947671880952381 0.5668312501547987 0.686046875 0.5632953126934985 0.685320311904762
2 0.5703671876160991 0.6802328119047619 0.5707218749226006 0.689679688095238 0.5781468749226006 0.6875 0.5799156247678018 0.6925875 0.5834515622291022 0.6875 0.5830968749226006 0.6824125 0.5799156247678018 0.6809593749999999 0.5774406247678019 0.6780515619047619 0.5739031250773994 0.6780515619047619 0.5703671876160991 0.6802328119047619
2 0.5898156247678018 0.625 0.5940593752321981 0.627179688095238 0.599717187616099 0.6293609380952381 0.6043140625386997 0.6315406250000001 0.6064359374613003 0.627179688095238 0.6057281250773994 0.6199125 0.6046671876160991 0.6126453119047619 0.6036062501547987 0.6075578119047619 0.6000703126934984 0.60683125 0.5954734377708979 0.608284375 0.5929984377708979 0.6162796869047619 0.5884015622291021 0.614098438095238 0.5788546873065016 0.6177328119047619 0.5788546873065016 0.625 0.5852187498452013 0.625 0.5898156247678018 0.625
1 0.6000703126934984 0.59084375 0.5990093752321981 0.5981109369047619 0.5990093752321981 0.603925 0.6014843752321981 0.6075578119047619 0.6046671876160991 0.61191875 0.6074968749226006 0.6184593749999999 0.6131546873065016 0.625 0.6177515622291022 0.6293609380952381 0.6219937498452013 0.627179688095238 0.6251765622291022 0.62209375 0.6272984377708979 0.613371875 0.6272984377708979 0.6024703130952381 0.629067187616099 0.595929688095238 0.6258843752321982 0.5893890630952381 0.6216406247678019 0.58575625 0.6166906247678019 0.58575625 0.6096187498452013 0.58575625 0.6046671876160991 0.5864828119047619 0.6000703126934984 0.59084375
2 0.5961812501547987 0.69040625 0.5972421876160992 0.6809593749999999 0.5965343752321981 0.675871875 0.5933515622291022 0.675871875 0.5905234377708978 0.6780515619047619 0.5915843752321982 0.6831390619047619 0.5933515622291022 0.6875 0.5961812501547987 0.69040625
2 0.6513437498452012 0.66933125 0.6541718749226006 0.6686046880952381 0.6538187498452013 0.656976561904762 0.647807812383901 0.658429688095238 0.6435640625386997 0.6613375 0.638967187616099 0.6613375 0.634017187616099 0.6635171880952381 0.6304812501547987 0.662064061904762 0.6272984377708979 0.6627906250000001 0.6262374996904024 0.6656984380952381 0.6202265622291021 0.6656984380952381 0.615982812383901 0.670784375 0.6085578123839009 0.6686046880952381 0.605375 0.6715109369047619 0.602192187616099 0.66933125 0.599717187616099 0.666425 0.5975953126934985 0.667878125 0.6000703126934984 0.6802328119047619 0.6043140625386997 0.6831390619047619 0.6085578123839009 0.686773438095238 0.6096187498452013 0.697675 0.6156296873065016 0.698401561904762 0.6181046873065015 0.704215625 0.6188125003095976 0.6947671880952381 0.6227015622291021 0.685320311904762 0.6244703126934984 0.677325 0.6283593752321981 0.67950625 0.6336640625386997 0.67950625 0.639675 0.6802328119047619 0.6403812501547987 0.6940406250000001 0.6449781250773994 0.6969484380952381 0.6467468749226005 0.688953125 0.6467468749226005 0.676598438095238 0.6456859374613003 0.6715109369047619 0.6513437498452012 0.66933125
2 0.6831687498452012 0.641715625 0.6775109374613004 0.646075 0.6743281250773994 0.6497093749999999 0.6718531250773995 0.646075 0.6672562501547988 0.650435938095238 0.6672562501547988 0.65915625 0.6640734377708978 0.6635171880952381 0.6697312501547987 0.6686046880952381 0.6753890625386997 0.6635171880952381 0.6817531250773994 0.667878125 0.6806937498452013 0.675871875 0.6831687498452012 0.68459375 0.6895328123839009 0.6787796869047619 0.6987265622291021 0.67950625 0.7068593752321981 0.667151561904762 0.7036781250773995 0.6497093749999999 0.705092187616099 0.6409890630952381 0.6990812501547988 0.6388078119047619 0.6955453126934984 0.6388078119047619 0.6923625003095976 0.6438953119047619 0.6895328123839009 0.6409890630952381 0.6859968749226006 0.6424421880952381 0.6831687498452012 0.641715625
2 0.6403812501547987 0.6075578119047619 0.6368453126934985 0.6090109369047619 0.6354312501547988 0.614098438095238 0.6357843752321982 0.62209375 0.6425031250773994 0.62209375 0.6456859374613003 0.6184593749999999 0.6485156247678019 0.62790625 0.655232812383901 0.625 0.6580625003095975 0.62790625 0.6573546873065015 0.6155515619047619 0.6626593752321982 0.614825 0.6669031250773995 0.6177328119047619 0.6700843752321981 0.613371875 0.668317187616099 0.5995640619047619 0.6623062501547987 0.5952031249999999 0.6566484377708979 0.5995640619047619 0.6538187498452013 0.6046515619047619 0.650282812383901 0.6010171880952381 0.6470999999999999 0.5995640619047619 0.644625 0.603925 0.6403812501547987 0.6075578119047619
2 0.6934234377708979 0.5850296869047619 0.6898874996904025 0.587209375 0.6891796873065015 0.593023438095238 0.6867046873065016 0.59375 0.6810468749226006 0.594476561904762 0.6775109374613004 0.597384375 0.6771562501547987 0.614098438095238 0.6838750000000001 0.6162796869047619 0.6888265622291021 0.6075578119047619 0.6930687498452013 0.6111921880952381 0.6969593752321981 0.6075578119047619 0.7015562501547987 0.6031984380952381 0.7057984377708979 0.5981109369047619 0.71075 0.5952031249999999 0.713225 0.5893890630952381 0.7114562501547987 0.58066875 0.7100421876160992 0.574128125 0.7061531250773994 0.572675 0.7015562501547987 0.574128125 0.6990812501547988 0.574128125 0.6966046873065016 0.5712203130952381 0.6934234377708979 0.574128125 0.6937765622291021 0.5799421880952381 0.6934234377708979 0.5850296869047619
9 0.3712874996904025 0.480378125 0.36775156222910216 0.49273281190476187 0.3670437498452013 0.5109015619047619 0.36739687492260065 0.5297968750000001 0.36739687492260065 0.5486921880952381 0.3666906247678019 0.5668609369047619 0.3659828123839009 0.5799421880952381 0.36881249969040253 0.5813953130952382 0.3723484377708978 0.5777609369047619 0.37588437523219814 0.5748546869047618 0.38083437523219815 0.572675 0.3840171876160991 0.5784890630952381 0.3872 0.582121875 0.3872 0.569040625 0.3836640625386997 0.547965625 0.38118750030959747 0.53125 0.38083437523219815 0.5218015619047619 0.37906718761609903 0.5109015619047619 0.37906718761609903 0.49927343809523805 0.37942031269349846 0.48982499999999995 0.37942031269349846 0.4781984380952381 0.3772984377708979 0.4709296880952381 0.37411562476780186 0.47165625000000005 0.3712874996904025 0.480378125
9 0.6195187498452013 0.4847390630952381 0.6177515622291022 0.49927343809523805 0.6173968749226006 0.514534375 0.6149218749226006 0.530523438095238 0.6128 0.5421515619047619 0.6099718749226006 0.560320311904762 0.6050218749226006 0.574128125 0.6018390625386997 0.5864828119047619 0.6057281250773994 0.587209375 0.6096187498452013 0.5886625 0.6142156247678018 0.587209375 0.6195187498452013 0.58575625 0.6230546873065016 0.5879359380952381 0.6280062501547987 0.591570311904762 0.6276515622291022 0.5843015619047619 0.6294203126934985 0.5734015619047619 0.6308343752321981 0.564679688095238 0.629067187616099 0.5515984380952381 0.6297734377708979 0.5356109369047619 0.629067187616099 0.5188953130952382 0.629067187616099 0.503634375 0.6287124996904024 0.4890984380952381 0.6258843752321982 0.4796515619047619 0.6219937498452013 0.47601718809523813 0.6195187498452013 0.4847390630952381
11 0.22270603777089784 0.6971162964285714 0.23121217151702786 0.7067823571428572 0.23739845015479877 0.7118087083333333 0.2544107170278638 0.7234079809523809 0.2663966321981424 0.7319141142857143 0.27683597770897833 0.7377137511904761 0.28456882600619193 0.7268877630952382 0.28456882600619193 0.6928632297619048 0.27876919009287926 0.641439786904762 0.274129480495356 0.6364134345238095 0.26948977151702785 0.637573361904762 0.2609836383900929 0.6433729988095238 0.25209086253869967 0.6483993499999999 0.24358472879256968 0.6514924892857142 0.23507859566563466 0.6522657738095238 0.22811903219814242 0.6549722714285714 0.22115946811145512 0.6588386952380952 0.21806632879256965 0.6638650476190476 0.21767968668730647 0.6746910357142857 0.218839613622291 0.6835838107142858 0.22115946811145512 0.6928632297619048 0.22270603777089784 0.6971162964285714
11 0.7176083442724459 0.6665715440476191 0.7145152049535605 0.6700513261904762 0.7091022111455109 0.6758509619047618 0.7075556414860682 0.6889968047619047 0.705235786996904 0.7044625023809524 0.7207014842105263 0.7164484178571429 0.7415801752321981 0.7214747690476191 0.7500863083591331 0.7241812654761905 0.7713516421052632 0.7338473261904761 0.7744447814241485 0.7199281988095239 0.7744447814241485 0.7106487809523809 0.7810177027863777 0.6986628654761905 0.7794711331269351 0.6820372416666667 0.7744447814241485 0.6708246107142857 0.7674852179566564 0.6630917619047619 0.7578191572755417 0.6565188416666666 0.7450599566563467 0.6286805869047618 0.7388736780185758 0.615534744047619 0.7346206111455109 0.6143748166666666 0.7319141145510836 0.6178545988095239 0.7288209752321981 0.6240408773809524 0.7257278352941177 0.6333202952380953 0.722248053869969 0.6425997142857143 0.7203148414860682 0.6511058476190476 0.719928199380805 0.66115855 0.7176083442724459 0.6665715440476191
13 0.4390625157894737 0.7240843869047618 0.4171875318885449 0.7188791654761906 0.37968754798761606 0.7063865880952381 0.32031249969040243 0.6918120333333334 0.3140625157894737 0.7147149738095239 0.31927084953560375 0.7272074714285715 0.36302081733746133 0.7261664428571429 0.43359374984520127 0.7369791666666666 0.4390625157894737 0.7240843869047618
13 0.6619791987616098 0.6928530619047619 0.6151041987616099 0.7136739452380952 0.6182292303405572 0.7334537999999999 0.6755208972136223 0.7188791654761906 0.6619791987616098 0.6928530619047619
13 0.5484375157894736 0.5710508845238096 0.5234375003095976 0.5710508845238096 0.47760415046439625 0.5814613261904762 0.4369792142414861 0.5720919916666667 0.39427081733746133 0.5710508845238096 0.39635419876160993 0.5804202583333333 0.4078125157894737 0.5825024333333334 0.4713541665634675 0.5960359202380953 0.5078124996904024 0.5960359202380953 0.5507812501547987 0.5885416666666666 0.5484375157894736 0.5710508845238096
