0 0.32200000000000273 0.6279999999999857 0.3155143105913112 0.626117270831769 0.32768246216971875 0.5842048620070923 0.33416810233927663 0.5860875835593301
0 0.3323999990637958 0.5911999999853738 0.3382860622791668 0.5912919593225059 0.33774859664788437 0.6256898113780295 0.33186253343887984 0.625597852334726
1 0.4621136545184754 0.5098093778941168 0.5295587234732011 0.5075614162744652 0.5325957867767102 0.5986735263085823 0.46515071867816005 0.6009214705875574
2 0.33807594707218414 0.559661520249771 0.32146420854894586 0.5822323585756737 0.28164515951118574 0.5529289210960208 0.29825686250001127 0.5303581781250353
2 0.3806538210576491 0.5663079485005791 0.38408623161876676 0.6142620544896609 0.3442693180339802 0.6171115339740754 0.3408370902856177 0.5691575983459235
11 0.28936468608821997 0.6867490808381742 0.2401800149252722 0.6883355123006627 0.23467047828876275 0.51751986143378 0.28385367910482273 0.5159334529486916
11 0.2538114124037065 0.3141919948771582 0.3000196319827637 0.3198698676085938 0.28122545125131637 0.4728159335456268 0.23501724127334 0.4671381127624946
11 0.7942589013448469 0.6912489279766029 0.7367705360768468 0.6942743004254176 0.7286359356963885 0.5397042204773883 0.7861227029205793 0.5366788889995721
2 0.671355780507497 0.5739524123443428 0.6713558982285122 0.6109691939659849 0.6311497461750832 0.61096917943939 0.6311497626909386 0.5739525319464573
2 0.6893340437500228 0.5878337609375058 0.6717069139576779 0.5708245310044718 0.7037096848201827 0.5376624675545532 0.7213367411033005 0.5546716299621657
2 0.7318546261209349 0.501175636230741 0.6959029831559747 0.5148130548316028 0.681576405739861 0.4770471538643425 0.7175278531249205 0.46340977656251764
2 0.6523504392007453 0.5008864503421974 0.6757454367490254 0.49475805495068426 0.6838203520585466 0.5255814208752568 0.6604253602648669 0.5317098009947985
9 0.5144230765625 0.3918269234375 0.51923076875 0.3918269234375 0.51923076875 0.5 0.5144230765625 0.5
2 0.2670110544055433 0.4693515941241959 0.28498092896234084 0.4498805698681642 0.3217369216200723 0.48380051703112803 0.3037671199641636 0.5032714706503175
2 0.3575143993778056 0.5266149979970919 0.3123582502038289 0.5201629288595696 0.3199270170159707 0.46719683654608235 0.36508280565487894 0.47364887950627726