1 0.311528125 0.43677343750000003 0.3564359375 0.43677343750000003 0.3564359375 0.5058140625 0.311528125 0.5058140625
1 0.6852651923402391 0.5176524462902472 0.6365657896765242 0.5233707587129144 0.6286049925349744 0.45557623817807774 0.6773039011796982 0.4498579552953649
2 0.6925228370296281 0.5050282738510852 0.6775830418083615 0.48921812180408497 0.7126329296523863 0.4561001124852586 0.7275726765856234 0.47191020887453633
2 0.6647715175259918 0.5546218686794805 0.6636236289757562 0.5848570601590886 0.6310268156046277 0.5836195356105754 0.6321747861767335 0.5533844291379824
2 0.7191495221443347 0.5645961070697753 0.6787233970716215 0.5665839411520978 0.6774605190455532 0.5409018826437746 0.7178864703230374 0.5389140528274624
11 0.7911873426298826 0.6582915507567243 0.7205511735173786 0.6560132182036726 0.7248207562809057 0.5236857066172022 0.7954552303169748 0.5259640116721942
2 0.2774132808013974 0.5087942780734752 0.27315790710758847 0.4785277110843538 0.3054223256065143 0.47399177731323155 0.30967776058150775 0.504258270353474
2 0.3795426620933995 0.4902692062090607 0.35647365337490555 0.49122069880680025 0.354885477926814 0.4527162054608319 0.3779543576386004 0.45176471554716846
2 0.37910518614557986 0.491619253150367 0.3791052622217421 0.44864193464521346 0.40443293071439257 0.4486420072772883 0.4044329328086178 0.4916192469256317
2 0.30867226719226437 0.5316753142130749 0.3095815153401418 0.5607655217373582 0.2698090890013418 0.5620084129632373 0.2688999400080547 0.5329183012604797
2 0.35481250187024216 0.564890571059382 0.319792071035522 0.5594298452364945 0.3241307917883205 0.5316080694994589 0.3591510615701736 0.5370687825712389
11 0.2311836849513611 0.5196676058483684 0.29226528336050706 0.6357106418130845 0.23408464114538674 0.666331233951958 0.17300385221142278 0.5502888944237483
9 0.6478365390625 0.3509615390625 0.65625 0.3509615390625 0.65625 0.44831730781249995 0.6478365390625 0.44831730781249995
9 0.6656179022733113 0.36980346881940734 0.67545246838597 0.37055993387559477 0.6696903344603697 0.44546800058729336 0.6598557687500488 0.4447115390625032