11 0.24274531269349844 0.6623890630952382 0.2536765622291022 0.636948436904762 0.24632343777089782 0.600184375 0.2518374996904025 0.5588234369047619 0.24386093746130033 0.547990625 0.22767812507739937 0.549665625 0.21047812507739938 0.5579046880952381 0.18474218761609906 0.56158125 0.17243281238390093 0.577009375 0.15992656222910218 0.6075375 0.16084531269349844 0.630514063095238 0.20220625015479876 0.6424625 0.21783125015479876 0.650735936904762 0.24274531269349844 0.6623890630952382
11 0.25899374984520124 0.32316875 0.23693593746130032 0.34338906309523815 0.22131093746130032 0.3691234380952381 0.21120000000000003 0.40404999999999996 0.22682500000000003 0.4307046880952381 0.24274531269349844 0.44754531190476193 0.25531718761609906 0.44357343809523814 0.26450937523219814 0.4159984369047619 0.26450937523219814 0.379234375 0.25899374984520124 0.32316875
11 0.7270218749226006 0.319853125 0.7159921876160991 0.3648890630952381 0.71875 0.4255515630952381 0.7279406247678019 0.4494484369047619 0.7536765622291022 0.430146875 0.7766546873065014 0.414521875 0.7601109374613003 0.368565625 0.7270218749226006 0.319853125
11 0.8060656247678019 0.627757813095238 0.8014703126934986 0.5992640630952382 0.8106624996904025 0.5744484369047619 0.7959562501547989 0.554228125 0.7702203126934986 0.540440625 0.7393968749226006 0.5345984369047618 0.734932812383901 0.555803125 0.7352937498452011 0.6139703119047619 0.7332593752321982 0.64453125 0.7466515622291021 0.6551343749999999 0.7775734377708978 0.64154375 0.8060656247678019 0.627757813095238
2 0.2868862482972136 0.5185083285714286 0.28526083034055727 0.5241972916666666 0.28526083034055727 0.5286671916666666 0.2889180210526316 0.5347625023809524 0.29460698390092876 0.5449213654761905 0.2990768835913313 0.5518293916666667 0.30801668235294116 0.5518293916666667 0.31208022724458206 0.5510166821428572 0.3137056452012384 0.5408578202380953 0.3104548092879257 0.5319180273809524 0.30639126439628483 0.5266354190476191 0.2990768835913313 0.520946455952381 0.2905434390092879 0.5201337476190476 0.2876989572755418 0.5185083285714286 0.2868862482972136 0.5185083285714286
2 0.3291471157894737 0.5408578202380953 0.33077253374613 0.5457340738095239 0.3340233696594427 0.5542675178571429 0.3360551424148607 0.5587374178571428 0.3397123325077399 0.5636136714285714 0.3490584613003096 0.5640200261904762 0.35109023405572753 0.5603628357142857 0.3531220061919505 0.5502039738095238 0.3519029430340557 0.5400451107142857 0.3462139801857585 0.5372006297619047 0.3348360786377709 0.5339497940476191 0.3291471157894737 0.5347625023809524 0.3291471157894737 0.5408578202380953
2 0.3632808687306502 0.5477658464285714 0.362468159752322 0.5514230369047619 0.3636872229102167 0.5575183547619048 0.36571899566563465 0.5640200261904762 0.37222066749226007 0.570115344047619 0.37994140309597524 0.5705216976190476 0.3848176569659443 0.5628009630952381 0.3876621380804953 0.5530484547619048 0.38563036594427247 0.5424832380952381 0.38156682105263157 0.5392324023809524 0.37222066749226007 0.5388260476190476 0.36653170464396284 0.5400451107142857 0.3632808687306502 0.5477658464285714
2 0.30639126439628483 0.5851504666666667 0.3067976185758514 0.5896203654761905 0.30801668235294116 0.5961220380952381 0.3104548092879257 0.603436419047619 0.3128929362229102 0.611969863095238 0.31451835417956653 0.6188778833333334 0.3161437721362229 0.6233477821428571 0.32183273498452014 0.630662163095238 0.33199159752321983 0.6253795547619047 0.3315852427244582 0.6140016357142858 0.33727420557275545 0.6127825714285714 0.3478393981424149 0.6058745452380953 0.34580762538699694 0.5965283916666666 0.3401186873065016 0.5867758845238096 0.3263026346749226 0.5814932761904762 0.3169564811145511 0.5827123392857143 0.30435949164086684 0.5774297309523809 0.30639126439628483 0.5851504666666667
2 0.35759190588235296 0.6107507988095238 0.35759190588235296 0.6135952809523809 0.35759190588235296 0.6172524654761905 0.3592173238390093 0.6237541369047619 0.3649062866873065 0.6270049726190476 0.36978254055727555 0.6302558095238096 0.37587785820433434 0.6331002904761905 0.3835985931888545 0.6331002904761905 0.3819731752321981 0.6257859095238095 0.3819731752321981 0.6192842380952381 0.3779096303405573 0.6123762178571429 0.37222066749226007 0.6054681904761905 0.3628745139318885 0.6030300642857143 0.35881096904024773 0.6046554821428571 0.35759190588235296 0.6107507988095238
2 0.5974622445820433 0.6249140761904761 0.6017805052631578 0.6249140761904761 0.6054818724458204 0.6230633928571429 0.6085663448916409 0.6236802869047618 0.6168944198142415 0.6224464976190476 0.6178197616099071 0.6153522119047619 0.6190535504643963 0.6094917142857144 0.6181282086687306 0.6036312166666666 0.6125761585139319 0.6008551916666667 0.6107254749226007 0.6005467452380953 0.6036311888544892 0.6011636392857143 0.5977706916408669 0.6030143226190476 0.5943777721362229 0.6054819 0.5931439832817338 0.6085663726190477 0.5903679578947368 0.6168944476190475 0.5919101944272446 0.624297180952381 0.5946862569659442 0.6261478738095237 0.5974622445820433 0.6249140761904761
