2 0.6306499999999999 0.4527609369047619 0.6211156247678018 0.45566875 0.6147593752321981 0.46293593809523814 0.6133468749226006 0.4781984380952381 0.6119343752321981 0.503634375 0.6129937498452013 0.5218015619047619 0.6161718749226006 0.529070311904762 0.6214687498452012 0.527615625 0.6242937498452013 0.530523438095238 0.6288843752321982 0.5327031249999999 0.6359468749226006 0.52834375 0.6419484377708978 0.52325625 0.6465390625386996 0.5254359380952381 0.6504234377708977 0.5225296869047619 0.6560734377708979 0.50290625 0.6557203126934985 0.48255781190476194 0.6532484377708979 0.46802343809523805 0.6465390625386996 0.4498546869047619 0.6415953126934985 0.449128125 0.6306499999999999 0.4527609369047619
2 0.35522656222910215 0.470203125 0.3435734377708978 0.4665703119047619 0.3386296873065015 0.47601718809523813 0.33545156222910216 0.49200625000000003 0.33545156222910216 0.5109015619047619 0.33792343777089784 0.5254359380952381 0.3435734377708978 0.5356109369047619 0.3478109374613003 0.5363375 0.35204843777089784 0.53125 0.3555796873065016 0.5356109369047619 0.3587578123839009 0.5385171880952381 0.3644062501547987 0.541425 0.37146874984520123 0.5399703130952381 0.3792374996904025 0.533429688095238 0.38241562476780183 0.5188953130952382 0.38241562476780183 0.4978203119047619 0.3774718749226006 0.475290625 0.36758437523219817 0.4709296880952381 0.35522656222910215 0.470203125
13 0.36718749969040243 0.65 0.45468749969040245 0.6609375 0.51875 0.6640625 0.5453125003095975 0.6640625 0.634375 0.6421875 0.696875 0.60625 0.6859374996904025 0.596875 0.6453125003095975 0.6234375 0.6046874996904025 0.625 0.503125 0.6421875 0.44375 0.64375 0.3640625003095976 0.634375 0.290625 0.60625 0.33125 0.634375 0.36718749969040243 0.65
13 0.38125 0.459375 0.31093749969040246 0.446875 0.36875 0.465625 0.47031250030959754 0.4796875 0.565625 0.4734375 0.628125 0.4671875 0.6493286321981424 0.44492368571428575 0.609375 0.459375 0.546875 0.465625 0.459375 0.459375 0.38125 0.459375
22 0.4890625003095976 0.5140625 0.5390625003095976 0.5078125 0.609375 0.509375 0.609375 0.4875 0.38906250030959755 0.484375 0.40156250030959756 0.509375 0.4890625003095976 0.5140625
22 0.4171874996904024 0.625 0.46875 0.63125 0.5328125003095976 0.6296875 0.5609374996904024 0.6 0.5375 0.61640625 0.42968749969040243 0.6 0.4171874996904024 0.625
11 0.234375 0.6671875 0.303125 0.65625 0.284375 0.553125 0.17656250030959753 0.575 0.234375 0.6671875
11 0.3248666160990712 0.31639672261904767 0.2921874996904025 0.3140625 0.259375 0.39375 0.303125 0.4421875 0.3248666160990712 0.31639672261904767
11 0.69375 0.41875 0.7265625003095975 0.3703125 0.690625 0.2703125 0.6625 0.31875 0.69375 0.41875
11 0.746875 0.6421875 0.778125 0.5765625 0.6921874996904025 0.5328125 0.6828125003095975 0.640625 0.746875 0.6421875
