2 0.673452173993808 0.5344459047619048 0.6675319535603714 0.5272048511904762 0.6625984445820433 0.5275339857142858 0.6606250204334365 0.5337876369047619 0.6662163708978328 0.5413578369047619 0.673452173993808 0.5459657797619047 0.6846347746130031 0.5413578369047619 0.6875949102167183 0.5304962440476191 0.6875949102167183 0.5239134583333334 0.6866081981424148 0.5160141107142857 0.6849636953560372 0.5140392809523809 0.6834703931888545 0.5120065797619048 0.6747677566563468 0.5285214011904762 0.673452173993808 0.5344459047619048
2 0.3047545826625387 0.5364207476190477 0.30672799380804955 0.5472823416666667 0.3093591956656347 0.5466240607142857 0.30968809164086686 0.5505737345238095 0.3093591956656347 0.5571565190476191 0.3116615027863777 0.5617644738095238 0.31922621362229103 0.5611061928571429 0.31988401733746136 0.5482697571428572 0.3271198204334365 0.5528777119047619 0.32975103529411764 0.5433326678571428 0.32744872879256964 0.5377372976190475 0.3185684099071207 0.5341167702380952 0.31396379690402476 0.5318127928571428 0.30968809164086686 0.5249008738095239 0.3060701900928793 0.521609480952381 0.3035361826625387 0.5214638166666666 0.3047545826625387 0.5272048511904762 0.3047545826625387 0.5364207476190477
2 0.31462160061919503 0.4622598142857143 0.3083724965944273 0.457980994047619 0.3021233801857585 0.4569935785714286 0.30113668111455105 0.4639055107142857 0.303110079256966 0.4718048452380953 0.30738578452012383 0.4757545440476191 0.3116615027863777 0.4793750464285715 0.3133060055727554 0.48332472023809525 0.31462160061919503 0.4876035285714286 0.3218574160990712 0.48826180952380954 0.3224506563467492 0.4861019738095238 0.32087071702786374 0.4737796892857143 0.31462160061919503 0.4622598142857143
2 0.6780567628482972 0.45967899523809524 0.6718076712074303 0.46659091547619047 0.671149879876161 0.46922403928571427 0.6698342476780186 0.4764650928571429 0.6701631684210526 0.4843644404761905 0.6741099653250774 0.48502272142857145 0.682332480495356 0.4728445666666667 0.6862792773993808 0.46724919642857143 0.6921994984520123 0.46198297261904764 0.6948307133126934 0.4580332988095238 0.6948307133126934 0.45177964761904765 0.6929276303405573 0.4458059214285714 0.6839769832817337 0.44815912142857145 0.6780567628482972 0.45967899523809524
2 0.6366153170278639 0.5483220619047618 0.6339841021671827 0.5502968928571429 0.6303661758513932 0.5529300047619048 0.6208280786377709 0.5562213976190477 0.6135922749226006 0.557208825 0.6109610600619195 0.566095575 0.6165523603715171 0.5710326642857143 0.6267482990712074 0.5687286988095238 0.6336551814241486 0.5631333297619048 0.639884866873065 0.5518914476190476 0.6366153170278639 0.5483220619047618
2 0.3863219411764706 0.6006551988095238 0.39026873808049534 0.6026300416666667 0.4007935721362229 0.5983512333333333 0.4007935721362229 0.5901227523809524 0.3955311430340557 0.5865022119047619 0.38782894613003094 0.5847861845238095 0.3859930452012384 0.5930849976190476 0.3863219411764706 0.6006551988095238
2 0.3465249609907121 0.5680704178571429 0.34981396718266256 0.5726783607142857 0.36099659256965944 0.5753114845238095 0.3698768984520124 0.5753114845238095 0.3744815368421053 0.5713618107142857 0.36856130340557275 0.5664247214285714 0.36231218699690404 0.5654373071428571 0.35968098513931884 0.5631333297619048 0.35672087430340554 0.5601710714285715 0.3547474761609907 0.557867094047619 0.3516447356037152 0.5523026321428571 0.3494850712074304 0.5605002178571429 0.3465249609907121 0.5680704178571429
11 0.27022001919504646 0.4817313285714286 0.2646287133126935 0.4860101369047619 0.25640619814241483 0.4991757083333333 0.24818368297213622 0.5093790202380952 0.2268051442724458 0.5222154821428572 0.21989823034055728 0.5334061964285713 0.2205560278637771 0.5488757452380952 0.23502765882352938 0.575206886904762 0.24818368297213622 0.5817896714285714 0.26693101362229105 0.582777075 0.2830471479876161 0.5788274130952381 0.28699395727554183 0.5666492702380952 0.29094075479876164 0.551508844047619 0.28699395727554183 0.5406472511904762 0.28798065696594427 0.523532019047619 0.2843627424148607 0.5083916047619047 0.27646913560371517 0.48831411428571425 0.27022001919504646 0.4817313285714286
11 0.711905520743034 0.5070026261904762 0.704406586996904 0.5190096142857142 0.7029067851393188 0.5385209988095239 0.7109056780185758 0.5565314916666666 0.719404454489164 0.5705396547619047 0.7344023213622292 0.5875495988095238 0.7454007424148607 0.5990562845238095 0.755899279876161 0.6055600916666667 0.7643980563467492 0.5950539738095239 0.762898254489164 0.5875495988095238 0.7588988842105263 0.5810457916666667 0.7548994377708977 0.5685385 0.755899279876161 0.5585326654761905 0.762898254489164 0.5655367380952381 0.7683975027863776 0.5720405452380952 0.7728968328173373 0.5735414166666667 0.7768962792569659 0.5625350333333333 0.7748965938080495 0.5435239154761905 0.7643980563467492 0.526013705952381 0.7568991226006192 0.5120055428571428 0.7518998334365324 0.4959962047619048 0.7469005442724458 0.4799868666666667 0.7419012551083591 0.47248249166666667 0.7374019256965944 0.47048131666666665 0.7359021238390092 0.47548423452380956 0.719404454489164 0.49449533333333334 0.711905520743034 0.5070026261904762
13 0.608920172755418 0.6020580273809524 0.6059206068111455 0.6205688428571429 0.6229181975232198 0.6120638607142858 0.645914919504644 0.5965548261904762 0.6634124315789474 0.5905513416666667 0.668411720743034 0.5885501666666667 0.6582499981424148 0.57575 0.6254178421052632 0.5960545428571429 0.608920172755418 0.6020580273809524
13 0.33995840309597525 0.6055600916666667 0.3614553616099071 0.6170667785714286 0.3784529523219814 0.6320755285714286 0.39545054303405575 0.6450831428571429 0.4279459219814241 0.6595915714285714 0.4274459628482972 0.6495857380952381 0.3979501876160991 0.6350773095238095 0.37245378266253876 0.614565319047619 0.35745591517027864 0.600557175 0.345957573374613 0.5895507357142857 0.33387499814241484 0.5795 0.32196097027863774 0.5970551107142857 0.33995840309597525 0.6055600916666667
