2 0.3643517226006192 0.5747742464285714 0.3578309269349845 0.5704238678571428 0.35185348297213626 0.5709676547619047 0.3409854631578947 0.5671610833333333 0.3404420705882353 0.5753180333333333 0.3409854631578947 0.583474963095238 0.3447892947368421 0.5856501523809524 0.34641947306501547 0.5900004904761905 0.34587608049535606 0.5981574202380953 0.34967991207430343 0.6052267761904762 0.35185348297213626 0.6046829892857143 0.357287492879257 0.5927194666666666 0.3567441003095975 0.5916318928571429 0.3654385077399381 0.5910881059523809 0.3656249981424149 0.5877717392857142 0.3659819417956656 0.5818435607142857 0.3643517226006192 0.5747742464285714
2 0.6583316495356037 0.5682486773809524 0.6501806346749226 0.5682486773809524 0.6501806346749226 0.5764056071428572 0.6501806346749226 0.583474963095238 0.6501806346749226 0.5910881059523809 0.6518108544891641 0.6014201833333334 0.6556146445820434 0.6074019654761904 0.6583316495356037 0.6090333261904761 0.6588750835913313 0.5981574202380953 0.6588750835913313 0.5905442773809524 0.6599618693498451 0.5856501523809524 0.6632223083591331 0.5802122 0.6681128842105264 0.5829311761904762 0.6708298891640867 0.5818435607142857 0.6730034600619195 0.5785807976190477 0.6773506842105262 0.571511461904762 0.6762638990712074 0.5617231297619047 0.6740489108359133 0.5585597833333333 0.6670260984520124 0.5611793845238096 0.6583316495356037 0.5682486773809524
2 0.7007169436532508 0.5312706416666667 0.6974565046439628 0.540515125 0.6887621380804954 0.5454092702380952 0.69528293374613 0.5649859142857143 0.7001735095975233 0.5633545321428571 0.706694387616099 0.5677048904761905 0.7077811727554179 0.5524786261904762 0.7115849634674923 0.5454092702380952 0.7197359783281734 0.5388837428571429 0.7209239108359133 0.5245923916666666 0.7121283975232198 0.530183005952381 0.7007169436532508 0.5312706416666667
2 0.713104439009288 0.4657234416666667 0.7052351306501548 0.47220871190476194 0.7033835708978329 0.47915720714285714 0.7075496167182662 0.48239984166666666 0.7112528080495356 0.4777675119047619 0.713104439009288 0.48888509404761904 0.7195849702786378 0.4805469023809524 0.7228252365325079 0.4712822416666667 0.7228252365325079 0.46201758095238094 0.717129627863777 0.45150462976190475 0.713104439009288 0.45738525 0.713104439009288 0.4657234416666667
2 0.6719034229102167 0.504599025 0.6812499981424148 0.49722222261904764 0.6793129337461301 0.4874953988095238 0.6746839622291022 0.4847160071428572 0.6709807708978328 0.49398066785714284 0.6719034229102167 0.504599025
2 0.66311153374613 0.5018556333333334 0.6570938569659442 0.5055614940476191 0.6589454167182662 0.5148261547619047 0.6694538743034055 0.5065323357142857 0.66311153374613 0.5018556333333334
11 0.25946520681114554 0.5135100571428571 0.24928146625386996 0.5130468309523809 0.22891398452012382 0.5213850226190476 0.21271258513931887 0.5320393785714286 0.20438043962848298 0.5514951702380952 0.208083613622291 0.5621495261904762 0.22289632569659446 0.5621495261904762 0.23308006625386996 0.582068544047619 0.21595286811145512 0.5825317880952381 0.20623203529411763 0.5871641178571428 0.2113238972136223 0.6056934404761904 0.22891398452012382 0.6080096047619048 0.2497443560371517 0.6186639964285715 0.26826024148606814 0.619590430952381 0.2747408086687307 0.6015243357142857 0.27150052507739936 0.5806788488095238 0.2687231492260062 0.5598333619047619 0.2677973517027864 0.5366717095238095 0.2593749981424149 0.5174768523809524 0.25946520681114554 0.5135100571428571
11 0.7376379306501548 0.5811420916666666 0.74087826749226 0.6061566654761905 0.7413411219814242 0.6246859880952381 0.7529135504643963 0.625149230952381 0.7714294359133127 0.6056934404761904 0.7820760842105263 0.6024508404761905 0.8038322359133128 0.5899435095238095 0.805683866873065 0.5792891523809524 0.8084612074303404 0.5552010309523809 0.8084612074303404 0.5408408130952381 0.7950372185758514 0.5269438226190476 0.7843905702786378 0.5227747178571429 0.7668004643962848 0.5227747178571429 0.7519877702786377 0.5227747178571429 0.7445813876160992 0.5255541261904761 0.7441185331269349 0.5297232130952381 0.7418040476780186 0.5524216392857143 0.7376379306501548 0.5811420916666666
11 0.7237510167182662 0.3655914964285714 0.7181962650154798 0.40311338333333335 0.7205107504643962 0.42395887023809525 0.7348605900928793 0.4299808964285714 0.7505990650154799 0.4086721833333333 0.7533764761609908 0.3818046523809524 0.7515248452012383 0.3516945047619048 0.7515248452012383 0.33270195714285716 0.7515248452012383 0.3141726357142857 0.7529135504643963 0.3016653392857143 0.7524506959752322 0.29240067857142854 0.7478217244582044 0.2905477476190476 0.7418040476780186 0.2961065488095238 0.7344907386996905 0.30219907500000004 0.7260655021671827 0.32945932261904765 0.7237510167182662 0.3655914964285714
13 0.648298839009288 0.6080096047619048 0.6279313226006192 0.6154213273809525 0.6094154371517028 0.6214433523809524 0.595991413003096 0.6237595178571428 0.5932140371517027 0.6432153095238095 0.6381150458204334 0.634413875 0.6811644941176471 0.6177374916666667 0.6964401133126935 0.6107889964285714 0.7353234452012384 0.5913332047619048 0.7339348099071208 0.5704877178571428 0.7019948650154798 0.5857744226190477 0.6870370352941177 0.5944444452380953 0.6668147250773994 0.6033772749999999 0.648298839009288 0.6080096047619048
0 0.7242139417956657 0.5778994571428572 0.7293058390092879 0.586700875 0.7353234452012384 0.592259675 0.7348605900928793 0.5792891523809524 0.7348605900928793 0.5704877178571428 0.7339120352941177 0.5608796297619048 0.7228252365325079 0.5649289357142857 0.7242139417956657 0.5778994571428572
2 0.29788566563467495 0.5505687 0.30112594922600616 0.5584436654761904 0.3015888390092879 0.5640024654761905 0.305292013003096 0.5686347964285714 0.31084678204334365 0.5612230571428571 0.3154757535603715 0.5552010309523809 0.32056763281733747 0.5487157785714285 0.31454995541795666 0.5417672833333333 0.3076064984520124 0.5408408130952381 0.305292013003096 0.5385246488095238 0.3025146371517028 0.5306496833333334 0.29788566563467495 0.5269438226190476 0.29001641052631577 0.528796744047619 0.29001641052631577 0.5325026226190477 0.2854166650154799 0.5412037035714286 0.2941824922600619 0.5450098999999999 0.29788566563467495 0.5505687
2 0.2826100637770898 0.4634808916666667 0.2793697801857585 0.4648705869047619 0.2793697801857585 0.46718675238095236 0.28029557770897834 0.4704293869047619 0.2849245492260062 0.47598817857142856 0.2895535207430341 0.4796940476190476 0.2955711801857585 0.4843263785714286 0.2974227758513932 0.4866425440476191 0.309458094117647 0.49220134404761906 0.3062178105263158 0.4806205095238095 0.3043662328173375 0.4769146654761905 0.2955711801857585 0.4699661702380953 0.29233089659442724 0.4634808916666667 0.2867761275541796 0.4611647261904762 0.2826100637770898 0.4634808916666667
