9 0.49823125015479874 0.542878125 0.49893906253869974 0.5327031249999999 0.49893906253869974 0.516715625 0.5007078123839009 0.485465625 0.5007078123839009 0.4563953130952381 0.49575625015479874 0.43168593809523814 0.4922203126934984 0.420784375 0.48620937523219815 0.420784375 0.48267343777089783 0.42950625000000003 0.47949062476780185 0.45058125 0.4756015622291022 0.48619218809523806 0.4724187498452012 0.5225296869047619 0.4830265622291022 0.5159890630952381 0.4900984377708978 0.519621875 0.49823125015479874 0.542878125
1 0.4985859374613003 0.5363375 0.49186718761609904 0.5203484380952381 0.48267343777089783 0.5174421880952381 0.4727718749226006 0.5254359380952381 0.4692359374613003 0.5566859380952381 0.47029687492260064 0.587209375 0.47630781238390096 0.603925 0.48868437523219815 0.608284375 0.5 0.608284375 0.5045968749226006 0.5995640619047619 0.5116687498452012 0.6075578119047619 0.5219234377708978 0.603925 0.531825 0.59375 0.5307640625386997 0.58066875 0.5304109374613003 0.560320311904762 0.5279343752321981 0.54433125 0.5258140625386997 0.527615625 0.5215703126934984 0.5203484380952381 0.5120218749226007 0.5254359380952381 0.50495 0.5327031249999999 0.4985859374613003 0.5363375
2 0.2798220916408669 0.489302225 0.27827611331269353 0.4885292357142857 0.2713192092879257 0.49471315000000005 0.2713192092879257 0.49625912857142856 0.27904910278637773 0.5124919047619048 0.28368703839009285 0.5186758202380952 0.2914169318885449 0.5256327238095239 0.30069280371517026 0.531816638095238 0.3068767182662539 0.5202217988095238 0.3076497077399381 0.5047620119047619 0.2991468253869969 0.489302225 0.28368703839009285 0.4869832571428572 0.2798220916408669 0.489302225
2 0.3347043343653251 0.5434114785714286 0.3354773238390093 0.5534603392857143 0.34243422786377714 0.5557793083333333 0.34398020681114555 0.547276425 0.34552618513931893 0.5310436488095238 0.3393422705882353 0.5225407666666666 0.3370233027863777 0.5217677773809524 0.32774743034055726 0.5279516916666667 0.3347043343653251 0.5434114785714286
2 0.3872676092879257 0.5557793083333333 0.3911325560371517 0.5666011583333334 0.3965434811145511 0.5727850726190477 0.4104572891640867 0.5812879559523809 0.4166412043343653 0.575877030952381 0.4158682148606811 0.5588712654761905 0.3973164705882353 0.5503683821428571 0.3895865770897833 0.5565522976190477 0.3872676092879257 0.5557793083333333
2 0.2994791269349845 0.6009114380952381 0.30598954365325076 0.6113281047619048 0.3098957938080495 0.6223958130952382 0.3098957938080495 0.6249999797619048 0.3222655851393189 0.6204426880952382 0.3248697517027864 0.6113281047619048 0.3248697517027864 0.6035156047619048 0.32161454365325076 0.5983072714285714 0.317708293498452 0.5930989380952381 0.3079426687306501 0.5891926880952381 0.2994791269349845 0.6009114380952381
11 0.2666666346749226 0.5635416583333334 0.2552083015479876 0.5682291583333333 0.2536458012383901 0.5744791583333334 0.2536458012383901 0.5859374916666666 0.25624996842105263 0.6031249845238095 0.2515624681114551 0.6166666511904763 0.2447916346749226 0.6421874845238096 0.24114580123839008 0.6552083178571428 0.24322913498452012 0.6734374845238096 0.24739580123839008 0.6807291511904763 0.2515624681114551 0.6854166511904762 0.2651041349845201 0.6838541511904762 0.2708333015479876 0.6776041511904762 0.27656246811145513 0.6687499845238095 0.2822916346749226 0.6562499845238096 0.2817708012383901 0.6458333178571429 0.2817708012383901 0.6364583178571429 0.29114580123839007 0.6197916511904762 0.29374996842105267 0.5979166511904762 0.2901041349845201 0.5864583250000001 0.2729166346749226 0.5703124916666666 0.2661458012383901 0.564583325 0.2666666346749226 0.5635416583333334
2 0.6373546291021672 0.6260901047619049 0.6366278848297213 0.6319040583333333 0.638081373374613 0.637718011904762 0.638081373374613 0.6417151047619049 0.6388081176470588 0.6435319654761905 0.6428052105263159 0.6460755702380953 0.6478924198142415 0.6475290583333333 0.6482557919504643 0.6435319654761905 0.6482557919504643 0.6398982452380952 0.6486191640866874 0.6351744071428572 0.6417150941176472 0.6268168488095238 0.6373546291021672 0.6260901047619049
2 0.6765988148606811 0.5966569714285714 0.6722383498452013 0.6046511571428571 0.6765988148606811 0.6144622035714286 0.6805958860681115 0.6202761511904762 0.6922237925696594 0.6173691809523809 0.6984011182662538 0.6122819714285714 0.7023982117647058 0.5981104595238095 0.7016714674922601 0.5912063892857142 0.6973110018575851 0.5792151130952381 0.6944040253869969 0.5781249976190477 0.6907703046439628 0.5817587178571428 0.6787790253869969 0.59302325 0.6765988148606811 0.5966569714285714
11 0.72165693250774 0.597020338095238 0.7227470489164087 0.6144621976190476 0.7202034439628484 0.6253633607142857 0.7154796068111455 0.6373546404761904 0.7227470489164087 0.6504360357142857 0.729287746130031 0.6569767214285714 0.7456394904024768 0.6529796404761904 0.7579941417956656 0.6446220821428571 0.7743458860681115 0.6348110357142857 0.7816133275541797 0.6249999892857143 0.7812499554179566 0.6195494071428572 0.783793560371517 0.6071947559523809 0.7885173975232197 0.597020338095238 0.7859737925696594 0.5897528964285714 0.7834301882352941 0.5868459190476191 0.776162746130031 0.5828488321428572 0.7688953046439628 0.5799418547619047 0.7532703046439628 0.5730377857142858 0.7390987925696594 0.5650435988095238 0.7351016996904025 0.5635901107142857 0.729287746130031 0.5672238321428572 0.7238371647058823 0.569767436904762 0.7234737925696594 0.5810319714285714 0.72165693250774 0.597020338095238
7 0.7187499554179566 0.743095919047619 0.7281976303405572 0.7460028964285714 0.7354650718266253 0.7452761511904762 0.740915653250774 0.7416424309523809 0.7467296068111455 0.7365552214285713 0.7569040253869969 0.7238371976190476 0.756540653250774 0.715843011904762 0.7547237925696594 0.7085755702380953 0.7481830953560371 0.6998546404761904 0.7387354210526316 0.695494175 0.7380086767801858 0.7074854535714286 0.73728193250774 0.7202034773809524 0.728924373993808 0.726744175 0.7223836767801858 0.7311046404761904 0.7151162346749226 0.7289244071428572 0.7082121647058823 0.7296511511904762 0.713662746130031 0.737645338095238 0.7187499554179566 0.743095919047619
2 0.6987665417956657 0.5081574678571429 0.6999678600619196 0.5161662547619048 0.7063748885448916 0.5241750404761905 0.7087775244582043 0.5229737226190476 0.7139832352941176 0.517768011904762 0.7171867498452013 0.5117614226190477 0.7183880681114551 0.49974824285714287 0.7159854321981425 0.48333023690476185 0.7095784030959753 0.47772408690476187 0.7051735708978328 0.4793258440476191 0.6987665417956657 0.4853324273809524 0.6967643455108359 0.4949429714285714 0.6987665417956657 0.5081574678571429
2 0.5966545182662538 0.5606150178571428 0.5930505647058824 0.5610154571428572 0.5910483684210526 0.5646193988095238 0.5922496860681115 0.5722277452380953 0.595453200619195 0.5762321380952381 0.6026611083591331 0.5762321380952381 0.6062650619195046 0.5730286238095238 0.610669894117647 0.5694246702380953 0.6098690154798762 0.5654202773809524 0.6058646229102167 0.5614158964285715 0.5978558365325077 0.5598141392857143 0.5966545182662538 0.5606150178571428
2 0.6194795591331269 0.5642189595238095 0.6206808767801858 0.5674224738095238 0.6226830736842105 0.5710264273809523 0.6250857095975232 0.5730286238095238 0.626287027244582 0.5730286238095238 0.6318931777089783 0.5694246702380953 0.6334949349845201 0.5650198380952381 0.6322936167182662 0.5606150178571428 0.6306918594427244 0.5578119428571429 0.6242848309597523 0.556610625 0.6218821950464396 0.5590132607142857 0.6194795591331269 0.5642189595238095
11 0.6979656631578947 0.3547892202380952 0.703571813622291 0.37240854285714287 0.7083770854489163 0.3956340226190476 0.7111801603715171 0.4204612607142857 0.7147841139318886 0.448492 0.7231933393188855 0.4524963928571429 0.7283990507739939 0.4516955142857143 0.7364078365325077 0.4368792714285714 0.7436157442724458 0.41645686666666665 0.7436157442724458 0.4016406130952381 0.7400117907120743 0.39002787261904764 0.7356069578947368 0.38081776904761905 0.7275981721362229 0.3688045892857143 0.7243946575851392 0.3607958095238096 0.7203902643962848 0.3491830690476191 0.7123814780185759 0.340773844047619 0.703571813622291 0.3399729654761905 0.6967643455108359 0.34557911547619047 0.6979656631578947 0.3547892202380952
