1 0.30999531269349845 0.55418125 0.3162718749226006 0.56581875 0.3297921876160991 0.5709093749999999 0.34958906253869965 0.56581875 0.35248750030959747 0.548364061904762 0.3515203126934984 0.5294546880952381 0.34958906253869965 0.50981875 0.3317234377708978 0.5054546869047619 0.31434062476780184 0.5032734380952381 0.29744062476780186 0.5032734380952381 0.2916468749226006 0.5287265630952381 0.2882671876160991 0.548364061904762 0.30178593746130034 0.55781875 0.30999531269349845 0.55418125
2 0.37325 0.5796359369047619 0.3824234377708978 0.5687265630952382 0.3891843752321982 0.5599999999999999 0.39015 0.54181875 0.38821874984520127 0.5236359380952381 0.38000937523219813 0.506909375 0.36359218761609907 0.506909375 0.3520031250773994 0.50981875 0.34282968730650154 0.5432734380952381 0.3486234377708978 0.5607265619047619 0.3515203126934984 0.576 0.36310937523219816 0.582545313095238 0.37325 0.5796359369047619
1 0.31482343777089783 0.6225453130952382 0.3249640625386997 0.6392734369047619 0.33703593746130034 0.64 0.3481406247678019 0.637090625 0.3606953126934984 0.6334546869047619 0.37228437523219815 0.624 0.37759531269349844 0.60581875 0.3780781250773994 0.5876359369047619 0.3684203126934984 0.583273438095238 0.3573156247678019 0.5883640630952381 0.3515203126934984 0.5796359369047619 0.3404156247678019 0.5774546880952381 0.32544687492260066 0.5789093750000001 0.3196515622291021 0.57018125 0.31434062476780184 0.5650906250000001 0.30709843777089785 0.58618125 0.30323437523219815 0.608 0.31482343777089783 0.6225453130952382
2 0.40608437523219815 0.63418125 0.40608437523219815 0.6196359369047619 0.3983578123839009 0.6087265619047619 0.3915984377708978 0.6014546869047619 0.3877359374613003 0.5956359369047619 0.37952656222910214 0.6014546869047619 0.36697187492260064 0.5985453130952381 0.3587640625386997 0.610909375 0.3606953126934984 0.6392734369047619 0.36504062476780186 0.659635936904762 0.37759531269349844 0.666909375 0.38821874984520127 0.664 0.39739218761609907 0.6523640619047619 0.40608437523219815 0.63418125
1 0.7349109374613002 0.6101812499999999 0.7349109374613002 0.585454686904762 0.7281500000000001 0.576 0.7122156247678019 0.5847265630952381 0.7011109374613003 0.585454686904762 0.6972484377708978 0.5956359369047619 0.6827625003095976 0.5956359369047619 0.6735875003095975 0.599273438095238 0.6716562501547988 0.6167265630952381 0.6764843752321981 0.63418125 0.6904875003095975 0.6552734380952382 0.7126984377708978 0.65381875 0.7291156247678018 0.6472734369047619 0.7339453126934985 0.63418125 0.7349109374613002 0.6101812499999999
9 0.3587640625386997 0.6385453119047619 0.33510312507739937 0.64 0.31047812507739936 0.6174546880952381 0.30130312507739937 0.6312734380952381 0.2901984377708978 0.6472734369047619 0.28198906253869965 0.6654546880952381 0.27474687492260064 0.68218125 0.27136718761609907 0.698909375 0.27812656222910215 0.7076359380952381 0.2911640625386997 0.698909375 0.30082031269349846 0.68218125 0.2959921876160991 0.695273438095238 0.30082031269349846 0.7018187499999999 0.31192656222910214 0.696 0.30854687492260063 0.7156359380952381 0.31289218761609905 0.722909375 0.3220671876160991 0.722909375 0.33124062476780186 0.709090625 0.33896718761609906 0.690909375 0.34620937523219814 0.672726561904762 0.3587640625386997 0.6385453119047619
9 0.3442781250773994 0.7294546869047619 0.34572656222910214 0.741090625 0.3515203126934984 0.749090625 0.3664890625386997 0.741090625 0.3761468749226006 0.724364061904762 0.3838718749226006 0.698909375 0.3891843752321982 0.6792734369047619 0.39690937523219816 0.653090625 0.38532187492260067 0.664 0.3703531250773994 0.6654546880952381 0.36310937523219816 0.6559999999999999 0.35924687492260066 0.6792734369047619 0.3520031250773994 0.698909375 0.3486234377708978 0.714909375 0.3442781250773994 0.7294546869047619
9 0.29744062476780186 0.5054546869047619 0.3259296873065015 0.509090625 0.34958906253869965 0.514909375 0.34379531269349844 0.49454531309523814 0.34089843777089784 0.4654546880952381 0.33848437523219815 0.4356359380952381 0.33896718761609906 0.416 0.3375187498452012 0.39345468690476193 0.3307578123839009 0.3956359369047619 0.3201359374613003 0.4094546869047619 0.31434062476780184 0.4247265619047619 0.31047812507739936 0.4203640630952381 0.30661562476780185 0.432 0.30661562476780185 0.4472734369047619 0.30709843777089785 0.461090625 0.30709843777089785 0.4727265630952381 0.30565 0.4865453119047619 0.29744062476780186 0.5054546869047619
9 0.38821874984520127 0.50981875 0.3891843752321982 0.50618125 0.3858046873065015 0.48581875 0.3862874996904025 0.46327343809523813 0.3911156247678019 0.4407265619047619 0.39304687492260065 0.418909375 0.3872531250773994 0.39636406190476187 0.37759531269349844 0.3985453119047619 0.3693874996904025 0.4152734369047619 0.3611781250773994 0.45018125 0.3597296873065015 0.4785453130952381 0.3553843752321982 0.5112734369047619 0.3573156247678019 0.504 0.37469843777089784 0.5032734380952381 0.38821874984520127 0.50981875
9 0.7368421876160991 0.618909375 0.7238046873065016 0.6472734369047619 0.7073875003095975 0.6523640619047619 0.6885562501547988 0.6465453119047619 0.6977312501547988 0.675635938095238 0.7064218749226006 0.69381875 0.7131828123839009 0.714909375 0.7165625003095976 0.7287265619047619 0.7233218749226006 0.736 0.7291156247678018 0.7265453130952381 0.7218734377708977 0.700364063095238 0.7170453126934985 0.6836359369047619 0.7276671876160992 0.6749093749999999 0.7320140625386996 0.6930906250000001 0.7382906247678019 0.70618125 0.74505 0.7047265619047619 0.7508453126934984 0.713454688095238 0.7595359374613003 0.7127265630952381 0.7571218749226005 0.69381875 0.746982812383901 0.672726561904762 0.7339453126934985 0.635635938095238 0.7368421876160991 0.618909375
11 0.16122160185758513 0.5973648238095238 0.16403769969040247 0.6037010345238095 0.16755782229102167 0.6202456119047619 0.17530209287925697 0.6301019547619048 0.19360673126934985 0.6308059797619048 0.20451911145510834 0.627989880952381 0.22035966439628482 0.6223576845238095 0.2319760693498452 0.6170775011904762 0.24148040061919504 0.6139093904761905 0.25098473250773995 0.6072211571428571 0.2502807077399381 0.5956047630952381 0.24464851145510835 0.5765961000000001 0.23690424148606812 0.5586434738095238 0.23268009411764706 0.5463230440476191 0.22810393436532508 0.5354106630952381 0.21930362724458205 0.525906336904762 0.21578350464396284 0.526610361904762 0.20944728359133127 0.5332985892857143 0.20099898885448916 0.5420988964285715 0.19501478018575852 0.5516032285714286 0.18691849783281733 0.557235425 0.1798782520123839 0.5611075595238095 0.17389404334365327 0.5692038416666667 0.16826184705882352 0.5741320142857143 0.1622776383900929 0.5797642107142857 0.15664544210526316 0.5871564678571428 0.16122160185758513 0.5973648238095238
11 0.24605656037151705 0.37031690476190476 0.23972033931888545 0.3787652 0.23268009411764706 0.3900295928571429 0.22282374984520126 0.4027020345238095 0.2214157009287926 0.40974227976190475 0.2217677133126935 0.42558282142857146 0.22775192198142413 0.4347351416666667 0.23232808173374614 0.4435354476190476 0.23936832693498453 0.4586719761904762 0.2474646092879257 0.46817630714285713 0.259433027244582 0.46043203690476187 0.26858534613003093 0.44705557142857144 0.2759776043343653 0.4319190428571429 0.2812577882352941 0.4203026488095238 0.28336986191950464 0.40692618214285714 0.2865379721362229 0.39108562976190475 0.2904100860681115 0.378061175 0.2942822210526316 0.36820483095238093 0.2995624049535604 0.3527162964285714 0.2974503312693499 0.3351156833333333 0.29357819628482973 0.33757976904761905 0.28336986191950464 0.3446200142857143 0.2763296160990712 0.3516602595238095 0.26999339504643965 0.35377233333333336 0.25908101486068114 0.35729245119047615 0.250632720123839 0.3618686107142857 0.24605656037151705 0.37031690476190476
9 0.7480260464396286 0.5741320142857143 0.7448579362229102 0.5748360380952381 0.7399297640866872 0.5741320142857143 0.7395777517027864 0.5790601857142857 0.741337813622291 0.5829323202380952 0.75049013250774 0.5875084797619048 0.7575303783281733 0.5899725666666666 0.7670347095975233 0.5885645166666666 0.7782991027863777 0.586100430952381 0.7839312990712075 0.5737800011904762 0.7800591640866873 0.5649797 0.7670347095975233 0.5660357369047618 0.7628105622291022 0.5663877488095238 0.7550662922600619 0.5692038476190476 0.7480260464396286 0.5741320142857143
11 0.7955477040247678 0.5624973095238095 0.7969557529411765 0.5793938928571429 0.8025879498452012 0.5931223726190477 0.8187805145510836 0.6177632321428571 0.8208925882352941 0.629027625 0.8247647232198143 0.6364198714285715 0.8356771040247679 0.6487403011904762 0.8409572879256966 0.6554285345238096 0.8564458278637771 0.6522604238095239 0.8648941226006193 0.6378279202380952 0.8687662575851394 0.626563538095238 0.8648941226006193 0.6054428023809524 0.8617260123839009 0.5853781023809523 0.8603179634674922 0.5677774880952381 0.8578538773993808 0.5533449904761905 0.852573692879257 0.538560475 0.8399012507739939 0.5223679119047618 0.8332130179566564 0.5181437654761905 0.8321569808049536 0.5255543273809524 0.8268767969040247 0.5357626833333333 0.8184285021671827 0.5428029261904762 0.8103322198142415 0.5487871357142857 0.8008278885448916 0.5558273809523809 0.7955477040247678 0.5624973095238095
11 0.7230331752321981 0.3653887380952381 0.7318334817337461 0.37489307023809526 0.7441539114551083 0.39706983809523805 0.7554183046439629 0.4122063666666667 0.7663306848297214 0.4294549678571428 0.7761870291021672 0.4470555821428571 0.786043372755418 0.45655990238095234 0.7969557529411765 0.4572639273809524 0.8029399622291022 0.4488156428571428 0.8078681337461301 0.43227106547619043 0.812444293498452 0.4210066726190476 0.8138523424148607 0.407278194047619 0.812444293498452 0.3907336166666666 0.8047000235294117 0.3815813035714286 0.7846353232198142 0.37735715595238095 0.7645706235294117 0.37313300833333335 0.7483780588235294 0.3660927630952381 0.7367616538699691 0.3583484928571429 0.7188090278637772 0.35377233333333336 0.7230331752321981 0.3653887380952381
