2 0.3 0.548 0.304 0.5632 0.316 0.5632 0.322 0.5584 0.3236 0.5464 0.326 0.5272 0.32480000000000003 0.5064 0.316 0.4984 0.30360000000000004 0.49039999999999995 0.2868 0.48800000000000004 0.28200000000000003 0.5096 0.2836 0.5336 0.2924 0.5432 0.3 0.548
2 0.3424 0.6752 0.3528 0.6776 0.36679999999999996 0.6752 0.372 0.6656000000000001 0.374 0.6472 0.3716 0.6328 0.3644 0.6296 0.3576 0.6296 0.3508 0.6192000000000001 0.3468 0.6168 0.3392 0.6176 0.3356 0.6192000000000001 0.33199999999999996 0.6135999999999999 0.32680000000000003 0.62 0.3228 0.6519999999999999 0.3312 0.6672 0.3424 0.6752
1 0.686 0.5584 0.6904 0.5376 0.69 0.5232 0.6748 0.5184 0.6592 0.5192 0.6472 0.5288 0.6444 0.5536 0.6487999999999999 0.5720000000000001 0.6587999999999999 0.584 0.6664000000000001 0.5776 0.6768 0.5752 0.686 0.5584
2 0.3002001510835913 0.6043773416666667 0.3034404346749226 0.6085464464285715 0.30668071826625387 0.6187375761904762 0.3131612674922601 0.622906663095238 0.32241921052631584 0.6173478630952381 0.3219563207430341 0.6080832023809524 0.3140870656346749 0.6002082547619048 0.30714360866873064 0.5909435940476191 0.303356479876161 0.5880787035714286 0.3006630414860681 0.59603915 0.3002001510835913 0.6043773416666667
2 0.6260797622291022 0.5395247154761905 0.6191362699690403 0.5395247154761905 0.6126557380804953 0.5418408809523809 0.6038606854489164 0.5543481761904762 0.6066380613003096 0.5719510285714287 0.6154331139318886 0.5784362988095237 0.6242281665634675 0.58492155 0.6288571027863777 0.585384794047619 0.632097439628483 0.5765833595238095 0.635800559752322 0.5724142726190476 0.6413553820433436 0.5724142726190476 0.6445956482972136 0.5668554726190476 0.6441327226006193 0.5599069761904762 0.6395037510835913 0.5575908107142857 0.632097439628483 0.5460099761904762 0.6260797622291022 0.5395247154761905
2 0.346952773374613 0.5469364630952381 0.3427866916408669 0.5506423071428571 0.3427866916408669 0.5566643416666667 0.33908350030959755 0.5566643416666667 0.33352874922600617 0.5566643416666667 0.3316771535603715 0.5677819416666666 0.34186091145510833 0.5751936630952381 0.350231479876161 0.5666666666666667 0.3506559287925696 0.5538849595238096 0.346952773374613 0.5469364630952381
2 0.6200620854489164 0.6395830642857143 0.6135815182662538 0.6354139595238094 0.6080267671826625 0.6358771857142858 0.6066380613003096 0.6456050892857143 0.6112670328173374 0.6516271154761905 0.6187499981424148 0.652893519047619 0.6233023510835913 0.6446786202380952 0.6200620854489164 0.6395830642857143
2 0.6108041424148607 0.6733990726190476 0.6121928130030959 0.6817372988095237 0.6182104897832817 0.6803475678571428 0.6191362699690403 0.6701564726190475 0.6168217845201238 0.6645976380952381 0.6164351832817337 0.661574075 0.6121928130030959 0.6627447154761905 0.6108041424148607 0.6733990726190476
11 0.24650409040247678 0.5669290785714285 0.24002352321981424 0.5961127738095239 0.2395606334365325 0.6290023047619048 0.24326380681114548 0.6526271833333332 0.24233800866873065 0.6706932785714286 0.23909772569659443 0.6859799654761904 0.23817192755417957 0.6961710964285714 0.257150720743034 0.6910755392857143 0.2710376352941176 0.6753256095238095 0.27844398204334364 0.6470684 0.27844398204334364 0.6327081654761906 0.2798326699690402 0.6178847130952381 0.2816842656346749 0.6072303476190476 0.2849245492260062 0.5910171916666667 0.2835358613003096 0.578046669047619 0.2756666061919505 0.5701717047619047 0.2703703684210526 0.564930555952381 0.25761361114551085 0.5729511047619048 0.24650409040247678 0.5669290785714285
9 0.3215456433436532 0.7010435880952381 0.3106600910216718 0.7337239261904761 0.3219488055727554 0.7087093535714286 0.33364069783281736 0.6845017071428572 0.338478707120743 0.6800636107142857 0.34170406687306504 0.6885363178571429 0.34170406687306504 0.6998331928571428 0.33968822476780186 0.7216200952380952 0.32839949535603713 0.7603523488095237 0.3392850470588235 0.734127380952381 0.34573575170278636 0.7070955035714286 0.35097693869969043 0.6788532154761905 0.33528225634674924 0.6674395166666667 0.33162485510835915 0.6788532154761905 0.3215456433436532 0.7010435880952381
13 0.4650736303405573 0.5606391345238095 0.4412866835913313 0.5521664511904761 0.43080430959752325 0.5509560857142857 0.43282015170278637 0.5695152797619047 0.4574134229102167 0.5719360404761904 0.480394013622291 0.5747602702380953 0.5094221628482972 0.5747602702380953 0.5303869108359134 0.5703222047619048 0.5364344383900929 0.5683049 0.5392566049535603 0.5513595333333333 0.5114380049535604 0.5598322166666666 0.4650736303405573 0.5606391345238095
9 0.3146917758513932 0.5065112476190476 0.31428859814241483 0.5032835547619048 0.3138854359133127 0.490372805952381 0.3150949386996904 0.47705859523809524 0.3179171207430341 0.4613236083333333 0.319529800619195 0.4512370821428571 0.3211424656346749 0.43146749285714286 0.3138854359133127 0.4633409130952381 0.3110632538699691 0.4867416583333333 0.3045362885448916 0.5016129035714286 0.3146917758513932 0.5065112476190476
9 0.6735117510835913 0.5278946797619047 0.6714959083591331 0.5214393095238096 0.668673679876161 0.5109493130952382 0.66948006625387 0.4984420273809524 0.6666578377708978 0.4778655273809524 0.6658515126934984 0.5069147023809524 0.6634325393188855 0.5109493130952382 0.6610135034055727 0.5057043226190476 0.6573850117647059 0.4855312702380952 0.6505310984520124 0.46011322857142856 0.656578626006192 0.4992489440476191 0.6585944681114551 0.5113527833333333 0.6593749987616099 0.527822580952381 0.6735117510835913 0.5278946797619047
7 0.6545627832817338 0.43469518214285713 0.6460962823529413 0.4391332511904762 0.6477089312693498 0.4512370821428571 0.6521438092879257 0.4500267023809524 0.6537564588235294 0.4480093976190476 0.6585944681114551 0.45244747023809523 0.6594008544891641 0.45728899761904757 0.6618951597523219 0.4658266130952381 0.659803985758514 0.4455886297619047 0.6545627832817338 0.43469518214285713
8 0.6473058 0.6627147738095238 0.6473058 0.6728013 0.6456930891640867 0.6796601404761905 0.6448867647058824 0.6845017071428572 0.6557723009287925 0.686922436904762 0.6670610309597523 0.6840982214285715 0.6706895226006192 0.6780463059523809 0.6678673554179566 0.6703805702380953 0.6626261529411765 0.6582767083333334 0.6614166965944273 0.6514178678571428 0.6563508049535605 0.6427419357142857 0.649724773993808 0.6510144130952381 0.6473058 0.6627147738095238
13 0.5896526650154799 0.6910211630952381 0.5743322811145511 0.6982834583333333 0.5634467139318886 0.7031249940476191 0.5344185956656347 0.7063526797619047 0.5106316495356037 0.7063526797619047 0.49410174798761614 0.7063526797619047 0.47515284210526315 0.71603575 0.4566070674922601 0.715228825 0.44491520619195046 0.7111942154761904 0.4247567826625387 0.7107907607142858 0.4090332055727554 0.7051423 0.3884716198142415 0.6982834583333333 0.36065298885448915 0.6906177083333334 0.3392850470588235 0.6740757964285714 0.3203361256965944 0.6587442797619047 0.30138721919504646 0.6393781535714285 0.2812287956656347 0.6163808702380953 0.2771971108359133 0.6353435428571429 0.3029998842105263 0.6680238809523809 0.333237520123839 0.6918280880952381 0.35662130402476777 0.7063526797619047 0.3864557770897833 0.7148253702380952 0.41588705758513933 0.7200703607142858 0.4396740037151703 0.7216841964285715 0.4711211572755418 0.7241049714285713 0.4953112656346749 0.7216841964285715 0.5154696897832818 0.717246130952381 0.5420788030959752 0.7168426761904761 0.572316439009288 0.7144219 0.6041667547987616 0.7091769095238095 0.6311790606811146 0.7019146142857143 0.6577881436532507 0.6914246178571429 0.6755275931888545 0.6813380916666666 0.687219454489164 0.6692342607142857 0.6678673554179566 0.6676204261904761 0.6541596520123839 0.6672169559523808 0.6436772470588235 0.6728654166666667 0.6392424303405572 0.6752861761904763 0.6086016018575852 0.6914246178571429 0.5896526650154799 0.6910211630952381
13 0.6247283405572756 0.5234566142857143 0.598119227244582 0.5339465952380952 0.5985223894736842 0.5452435011904763 0.6299695430340557 0.5323327607142857 0.6501279671826625 0.5238600690476191 0.6739148823529412 0.5202289297619047 0.6860099368421053 0.5194220047619047 0.6744959659442725 0.4990927428571429 0.6541596520123839 0.5097389333333333 0.6247283405572756 0.5234566142857143
11 0.28717457956656345 0.46728813571428574 0.29390427492260063 0.46440180476190474 0.30063389783281735 0.4480458797619048 0.3064021560371517 0.41629616547619047 0.2987111690402477 0.38454645000000004 0.2737153343653251 0.3739632238095238 0.27179253250773994 0.4095613678571428 0.2766826705882353 0.4629807702380952 0.28717457956656345 0.46728813571428574
11 0.703451718885449 0.43553842142857147 0.7072971752321981 0.3980160440476191 0.7053744470588236 0.3855085476190476 0.6832627046439629 0.36337996071428574 0.6534599021671826 0.4076371714285715 0.6544213393188855 0.4461216833333333 0.6949519009287927 0.4617788476190476 0.703451718885449 0.43553842142857147
