2 0.3087471386996904 0.556183569047619 0.30689554303405575 0.5691540726190476 0.30087786625387 0.5835142988095239 0.29624889473684207 0.5927789607142857 0.2967118198142415 0.5964848214285714 0.3124502947368421 0.6048230297619048 0.3254114284829721 0.6057494821428572 0.3300404 0.5950951250000001 0.3300404 0.5737864035714285 0.3295775102167183 0.5571100214285715 0.32355983281733747 0.5496982904761905 0.31707926625387 0.5446027250000001 0.3155092575851393 0.5325231488095238 0.30689554303405575 0.5381174642857143 0.3087471386996904 0.556183569047619
2 0.3318919956656347 0.5793452214285715 0.3328177758513932 0.5904627952380952 0.34253860866873065 0.5950951250000001 0.3490191758513932 0.599727455952381 0.3587400086687306 0.6001907 0.3647576854489164 0.5946319 0.36290608978328176 0.5886098738095238 0.3578142284829721 0.5844407690476191 0.35318525696594427 0.5779555083333333 0.35087077151702784 0.5751761083333333 0.3402241232198142 0.5677643952380953 0.3318919956656347 0.5793452214285715
2 0.638792813622291 0.5682276119047619 0.6327751362229102 0.5756393428571429 0.6327751362229102 0.5835142988095239 0.6267574594427244 0.5913892642857143 0.6281461653250774 0.5964848214285714 0.635552547368421 0.5950951250000001 0.6475878309597523 0.5913892642857143 0.6526797275541795 0.5876834035714286 0.6545312879256966 0.5849040035714286 0.6512910222910216 0.5747128904761905 0.6508280965944272 0.5710070119047619 0.642033079256966 0.5691540726190476 0.638792813622291 0.5682276119047619
2 0.6730471733746131 0.5552570904761904 0.669806907739938 0.5622055773809523 0.669806907739938 0.5645217428571428 0.6786019250773995 0.5635952821428571 0.6832308965944272 0.5622055773809523 0.689248573374613 0.5566467857142857 0.6915630588235294 0.5506247607142857 0.6924888390092879 0.5408968642857143 0.684156747368421 0.5478453607142857 0.6730471733746131 0.5552570904761904
2 0.6605489647058823 0.6066759511904762 0.6554570681114551 0.6103818119047619 0.6559199931888545 0.615014142857143 0.6573086990712074 0.6219626380952381 0.6624005250773993 0.6205729428571428 0.6679553473684211 0.6168670821428572 0.6767503647058823 0.6094553607142857 0.6818422613003096 0.6076024214285715 0.684156747368421 0.605286255952381 0.6846196018575851 0.5988009857142856 0.6790648501547987 0.5950951250000001 0.6679553473684211 0.6011171511904762 0.6605489647058823 0.6066759511904762
2 0.6230542681114551 0.6335434642857143 0.6179624421052632 0.6349331773809525 0.6110189851393188 0.6400287345238096 0.6105560594427245 0.6469772297619047 0.6207397826625387 0.6492933952380952 0.6235171938080496 0.648830169047619 0.6258316792569659 0.6585580559523809 0.6281461653250774 0.6576315869047619 0.6332380619195047 0.6516095607142858 0.6323122111455108 0.6451242904761905 0.637404107739938 0.6391022642857143 0.6415701541795665 0.6358596297619047 0.642033079256966 0.6293743773809524 0.6361111095975233 0.6233796297619048 0.6295348705882353 0.6289111345238095 0.6230542681114551 0.6335434642857143
2 0.3744785182662539 0.6469772297619047 0.3772558941176471 0.6386390392857142 0.3726269226006192 0.6340067083333334 0.3647576854489164 0.6326170130952381 0.35642552260061916 0.6284479083333334 0.34948206563467493 0.6284479083333334 0.3453160198142415 0.6279846821428571 0.3453160198142415 0.6391022642857143 0.35364814736842104 0.6423449 0.3578142284829721 0.6414184297619048 0.36180555356037153 0.6413194452380953 0.3689237665634675 0.6465140035714286 0.3744785182662539 0.6469772297619047
13 0.609630279256966 0.6849623428571429 0.5841709368421053 0.6956167345238095 0.5480649455108358 0.7136827952380953 0.5156621461300309 0.7201680476190476 0.4878883176470588 0.7201680476190476 0.4513194365325078 0.7095137261904763 0.41937956222910217 0.6983960904761906 0.3994749708978328 0.6895946738095239 0.37216403281733745 0.6729182738095238 0.3342064811145511 0.6567051166666666 0.33374359133126935 0.6738447428571429 0.39253151393188856 0.7002490654761905 0.43187777089783286 0.7141460571428572 0.4531710321981424 0.7238739083333333 0.4767787789473685 0.7303592130952381 0.5128848055727554 0.7298959523809524 0.5397327832817338 0.7266533178571428 0.5661179764705883 0.7178518821428571 0.5948175851393189 0.6988593345238095 0.6249058990712074 0.6868152642857143 0.6508280965944272 0.6724550476190476 0.6647150111455108 0.6627271607142857 0.703598413003096 0.6381757952380953 0.6989694414860681 0.6187200214285714 0.6753616594427245 0.6460507607142857 0.6540509244582043 0.6552083333333333 0.6267574594427244 0.6747712130952381 0.609630279256966 0.6849623428571429
9 0.31198740433436534 0.5338747630952381 0.3105987343653251 0.4963528845238095 0.30782132321981426 0.44447077976190474 0.3073584334365325 0.5116395892857143 0.3074074055727554 0.536574075 0.31198740433436534 0.5338747630952381
9 0.3193937517027864 0.5422129535714286 0.32124534736842103 0.5273894928571429 0.32263405263157896 0.49866905 0.32124534736842103 0.4662427357142857 0.3193937517027864 0.5125660404761905 0.31493055356037153 0.5354166666666667 0.3193937517027864 0.5422129535714286
11 0.29902630588235296 0.6316905428571429 0.28375068606811144 0.6391022642857143 0.27865882476780185 0.6794035428571429 0.27078955232198143 0.696543169047619 0.2610687188854489 0.7183151261904762 0.26014293931888544 0.7322121178571428 0.274029853250774 0.7451826392857143 0.28930543777089784 0.7502781952380952 0.31707926625387 0.7294327083333333 0.32124534736842103 0.7104401607142857 0.32402272321981423 0.6988593345238095 0.32680013436532507 0.6891314297619048 0.3291146198142415 0.6784770738095238 0.32680013436532507 0.6659697773809524 0.32170823715170277 0.6576315869047619 0.3166163758513932 0.6553154214285715 0.31106162414860683 0.637712569047619 0.29902630588235296 0.6316905428571429
11 0.2504221058823529 0.6432713690476191 0.23838675232198142 0.6553154214285715 0.22866591950464396 0.6659697773809524 0.22959173498452015 0.6863520392857143 0.2346835962848297 0.6974696392857143 0.24394153931888543 0.7048813964285714 0.26014293931888544 0.6974696392857143 0.27727011888544895 0.6868152642857143 0.2939344092879257 0.6733815166666667 0.29717471021671826 0.6650433261904762 0.29624889473684207 0.6465140035714286 0.2934715188854489 0.6381757952380953 0.290231253250774 0.6316905428571429 0.28745387739938083 0.6182567773809524 0.28652806191950464 0.6103818119047619 0.2796296278637771 0.6083333333333333 0.2643090204334365 0.6196464738095238 0.2504221058823529 0.6432713690476191
0 0.622591413622291 0.5527937130952381 0.6179624421052632 0.551404 0.6174995170278638 0.5518672428571428 0.6156479566563468 0.5555731392857143 0.6156479566563468 0.5643745392857142 0.6161108111455108 0.5699333214285714 0.622591413622291 0.5690068690476191 0.6272203851393189 0.5606686607142858 0.622591413622291 0.5527937130952381
