1 0.3 0.5392 0.2952 0.5344 0.2904 0.5328 0.28400000000000003 0.5336 0.2768 0.5352 0.2748 0.54 0.2736 0.5464 0.2728 0.552 0.27199999999999996 0.5592 0.27199999999999996 0.5688 0.2728 0.5808 0.274 0.5896 0.3164 0.6127999999999999 0.31720000000000004 0.6063999999999999 0.31999999999999995 0.6032 0.3228 0.6016 0.32560000000000006 0.5984 0.32839999999999997 0.588 0.3308 0.5784 0.3316 0.5712 0.3304 0.5632 0.32639999999999997 0.5576 0.3232 0.5536 0.31999999999999995 0.5512 0.31479999999999997 0.5512 0.3108 0.5512 0.3084 0.5488000000000001 0.30360000000000004 0.5448 0.3 0.5392
9 0.2788 0.6616000000000001 0.2808 0.6544 0.28400000000000003 0.6456 0.2868 0.6424 0.288 0.644 0.2856 0.6527999999999999 0.2844 0.6616000000000001 0.28200000000000003 0.6728000000000001 0.27959999999999996 0.6816 0.278 0.6856 0.2768 0.6936 0.2752 0.7008 0.2748 0.7063999999999999 0.2752 0.7104 0.27999999999999997 0.7088000000000001 0.28400000000000003 0.7040000000000001 0.2892 0.696 0.292 0.6872 0.294 0.6792 0.2988 0.6704 0.3016 0.6576 0.30360000000000004 0.6519999999999999 0.3048 0.6464 0.3064 0.6392 0.3096 0.6328 0.312 0.6248 0.316 0.6120000000000001 0.274 0.5903999999999999 0.274 0.5984 0.2732 0.6072 0.2696 0.6184000000000001 0.2656 0.6328 0.2636 0.6432 0.2624 0.6527999999999999 0.26080000000000003 0.6624000000000001 0.2604 0.6704 0.26 0.6768 0.2596 0.6848 0.26080000000000003 0.6896 0.2632 0.6951999999999999 0.2656 0.6944 0.2708 0.6872 0.2736 0.6792 0.2756 0.6712 0.2772 0.6656000000000001 0.2788 0.6616000000000001
1 0.6604 0.5408 0.656 0.5439999999999999 0.6524 0.548 0.65 0.5552 0.6512000000000001 0.5632 0.6524 0.5696 0.654 0.5752 0.6564 0.584 0.6587999999999999 0.592 0.6612 0.6016 0.7071999999999999 0.5831999999999999 0.7068 0.5752 0.7071999999999999 0.564 0.7071999999999999 0.5544 0.7080000000000001 0.5448 0.7075999999999999 0.5384 0.7051999999999999 0.5328 0.702 0.5264 0.6976 0.5248 0.6912 0.5256000000000001 0.6856 0.528 0.6791999999999999 0.5304 0.6744 0.536 0.6719999999999999 0.54 0.6683999999999999 0.5392 0.6644000000000001 0.54 0.6604 0.5408
9 0.6936 0.6752 0.692 0.6664 0.69 0.6584000000000001 0.6876 0.6487999999999999 0.6864 0.6416 0.6864 0.6344 0.686 0.6272 0.6896 0.6296 0.6912 0.6344 0.6936 0.6424 0.6952 0.6519999999999999 0.696 0.6624000000000001 0.6976 0.6736 0.6996 0.6824 0.7016 0.688 0.7044 0.6936 0.7080000000000001 0.7 0.7095999999999999 0.7040000000000001 0.7144 0.7040000000000001 0.7168 0.696 0.7168 0.6904 0.7164 0.6832 0.716 0.6752 0.7152 0.6664 0.714 0.6576 0.7128 0.6447999999999999 0.7120000000000001 0.6368 0.7104 0.6248 0.7088 0.6135999999999999 0.7071999999999999 0.6024 0.7060000000000001 0.592 0.7068 0.5816 0.662 0.6 0.6659999999999999 0.6103999999999999 0.6679999999999999 0.624 0.6708000000000001 0.636 0.6724 0.6456 0.674 0.6552000000000001 0.6764 0.6672 0.6791999999999999 0.676 0.6811999999999999 0.6792 0.6872 0.688 0.6912 0.6968 0.694 0.7031999999999999 0.6956 0.7072 0.7 0.7096 0.702 0.7055999999999999 0.7012 0.7 0.6992 0.6944 0.6968000000000001 0.6856 0.6936 0.6752
11 0.5649038464396284 0.234375 0.5300480767801857 0.2908653845238095 0.4867788464396285 0.38341346190476194 0.4903846154798761 0.46394230714285717 0.526442307739938 0.453125 0.5492788464396284 0.41105769285714283 0.5709134613003096 0.33173076904761906 0.5877403845201239 0.26802884642857144 0.5649038464396284 0.234375
11 0.17788461547987616 0.6225961535714286 0.2271634613003096 0.6706730773809523 0.2776442309597523 0.59375 0.23798076904024767 0.5228365380952381 0.17788461547987616 0.6225961535714286
11 0.7007211535603716 0.6358173071428571 0.7836538464396284 0.6478365380952381 0.8161057690402478 0.5564903845238095 0.7127403845201238 0.5300480773809524 0.7007211535603716 0.6358173071428571
13 0.4074519232198142 0.6706730773809523 0.4783653845201239 0.6899038464285714 0.5600961535603716 0.6622596154761905 0.667067307739938 0.609375 0.7103365386996905 0.5889423071428571 0.7103365386996905 0.5685096154761905 0.5769230767801857 0.6430288464285714 0.4951923077399381 0.6646634619047619 0.4206730767801858 0.6574519226190477 0.2740384613003096 0.5889423071428571 0.3425480767801858 0.6430288464285714 0.4074519232198142 0.6706730773809523
13 0.3269230767801858 0.47596153809523806 0.4314903845201239 0.5060096154761905 0.5036057690402477 0.5144230773809524 0.5769230767801857 0.48677884642857144 0.6418269232198143 0.4675480773809524 0.7007211535603716 0.43509615357142856 0.7007211535603716 0.41105769285714283 0.6394230767801857 0.44711538452380956 0.5528846154798761 0.48197115357142856 0.5012019232198143 0.5 0.4350961535603715 0.49519230714285717 0.3665865386996904 0.48076923095238094 0.28725961547987616 0.44951923095238094 0.3269230767801858 0.47596153809523806
8 0.5492788464396284 0.49399038452380956 0.5492788464396284 0.5060096154761905 0.5661057690402477 0.5072115380952381 0.5649038464396284 0.42427884642857144 0.551682692260062 0.44711538452380956 0.5492788464396284 0.49399038452380956
