11 0.2888872978328173 0.296728525 0.28599842476780185 0.28393494404761904 0.284347640247678 0.27072866785714284 0.28187146377708977 0.26288744166666667 0.276506413622291 0.25876047976190475 0.2723794526315789 0.26123665714285715 0.2682524910216718 0.2645382261904762 0.2641255294117647 0.269903275 0.2566969987616099 0.2851730321428571 0.2484430761609907 0.3111728892857143 0.23853836904024767 0.36977574166666666 0.2352368 0.39907716785714287 0.24596689969040247 0.41187074761904763 0.2599985684210526 0.4180611892857143 0.27072866749226004 0.4155850130952381 0.28187146377708977 0.3912359404761905 0.28847460185758517 0.32561725476190473 0.2888872978328173 0.296728525
7 0.33345848111455106 0.8295192416666667 0.3124109777089783 0.8196145333333333 0.3082840167182663 0.8154875726190476 0.2996173975232198 0.8142494845238095 0.29755391702786377 0.8361223797619047 0.3037443591331269 0.852630225 0.3124109777089783 0.8641857166666668 0.32272838142414856 0.8749158166666667 0.33676005015479876 0.8831697392857143 0.3491409343653251 0.8844078273809524 0.3569821609907121 0.8745031202380953 0.3611091226006192 0.8637730214285715 0.36234721114551083 0.8567571869047619 0.34749014984520127 0.8390112523809524 0.33345848111455106 0.8295192416666667
2 0.63007059876161 0.5767178464285715 0.6265137486068112 0.5807828178571429 0.6219406557275542 0.5858640321428571 0.6178756835913313 0.5878965178571429 0.6102538619195046 0.5924696119047619 0.607205133126935 0.5950102190476191 0.6194000482972136 0.6026320404761905 0.6229568984520124 0.6036482833333333 0.6280381126934985 0.6051726476190477 0.6336274489164087 0.6041564047619048 0.6407411492260061 0.6016157976190476 0.6432817566563468 0.5995833119047619 0.6483629708978328 0.5945020976190476 0.6534441851393189 0.5884046392857143 0.6509035783281734 0.5817990607142857 0.6382005417956655 0.5757016035714285 0.63007059876161 0.5767178464285715
11 0.719584279256966 0.5549421857142857 0.7193321473684211 0.5572113726190476 0.7142895108359133 0.5657838547619047 0.7097511374613003 0.5700700964285714 0.7127767195046439 0.6020908404761904 0.7324430037151703 0.6303296071428571 0.7339557944272446 0.6336073214285715 0.746310254489164 0.6459617809523809 0.7531178142414862 0.6555427916666666 0.7599253739938081 0.6615939559523809 0.7710191752321981 0.6673929880952381 0.7742968891640867 0.6666365928571428 0.7816087126934984 0.6260433654761905 0.7793395263157895 0.6051164226190476 0.7614381653250775 0.5577156369047619 0.7543784736842104 0.5383014845238095 0.7498401003095976 0.5304853976190476 0.7412676179566563 0.5289726059523809 0.7372335083591331 0.5302332654761904 0.7299216848297214 0.5325024523809524 0.7251311801857585 0.5393100119047619 0.7226098613003097 0.5468739666666667 0.7208449386996904 0.5516644726190476 0.719584279256966 0.5549421857142857
2 0.6358332767801858 0.4923669142857143 0.6358332767801858 0.49381363333333333 0.6367977566563467 0.4998416321428571 0.6387267164086687 0.5077985892857143 0.6375211164086687 0.5157555476190476 0.6418612755417957 0.5225069059523809 0.6445135944272445 0.5254003452380953 0.6536761523219814 0.5239536261904761 0.6606686303405572 0.5220246666666667 0.6671788687306501 0.5145499476190476 0.6659732693498452 0.5051462702380952 0.6625975900928792 0.49598371309523814 0.6592219108359133 0.4923669142857143 0.6490948736842106 0.489714594047619 0.6418612755417957 0.48658003571428576 0.6353510371517027 0.48730339523809524 0.6358332767801858 0.4923669142857143
2 0.6835750247678019 0.45933348214285713 0.6835750247678019 0.4610213214285714 0.6814049455108359 0.4639147607142857 0.678270385758514 0.46897827976190476 0.6823694247678018 0.48513331547619043 0.6867095839009287 0.4921257940476191 0.6903263826625387 0.4971893119047619 0.6973188613003096 0.4986360321428571 0.7033468594427245 0.49743043214285715 0.7062402990712074 0.4901968345238095 0.7127505374613003 0.48392771547619046 0.7100982179566564 0.47910531666666667 0.7067225386996904 0.4759707583333333 0.7019001399380804 0.4725950785714286 0.6973188613003096 0.4658437202380952 0.6951487814241486 0.4602979619047619 0.6939431820433437 0.4549933238095238 0.6898441430340557 0.45185876428571425 0.6862273442724458 0.45354660357142856 0.6821283052631579 0.4552344428571429 0.6835750247678019 0.45933348214285713
13 0.6182292303405572 0.6283083142857143 0.5453124842105264 0.6626627642857142 0.5494791665634675 0.7001403392857143 0.5807291665634675 0.6949351178571429 0.6263020835913312 0.6588541666666666 0.6182292303405572 0.6283083142857143
13 0.4369792142414861 0.6720321773809523 0.3848958811145511 0.6595396 0.30156254798761606 0.6106105547619047 0.2973958650154799 0.6335135345238095 0.31927084953560375 0.6532933511904763 0.3598958650154799 0.6845246761904762 0.4375 0.6940104166666666 0.4369792142414861 0.6720321773809523
13 0.46093749969040243 0.4825621285714286 0.3734374842105263 0.48984940595238097 0.3067708811145511 0.4575770523809524 0.3223958811145511 0.4867262821428571 0.34843754798761606 0.49817779166666665 0.3578124842105263 0.5096292619047619 0.4328125318885449 0.5148344821428571 0.463541666873065 0.5078125 0.46093749969040243 0.4825621285714286
13 0.6328125003095976 0.4544539285714286 0.5859374996904024 0.467987494047619 0.5515625479876161 0.4846441857142857 0.5526041987616099 0.518998675 0.5817708173374613 0.5023419440476191 0.6445312501547988 0.48046875 0.6328125003095976 0.4544539285714286
13 0.6598958972136223 0.607487430952381 0.6630209287925697 0.6501703059523809 0.6875 0.6276041666666666 0.6598958972136223 0.607487430952381
