11 0.6957383690402477 0.3686565130952381 0.6868295232198142 0.3779895869047619 0.6796176006191951 0.38859535476190477 0.6694360625386997 0.4098068928571429 0.6668906780185758 0.43483649999999996 0.6774964470588236 0.4658053440476191 0.6847083696594427 0.4827745738095238 0.6957383690402477 0.4993195607142857 0.7029502916408669 0.5162887904761905 0.7131318297213622 0.5086526369047619 0.7207679826625386 0.492531880952381 0.725434520743034 0.4759868821428571 0.7284041362229102 0.46156303690476186 0.7301010594427245 0.4535026523809524 0.726707213003096 0.4373818845238095 0.7233133671826626 0.4255034238095238 0.7177983678018576 0.4136249630952381 0.7135560600619195 0.4017465083333333 0.7122833678018576 0.38901958571428574 0.7122833678018576 0.37671689404761904 0.7067683684210526 0.3635657452380952 0.6957383690402477 0.3686565130952381
2 0.6817387541795666 0.539621494047619 0.6762237547987616 0.5472576476190476 0.6732541393188854 0.5570149547619048 0.6711329857585139 0.5616814928571429 0.6770722160990711 0.5697418761904761 0.6842841386996904 0.5684691845238096 0.6914960613003096 0.5608330309523809 0.6978595226006191 0.5531968773809524 0.7008291380804954 0.5472576476190476 0.7008291380804954 0.5442880321428571 0.6995564458204335 0.5353791928571429 0.6974352916408668 0.5319853464285714 0.6957383690402477 0.5319853464285714 0.6859810619195046 0.5328338083333334 0.6817387541795666 0.539621494047619
2 0.6210737839009288 0.566348030952381 0.6253160910216718 0.5744084142857143 0.6321037832817338 0.5807718761904762 0.6367703213622291 0.5837414916666667 0.642285320743034 0.5828930297619048 0.6486487820433436 0.5803476452380952 0.6550122433436533 0.5739841845238095 0.6596787814241486 0.5646511083333333 0.657557627863777 0.5591361083333334 0.6461033975232199 0.5527726464285715 0.6359218600619194 0.5548938011904762 0.6202253226006192 0.5570149547619048 0.6210737839009288 0.566348030952381
2 0.5281672507739937 0.597741105952381 0.5277430198142415 0.6015591821428571 0.5264703275541796 0.6100437976190476 0.5307126352941176 0.6151345666666667 0.5362276346749225 0.6151345666666667 0.5404699424148607 0.6125891821428572 0.5396214811145511 0.6070741821428571 0.5391972501547987 0.5994380285714286 0.5404699424148607 0.5837414916666667 0.5294399430340557 0.5875595678571428 0.5281672507739937 0.597741105952381
2 0.6181041684210526 0.6410126416666666 0.613013399380805 0.6431337952380952 0.6083468613003096 0.6494972571428571 0.6087710922600619 0.6545880249999999 0.6176799380804954 0.6613757178571429 0.62404339876161 0.6634968714285714 0.6338007058823529 0.6634968714285714 0.6397399368421053 0.666042255952381 0.6465276284829721 0.6617999476190477 0.6465276284829721 0.6554364869047619 0.6473760897832818 0.6499214869047618 0.6465276284829721 0.6427095642857142 0.6452549362229102 0.6363461035714285 0.6388914749226006 0.6308311035714286 0.6321037832817338 0.633800719047619 0.6231949374613003 0.6354976416666668 0.6181041684210526 0.6410126416666666
2 0.6630726018575851 0.6384672571428571 0.6685876012383901 0.6418611035714286 0.6749510625386996 0.6422853345238095 0.6868295232198142 0.6397399500000001 0.6957383690402477 0.6329522571428571 0.6974352916408668 0.6227707261904762 0.6982837535603715 0.6125891880952381 0.6978595226006191 0.5977411119047619 0.6872537541795666 0.5977411119047619 0.6834356773993808 0.5994380357142857 0.6745268315789473 0.607498419047619 0.6711329857585139 0.613861880952381 0.6681633702786377 0.6206495726190476 0.6673149089783282 0.6231949571428571 0.663072653250774 0.6363461166666667 0.6630726018575851 0.6384672571428571
11 0.7122833678018576 0.618528419047619 0.7127075987616099 0.6380430261904761 0.7156772136222911 0.6550122559523809 0.7228891368421053 0.6707087940476191 0.733494905263158 0.6902234083333333 0.741979520123839 0.6995564845238095 0.7521610575851393 0.7063441630952382 0.765736441486068 0.711859163095238 0.7720999027863776 0.7050714845238095 0.7750695182662539 0.6991322535714285 0.7827056712074303 0.6677391785714285 0.7797360563467493 0.6490730261904762 0.7746452873065015 0.633376488095238 0.768281826006192 0.6164072654761905 0.7636152879256966 0.6041045738095238 0.7559791343653252 0.5824688083333334 0.7402825969040248 0.5794991940476191 0.732222213003096 0.5858626511904762 0.7241618284829722 0.5934988047619048 0.7194952904024767 0.6011349583333333 0.7152530346749226 0.6096195797619048 0.7122833678018576 0.618528419047619
2 0.45015136842105263 0.5659046119047619 0.4487223164086688 0.5687627166666667 0.44900812693498454 0.5741931142857143 0.4515804204334365 0.583053236904762 0.4570108179566563 0.5904843083333333 0.4670141826625387 0.5767654083333333 0.4621554055727554 0.5610458357142857 0.453581093498452 0.5596167833333333 0.45015136842105263 0.5659046119047619
2 0.3320624736842105 0.5474118916666667 0.3316695003095975 0.5588081202380952 0.3336343671826626 0.5670605607142857 0.33520626068111453 0.5717762416666666 0.33992194117647057 0.5780638035714286 0.35446195541795666 0.5800286702380952 0.3635003430340557 0.5792427226190476 0.36467926315789473 0.5713832678571429 0.3587846625386997 0.5627378535714286 0.3524970885448916 0.5564502797619048 0.3462095145510836 0.5513416261904762 0.33992194117647057 0.5442681047619048 0.3336343671826626 0.5356226916666667 0.3320624736842105 0.5474118916666667
2 0.2947300030959752 0.5407313452380953 0.2947300030959752 0.5434821583333334 0.29865973684210523 0.5505556797619048 0.3029824439628483 0.5611659607142857 0.31162785820433436 0.5686324547619047 0.31909435232198147 0.5725621880952381 0.32538192631578944 0.5725621880952381 0.3261678730650155 0.5615589333333333 0.32498895294117647 0.5529135190476191 0.31909435232198147 0.545447025 0.31084191145510837 0.5332648511904762 0.2998386569659443 0.5328718773809523 0.2947300030959752 0.5407313452380953
11 0.3076981244582043 0.34699547380952384 0.3006246037151703 0.3576057547619047 0.2951229764705882 0.37214576904761903 0.29276513684210526 0.3945452511904762 0.2880494563467492 0.41576581309523813 0.2872635095975232 0.43620041666666665 0.28765648297213625 0.4487755642857143 0.2896213498452012 0.4644944988095238 0.2931581102167183 0.4786415404761905 0.29630189659442724 0.48767992857142856 0.3049473108359133 0.48964479523809523 0.3128067783281734 0.4758907273809524 0.3155575919504644 0.46606639285714285 0.31595056532507737 0.45388421785714284 0.31712948544891645 0.44091609642857144 0.3155575919504644 0.4295198690476191 0.3135927250773994 0.4118360797619048 0.3187013789473684 0.3984749845238096 0.32223813931888545 0.38039820952380954 0.32420300619195047 0.3615354880952381 0.3198802990712074 0.3466025 0.3076981244582043 0.34699547380952384
11 0.25896942662538697 0.5941757297619048 0.256611586377709 0.6075368238095238 0.253467799380805 0.6271854857142858 0.25425374613003093 0.6440833416666666 0.253467799380805 0.6629460630952381 0.25464671950464396 0.6763071571428572 0.255825639628483 0.6971347345238095 0.25818347987616097 0.7097098821428571 0.2727234947368421 0.72346395 0.27704620185758516 0.7140325892857143 0.2837267492260062 0.6904541988095239 0.28844242972136225 0.6763071571428572 0.29197919009287926 0.6629460630952381 0.29787379009287923 0.6460482083333333 0.29826676346749226 0.6291503535714286 0.29826676346749226 0.6118595309523809 0.29158621671826623 0.6040000630952381 0.28647756284829723 0.6008562761904762 0.27704620185758516 0.5953546488095238 0.26957970773993806 0.5886741023809524 0.25896942662538697 0.5941757297619048
2 0.30691217770897833 0.6169681845238095 0.30730515108359135 0.6228627797619049 0.3076981244582043 0.628364405952381 0.3084840712074303 0.6374027940476191 0.3092700179566563 0.6452622607142857 0.3139856984520124 0.651156861904762 0.32145219256965946 0.6609811964285714 0.32656084643962846 0.661374169047619 0.33481328730650156 0.6562655154761904 0.3383500476780186 0.6503709154761904 0.33795707430340555 0.6421184738095238 0.3324554470588235 0.6330800869047619 0.32695381981424154 0.6303292738095237 0.32105921919504643 0.6232557523809524 0.3143786718266254 0.6165752107142857 0.30887706873065013 0.6106806166666667 0.30691217770897833 0.6169681845238095
2 0.3450305950464396 0.6401536071428571 0.34385167492260066 0.6448692880952381 0.34581654117647054 0.6527287547619047 0.3513181684210526 0.6641249833333334 0.35917763591331264 0.6751282369047619 0.3662511566563468 0.6790579714285714 0.37921927801857586 0.6822017583333334 0.3858998253869969 0.6747352642857142 0.3866857721362229 0.664517955952381 0.38157711826625385 0.6570514619047619 0.37293170402476783 0.6499779416666668 0.3674300767801858 0.6432973940476191 0.3595706092879257 0.6381887404761905 0.34738843467492264 0.6350449535714286 0.3450305950464396 0.6401536071428571
