11 0.7182636724458205 0.6036500880952381 0.7146182941176471 0.624495575 0.7135767913312694 0.6416930976190476 0.7344071628482972 0.6531581190476191 0.7609659176470589 0.6500312845238095 0.7745056111455109 0.6333548904761904 0.7734641089783282 0.6192842023809523 0.7682565157894737 0.6010444011904762 0.7583621213622291 0.5838468595238095 0.7500299411764705 0.5729029869047619 0.7380524619195046 0.5583111488095238 0.7302410724458205 0.549451813095238 0.7234374978328173 0.5463541666666667 0.7208674687306501 0.574466394047619 0.7182636724458205 0.6036500880952381
11 0.2469764823529412 0.6031289380952382 0.25010103034055725 0.648989005952381 0.24541420866873065 0.6833840714285715 0.24645571145510836 0.7016238726190477 0.26728608235294116 0.6984970571428571 0.2777012681114551 0.6677499559523808 0.281346586996904 0.6442987833333332 0.28551265758513933 0.6234532964285715 0.2870749510835913 0.6026078095238095 0.2865541801857585 0.5874948238095238 0.28186735851393185 0.5796777654761905 0.2774739560371517 0.5763020833333333 0.25582939442724456 0.5760298011904762 0.2469764823529412 0.6031289380952382
2 0.3016562068111455 0.6255378333333333 0.3094675962848297 0.6338760392857142 0.31936201052631574 0.6302281154761905 0.3224865783281734 0.625016744047619 0.3183205083591331 0.6125094035714285 0.30998834736842107 0.6062557738095238 0.3032184811145511 0.6005232523809524 0.2963541647058824 0.5958333333333333 0.29540709164086687 0.6156362380952382 0.3016562068111455 0.6255378333333333
2 0.29384481795665635 0.5603956857142857 0.300093933126935 0.56404365 0.3037392321981424 0.5656070583333334 0.31311291517027867 0.5661282071428572 0.3079053226006192 0.5583111488095238 0.3026977294117647 0.5557054630952382 0.2943655690402477 0.5546631857142857 0.2943655690402477 0.541634755952381 0.29072025015479874 0.5421558845238095 0.2898437479876161 0.5567708333333333 0.29384481795665635 0.5603956857142857
2 0.6755613479876161 0.5400713488095238 0.669312252631579 0.5484095345238096 0.6667084557275542 0.5619591130952382 0.6703537547987616 0.5635225214285714 0.6792067263157895 0.5510152214285714 0.6844143188854489 0.5468461273809524 0.6927464198142415 0.5411136261904762 0.6969125102167183 0.5327754202380953 0.6941406229102167 0.5248697916666667 0.6781651442724458 0.5374656619047619 0.6755613479876161 0.5400713488095238
2 0.7073276959752323 0.516620175 0.7104522835913312 0.5260006404761904 0.7120144978328175 0.527042919047619 0.7193051752321982 0.5176624535714286 0.7239919770897834 0.510366525 0.7245127678018575 0.5067185607142858 0.7224296829721363 0.49838036428571425 0.7140975826625386 0.5077608392857144 0.7073276959752323 0.516620175
2 0.669312252631579 0.6031289380952382 0.6656669529411764 0.607819180952381 0.669312252631579 0.6145939607142856 0.6766029300309597 0.611988275 0.6786859356037153 0.6130305523809524 0.6864973244582044 0.607819180952381 0.6891011207430341 0.601565530952381 0.6937879226006193 0.5942696023809524 0.6963917188854489 0.5864525452380952 0.6953502167182664 0.5854102869047619 0.672436839628483 0.5989598452380952 0.669312252631579 0.6031289380952382
2 0.3381093566563467 0.5775932285714286 0.3297772160990712 0.5755086726190476 0.3256111263157895 0.5801989142857144 0.3261318773993808 0.5895793797619048 0.3396716507739938 0.5906216583333334 0.34123390464396286 0.6000021238095238 0.34904529349845204 0.593227344047619 0.3631058179566563 0.5963541595238095 0.36623036594427244 0.5885371011904762 0.361022773374613 0.57655095 0.36050202167182666 0.5781143583333334 0.3526906328173375 0.5801989142857144 0.3381093566563467 0.5775932285714286
2 0.3625850272445821 0.6213687392857143 0.3521698414860681 0.6203264619047618 0.3438377009287925 0.6203264619047618 0.3433169498452012 0.6333548904761904 0.3521698414860681 0.6396085404761904 0.3521698414860681 0.6442987833333332 0.3568566829721362 0.6531581190476191 0.36206427554179565 0.6437776345238095 0.3724794613003096 0.6442987833333332 0.3813323931888545 0.6406508583333332 0.3792493479876161 0.6370028547619048 0.3724794613003096 0.6265801119047619 0.3625850272445821 0.6213687392857143
2 0.6115079801857585 0.624495575 0.6141117764705882 0.6427353761904762 0.6344213962848297 0.6307492047619048 0.6422327857585138 0.623974425 0.6407552061919504 0.608203125 0.6240062105263158 0.6151150892857143 0.6115079801857585 0.624495575
19 0.6203608718266254 0.5702973 0.6245269622291022 0.5817623226190476 0.6396289888544893 0.5770720797619048 0.6495234235294117 0.5697761714285714 0.6495234235294117 0.5645648 0.6459635399380805 0.5580729166666667 0.6297345547987616 0.5656070583333334 0.6203608718266254 0.5702973
13 0.2870749510835913 0.6448199130952381 0.3334225151702786 0.671919069047619 0.3688341622291022 0.6901588702380952 0.3797700996904025 0.6745247559523809 0.34852454241486064 0.6625385845238095 0.330859372755418 0.653125 0.28551265758513933 0.6234532964285715 0.2870749510835913 0.6448199130952381
11 0.3006118222910217 0.45666810595238094 0.3023979826625387 0.4030494035714286 0.2827499479876161 0.3261960595238095 0.2684603931888545 0.40483669880952383 0.25417097523219817 0.47096640476190477 0.29508924458204333 0.4937500011904762 0.3006118222910217 0.45666810595238094
