9 0.6123999999999999 0.5576 0.6232 0.5536 0.6295999999999999 0.5552 0.6268 0.5448 0.624 0.508 0.6208 0.4728 0.6176 0.4512 0.6112 0.44 0.608 0.432 0.604 0.4352 0.604 0.456 0.6036 0.48719999999999997 0.6036 0.5296 0.6028 0.5584 0.6008 0.5656 0.6123999999999999 0.5576
9 0.7236 0.7343999999999999 0.7236 0.696 0.7223999999999999 0.6527999999999999 0.7232000000000001 0.6144000000000001 0.7088 0.6336 0.6908000000000001 0.6456 0.6696 0.644 0.6744 0.6559999999999999 0.6791999999999999 0.6816 0.6836 0.7128 0.6896 0.7336 0.6963999999999999 0.7584000000000001 0.7012 0.7672 0.7064 0.7728 0.7091999999999999 0.7728 0.7136 0.7648 0.7108 0.7447999999999999 0.7036 0.7256 0.6996 0.7031999999999999 0.6976 0.688 0.7040000000000001 0.7096 0.7091999999999999 0.7336 0.7144 0.7480000000000001 0.716 0.7552000000000001 0.7227999999999999 0.7544000000000001 0.7236 0.7343999999999999
1 0.6204000000000001 0.6216 0.6275999999999999 0.6160000000000001 0.6348 0.6056 0.6372 0.588 0.6355999999999999 0.564 0.6268 0.5536 0.61 0.5584 0.5996 0.5671999999999999 0.5976 0.5784 0.598 0.5944 0.6028 0.5992 0.6072000000000001 0.6103999999999999 0.6204000000000001 0.6216
1 0.7075999999999999 0.636 0.7208000000000001 0.624 0.7236 0.6127999999999999 0.7203999999999999 0.5976 0.7115999999999999 0.5831999999999999 0.7040000000000001 0.5792 0.6912 0.588 0.6864 0.5968 0.6764 0.6048 0.6692 0.6112 0.6648000000000001 0.6160000000000001 0.6624 0.628 0.6683999999999999 0.6416 0.6788 0.644 0.6884 0.6464 0.7075999999999999 0.636
11 0.26189641238390093 0.4854173130952381 0.27064873560371516 0.4706056880952381 0.2827673374613003 0.44569522857142857 0.2888266390092879 0.4187650023809524 0.29017314984520126 0.3992405880952381 0.29286617275541793 0.3810626952380953 0.2935394284829721 0.35682549166666666 0.2868068718266254 0.3413406119047619 0.2827673374613003 0.3393208440476191 0.2780545479876161 0.3473999119047619 0.269975479876161 0.3696173488095238 0.2625696681114551 0.38846850833333335 0.25045106563467495 0.4106859345238095 0.23900571950464397 0.4329033714285714 0.2410254866873065 0.457140575 0.25045106563467495 0.47801150119047614 0.26189641238390093 0.4854173130952381
2 0.2544906 0.5237928857142857 0.2544906 0.5318719535714286 0.2551638557275542 0.543990555952381 0.26122315665634677 0.5520696238095238 0.269975479876161 0.557455669047619 0.2820940823529412 0.5608219476190476 0.28748012755417957 0.557455669047619 0.29286617275541793 0.5507231130952381 0.2915196613003096 0.5412975333333333 0.28949989411764704 0.5392777666666666 0.2807475708978328 0.5251393976190476 0.27872780371517025 0.521099863095238 0.2605499009287926 0.5143673071428572 0.2544906 0.5237928857142857
11 0.18902649659442722 0.6176641023809524 0.18569856532507742 0.6323070011904762 0.183369013003096 0.6462843142857143 0.1960151529411765 0.6629239726190476 0.21232201795665634 0.6818931726190476 0.22463536532507739 0.691211380952381 0.2322896080495356 0.7011951761904762 0.2555851294117647 0.7115117642857143 0.2672328904024768 0.6902130011904761 0.2635721653250774 0.6785652404761905 0.26157540619195047 0.6645879380952381 0.26523613126934986 0.6532729702380952 0.26390495851393186 0.6366333119047619 0.26323937213622295 0.6226559988095237 0.26323937213622295 0.6133377904761905 0.25991144086687307 0.6023556214285715 0.25491954303405573 0.5956997583333333 0.23428636718266252 0.5956997583333333 0.22197301981424147 0.5917062404761905 0.21265481114551085 0.5893766880952381 0.20067425758513932 0.5900422750000001 0.19767911888544892 0.5973637238095238 0.19435118761609907 0.614668963095238 0.18902649659442722 0.6176641023809524
1 0.2672328904024768 0.6056835535714286 0.2685640631578947 0.61067545 0.27155918080495356 0.6189952750000001 0.2768838718266254 0.6256511380952381 0.2858692873065016 0.6266495178571428 0.3008449795665635 0.6226559988095237 0.30650246315789476 0.6173313083333334 0.30849922229102167 0.6110082440476191 0.3028417386996904 0.6026884142857143 0.2955202891640867 0.5986948964285714 0.2895300117647059 0.5940357928571429 0.27521990588235296 0.5947013785714286 0.26756568359133126 0.5960325511904762 0.26423775170278635 0.600358861904762 0.2672328904024768 0.6056835535714286
2 0.3990189628482972 0.6556025226190475 0.40068292879256967 0.6585976607142857 0.4040108600619195 0.6645879380952381 0.40667320557275544 0.6702454214285715 0.4100011374613003 0.6742389392857143 0.4149930346749226 0.6785652404761905 0.4206505182662539 0.6798964130952381 0.42397845015479874 0.6719093880952381 0.42364565696594425 0.6645879380952381 0.4219816910216719 0.6595960404761905 0.4153258278637771 0.6529401773809523 0.40134851517027864 0.6496122452380954 0.3990189628482972 0.6556025226190475
2 0.40767158513931884 0.5737354047619048 0.4096683442724458 0.5770633357142857 0.4123306891640867 0.5807240607142857 0.41931934613003097 0.586381544047619 0.4229800705882353 0.5777289226190476 0.42098331145510837 0.5674123345238095 0.4176553801857585 0.562420436904762 0.41299627554179563 0.562087644047619 0.4100011374613003 0.5637516095238095 0.4053420328173375 0.5687435071428572 0.40767158513931884 0.5737354047619048
2 0.42298009102167183 0.5807240654761905 0.4236456773993808 0.586381544047619 0.43030154055727554 0.5990276845238095 0.43396226563467494 0.6016900297619048 0.43895416284829725 0.5927046142857143 0.43928695603715173 0.5803912726190475 0.43729019690402476 0.5747337892857143 0.43496064458204337 0.5724042369047619 0.4316327133126935 0.5707402714285714 0.42830478142414863 0.5707402714285714 0.42298009102167183 0.5807240654761905
2 0.5168277430340557 0.5990276845238095 0.5191572947368421 0.6096770654761905 0.522485226625387 0.6140033773809523 0.5254803653250775 0.6130049976190477 0.5288082965944272 0.6030212023809524 0.5284755034055727 0.5860487511904762 0.523150813003096 0.5827208202380952 0.5148309839009289 0.5853831654761905 0.5168277430340557 0.5990276845238095
2 0.5725824873065015 0.5934322976190476 0.5715990068111455 0.602283625 0.5721890953560371 0.6077911178571428 0.582220599380805 0.6109382559523809 0.5900884458204334 0.6060208523809524 0.5938256724458204 0.6024803214285714 0.594415760990712 0.5993331833333333 0.5932355839009288 0.5942190833333333 0.5885148761609906 0.5902851595238096 0.5843842569659443 0.5891049821428571 0.5790734606811145 0.5893016785714286 0.5735659925696595 0.5916620392857143 0.5725824873065015 0.5934322976190476
2 0.6340120297213623 0.5577742511904762 0.6340120297213623 0.5695031488095238 0.6359668464396285 0.5818836535714286 0.6392248736842105 0.5870964964285714 0.6522569826625387 0.5857932857142857 0.6685471188854489 0.5779740202380952 0.6757147789473684 0.568199938095238 0.6750631739938081 0.5616838833333333 0.6705019356037151 0.5538646178571429 0.6581214315789473 0.5519098023809524 0.654211799380805 0.5558194345238096 0.6411796897832817 0.5564710404761904 0.6340120297213623 0.5577742511904762
2 0.6880952829721362 0.5297552166666666 0.6848372557275542 0.5362712714285714 0.6802760173374613 0.5480001690476191 0.6828824390092879 0.5610322785714286 0.6920049157894737 0.5623354892857143 0.7024306030959753 0.5584258571428572 0.7128562904024768 0.548651775 0.7167659232198142 0.5401809035714286 0.7232819777089784 0.5323616380952382 0.7226303721362229 0.5245423726190476 0.7148111065015479 0.5160715119047619 0.7069918408668731 0.515419905952381 0.6959145486068112 0.5212843452380952 0.6880952829721362 0.5297552166666666
11 0.7175006773993808 0.6075610809523809 0.7197509040247678 0.6197765952380953 0.7207152866873064 0.6345637964285714 0.7220011300309598 0.6541729107142856 0.7252157386996905 0.6609235797619047 0.7348595659442725 0.6689601023809524 0.7467536185758514 0.6744249369047619 0.7747207164086687 0.6757107809523809 0.7834001609907121 0.6712103285714286 0.7875791523219814 0.6593162845238095 0.7901508396284829 0.648708075 0.7904723003095976 0.6303848047619047 0.7895079176470587 0.6114186119047619 0.7817928563467493 0.6027391678571429 0.7686129597523219 0.5882734321428571 0.7592905938080495 0.5770223011904762 0.7502896885448915 0.5648067892857143 0.7396814792569659 0.562556563095238 0.7281088866873066 0.562556563095238 0.7268230433436532 0.5699501607142857 0.7242513560371517 0.5812012928571428 0.7236084346749225 0.58730905 0.7216796693498453 0.5992030976190477 0.7175006773993808 0.6075610809523809
11 0.7017490934984519 0.35007090952380954 0.6969271801857585 0.3587503535714286 0.6914623448916408 0.3745019321428571 0.6895335795665635 0.3944325083333333 0.6956413368421053 0.4236854488095238 0.7059280854489164 0.4706187297619047 0.7171792167182663 0.4821913226190476 0.7184650600619195 0.48283424404761904 0.7310020352941177 0.4686899642857143 0.7367883312693498 0.4555100678571429 0.7425746272445821 0.44586624166666666 0.7422531665634674 0.43011466666666665 0.7412887839009288 0.41725623095238096 0.7367883312693498 0.4108270130952381 0.730680573993808 0.40214756904761906 0.7265015826625387 0.39603981190476195 0.7220011300309598 0.38896767261904763 0.7175006773993808 0.3561786619047619 0.715893372755418 0.34846360000000004 0.7110714594427245 0.34042708214285716 0.7030349374613003 0.33785539523809527 0.7017490934984519 0.35007090952380954
2 0.562280959752322 0.6714617511904762 0.5633727671826626 0.6780125976190476 0.5633727671826626 0.6801962130952381 0.5666481907120743 0.6840175404761906 0.5682859021671827 0.6829257333333333 0.5721072291021672 0.6720076547619048 0.5704695176470588 0.6643650095238095 0.5666481907120743 0.6627272976190476 0.5633727671826626 0.6610895857142857 0.5606432476780185 0.662181394047619 0.562280959752322 0.6714617511904762
