1 0.37533187504573107 0.60487824285018 0.3785154721499566 0.6621927977037032 0.3275100362200192 0.6650253293926129 0.3243267368608258 0.6077110581195806
1 0.6111757900969224 0.5322022419950501 0.6458232601039526 0.5312650177860425 0.647683962336373 0.6000452829913346 0.6130364925554659 0.6009825016439471
1 0.6831723702388217 0.4960622847861756 0.7237270436606877 0.4941227728396808 0.7274184586435695 0.5713028294124336 0.686863786068443 0.5732423291906867
1 0.7217206998678876 0.656568142247864 0.6685610577493435 0.6545290956373097 0.671679553885042 0.5732475700047411 0.7248383915898557 0.5752866012301845
1 0.6743285259977938 0.6816859375 0.6209325523194593 0.6816859375 0.6209329648927451 0.6010171875 0.6743281060815889 0.6010171875
11 0.7310226796585084 0.5925078670938986 0.8031851737222269 0.5878968427164606 0.8089320662396631 0.6778251082840164 0.7367695764738755 0.6824360925866766
2 0.2805105838623376 0.6367635564670076 0.26709462872486256 0.6046765873407336 0.3129993712068426 0.5854854265539131 0.3264153776084413 0.6175722470030425
2 0.26676519144029953 0.5343903812760835 0.28741371813180194 0.5270166195797438 0.3000120908837971 0.5622923151962477 0.27936357580995264 0.5696660538115644
2 0.34023354433918485 0.5837958912466696 0.3153763738831685 0.5909927849343595 0.3053316178396699 0.5563026529489945 0.3301886423915903 0.5491057816733498
2 0.5953150831898029 0.6445525810253366 0.5912143742474427 0.6204634263052151 0.6177783830472663 0.6159419633489694 0.6218791409967253 0.6400310557478638
9 0.328125 0.7454044124999935 0.3211834805932767 0.7441348073991828 0.33627192756648583 0.6616522876044011 0.3432133283109806 0.6629218817550075
9 0.3474264703124845 0.6663602937500012 0.35600974987562495 0.666023748547339 0.3596861833842695 0.759773753416554 0.351102904025538 0.7601102951850263
9 0.6553309698834937 0.7610294047038242 0.6482541818564869 0.7616630469849418 0.6414854363073346 0.6860785020611329 0.6485621073337597 0.6854448650300292
9 0.6879326531911829 0.7381596789759456 0.6812948770808589 0.7405299524659643 0.6582129774714076 0.675900642157626 0.6648506646390615 0.6735303860568591
9 0.7058824192447446 0.719669111354232 0.6996591709358881 0.7202181438172802 0.6941444805295305 0.6577181459988852 0.7003676468750655 0.6571691171874952
9 0.7108556252098879 0.6500257341073775 0.7129958513329484 0.6491973775155913 0.7328387207867308 0.7004584247392827 0.7306984971735346 0.7012867766467014
9 0.6314339266380102 0.537683811854586 0.6259969989341698 0.538294036174697 0.6158866754416294 0.44822051390326995 0.6213235296875155 0.4476102937500006
9 0.6989744721702209 0.48126296987959644 0.690844937330894 0.48276835258509143 0.6766131975076632 0.4059171385449966 0.6847426468749518 0.40441176406250134
9 0.6985294124999655 0.41176470625 0.7024414325877615 0.4117088237625439 0.703360545868577 0.4760470584368988 0.6994485257861243 0.4761029406807303