1 0.6393559747091331 0.6203363996703436 0.5999043276399334 0.6229662358395928 0.5954195898031003 0.5556918221373386 0.6348707627536214 0.5530620018059521
1 0.6833512379740796 0.6580444420369518 0.652036911480991 0.6236026448956001 0.7047579478223724 0.5756745966971821 0.7360720959092077 0.6101161650641024
11 0.2819205221926495 0.33893412890033603 0.32296423234527083 0.3576775261698745 0.26415534803618357 0.48644889085141146 0.22311173987975508 0.46770566032329275
2 0.29355772219309983 0.5557926162567839 0.2693792663918657 0.56809621913408 0.24414780557094673 0.518516756733617 0.26832607826713684 0.5062132099833595
11 0.2683058198032313 0.7108510323435209 0.18694216644905737 0.7150771809214349 0.18049997323964817 0.5910468773470106 0.26186165702574726 0.5868207795026061
1 0.272220041573064 0.6302893262492846 0.26338151959328115 0.5971483182145414 0.30205257721536327 0.586836123226612 0.3108911766937581 0.6199770078732251
11 0.7896728071120833 0.6759730656791535 0.7163225387437251 0.6746863803161842 0.7182971435129275 0.5621814417392565 0.7916458224459575 0.563468112963375
11 0.6780305784042184 0.34333549794157414 0.7229303780083001 0.33349499098715035 0.7539571103718572 0.47505565950339124 0.7090573395444153 0.4848960770029769
9 0.6102941171875 0.44577205937500003 0.6231617640625 0.44577205937500003 0.6231617640625 0.5560661765625 0.6102941171875 0.5560661765625
9 0.7040443397286253 0.7555146711171438 0.6938493781467514 0.757124162687372 0.6800625814219075 0.6698080060990776 0.6902573531250482 0.6681985296874976
9 0.6976501874275982 0.6579238165578002 0.7073518915050272 0.6557032824256603 0.7256942060838583 0.7358309871483206 0.7159925084797578 0.7380515019882647