2 0.6468 0.5856 0.6547999999999999 0.5864 0.66 0.5912000000000001 0.6656 0.588 0.6724 0.5776 0.6828 0.5816 0.688 0.5720000000000001 0.6876 0.5592 0.6864 0.5384 0.6816000000000001 0.5256000000000001 0.6728 0.524 0.6624 0.5232 0.6527999999999999 0.5296 0.6428 0.5376 0.6408 0.564 0.6468 0.5856
2 0.324 0.6072 0.33320000000000005 0.6008 0.3428 0.608 0.3468 0.604 0.3552 0.6 0.3568 0.5896 0.358 0.5680000000000001 0.35359999999999997 0.5536 0.3488 0.5496 0.3384 0.5456 0.3296 0.5448 0.3224 0.5456 0.31720000000000004 0.5704 0.318 0.5944 0.324 0.6072
2 0.3232 0.6712 0.3336 0.6544 0.3368 0.6384 0.3328 0.624 0.3304 0.608 0.3228 0.6016 0.3152 0.6056 0.3124 0.5936 0.3032 0.5968 0.294 0.6016 0.2904 0.644 0.298 0.6576 0.3076 0.6696000000000001 0.3156 0.676 0.3232 0.6712
2 0.3512 0.6872 0.3588 0.6872 0.366 0.6736 0.372 0.6599999999999999 0.376 0.6512 0.37639999999999996 0.6408 0.372 0.628 0.366 0.6304 0.36239999999999994 0.6256 0.3552 0.6256 0.3488 0.6135999999999999 0.3428 0.6127999999999999 0.338 0.6056 0.3316 0.628 0.3296 0.6664 0.3392 0.6808 0.3512 0.6872
11 0.75 0.5696022726190476 0.6946022724458205 0.5553977273809524 0.6917613634674923 0.6548295452380952 0.75 0.65625 0.75 0.5696022726190476
11 0.31534090897832817 0.4488636369047619 0.296875 0.42755681785714283 0.25284090897832817 0.4886363630952381 0.29119318204334366 0.5369318178571428 0.31534090897832817 0.4488636369047619
13 0.3480113634674923 0.677556817857143 0.3963068179566564 0.7073863630952382 0.4488636365325077 0.7230113630952382 0.47585227244582046 0.728693182142857 0.5269886365325077 0.7116477273809524 0.6889204544891641 0.6420454547619048 0.6889204544891641 0.634943182142857 0.53125 0.7002840904761906 0.4801136365325077 0.7073863630952382 0.42897727244582046 0.7116477273809524 0.26278409102167183 0.6136363630952382 0.3110795455108359 0.6590909095238094 0.3480113634674923 0.677556817857143
13 0.5895362854489163 0.5460829964285714 0.6477272724458205 0.53125 0.7002840910216718 0.4928977273809524 0.6960227275541795 0.4886363630952381 0.5895362854489163 0.5460829964285714
13 0.5170454544891641 0.5582386369047619 0.5752840910216718 0.5497159095238096 0.5862557758513932 0.5469192047619047 0.5298295455108359 0.5482954547619048 0.39914772755417954 0.5596590904761904 0.27840909102167183 0.5369318178571428 0.4375 0.578125 0.5170454544891641 0.5582386369047619
11 0.28295061857585135 0.6423128678571429 0.29076518885448915 0.5938326785714286 0.2579438990712074 0.5688106559523809 0.25624996408668727 0.6097656261904761 0.28295061857585135 0.6423128678571429
