2 0.6311874996904024 0.46947656190476195 0.6361390625386997 0.47165625000000005 0.6425031250773994 0.485465625 0.6534656247678019 0.485465625 0.6584156247678018 0.47165625000000005 0.6651343752321981 0.4738375 0.6725593752321981 0.45857499999999995 0.6736203126934985 0.43822656190476195 0.6722062501547988 0.417878125 0.6669031250773995 0.4040703119047619 0.6577093752321981 0.404796875 0.6470999999999999 0.40915625000000005 0.6372 0.41424374999999997 0.6308343752321981 0.4215109369047619 0.629067187616099 0.44549374999999997 0.6311874996904024 0.46947656190476195
2 0.6944843752321982 0.44113437499999997 0.700142187616099 0.4331390630952381 0.7096890625386998 0.42441875 0.7114562501547987 0.4113375 0.7128718749226006 0.38735468809523804 0.7089812501547987 0.37209374999999995 0.702617187616099 0.3640984380952381 0.6941296873065015 0.36918593809523814 0.6835218749226005 0.37863437499999997 0.6715000000000001 0.3953484380952381 0.670792187616099 0.4171515619047619 0.6753890625386997 0.44331406190476186 0.6828140625386997 0.45058125 0.6944843752321982 0.44113437499999997
2 0.6905937498452013 0.555959375 0.6966046873065016 0.5385171880952381 0.6905937498452013 0.511628125 0.6852906247678019 0.49418593809523814 0.6771562501547987 0.4890984380952381 0.668317187616099 0.4890984380952381 0.6651343752321981 0.5050875 0.6615984377708979 0.51308125 0.655232812383901 0.5159890630952381 0.6481609374613003 0.5159890630952381 0.6453328123839009 0.529070311904762 0.6425031250773994 0.534884375 0.6428578123839009 0.5515984380952381 0.647807812383901 0.569040625 0.6647812501547987 0.5864828119047619 0.6768031250773994 0.574128125 0.6905937498452013 0.555959375
2 0.3429984377708979 0.4978203119047619 0.350425 0.48619218809523806 0.3550218749226006 0.457121875 0.3525453126934985 0.43822656190476195 0.34794843777089784 0.42441875 0.34017031269349846 0.39898281190476187 0.33026874984520127 0.39898281190476187 0.316125 0.407703125 0.3065765622291022 0.438953125 0.3150640625386997 0.47601718809523813 0.3246109374613003 0.4811046869047619 0.33734062476780186 0.498546875 0.3429984377708979 0.4978203119047619
13 0.3948863634674923 0.4417613630952381 0.48153409102167183 0.4517045452380953 0.5497159089783282 0.4417613630952381 0.6306818179566563 0.41903409047619045 0.6903409089783282 0.375 0.7428977275541795 0.31534090952380955 0.7215909089783282 0.3167613630952381 0.6889204544891641 0.37215909047619045 0.5866477275541795 0.4261363630952381 0.4673295455108359 0.43465909047619045 0.37784090897832817 0.4303977273809524 0.29119318204334366 0.4048295452380953 0.3948863634674923 0.4417613630952381
13 0.37784090897832817 0.6079545452380952 0.45028409102167183 0.6292613630952382 0.5170454544891641 0.6420454547619048 0.6079545455108359 0.6164772726190476 0.6647727275541795 0.6221590904761906 0.7017045455108359 0.5710227273809524 0.734375 0.5 0.734375 0.48153409047619045 0.6789772724458205 0.5767045452380952 0.5866477275541795 0.5980113630952381 0.4957386365325077 0.6164772726190476 0.41477272755417954 0.6107954547619048 0.27130681795665634 0.5411931821428572 0.3181818179566564 0.5767045452380952 0.37784090897832817 0.6079545452380952
11 0.2159090910216718 0.5752840904761904 0.29119318204334366 0.5639204547619048 0.27130681795665634 0.45028409047619045 0.1875 0.5014204547619048 0.2159090910216718 0.5752840904761904
10 0.3125 0.6051136369047619 0.3423295455108359 0.6292613630952382 0.36647727244582046 0.6065340904761904 0.3735795455108359 0.5710227273809524 0.34375 0.546875 0.3125 0.6051136369047619
7 0.3267045455108359 0.6590909095238094 0.3536931820433436 0.661931817857143 0.3536931820433436 0.630681817857143 0.3267045455108359 0.630681817857143 0.3267045455108359 0.6590909095238094
6 0.6321022724458205 0.661931817857143 0.6818181820433437 0.6491477273809524 0.6377840910216718 0.5369318178571428 0.6264204544891641 0.5411931821428572 0.6321022724458205 0.661931817857143
