1 0.6174208720016168 0.533277710033563 0.6619907735088191 0.5247584312642279 0.6752216926274741 0.5939715587190347 0.6306518052995216 0.602490786027904
1 0.6359228279054605 0.6047198800295103 0.5969775414342848 0.6105589744516169 0.5855796457681208 0.5345437812472651 0.6245244263109271 0.5287047251508704
1 0.3594262052021122 0.33147854733839616 0.45267161518222565 0.432017454205602 0.3722772766913067 0.5065749434093523 0.2790325770356503 0.40603672994910545
1 0.3438187534733288 0.5030107621427756 0.3951515498393974 0.513883897409574 0.3802671386640668 0.5841479933278012 0.32893436275446675 0.5732749227127274
2 0.3018520628255601 0.5065054285598942 0.33475999002678236 0.5076400924354648 0.3336748633003026 0.5391087437776924 0.3007669362316392 0.5379740827449568
3 0.6447758419474212 0.5935668755151547 0.6626358021293299 0.5897057283101497 0.6848457931766916 0.6924270562450932 0.6669858455960593 0.6962881640050927
11 0.7666608180529693 0.7145385521377424 0.7105293226252343 0.712979520839142 0.7153982298615347 0.5377341490976001 0.7715278801352952 0.5392931550412368
2 0.6632056697931148 0.4520579070014801 0.6350210669065746 0.45469318250575275 0.6324015653658535 0.4266784270955167 0.6605860632776057 0.424043156516923
9 0.672400624644979 0.3034437664916275 0.6699795248243845 0.3037127710664555 0.6657774379601733 0.2658940041145753 0.6681985296874018 0.26562500000000605
9 0.6685007221204842 0.3042103606552075 0.6713586745860312 0.3035299185470969 0.6820858751339074 0.348584269842971 0.6792279232146257 0.34926471039519147
9 0.6893382320980663 0.26470588249255744 0.6920765694742386 0.2649340714422444 0.6855032879287819 0.3438133849049854 0.68276495065777 0.34358519678878713
2 0.699944792874021 0.5068139047104995 0.7039222069257676 0.5457632053007112 0.6678131051054379 0.5494501564550759 0.6638358148114776 0.5105009698556932