2 0.6547999999999999 0.49520000000000003 0.6639999999999999 0.4984 0.6699999999999999 0.5032 0.6772 0.5 0.6831999999999999 0.48800000000000004 0.6908000000000001 0.48800000000000004 0.6983999999999999 0.4816 0.7 0.4616 0.6996 0.44 0.694 0.42560000000000003 0.6888 0.4248 0.6768 0.4272 0.6624 0.43679999999999997 0.6507999999999999 0.448 0.6492 0.476 0.6547999999999999 0.49520000000000003
2 0.6948000000000001 0.5599999999999999 0.6896 0.532 0.6796000000000001 0.5168 0.6724 0.5216 0.6659999999999999 0.5168 0.6572 0.532 0.6484 0.5312 0.6408 0.5344 0.6364000000000001 0.548 0.6372 0.5656 0.6524 0.6112 0.6676 0.608 0.6811999999999999 0.5952000000000001 0.696 0.5808 0.6948000000000001 0.5599999999999999
2 0.28240000000000004 0.4944 0.2908 0.5 0.296 0.5096 0.3048 0.508 0.3104 0.4968 0.312 0.47200000000000003 0.3108 0.448 0.3048 0.4376 0.2912 0.4272 0.2768 0.4288 0.2708 0.456 0.2708 0.4728 0.2768 0.49039999999999995 0.28240000000000004 0.4944
2 0.3252 0.5696 0.3232 0.5472 0.3176 0.5367999999999999 0.3096 0.5392 0.3028 0.5312 0.296 0.524 0.28759999999999997 0.5328 0.27999999999999997 0.5512 0.2808 0.5871999999999999 0.2916 0.6008 0.3 0.6072 0.31479999999999997 0.6088 0.3196 0.5912000000000001 0.3252 0.5696
2 0.36119999999999997 0.6224000000000001 0.3644 0.6008 0.3664 0.5848 0.3656 0.5744 0.35559999999999997 0.5712 0.34840000000000004 0.5680000000000001 0.3412 0.5592 0.3328 0.5616 0.32480000000000003 0.552 0.3196 0.5792 0.324 0.6176 0.3348 0.6288 0.34719999999999995 0.6336 0.3572 0.6336 0.36119999999999997 0.6224000000000001
2 0.6456 0.6144000000000001 0.6444 0.5896 0.6424000000000001 0.556 0.6424000000000001 0.5488000000000001 0.6312 0.5528 0.6224000000000001 0.5592 0.6152 0.5592 0.6084 0.5608 0.5992 0.5704 0.5856 0.5720000000000001 0.5792 0.5936 0.586 0.6336 0.5988 0.6447999999999999 0.6168 0.644 0.6368 0.6296 0.6456 0.6144000000000001
22 0.4459134613003096 0.6622596154761905 0.5408653845201239 0.6574519226190477 0.6586538464396284 0.5889423071428571 0.6778846154798762 0.5637019226190476 0.6478365386996905 0.527644230952381 0.578125 0.5733173071428571 0.4915865386996904 0.6153846154761905 0.3798076922600619 0.590144230952381 0.2896634613003096 0.53125 0.2824519232198142 0.5709134619047619 0.3617788464396285 0.6298076928571429 0.4459134613003096 0.6622596154761905
22 0.4026442309597523 0.5625 0.4290865386996904 0.49038461547619044 0.5084134613003096 0.47475961547619044 0.5240384613003096 0.5168269226190476 0.5456730767801857 0.5552884619047619 0.6117788464396284 0.5552884619047619 0.667067307739938 0.5096153845238095 0.6538461535603716 0.46634615357142856 0.5913461535603716 0.41706730714285717 0.5456730767801857 0.42668269285714283 0.510817307739938 0.4375 0.4975961535603715 0.4362980773809524 0.4891826922600619 0.37740384642857144 0.4362980767801858 0.38221153809523806 0.4098557690402477 0.39663461547619044 0.421875 0.4387019226190476 0.3870192309597523 0.43509615357142856 0.3521634613003096 0.42668269285714283 0.30649038452012384 0.453125 0.2956730767801858 0.46634615357142856 0.27163461547987616 0.46514423095238094 0.3377403845201239 0.5384615380952381 0.4026442309597523 0.5625
11 0.7247596154798762 0.7007211535714286 0.7463942309597522 0.6694711535714286 0.7536057690402478 0.543269230952381 0.7439903845201238 0.5324519226190476 0.6875 0.6129807690476191 0.7247596154798762 0.7007211535714286
11 0.23076923095975233 0.5829326928571429 0.2524038464396285 0.6899038464285714 0.2956730767801858 0.6550480773809523 0.25961538452012384 0.5697115380952381 0.23076923095975233 0.5829326928571429
