9 0.3472421876160991 0.420784375 0.3461812501547988 0.43822656190476195 0.3490093752321981 0.4600296869047619 0.350425 0.475290625 0.3497171876160991 0.4876453130952381 0.3458281250773994 0.49709374999999995 0.36244687492260064 0.4956390630952381 0.3730546873065016 0.498546875 0.3815421876160991 0.51816875 0.3787125003095975 0.49709374999999995 0.3787125003095975 0.47238437499999997 0.37942031269349846 0.44331406190476186 0.3772984377708979 0.42005781190476194 0.3748234377708978 0.40043593809523814 0.36810468730650153 0.3909890630952381 0.36386093746130027 0.394621875 0.36103281238390095 0.4084296880952381 0.35820312507739943 0.40915625000000005 0.3564359374613003 0.399709375 0.3525453126934985 0.3968015619047619 0.350425 0.4011625 0.3472421876160991 0.420784375
9 0.6149218749226006 0.50799375 0.6128 0.5203484380952381 0.6272984377708979 0.510175 0.6449781250773994 0.50799375 0.6541718749226006 0.510175 0.6506359374613003 0.4949125 0.6499296873065016 0.4709296880952381 0.6534656247678019 0.43822656190476195 0.647807812383901 0.4222390630952381 0.6435640625386997 0.42441875 0.6417968749226006 0.40915625000000005 0.6372 0.39825625000000003 0.6287124996904024 0.39898281190476187 0.6280062501547987 0.417878125 0.6195187498452013 0.438953125 0.6163359374613003 0.46075625000000003 0.6163359374613003 0.4840109369047619 0.6149218749226006 0.50799375
1 0.34512031269349847 0.5530515619047619 0.35325312507739937 0.5639531249999999 0.3606796873065016 0.55959375 0.36881249969040253 0.5697671880952381 0.3776515622291022 0.569040625 0.3833093752321981 0.558865625 0.3840171876160991 0.541425 0.38189531269349847 0.5254359380952381 0.37552968730650155 0.50799375 0.3663359374613003 0.49709374999999995 0.35784999999999995 0.4956390630952381 0.34405937523219815 0.49709374999999995 0.33981562476780186 0.5261625 0.34052343777089783 0.541425 0.34512031269349847 0.5530515619047619
1 0.6463937498452011 0.5697671880952381 0.6562937498452013 0.552325 0.6555875003095976 0.519621875 0.6463937498452011 0.5050875 0.6272984377708979 0.510175 0.6128 0.51816875 0.611032812383901 0.5421515619047619 0.6131546873065016 0.563226561904762 0.6227015622291021 0.5748546869047618 0.629067187616099 0.5763078119047619 0.6357843752321982 0.56540625 0.6463937498452011 0.5697671880952381
2 0.30385030588235296 0.5107603964285714 0.30541385820433437 0.5136269083333334 0.3093227386996904 0.5193599333333333 0.3129710278637771 0.5250929583333334 0.3153163560371517 0.5282200630952381 0.32130997275541795 0.5313471678571429 0.32287352507739936 0.5263959190476191 0.32339470959752326 0.5193599333333333 0.32287352507739936 0.5170146047619048 0.32157056470588236 0.5123239488095238 0.3205281969040248 0.5094574357142857 0.31974642043343654 0.5084150678571429 0.3160981318885449 0.505287963095238 0.3106256990712074 0.5045061869047619 0.30515328235294115 0.5071121154761905 0.30385030588235296 0.5107603964285714
2 0.382343440247678 0.5430060833333333 0.382716640247678 0.5474844845238096 0.3842094408668731 0.5538288857142858 0.38794144148606813 0.5570010857142857 0.39895084334365327 0.5637186821428571 0.4071612445820434 0.5607330869047619 0.4125726452012384 0.5551350857142857 0.4133190452012384 0.5467380845238096 0.41219944520123836 0.5433792845238096 0.40977364458204335 0.5392740833333334 0.4039890439628483 0.5357286821428572 0.39969724334365325 0.5355420821428571 0.39428584210526313 0.5349822821428571 0.3924198421052632 0.5347956821428571 0.39055384148606814 0.5333028821428571 0.38458264086687305 0.5355420821428571 0.382343440247678 0.5430060833333333
2 0.33789950959752324 0.6064317726190477 0.33704837708978325 0.6140919642857143 0.34045288049535605 0.6226032869047619 0.34853863777089783 0.6298379119047619 0.3544965640866873 0.6315401761904762 0.37449817337461305 0.6353702726190477 0.3821583647058823 0.6238799857142856 0.37875383529411766 0.6085596035714286 0.3762004383900929 0.6064317726190477 0.3608800563467492 0.6017505452380952 0.3523687851393189 0.6043039547619048 0.33789950959752324 0.6064317726190477
2 0.3762004383900929 0.6268589488095238 0.3749237399380805 0.6374981023809524 0.38003053374613005 0.642179330952381 0.3885418569659443 0.6400515000000001 0.40088327616099073 0.6332424416666667 0.3979043126934984 0.62558225 0.3915208204334365 0.6217521547619047 0.38428619566563466 0.6191987583333333 0.3762004383900929 0.6268589488095238
11 0.24773125820433436 0.554394225 0.24263839752321983 0.5587595333333333 0.24009196718266254 0.5605784130952381 0.23681798575851393 0.5678539273809524 0.2335440043343653 0.5805860785714285 0.2295424705882353 0.5965922059523809 0.2237220588235294 0.6158723202380952 0.21244501114551084 0.642791725 0.20989858080495355 0.6642544821428571 0.2335440043343653 0.6809881666666667 0.24409350030959753 0.6726213238095238 0.25537054860681113 0.660616725 0.26264606315789474 0.6511585666666667 0.2688302507739938 0.642791725 0.27901597151702784 0.627876919047619 0.28374505634674924 0.6173274226190476 0.2862914866873065 0.6009575142857143 0.28338128049535605 0.5867702607142857 0.27901597151702784 0.5776758726190476 0.2706491294117647 0.5656712726190476 0.2641011665634675 0.5583957583333333 0.2560981003095975 0.551484019047619 0.24773125820433436 0.554394225
11 0.729045066873065 0.5920065452380953 0.7283141944272445 0.5982189488095239 0.7283141944272445 0.609547469047619 0.7308722476780186 0.6289155857142857 0.7363537900928793 0.640244105952381 0.7527984167182662 0.630011894047619 0.7666849900928793 0.6183179369047619 0.778378946749226 0.6004115654761905 0.786053105882353 0.5836015142857143 0.7904383393188854 0.5697149404761904 0.7911692117647058 0.5561938035714286 0.7904383393188854 0.5386528678571428 0.784591360990712 0.519650194047619 0.7798406910216719 0.519650194047619 0.7685121708978329 0.5306132726190476 0.7612034476780186 0.5353639428571428 0.7476823102167182 0.5415763571428571 0.7323339925696594 0.550346825 0.7246598334365325 0.5624062178571428 0.7250253139318885 0.5803126 0.729045066873065 0.5920065452380953
2 0.6730644860681114 0.5076949702380953 0.668500146749226 0.5041839392857143 0.6621802916408669 0.5013751154761905 0.6579670557275541 0.5048861452380952 0.6576159523219814 0.5115571035714286 0.6576159523219814 0.5231435035714286 0.6583181585139318 0.5294633571428571 0.6618291888544892 0.5354321095238095 0.6720111764705883 0.5392942428571429 0.6821931647058823 0.5312188726190477 0.6867575040247678 0.5224412964285714 0.6871086068111455 0.5157703392857144 0.6857041950464395 0.5133126178571429 0.6769266191950465 0.5066416607142857 0.6730644860681114 0.5076949702380953
