11 0.25828361790752297 0.2827132434796945 0.3005665120018648 0.27769035367139006 0.3177977412707378 0.4227385122710056 0.27551485434105416 0.4277613622311224
11 0.2790133716835044 0.6445795735339036 0.21502911117590884 0.6492325801016573 0.20722102127081143 0.5418635095988579 0.2712040303762251 0.5372105489722481
11 0.7289895759309957 0.42504121258608063 0.6810288332762866 0.421570932480008 0.6923524716646625 0.2650868726976511 0.7403123977836685 0.2685571224450986
11 0.8073218896830667 0.6531078263350277 0.7534941757638762 0.686408887241206 0.687840487384392 0.5802980288816344 0.7416672428428228 0.5469973559639331
2 0.29519352798547516 0.534596246782601 0.2729662491919953 0.5381697891974563 0.2665554680029345 0.49829786445374064 0.2887826084157723 0.4947243333719402
2 0.34007502550366553 0.5647988767862734 0.3169305188094995 0.5748432871385195 0.2992981917600446 0.534218139252249 0.3224425482837887 0.5241737662849382
2 0.32759421657249277 0.6080697202115438 0.3385850171102902 0.5791272740369451 0.38443614563561823 0.5965371616511972 0.3734454984604554 0.6254794779651777
2 0.6682639939073169 0.5741654504825227 0.6466919386684822 0.5583474261473302 0.667991416538257 0.5293027790333814 0.6895633817814542 0.5451207552203087
2 0.7087440800995637 0.5501695308671866 0.6899575076549809 0.5404923895342862 0.7165841488288152 0.48880564871018994 0.7353705785601505 0.4984827455902395
2 0.6562477874847445 0.581294456443055 0.6621878875139373 0.6198124976578995 0.628364606445416 0.6250278793350069 0.6224246415511061 0.5865099584246853
2 0.690258168738751 0.6002137231232634 0.6662406753113146 0.592742236244125 0.6812017750103223 0.5446542158002722 0.7052190715378401 0.5521256697465203