1 0.35597968730650154 0.3898546869047619 0.3651796873065015 0.38260937500000003 0.37013437523219817 0.369565625 0.3694265622291022 0.3521734380952381 0.36659531269349843 0.33623125000000004 0.3651796873065015 0.320290625 0.33474843777089786 0.320290625 0.32908750030959755 0.34057968690476187 0.32484062476780184 0.36231875 0.3262562501547988 0.37536250000000004 0.3361640625386997 0.3898546869047619 0.34324062476780187 0.3956515630952381 0.35597968730650154 0.3898546869047619
1 0.7303609374613003 0.3101453130952381 0.6878984377708979 0.3159421869047619 0.6871906247678018 0.32463749999999997 0.6836515622291022 0.3289859369047619 0.6808203126934984 0.3333328130952381 0.6560515622291022 0.33043437499999995 0.6553437498452012 0.33768125 0.6496812501547987 0.35507187500000004 0.647557812383901 0.3724640630952381 0.647557812383901 0.3913046880952381 0.6539281250773994 0.4043484380952381 0.6610046873065016 0.41304375 0.6709125003095975 0.4086953119047619 0.6808203126934984 0.4 0.685775 0.3913046880952381 0.695682812383901 0.3956515630952381 0.7048828123839009 0.3956515630952381 0.7105453126934985 0.394203125 0.7247 0.392753125 0.7353156247678019 0.379709375 0.7388531250773994 0.368115625 0.7388531250773994 0.3536234369047619 0.7367296873065016 0.33623125000000004 0.7331921876160992 0.320290625 0.7303609374613003 0.3101453130952381
2 0.27962108482972137 0.3685492011904762 0.3022741256965944 0.3755845654761905 0.31867803095975233 0.38027478809523807 0.33039511517027864 0.34978828095238096 0.33039511517027864 0.3357175535714286 0.31789690402476783 0.34822486309523815 0.30617982043343656 0.3490065571428571 0.2889947281733746 0.350569975 0.2765624972136223 0.31464843809523807 0.2741531362229102 0.3435346107142857 0.27962108482972137 0.3685492011904762
2 0.2608737386996904 0.41857838214285714 0.2780588309597523 0.4177966583333333 0.28352677956656347 0.43655766785714284 0.2850890334365325 0.43812102619047616 0.2889947281733746 0.41388812976190476 0.2889947281733746 0.3966906261904762 0.26946625510835914 0.3865284273809524 0.25306234984520126 0.37480284166666666 0.2475944012383901 0.40450768452380953 0.2608737386996904 0.41857838214285714
2 0.2889947281733746 0.43577591428571427 0.2905570421052632 0.44593808333333335 0.30696094736842106 0.4349941916666667 0.3249271665634675 0.43733930238095237 0.33898763157894735 0.4412478309523809 0.3413310718266254 0.4498466130952381 0.34836133436532507 0.4443747261904762 0.34992358823529407 0.4248320821428571 0.33195736904024764 0.40685279523809526 0.32024028544891636 0.40294426666666666 0.3039062470588235 0.3976562511904762 0.2889947281733746 0.41232474166666666 0.2889947281733746 0.43577591428571427
2 0.6897190198142414 0.41857838214285714 0.6795641900928793 0.4318673857142857 0.690500146749226 0.4482832547619047 0.707685239009288 0.44202955476190475 0.7139343145510837 0.4412478309523809 0.7209645764705882 0.45375514166666664 0.7287759659442725 0.45766367023809523 0.729557092879257 0.43733930238095237 0.7209645764705882 0.41857838214285714 0.7179687467492261 0.4093750011904762 0.7022172303405573 0.41545154642857146 0.6897190198142414 0.41857838214285714
2 0.7170588823529412 0.40841621309523807 0.7201834495356036 0.4287406107142857 0.7311194068111455 0.44202955476190475 0.7381496687306501 0.43108566190476194 0.7397119226006192 0.42405032857142855 0.7537724470588235 0.41388812976190476 0.7568969554179567 0.40919790714285714 0.7584592092879257 0.39356379166666666 0.7209645764705882 0.40763448928571433 0.7170588823529412 0.40841621309523807
2 0.651443200619195 0.4561003119047619 0.6574218718266255 0.4406250011904762 0.6405072439628483 0.44750150119047616 0.651443200619195 0.4561003119047619
2 0.6162919492260062 0.46626242142857144 0.6264467789473684 0.4670441452380953 0.6281249969040248 0.4542968761904762 0.6131673814241486 0.46079047500000003 0.6162919492260062 0.46626242142857144
2 0.7498667523219814 0.35135166785714284 0.7592403956656346 0.3622955607142857 0.770957479876161 0.3630772547619048 0.7811123095975232 0.3591687261904762 0.7804687467492261 0.35761718809523807 0.7623649040247678 0.3474431392857143 0.7498667523219814 0.35135166785714284
9 0.35226702848297214 0.32164685595238096 0.35226702848297214 0.1864117642857143 0.3400390594427245 0.3175781261904762 0.35226702848297214 0.32164685595238096
13 0.5787973164086687 0.3310273309523809 0.5225552780185758 0.33024563690476194 0.4663132996904025 0.32711880119047615 0.4139769560371517 0.32164685595238096 0.36398411269349845 0.3114846869047619 0.33430080990712074 0.2966322654761905 0.29993068482972135 0.28177987380952385 0.27962108482972137 0.28177987380952385 0.2421263931888545 0.2528567547619048 0.23743957151702785 0.28177987380952385 0.29211929597523223 0.2935054595238095 0.3311762421052632 0.31695663214285713 0.35851610464396283 0.3279004952380952 0.3975730507739938 0.3341541654761905 0.44444138575851394 0.3419712226190476 0.4913097213622291 0.34431633452380955 0.5319289808049535 0.3466614452380952 0.5686424866873065 0.3490065571428571 0.6061371789473684 0.3466614452380952 0.649880946749226 0.33962608214285717 0.6920624600619195 0.3279004952380952 0.7248702712074304 0.31617490952380956 0.7764254284829721 0.2997591 0.77173866625387 0.2786530380952381 0.7272137120743034 0.2997591 0.7014361034055727 0.3083578511904762 0.6842510712074303 0.31304810357142854 0.649880946749226 0.3255553845238095 0.5787973164086687 0.3310273309523809
13 0.672533986996904 0.4920587357142857 0.629571346749226 0.5131647678571428 0.5998880433436533 0.5233269666666667 0.5553631486068111 0.5256720476190476 0.5155250160990712 0.5280171892857143 0.4702189944272446 0.5280171892857143 0.44756595356037154 0.5202001309523809 0.4108524476780186 0.5076928511904762 0.3811691448916409 0.4944038166666667 0.3577349770897833 0.4818965369047619 0.32805167430340554 0.4693892571428571 0.30461750650154795 0.45922708809523805 0.28118333931888545 0.44593808333333335 0.2780588309597523 0.47017095000000003 0.3413310718266254 0.49987579285714284 0.38976166130030965 0.5233269666666667 0.4217883455108359 0.5366159404761904 0.45615846996904025 0.5459964452380953 0.4913097213622291 0.5452146916666667 0.528804413622291 0.5444329976190476 0.5670802328173374 0.5405244690476191 0.6053559919504644 0.5373976345238095 0.6233222111455109 0.5358342464285715 0.6490998198142416 0.5233269666666667 0.6858133250773993 0.5030026285714285 0.7233080173374613 0.48580506547619046 0.7443988037151703 0.47720631428571425 0.7725197337461299 0.46548072738095236 0.7920482068111455 0.45141002976190475 0.7818933770897833 0.42952224523809523 0.7311194068111455 0.4631356166666667 0.672533986996904 0.4920587357142857
11 0.21478656037151703 0.38574673452380953 0.2100997089783282 0.38496504047619046 0.1663559411764706 0.3966906261904762 0.15385770030959753 0.40372596071428574 0.14214061671826625 0.4287406107142857 0.142921773374613 0.4521917833333333 0.15854455170278636 0.4787697321428572 0.18432213065015482 0.4936221238095238 0.22103566563467492 0.5100379321428572 0.23743957151702785 0.49987579285714284 0.23509619009287924 0.4732977857142857 0.23431500371517028 0.4349941916666667 0.23164062229102167 0.3996093761904762 0.21478656037151703 0.38574673452380953
