1 0.4528878792471005 0.5997147650648037 0.5329562560528984 0.6003659707766085 0.5320891510771162 0.7069668876248323 0.452020774403195 0.7063156887618806
0 0.27757765765556996 0.5670015729251744 0.29940519459853476 0.572471737179687 0.28021058309025193 0.6490553673735664 0.2583830607333084 0.6435852431012848
0 0.7286971234984776 0.643988170483422 0.6984590439724343 0.6436673973381785 0.6994224856854316 0.5528826311779024 0.7296600657321051 0.5532034016769354
7 0.7085232866647857 0.8122576731763073 0.690999732081309 0.8269110018332222 0.653330964818224 0.7818724356935083 0.6708543654766572 0.7672192115495987
7 0.7198660718750034 0.7126116078125044 0.7494711229310269 0.7080577915545422 0.7570383118051041 0.7572452592810875 0.7274332665477914 0.7617990500746914
11 0.8384294398306338 0.6255146676259471 0.7308043721620834 0.6442301238576524 0.7126819693680773 0.540019572194375 0.8203050978912643 0.5213042860594237
9 0.4610535421874147 0.7055738171875003 0.4645525016595684 0.705538498395651 0.4651342995388177 0.7631667198189371 0.46163534007018825 0.7632020383830883
9 0.5212366710301239 0.7534619265625001 0.5179860368502887 0.7534619265625001 0.5179860644449263 0.699305321875 0.5212366593749493 0.699305321875
7 0.268282289363583 0.7574228957344312 0.2521302018252527 0.749582059408751 0.2705169244325134 0.7117119606903467 0.28666888240900334 0.7195527596150141
7 0.2624743490830497 0.7627081056330759 0.24323644275534662 0.7671631198856609 0.23466639164018943 0.7301614253730956 0.25390413828222336 0.7257064303628633
7 0.33735375887670216 0.7683586482210046 0.34722829858628756 0.7751398976582554 0.32003418022486585 0.8147311689162976 0.31015967272730904 0.8079499586741484
7 0.3172976428460288 0.7680885630635886 0.32348508716245306 0.7773642814117016 0.31124657695022506 0.7855265605759211 0.30505915084700064 0.7762508583596683