2 0.3285 0.6111921880952381 0.33309687492260065 0.6155515619047619 0.3355734377708978 0.628634375 0.3384015622291021 0.6388078119047619 0.3437062501547988 0.635901561904762 0.3468875003095975 0.619185938095238 0.3468875003095975 0.614825 0.3490093752321981 0.608284375 0.3525453126934985 0.5952031249999999 0.3458281250773994 0.5879359380952381 0.3288546873065016 0.5828484380952381 0.3231968749226006 0.5843015619047619 0.31541718761609905 0.594476561904762 0.31753906253869973 0.60683125 0.3231968749226006 0.610465625 0.3285 0.6111921880952381
2 0.7114562501547987 0.566134375 0.7079203126934984 0.552325 0.6997874996904024 0.5465109369047619 0.6927156247678019 0.5472390630952381 0.6849359374613003 0.5574125 0.6799859374613003 0.5748546869047618 0.6824609374613003 0.590115625 0.6895328123839009 0.5988375 0.7015562501547987 0.59665625 0.705092187616099 0.5879359380952381 0.7111031250773994 0.57558125 0.7114562501547987 0.566134375
7 0.29817708359133127 0.6627604166666666 0.31380208359133127 0.7135416666666666 0.3294270835913312 0.6744791666666666 0.3268229164086688 0.6223958333333334 0.29817708359133127 0.6627604166666666
7 0.7057291665634675 0.66015625 0.7304687498452012 0.6549479166666666 0.7265625003095975 0.6223958333333334 0.6940104167182664 0.62109375 0.7057291665634675 0.66015625
10 0.2929687498452012 0.6809895833333334 0.328125 0.6953125 0.354166666873065 0.6041666666666666 0.3164062501547988 0.58984375 0.2929687498452012 0.6809895833333334
10 0.713541666873065 0.66015625 0.7408854167182664 0.62890625 0.7109374996904025 0.5677083333333334 0.6757812501547988 0.6041666666666666 0.713541666873065 0.66015625
13 0.3919270835913312 0.6705729166666666 0.42578125015479873 0.6875 0.46223958328173376 0.70703125 0.5078125003095976 0.72265625 0.5807291665634675 0.7109375 0.6888020835913313 0.6145833333333334 0.739583333126935 0.5677083333333334 0.7630208334365325 0.5013020833333334 0.7382812501547988 0.5533854166666666 0.708333333126935 0.5950520833333334 0.614583333126935 0.6653645833333334 0.5481770835913312 0.7057291666666666 0.4361979164086688 0.6901041666666666 0.30208333312693497 0.57421875 0.26692708359133127 0.5572916666666666 0.3450520835913312 0.6432291666666666 0.3919270835913312 0.6705729166666666
13 0.3255208334365325 0.4375 0.36848958328173376 0.4791666666666667 0.3806456439628483 0.48156104285714285 0.25651041671826624 0.36328125 0.3255208334365325 0.4375
13 0.39453125015479873 0.4947916666666667 0.5546874996904024 0.5208333333333334 0.673010226006192 0.4623081142857143 0.6002604167182662 0.4921875 0.5481770835913312 0.5026041666666666 0.4544270835913312 0.49609375 0.3806456439628483 0.48156104285714285 0.39453125015479873 0.4947916666666667
0 0.265625 0.6119791666666666 0.27994791640866873 0.5690104166666666 0.25911458328173376 0.52734375 0.23307291640866873 0.55859375 0.265625 0.6119791666666666
