2 0.2768 0.5264 0.2756 0.528 0.2736 0.5288 0.27199999999999996 0.5304 0.268 0.5376 0.26439999999999997 0.5432 0.262 0.548 0.26080000000000003 0.552 0.2604 0.5624 0.26 0.5712 0.2612 0.58 0.262 0.588 0.2652 0.5928 0.26880000000000004 0.5944 0.2708 0.5984 0.2728 0.6016 0.2744 0.6063999999999999 0.276 0.6095999999999999 0.2772 0.6120000000000001 0.2812 0.6120000000000001 0.2836 0.6120000000000001 0.2872 0.6103999999999999 0.29000000000000004 0.6095999999999999 0.29319999999999996 0.608 0.2968 0.6072 0.2992 0.6056 0.3004 0.5992 0.3004 0.5952000000000001 0.3004 0.5903999999999999 0.3004 0.584 0.3004 0.5784 0.30079999999999996 0.5712 0.3016 0.5632 0.3028 0.5599999999999999 0.3032 0.5576 0.2768 0.5264
2 0.3308 0.6288 0.3336 0.6304 0.3376 0.6288 0.34159999999999996 0.6248 0.3456 0.6216 0.348 0.6168 0.35 0.6120000000000001 0.35 0.6048 0.35 0.5984 0.34919999999999995 0.5896 0.3476 0.5792 0.3468 0.5728 0.3456 0.5656 0.306 0.5632 0.3044 0.5671999999999999 0.3028 0.5720000000000001 0.3024 0.5776 0.302 0.5871999999999999 0.30079999999999996 0.5936 0.3016 0.6024 0.3032 0.608 0.3056 0.6152000000000001 0.3072 0.62 0.3108 0.6224000000000001 0.3136 0.6256 0.316 0.6232000000000001 0.3176 0.6216 0.3196 0.62 0.32120000000000004 0.6216 0.32439999999999997 0.624 0.328 0.6272 0.3308 0.6288
2 0.2848 0.6152000000000001 0.2804 0.6168 0.2784 0.6192000000000001 0.2748 0.6192000000000001 0.2716 0.6176 0.27040000000000003 0.6135999999999999 0.2684 0.6112 0.2656 0.6120000000000001 0.2616 0.6152000000000001 0.258 0.6208 0.256 0.6288 0.2548 0.636 0.2544 0.6424 0.2548 0.6512 0.2556 0.6591999999999999 0.25680000000000003 0.6656000000000001 0.25839999999999996 0.6728000000000001 0.2604 0.6816 0.2996 0.6832 0.3 0.6784 0.3004 0.672 0.3024 0.6624000000000001 0.3044 0.6552000000000001 0.306 0.6487999999999999 0.3072 0.64 0.308 0.632 0.3076 0.6232000000000001 0.3064 0.6168 0.30360000000000004 0.6127999999999999 0.30119999999999997 0.6120000000000001 0.2984 0.6120000000000001 0.2944 0.6144000000000001 0.2912 0.6144000000000001 0.288 0.6135999999999999 0.2848 0.6152000000000001
2 0.3308 0.6312 0.32839999999999997 0.6288 0.3252 0.6272 0.3236 0.6272 0.3196 0.6296 0.3168 0.6304 0.31439999999999996 0.6296 0.3132 0.6288 0.3116 0.6264000000000001 0.3092 0.6272 0.3072 0.6288 0.3052 0.6344 0.304 0.6424 0.30360000000000004 0.6512 0.304 0.6584000000000001 0.304 0.6664 0.3044 0.6728000000000001 0.3044 0.68 0.3452 0.696 0.3476 0.6911999999999999 0.34919999999999995 0.6856 0.35159999999999997 0.6808 0.35400000000000004 0.6752 0.3572 0.668 0.36 0.6599999999999999 0.35960000000000003 0.6536 0.3588 0.648 0.3572 0.6424 0.35559999999999997 0.64 0.35159999999999997 0.6408 0.3468 0.6408 0.342 0.6408 0.33959999999999996 0.64 0.3356 0.6352 0.3308 0.6312
2 0.37360000000000004 0.58 0.3496 0.5824 0.34719999999999995 0.5912000000000001 0.346 0.6 0.346 0.6088 0.348 0.6224000000000001 0.3496 0.6264000000000001 0.3528 0.6328 0.3568 0.636 0.3608 0.636 0.3656 0.6344 0.37079999999999996 0.6312 0.37439999999999996 0.6264000000000001 0.3776 0.62 0.37879999999999997 0.6144000000000001 0.37920000000000004 0.6063999999999999 0.3784 0.5984 0.37639999999999996 0.5928 0.3752 0.5856 0.37360000000000004 0.58
2 0.6732 0.584 0.6708000000000001 0.5728 0.6692 0.5656 0.6672 0.5592 0.6304 0.5752 0.6292 0.5831999999999999 0.6272 0.5936 0.6264 0.6024 0.6252 0.6120000000000001 0.6252 0.6176 0.6284 0.6256 0.632 0.6296 0.6376 0.6304 0.6416 0.632 0.6507999999999999 0.6312 0.6547999999999999 0.6296 0.66 0.6304 0.6644000000000001 0.6264000000000001 0.6699999999999999 0.6208 0.6728 0.6127999999999999 0.674 0.604 0.674 0.5944 0.6732 0.584
2 0.7108 0.5624 0.7104 0.5512 0.7088 0.5448 0.7060000000000001 0.5384 0.7031999999999999 0.532 0.7012 0.528 0.6983999999999999 0.5256000000000001 0.6712 0.5696 0.6719999999999999 0.5744 0.6728 0.5824 0.6736 0.5912000000000001 0.6748 0.6016 0.676 0.608 0.6796000000000001 0.6088 0.6831999999999999 0.6088 0.6876 0.6088 0.694 0.6072 0.6963999999999999 0.6072 0.698 0.6048 0.6992 0.5976 0.7012 0.592 0.7031999999999999 0.588 0.7084 0.5848 0.7104 0.5816 0.7108 0.5712 0.7108 0.5624
2 0.632 0.6432 0.6287999999999999 0.6432 0.6248 0.6447999999999999 0.6196 0.6487999999999999 0.6168 0.6544 0.6164 0.6624000000000001 0.6172 0.672 0.62 0.68 0.6232 0.6856 0.626 0.692 0.628 0.696 0.6308 0.7023999999999999 0.6688000000000001 0.6792 0.6692 0.6696000000000001 0.6696 0.6616000000000001 0.6696 0.6512 0.6692 0.6424 0.6679999999999999 0.6344 0.6656 0.6288 0.6632 0.6264000000000001 0.6608 0.6256 0.6572 0.6256 0.6516000000000001 0.6264000000000001 0.6472 0.6288 0.6436 0.6312 0.6412 0.6328 0.6376 0.6416 0.6344000000000001 0.6408 0.632 0.6432
2 0.6996 0.6056 0.6983999999999999 0.6048 0.6952 0.6048 0.692 0.6072 0.6908000000000001 0.6088 0.6896 0.6103999999999999 0.6872 0.6127999999999999 0.6844 0.6127999999999999 0.6824 0.6120000000000001 0.6804 0.6095999999999999 0.6776000000000001 0.6095999999999999 0.6736 0.6120000000000001 0.6712 0.6176 0.6688000000000001 0.624 0.6676 0.6336 0.6679999999999999 0.64 0.6696 0.6496 0.6712 0.6576 0.6736 0.6648000000000001 0.6752 0.6696000000000001 0.7156 0.664 0.716 0.6608 0.716 0.6567999999999999 0.7172000000000001 0.6487999999999999 0.7176 0.6424 0.7176 0.636 0.7172000000000001 0.6304 0.7168 0.6264000000000001 0.716 0.6192000000000001 0.7144 0.6127999999999999 0.7128 0.6095999999999999 0.7104 0.6072 0.7080000000000001 0.6056 0.7040000000000001 0.6048 0.702 0.6056 0.7008 0.6063999999999999 0.6996 0.6056
22 0.5455729164086688 0.64453125 0.6705729164086687 0.6315104166666666 0.6731770835913313 0.6184895833333334 0.6744791665634675 0.61328125 0.666666666873065 0.5924479166666666 0.598958333126935 0.6041666666666666 0.4544270835913312 0.5807291666666666 0.35286458328173376 0.5846354166666666 0.29817708359133127 0.5885416666666666 0.3164062501547988 0.6223958333333334 0.3763020835913312 0.6328125 0.5455729164086688 0.64453125
22 0.541666666873065 0.7330729166666666 0.6158854167182662 0.7161458333333334 0.6588541665634675 0.68359375 0.6627604167182664 0.6171875 0.5807291665634675 0.66796875 0.489583333126935 0.6848958333333334 0.458333333126935 0.6861979166666666 0.33593749969040243 0.6432291666666666 0.33593749969040243 0.6731770833333334 0.3411458334365325 0.6640625 0.4348958334365325 0.7395833333333334 0.541666666873065 0.7330729166666666
11 0.7096354167182664 0.6731770833333334 0.7630208334365325 0.6822916666666666 0.7929687498452012 0.64453125 0.7903645832817336 0.640625 0.7278645832817336 0.5885416666666666 0.7096354167182664 0.6731770833333334
11 0.19921874984520122 0.6197916666666666 0.20703125015479878 0.6796875 0.26041666687306503 0.6783854166666666 0.24479166687306503 0.6041666666666666 0.19921874984520122 0.6197916666666666
11 0.708333333126935 0.4192708333333333 0.6835937498452012 0.4361979166666667 0.703125 0.5247395833333334 0.7369791665634675 0.49609375 0.708333333126935 0.4192708333333333
11 0.296875 0.4544270833333333 0.2773437498452012 0.4322916666666667 0.22916666687306503 0.4921875 0.26432291640866873 0.5416666666666666 0.296875 0.4544270833333333
