1 0.3664 0.536 0.36360000000000003 0.5328 0.3564 0.5312 0.3496 0.5312 0.3428 0.532 0.3352 0.5312 0.3336 0.5392 0.33199999999999996 0.5464 0.33 0.5528 0.32839999999999997 0.5656 0.32839999999999997 0.576 0.33 0.5848 0.33399999999999996 0.5903999999999999 0.338 0.592 0.344 0.5896 0.3508 0.5968 0.3576 0.6016 0.36360000000000003 0.596 0.3696 0.5896 0.3728 0.5848 0.3748 0.5720000000000001 0.3724 0.5552 0.37 0.5472 0.3664 0.536
9 0.3392 0.4512 0.3392 0.46399999999999997 0.33959999999999996 0.4728 0.34 0.4824 0.33959999999999996 0.49039999999999995 0.33880000000000005 0.512 0.3376 0.52 0.3364 0.5304 0.342 0.532 0.3504 0.5312 0.3576 0.532 0.362 0.5328 0.3664 0.536 0.3656 0.5232 0.3656 0.5136 0.3648 0.5016 0.3644 0.49039999999999995 0.36360000000000003 0.4824 0.36119999999999997 0.4736 0.35919999999999996 0.4616 0.3568 0.456 0.35159999999999997 0.4464 0.3468 0.44239999999999996 0.34080000000000005 0.44239999999999996 0.3392 0.4512
9 0.6308 0.5104 0.6308 0.5 0.63 0.48879999999999996 0.63 0.4816 0.6295999999999999 0.4752 0.6295999999999999 0.468 0.628 0.448 0.6248 0.4352 0.622 0.4328 0.6152 0.4352 0.6123999999999999 0.4272 0.61 0.4128 0.6052 0.404 0.6012 0.4104 0.602 0.42400000000000004 0.6015999999999999 0.4312 0.5988 0.4496 0.5972 0.4592 0.5964 0.4736 0.5964 0.4808 0.596 0.48879999999999996 0.5952000000000001 0.4976 0.5964 0.5064 0.6 0.5128 0.6088 0.5136 0.6123999999999999 0.5136 0.616 0.5136 0.6244 0.516 0.6308 0.5104
1 0.6292 0.588 0.6368 0.5808 0.6419999999999999 0.5728 0.6428 0.5664 0.6416 0.5599999999999999 0.6399999999999999 0.5496 0.6372 0.5416 0.632 0.5264 0.63 0.516 0.6244 0.5144 0.6208 0.5144 0.6152 0.5136 0.612 0.5136 0.6052 0.5112 0.6008 0.5112 0.5964 0.5144 0.5944 0.5224 0.5908 0.5376 0.5868 0.5599999999999999 0.5904 0.5816 0.5956 0.5936 0.6032 0.5944 0.61 0.5888 0.6144 0.588 0.6256 0.5871999999999999 0.6292 0.588
2 0.3836102414860681 0.5890706345238095 0.3884172501547988 0.591956925 0.39755057399380805 0.5943621738095238 0.40043477213622297 0.584260136904762 0.3965891504643963 0.5731959797619047 0.39274356532507737 0.5804117249999999 0.3869751325077399 0.5741580821428571 0.3816874303405573 0.5717528333333334 0.3802453498452012 0.5794496404761905 0.3799278829721362 0.5908653845238095 0.3836102414860681 0.5890706345238095
2 0.3610173145510836 0.6333271916666666 0.3691892148606811 0.6376566833333334 0.37736111517027865 0.6362135011904763 0.3807260433436533 0.6342892952380952 0.3821681238390093 0.6294787976190477 0.3821681238390093 0.6237061976190476 0.36582432321981423 0.6160094464285715 0.3610173145510836 0.6145662642857144 0.3552884594427244 0.6149038464285714 0.3557295758513932 0.6294787976190477 0.3610173145510836 0.6333271916666666
2 0.5806976 0.6280356892857143 0.5816589876160991 0.6381376892857143 0.5879081133126934 0.6453534523809524 0.5965607436532507 0.6467965797619047 0.6032905269349845 0.6395808523809524 0.6066554551083592 0.6314030035714285 0.6109817702786378 0.6188957011904762 0.6131009597523219 0.6131009619047619 0.5922344284829721 0.6232251916666666 0.5806976 0.6280356892857143
11 0.6763570817337461 0.6886479261904762 0.6749149647058823 0.7155867011904763 0.6777991993808049 0.7252076952380951 0.7013535126934984 0.7136624952380952 0.718658773374613 0.6924963011904762 0.7263499436532508 0.6804700583333333 0.7364446916408669 0.6621901916666667 0.7325990699690402 0.6516070773809525 0.7220236650154799 0.6415050404761905 0.6984693517027863 0.6314030035714285 0.6902973777089784 0.6256304404761905 0.6792067287925697 0.6239182702380953 0.678760586377709 0.6559365309523809 0.6763570817337461 0.6886479261904762
11 0.23891926687306503 0.6395808523809524 0.23218946501547988 0.659784944047619 0.2576666080495356 0.6823942654761905 0.2850665616099071 0.6905721321428572 0.2990068761609907 0.6698869797619048 0.2951612724458204 0.6314030035714285 0.29468057894736843 0.6126420583333333 0.2898735702786378 0.6001347738095237 0.2836244625386997 0.5948432154761905 0.2581473015479876 0.6131231190476191 0.23891926687306503 0.6395808523809524
13 0.6263641832817338 0.5159510761904762 0.636458894736842 0.5409656642857142 0.6739535777089783 0.5347120035714286 0.6869324866873066 0.5289394214285714 0.6822115368421052 0.5199519238095238 0.6398238229102167 0.5231668214285714 0.6263641832817338 0.5159510761904762
13 0.3696699083591331 0.5303825666666667 0.33602084705882357 0.5188373666666667 0.3177542173374613 0.5116216214285714 0.2951612724458204 0.49911433690476187 0.2961226780185759 0.5188373666666667 0.32544542414860683 0.5323067547619048 0.34226997337461296 0.5361551666666666 0.3595751975232198 0.5409656642857142 0.37207341300309593 0.5448140583333333 0.3884172501547988 0.547219305952381 0.3965891504643963 0.5467382452380952 0.412452293498452 0.5452951 0.4283154371517028 0.5462572035714286 0.4316803287925696 0.5327878154761905 0.3965891504643963 0.5308636095238095 0.3696699083591331 0.5303825666666667
