1 0.334609690625 0.5038951546875 0.367809690625 0.5038951546875 0.367809690625 0.5558951546875 0.334609690625 0.5558951546875
1 0.6675773997624219 0.557470677661114 0.617206214762291 0.5603764669430813 0.6131783029969711 0.49055496215266325 0.6635489306332829 0.487649188919851
1 0.6596324988597644 0.4568447818391604 0.7101424012962525 0.4549022373887341 0.713457613593846 0.541097889149077 0.6629477118711975 0.5430404208499586
1 0.7218042087087042 0.6104123388877684 0.6615840577231893 0.6292291815871692 0.6425592117374208 0.5683488605718802 0.7027787163477797 0.5495321267910167
2 0.32716659856180286 0.5868310224169936 0.30911098195440445 0.6210045427466305 0.26527611730080025 0.5978466933081378 0.2833317500000021 0.563673326562514
2 0.33640980022062195 0.5464790426638575 0.3105434233491451 0.5485209532722319 0.30809701998350647 0.5175322980214926 0.333963267193667 0.5154903925529788
6 0.3569569733559774 0.6886838394470288 0.300920630906262 0.6805906680964413 0.31506244808588235 0.5826908991278134 0.37109775095382247 0.5907839949879984
2 0.6435797065796578 0.5787977886787826 0.6571619943953237 0.6180308748750428 0.6192380945698233 0.6311582971435391 0.6056559772599712 0.5919253554634996
11 0.7806699937342501 0.6782649863493175 0.7167304341827503 0.6844921281151437 0.7067302347484201 0.5818175125335606 0.7706685526626416 0.5755904311640487
9 0.3479166671875 0.44166666718750003 0.3614583328125 0.44166666718750003 0.3614583328125 0.5052083328125 0.3479166671875 0.5052083328125
9 0.6350038705473935 0.3835281923009176 0.6409992263988897 0.38327308549781447 0.6445370162177824 0.4664115620488582 0.6385416604523471 0.46666666747408186
9 0.6531249805321977 0.4083333310428066 0.658290632310127 0.40880290741934755 0.6530823187222268 0.4660945745762044 0.6479166671874736 0.4656249999999974
9 0.6852526308454117 0.7193921200829068 0.6807905089740416 0.7196331782017432 0.6767879463099007 0.6455535562819312 0.6812499999999773 0.6453125000000013
9 0.6913963372937815 0.6359806423481822 0.7004859855323957 0.633754914362381 0.7155627841525529 0.695318946366144 0.7064731410084732 0.6975446600757076
9 0.6629464281249966 0.3984374999999864 0.6643857193348595 0.3979908469717461 0.6726298945052349 0.4245554582064282 0.6711906036389337 0.425002110454504
9 0.6711906171874489 0.4250021062500009 0.6725980538811882 0.4249082827077388 0.6743985053392407 0.451915104966162 0.6729910686625544 0.45200892833914974
9 0.670712429649484 0.37300201440306985 0.6762126469487839 0.37243680405955465 0.6829555666909073 0.4380508646566682 0.6774553497468787 0.4386160727038315
9 0.6852678662783092 0.444196428125 0.6819196402121861 0.444196428125 0.6819196551683717 0.38504464218750006 0.685267856307405 0.38504464218750006