1 0.31236183231521863 0.669701512198559 0.32148796635669896 0.6227128355012657 0.3813037371724022 0.6343287602183393 0.37217792670981 0.6813171526847406
1 0.6391829386130894 0.6941010734677135 0.626183726516274 0.6309299250465175 0.6763673537091108 0.6206046363373032 0.6893668030228355 0.683775460327815
1 0.6344894520764228 0.6972729108725523 0.6039282054686055 0.6980153214648873 0.6023921488538235 0.6347831843065331 0.6329530056524391 0.6340407784329612
2 0.645583095471693 0.6134050741169351 0.6188254823290436 0.6152623276521308 0.613826441215906 0.5432457658121742 0.6405837157873293 0.5413885240578865
11 0.7349213202668352 0.5043999700825478 0.7026291482884517 0.5048563629169632 0.6995192792403486 0.28480255034207946 0.7318105531250012 0.28434616406249985
2 0.617329829453297 0.6132798174212624 0.5913104297538894 0.615542116317351 0.5871022451328827 0.5671464107705478 0.6131214171875854 0.564884121874997
2 0.6436089281729664 0.5594343981457376 0.670240139842349 0.5572153603174808 0.6737112914230465 0.5988693048340398 0.6470800808278909 0.6010883344537655
11 0.7080602562931517 0.6057545721793184 0.7774338308449842 0.596593264651685 0.7927321596635011 0.7124246516841024 0.7233586049462701 0.7215858522217722
11 0.27657762221122084 0.7594075622997761 0.20202844129846653 0.7617188220156645 0.19866147499999443 0.6531075765624988 0.2732089186357598 0.6507963437524034
2 0.3352431910178666 0.6057866988820386 0.3316363941584086 0.5721258587962407 0.36915188811860844 0.5681064579117372 0.37275878454454414 0.6017671837062812
2 0.4037292535247161 0.6035784338288255 0.3675167954347671 0.6079941284308931 0.3624144187500633 0.566153523437496 0.39862660696121566 0.5617378455087068
2 0.4241839249398254 0.6053674194053561 0.39987164095953176 0.6059327633948732 0.39873169207407955 0.556910167656153 0.4230437648091083 0.5563448261258516
9 0.3046875 0.7988281250000064 0.30013724790183005 0.7975184307914375 0.3201003722256246 0.728173482984742 0.3246505530015611 0.7294831663264258
9 0.33203125 0.809570312500007 0.3262613004560535 0.8082129195856155 0.3418864752027275 0.7418067006502845 0.34765633584675015 0.743164082695773
9 0.6193272320664391 0.70052332142858 0.6226313435117845 0.6999098104823935 0.6419758842874899 0.8040740150823399 0.6386717748790716 0.8046875185903369
9 0.6328125352416691 0.5449218722893187 0.6260914490122786 0.5454388379212531 0.6186523997804443 0.448730429296414 0.6253733854728125 0.4482134676067428