1 0.3770173619786874 0.5722627465540345 0.41612538928052345 0.5732371050488043 0.4144017655909238 0.6424109748214156 0.37529373849463354 0.6414366225650892
1 0.7108543757814232 0.6021757781430609 0.6699713838976322 0.5877104953105821 0.7021527543498678 0.49676653990888875 0.7430351389125462 0.511231704412894
2 0.7215521678987216 0.5109441490449088 0.6859308560395903 0.49707848474907634 0.713668625602736 0.425824711478325 0.7492895925428229 0.4396903010970034
2 0.27340736575695246 0.46619144249276123 0.29032270166999297 0.4577344368054776 0.31403512383167254 0.5051596792032561 0.2971198097274055 0.5136166516929871
2 0.3422680524985253 0.501106415227121 0.36028827704728883 0.5337653412873089 0.3384214239121093 0.545829745660453 0.32040127465779733 0.5131708844162695
11 0.27260220941070656 0.6127130054978008 0.1902917617589992 0.6180805766180889 0.1833032086883577 0.5109102547319558 0.2656121853431159 0.5055427309088125
11 0.7325720756969076 0.49617591468503486 0.8062531569927387 0.4854235015462338 0.8226069092220314 0.597478291398634 0.7489258501772156 0.6082306033008218
11 0.719991978672283 0.2981302098133782 0.7581632200023023 0.29745103549496327 0.7605923488595181 0.4339687670433413 0.7224211077067366 0.43464793613383285
9 0.3837890397240926 0.6425781203114709 0.39037461061911927 0.6439337894096313 0.3752390744886043 0.7174491739852401 0.36865350676862363 0.7160935153782065
9 0.71484375 0.6083984375000105 0.7200984445673839 0.6071247264286396 0.7314207657487941 0.6538293994394683 0.7261660732574455 0.6551031046285216
9 0.7275390625 0.5976562499999944 0.7323233395919715 0.5969058654763375 0.7401358024392266 0.6467105622542033 0.7353515261859229 0.6474609431956191