11 0.2219797120743034 0.05319327857142857 0.21788791950464395 0.08695057142857143 0.21175022972136223 0.11047838214285714 0.20970433312693498 0.144235675 0.21788791950464395 0.1759470714285714 0.24448457399380805 0.20868141547619046 0.2628976433436533 0.19640603690476188 0.27005828111455105 0.1595798988095238 0.2659664879256966 0.10945543333333334 0.2598287981424149 0.09411120952380952 0.24959931578947367 0.06649160595238096 0.22914041238390093 0.025573707142857144 0.2219797120743034 0.05319327857142857
2 0.22811740185758514 0.3467794321428571 0.22811740185758514 0.34984827738095237 0.24243867801857583 0.3723531392857143 0.24755341919504642 0.37746788095238093 0.2588058501547988 0.36723839761904764 0.2567599535603715 0.354963019047619 0.24755341919504642 0.33654995 0.2414157294117647 0.3324581726190476 0.23630098823529413 0.33654995 0.22811740185758514 0.3467794321428571
2 0.2966549362229102 0.35087122619047617 0.2894942984520124 0.347802380952381 0.2813107120743034 0.3488253285714286 0.2680123845201238 0.36621545 0.2659664879256966 0.3815596738095238 0.27415007430340554 0.39792684642857146 0.28437955665634673 0.4081563285714286 0.3068843566563468 0.41429401785714287 0.32325152879256963 0.4009956904761905 0.3242744767801857 0.3887203119047619 0.3222285801857585 0.3733760880952381 0.3150679424148607 0.36212365714285716 0.3099532012383901 0.3529171226190476 0.2966549362229102 0.35087122619047617
2 0.3130220458204334 0.45009720833333333 0.3038155114551084 0.46032669047619046 0.3058614080495356 0.47157912142857145 0.3109761492260062 0.4848774488095238 0.32632037337461295 0.49408398333333337 0.3416645975232198 0.49817577619047615 0.35189408049535603 0.48590039761904763 0.3457563907120743 0.46032669047619046 0.33961870092879254 0.44805131190476194 0.3314351151702786 0.43679888095238095 0.3181367876160991 0.43679888095238095 0.3130220458204334 0.45009720833333333
2 0.680027585758514 0.4264579809523809 0.6833893040247678 0.42885920833333335 0.6925139684210526 0.42741847261904764 0.7078818241486068 0.4192542988095238 0.712684278637771 0.40532717976190474 0.7098028061919505 0.38755810357142856 0.6953954414860681 0.3856371214285714 0.6857905312693499 0.38755810357142856 0.6776263578947368 0.39380129523809526 0.6752251306501548 0.3990839880952381 0.6747448848297214 0.40724816190476193 0.676665866873065 0.4182938071428572 0.680027585758514 0.4264579809523809
2 0.737657014860681 0.3549014107142857 0.7285323504643962 0.3625853380952381 0.7256508780185759 0.3726704928571428 0.727091614241486 0.38659761309523805 0.737657014860681 0.39236055833333333 0.7463014340557276 0.3889988404761905 0.7515841343653251 0.3784334392857143 0.7578273256965945 0.3669075476190476 0.7587878167182663 0.35586190119047617 0.752544625386997 0.34769773214285715 0.7448606972136222 0.35153969166666665 0.737657014860681 0.3549014107142857
2 0.6670609572755417 0.4816862202380952 0.6651399752321983 0.48888990238095237 0.6603375201238391 0.502336769047619 0.6747448848297214 0.5085799595238095 0.6838695492260062 0.5100206964285715 0.6977966687306502 0.5153033964285714 0.7021188780185759 0.5013762773809524 0.7025991238390092 0.49033063809523814 0.7016386328173375 0.4816862202380952 0.698757159752322 0.4648776273809524 0.692994213622291 0.46247639999999995 0.6814683219814242 0.4691998369047619 0.6665807114551084 0.4749627833333333 0.6670609572755417 0.4816862202380952
2 0.7174867337461299 0.44182583690476196 0.7218089430340556 0.44902951904761906 0.7261311232198142 0.4571936928571429 0.7381372606811145 0.4687195845238095 0.752544625386997 0.4624763928571428 0.7592680619195047 0.4533517285714286 0.7616692897832816 0.44470730952380955 0.7607087987616098 0.4302999452380952 0.7520643795665635 0.4173333166666666 0.7400582427244582 0.4182938071428572 0.7294928414860681 0.4235765083333333 0.712684278637771 0.4341419083333333 0.7174867337461299 0.44182583690476196
11 0.7952864736842106 0.4384641261904762 0.7784778817337461 0.4528714833333333 0.7727149356037153 0.46968007500000003 0.7717544445820435 0.49369235 0.7789581275541796 0.5196256059523809 0.7972074557275541 0.5373946749999999 0.8183382575851393 0.5527625309523809 0.8418702866873066 0.5532427761904761 0.8572381424148606 0.5402761476190476 0.855317160371517 0.5249083071428572 0.8538764235294118 0.5138626607142857 0.8524356873065017 0.5032972595238095 0.8476332321981425 0.48696891309523804 0.8385085678018576 0.44566780119047616 0.8327456222910217 0.43798387261904764 0.8269826761609906 0.4206950357142857 0.8164172755417957 0.40388644285714287 0.8058518749226006 0.41253086190476185 0.8010494198142415 0.4216555261904762 0.7952864736842106 0.4302999452380952 0.7952864736842106 0.4384641261904762
11 0.7487026613003096 0.17048713452380954 0.7496631523219814 0.18729572619047619 0.7487026613003096 0.2050648095238095 0.7448606972136222 0.2420437130952381 0.7482224160990713 0.2804633369047619 0.7602285529411765 0.29631143809523813 0.7794383727554179 0.29967315714285714 0.7890432823529412 0.27854235476190475 0.803930892879257 0.24156346666666664 0.803930892879257 0.21370922857142857 0.8000889287925697 0.20266358214285715 0.7933654922600619 0.19497965476190474 0.7799186179566563 0.1781710619047619 0.7760766544891641 0.16232296071428573 0.7635902718266253 0.1138181738095238 0.7559063436532508 0.11958112023809525 0.7506236433436533 0.1416724119047619 0.7424594699690402 0.16184271547619047 0.7487026613003096 0.17048713452380954
