1 0.6146233059020005 0.5061432119127359 0.6567910134730255 0.5008343080350587 0.662885000778715 0.5492338181235537 0.6207172970123338 0.5545427012248327
2 0.6890195110398736 0.5340358376074092 0.6753593800400495 0.5203768227249542 0.6984758781474056 0.4972603423249935 0.7121359739977606 0.5109193220902738
2 0.728363395250426 0.5111576108665167 0.712564602305406 0.4927270244781819 0.7402114789090319 0.4690297465924139 0.7560102391132659 0.4874602829627702
2 0.7092459398928668 0.5474327697070169 0.720382634294424 0.5717658974765609 0.6753303436752276 0.5923830525895976 0.6641937721137765 0.5680500291758251
2 0.7400048450252825 0.5625975320536114 0.7223139312736748 0.5345893154304041 0.7604239144807252 0.5105199325289439 0.7781148149241517 0.538528045321463
2 0.3539056315024709 0.5183347037066728 0.31190459340552934 0.5081190044722542 0.3237418278959012 0.45945548810815784 0.36574256597316435 0.4696711491871021
2 0.3101306481928532 0.46393692225609257 0.2973629020717681 0.48714963710380094 0.2624119559054634 0.4679266932053414 0.275179706250924 0.4447140439100456
2 0.3223349553011303 0.5425652591618203 0.3010133779412172 0.5541388768529726 0.26960125434902693 0.496274348675308 0.29092265359804514 0.48470079052248194
11 0.26367689000255723 0.6057874742939064 0.17447841584237267 0.6336594191005985 0.143664016249204 0.5350520571163713 0.23286098925211718 0.5071803655030813
11 0.7862844073620181 0.5526593140525097 0.8610801218576398 0.5573335154491024 0.8548143214355832 0.6575869337732252 0.7800186102367661 0.6529127755883669
11 0.5515404124581664 0.4410037085974358 0.510803930325892 0.41067859540525875 0.6233811113734191 0.2594579050298542 0.6641169486481431 0.2897826593486418
9 0.6386718792259671 0.44628906283360914 0.6334617308031056 0.445877757402367 0.6383835519316108 0.38353502167167686 0.6435936593207998 0.3839463254744972