0 0.49624494462625535 0.5206220615971191 0.5199772839106345 0.5200756108304023 0.5212581015401838 0.5756965103840023 0.4975257623517564 0.5762429586100012
0 0.4725655920715326 0.5687937643087101 0.4725656594080192 0.5219859218935854 0.49588437365639493 0.5219859888044418 0.4958843971986653 0.568793739761009
0 0.7926570195801332 0.24637376836150593 0.7587479771306107 0.26277016902401246 0.7394934895634151 0.22295095300737133 0.7734024408130153 0.20655457847524653
11 0.7657332398042627 0.4332175559634063 0.8515625 0.4267578125000036 0.8612347542306225 0.555262043110097 0.7754055018749568 0.5617217234134154
11 0.21764898211051786 0.26679870745174156 0.15893447307848874 0.24070294884308924 0.2322821696631081 0.07567613591228431 0.2909961363233151 0.10177174729680474
7 0.18038356039767223 0.5424454965310536 0.1542386661949422 0.5427722848051946 0.1528047944436821 0.4280464313916912 0.1789492362230476 0.4277196459831312
2 0.25367052109504584 0.42298281686531836 0.2824076055627529 0.41239613608497744 0.30511476872732146 0.47403011860563543 0.27637770878743595 0.4846167517358469
6 0.35981315035576245 0.48679968969777804 0.33022564676548427 0.557805154891451 0.2769097218749721 0.535590278125006 0.30649733769610066 0.46458512839799554
2 0.2649547834580517 0.3316088735322911 0.3212241965322846 0.39055544929015634 0.2863245379991213 0.42386847544951717 0.230055295729926 0.3649220661244576
2 0.1997563753840268 0.31066811192787414 0.23005247429705378 0.29590898502338236 0.25823904470121306 0.35376580869491037 0.2279429770230763 0.368524887491006
2 0.6912160825347655 0.4303504294862366 0.716100919223777 0.4656684386373578 0.6519902254575527 0.5108371258606037 0.6271056090029106 0.4755193136697612
2 0.710181338683924 0.46895713761853614 0.6877302178811533 0.4404938685576972 0.7476526999197404 0.3932311998568023 0.7701037509193611 0.4216943271195826
2 0.6635404695787201 0.42670538390087337 0.6394995993409793 0.39981337108412734 0.6899795720190696 0.3546875562982261 0.7140203620667762 0.38157946106231383
2 0.7499705075014163 0.3202165341744819 0.7725132943361359 0.344124627482798 0.7240877577490892 0.3897829112927296 0.7015450587372243 0.3658749037822102
11 0.7021671308938267 0.14816858238693992 0.7625097236560805 0.1290731261425338 0.8138393592736293 0.2912754457429162 0.7534968173971492 0.3103707944727401
7 0.780884579004578 0.5678998341328225 0.8060426996664773 0.5826075136936111 0.7835347969278246 0.6211040791596583 0.7583767200997045 0.6063964590124831