0 0.4979421876160991 0.556028125 0.4972562501547988 0.5645390619047619 0.5 0.5702125 0.5034296873065015 0.57446875 0.5075453126934985 0.57446875 0.5130312501547988 0.5758859380952381 0.5198906247678019 0.57163125 0.5205765622291021 0.5631203119047619 0.5205765622291021 0.5461 0.5164609374613003 0.5290781250000001 0.5054875003095975 0.5219859380952381 0.49862812507739934 0.520567188095238 0.4972562501547988 0.5234046869047619 0.49657031269349844 0.5347515619047619 0.4979421876160991 0.556028125
0 0.49108437523219817 0.5673765619047619 0.49382656222910215 0.5659578130952381 0.49588437523219814 0.5631203119047619 0.49588437523219814 0.5489359380952381 0.49588437523219814 0.54184375 0.49588437523219814 0.5248234380952381 0.49382656222910215 0.5234046869047619 0.4897125003095975 0.5234046869047619 0.484225 0.5234046869047619 0.47805156222910217 0.5219859380952381 0.4746234377708978 0.5234046869047619 0.4732515622291022 0.530496875 0.4732515622291022 0.5375890630952381 0.47256562476780184 0.5461 0.47256562476780184 0.554609375 0.4732515622291022 0.561701561904762 0.4746234377708978 0.5631203119047619 0.47530937523219813 0.5645390619047619 0.4773656247678018 0.5673765619047619 0.47942343777089785 0.56879375 0.48148125015479876 0.56879375 0.4862828123839009 0.56879375 0.49108437523219817 0.5673765619047619
0 0.7722906247678019 0.20709218690476192 0.7709187498452013 0.211346875 0.7709187498452013 0.217021875 0.7681749999999999 0.2241140619047619 0.7640609374613003 0.2212765619047619 0.7613171876160991 0.217021875 0.7524 0.217021875 0.7462281250773993 0.2212765619047619 0.7455421876160991 0.2340421880952381 0.7476 0.239715625 0.7537718749226007 0.241134375 0.7599453126934985 0.245390625 0.7674890625386998 0.2524828130952381 0.7716046873065016 0.2539 0.7770921876160991 0.2539 0.7846359374613002 0.2496453119047619 0.7894374996904024 0.2468078119047619 0.7901234377708979 0.241134375 0.7866937498452014 0.2340421880952381 0.7818937498452012 0.23120624999999997 0.7784640625386996 0.2241140619047619 0.7770921876160991 0.217021875 0.7743484377708978 0.2085109380952381 0.7722906247678019 0.20709218690476192
11 0.8369140625386997 0.533203125 0.849609375232198 0.5078125 0.849609375232198 0.4892578119047619 0.849609375232198 0.47265625 0.8515625003095975 0.4267578119047619 0.8193359374613003 0.447265625 0.7822265622291023 0.4365234380952381 0.7685546873065014 0.470703125 0.7773437498452012 0.501953125 0.7724609374613003 0.5205078119047619 0.775390624767802 0.5615234380952381 0.791015624767802 0.560546875 0.8193359374613003 0.544921875 0.8369140625386997 0.533203125
11 0.25520781238390094 0.134765625 0.24804687492260064 0.0826828130952381 0.24088593746130033 0.111328125 0.22135468730650154 0.1393234380952381 0.1875 0.1764328130952381 0.18619843777089784 0.2122390619047619 0.1959640625386997 0.2565109380952381 0.21354218761609908 0.2649734369047619 0.23177031269349846 0.2350265630952381 0.25 0.1940109380952381 0.25585937523219815 0.173828125 0.25520781238390094 0.134765625
7 0.1614053690402477 0.4626300583333333 0.15649943034055727 0.47734787500000003 0.15355586687306502 0.4881409345238095 0.15502764829721363 0.5038399392857142 0.15649943034055727 0.5116894416666667 0.1604241814241486 0.5283696357142857 0.1638583386996904 0.5411250773809524 0.16827368421052633 0.5425968595238095 0.1771043746130031 0.5303320107142857 0.18004793808049535 0.5156141940476191 0.1883880346749226 0.5004057821428571 0.19084100433436532 0.4837255892857143 0.186916253250774 0.45772411904761906 0.17906675046439627 0.43711917380952386 0.17268902972136224 0.42779789285714287 0.16729249659442727 0.43810036190476187 0.16533012074303408 0.4493840214285714 0.1614053690402477 0.4626300583333333
2 0.2595241232198143 0.43025086309523813 0.2614864984520124 0.43859095595238096 0.26393946811145513 0.4508558035714286 0.268354813622291 0.46066768214285714 0.27080778328173377 0.4694983726190476 0.2776760978328173 0.4758760940476191 0.2894503523219814 0.47980083690476194 0.296318666873065 0.4694983726190476 0.29729985510835916 0.4528181797619048 0.2884691640866873 0.44251570714285715 0.2830726309597523 0.4366285797619048 0.27669491021671827 0.43123205119047614 0.268354813622291 0.4224013607142857 0.2663924377708978 0.4204389845238095 0.25658055975232197 0.42191076666666666 0.2595241232198143 0.43025086309523813
6 0.30122460619195046 0.48961271547619045 0.3076023269349845 0.5018775642857143 0.31594242352941176 0.5008963761904762 0.324282520123839 0.49746221904761906 0.32918845944272446 0.49599043690476186 0.3316414891640867 0.48715976071428574 0.3223201448916409 0.4876503404761905 0.30122460619195046 0.48961271547619045
2 0.2541275900928793 0.3419439464285714 0.25510877770897833 0.35617117023809525 0.25559937151702783 0.37775730238095234 0.2614864984520124 0.3949280892857143 0.2722795647058823 0.4091553130952381 0.2840538191950464 0.41357065833333334 0.30122460619195046 0.4076835309523809 0.31201767244582046 0.39934343452380955 0.3115270786377709 0.38413502380952386 0.3076023269349845 0.37628552023809525 0.30318698204334366 0.3733419571428571 0.29729985510835916 0.3699078 0.28797857027863777 0.3615677035714286 0.28061966130030963 0.35813354523809526 0.2703171894736842 0.3478310738095238 0.26786421981424147 0.3385097892857143 0.2649206563467492 0.33164148095238094 0.2541275900928793 0.3419439464285714
2 0.2138989188854489 0.3257543547619048 0.21586129411764707 0.3385097892857143 0.21929545139318884 0.3507746369047619 0.22518257894736843 0.3576429511904762 0.2364662390092879 0.3620582964285714 0.24725927492260064 0.3591147333333334 0.24971224458204336 0.34439691547619045 0.245787493498452 0.3282073238095238 0.23695683281733748 0.31986722738095236 0.22125782724458204 0.3066211916666667 0.21586129411764707 0.3036776285714286 0.2060494160990712 0.3076023797619048 0.2006528829721362 0.312508319047619 0.2138989188854489 0.3257543547619048
2 0.6500369120743034 0.460667675 0.6451309727554179 0.47195133452380955 0.6431685975232198 0.48127261904761903 0.6446403789473684 0.5004057821428571 0.6559240390092879 0.5077646904761904 0.6603393845201239 0.4984434059523809 0.666717105263158 0.48666915238095243 0.6824161108359132 0.4891221214285714 0.6897750198142414 0.48421618214285717 0.6946809591331269 0.46998895952380954 0.7000774916408669 0.46361123809523813 0.7020398674922601 0.4547805476190476 0.6990963040247679 0.4415345190476191 0.6922279894736841 0.4331944226190476 0.6873220501547987 0.43466620476190476 0.6760383900928792 0.441043925 0.6691700749226006 0.4459498642857143 0.6544522575851393 0.4562523297619048 0.6500369120743034 0.460667675
2 0.701058679876161 0.4439874892857143 0.7059646191950464 0.46361123809523813 0.7113611523219815 0.46802658333333336 0.719210654489164 0.4547805476190476 0.7290225331269349 0.4537993595238095 0.7461932904024767 0.440553330952381 0.7540427931888545 0.43172264047619047 0.7594393263157895 0.4081741333333333 0.7510992297213621 0.4017964119047619 0.739815599380805 0.40473997500000003 0.7295131269349846 0.4096459142857143 0.723626 0.4145518535714286 0.7162670910216719 0.4179860107142857 0.7123423399380805 0.42191076309523806 0.7025304613003096 0.4331944226190476 0.701058679876161 0.4439874892857143
2 0.6603393845201239 0.38413502380952386 0.656905227244582 0.3890409619047619 0.6515086941176471 0.39394690119047615 0.6515086941176471 0.4071929369047619 0.6583770086687306 0.42092956666666664 0.668679481114551 0.4214201607142857 0.6760383900928792 0.4155330345238095 0.6804537349845202 0.41062709523809526 0.6878126439628484 0.4047399678571429 0.6941903647058825 0.39836224642857143 0.7084175888544891 0.3865879928571429 0.707436400619195 0.37922908452380955 0.7000774916408669 0.3659830488095238 0.6902656136222911 0.36451126666666667 0.6789819535603716 0.3669642357142857 0.6696606687306501 0.37285136309523814 0.6618111665634675 0.38266324166666665 0.6603393845201239 0.38413502380952386
2 0.7103799640866872 0.3635300785714286 0.7113611523219815 0.37628552023809525 0.7260789696594427 0.37775730238095234 0.7407967869969041 0.3699078 0.754533386996904 0.36107710952380956 0.7584581380804953 0.351755825 0.7579675442724458 0.32869791785714286 0.7510992297213621 0.3242825726190476 0.7378532235294117 0.33164148095238094 0.7324566904024767 0.33703801428571434 0.7265695634674922 0.3424345476190476 0.7206824365325077 0.34783108095238097 0.7162670910216719 0.3576429511904762 0.7103799640866872 0.3635300785714286
11 0.7378532235294117 0.13687569523809523 0.7339284724458204 0.13883807142857144 0.7241165938080495 0.15110291904761905 0.719210654489164 0.170236075 0.7187200606811145 0.19721874047619048 0.7290225331269349 0.23303209642857142 0.7412873808049536 0.2717890011904762 0.7525710111455108 0.30662116904761905 0.7746477374613003 0.30367760595238097 0.782497240247678 0.2894503821428571 0.7883843671826626 0.26884543690476187 0.7957432761609907 0.24922168095238095 0.7952526823529412 0.23254150238095236 0.7883843671826626 0.21488012142857144 0.7795536767801857 0.20212467976190476 0.7751383312693498 0.19623755238095236 0.7692512043343653 0.1844632988095238 0.7569863566563467 0.16729251071428572 0.7520804173374613 0.15846182023809524 0.7447215083591331 0.1457063869047619 0.7383438173374614 0.1373662892857143 0.7378532235294117 0.13687569523809523
