1 0.6592359374613003 0.537975 0.6592359374613003 0.5329109369047619 0.6592359374613003 0.5278484369047619 0.6592359374613003 0.520253125 0.6584390625386997 0.5139234380952381 0.6576437498452012 0.508860936904762 0.6560515622291022 0.5063296869047619 0.6528656247678019 0.503796875 0.6504781250773993 0.50253125 0.6480890625386997 0.50253125 0.6433124996904025 0.50253125 0.636942187616099 0.503796875 0.6305734377708978 0.5050640619047618 0.623407812383901 0.5050640619047618 0.6210187498452012 0.5101265619047619 0.6194265622291022 0.515190625 0.6178343752321981 0.520253125 0.6170374996904026 0.5253171869047619 0.6178343752321981 0.5316453130952381 0.6186312501547988 0.537975 0.6202234377708978 0.541771875 0.623407812383901 0.5455703130952381 0.6257968749226006 0.5493671880952381 0.6321656247678019 0.5506328119047619 0.6361468749226006 0.5506328119047619 0.6417203126934984 0.5518984369047619 0.6449046873065015 0.5506328119047619 0.6480890625386997 0.5493671880952381 0.6528656247678019 0.548101563095238 0.6576437498452012 0.541771875 0.6592359374613003 0.537975
9 0.623407812383901 0.4936703130952381 0.6218156247678018 0.5 0.6218156247678018 0.5063296869047619 0.6321656247678019 0.5075953130952381 0.6393312501547987 0.5075953130952381 0.6456999999999999 0.5075953130952381 0.6520703126934984 0.5075953130952381 0.6560515622291022 0.5075953130952381 0.6576437498452012 0.5050640619047618 0.6552546873065015 0.501265625 0.6544593752321981 0.498734375 0.6512734377708979 0.4911390630952381 0.6512734377708979 0.4683546869047619 0.6496812501547987 0.44050625000000004 0.6488859374613003 0.42658281190476194 0.6480890625386997 0.4063296869047619 0.6488859374613003 0.39113906309523805 0.6496812501547987 0.377215625 0.6409234377708978 0.3734171869047619 0.63535 0.38354375 0.6313687498452012 0.3949359369047619 0.6305734377708978 0.40886093690476194 0.6305734377708978 0.41645625 0.6297765622291022 0.4303796869047619 0.6289812501547988 0.439240625 0.6281843752321982 0.4481015630952381 0.6281843752321982 0.462025 0.626592187616099 0.4708859380952381 0.6257968749226006 0.482278125 0.623407812383901 0.4936703130952381
25 0.6346438414860681 0.46337407023809524 0.6341184743034055 0.4723053166666667 0.624136492879257 0.4975229547619048 0.6278140643962848 0.5059288333333333 0.6425243529411765 0.5033019964285714 0.6472526600619195 0.4975229547619048 0.6456765578947368 0.489117075 0.6409482507739939 0.47808435833333335 0.6398975157894737 0.47072921428571424 0.643049720743034 0.46074723333333334 0.6393721486068111 0.451290619047619 0.6330677393188855 0.4486637821428571 0.63044093374613 0.4502399 0.6346438414860681 0.46337407023809524
2 0.6850790842105263 0.5300957357142857 0.6945356984520124 0.5285196333333334 0.7013654749226006 0.5216898571428571 0.7055684142414861 0.5075049357142857 0.7003147399380806 0.4990990571428571 0.6898073913312693 0.5059288333333333 0.6850790842105263 0.5111825083333333 0.6814015120743034 0.5227405916666666 0.6850790842105263 0.5300957357142857
2 0.7229055399380806 0.48543950357142857 0.7202787027863777 0.49962442380952377 0.7234309077399381 0.5054034654761904 0.7344636241486068 0.5059288333333333 0.7454963405572755 0.496472219047619 0.7549529541795666 0.48649023809523806 0.7470724427244583 0.4770336238095238 0.7397172984520124 0.4765082571428571 0.7302606842105263 0.4775589916666667 0.7223801727554179 0.48438876785714285 0.7229055399380806 0.48543950357142857
2 0.7113474563467491 0.5616177904761904 0.7108220891640866 0.5584655857142857 0.709245986377709 0.5474328702380953 0.6992640049535603 0.552686544047619 0.678249307120743 0.5616177904761904 0.6677419585139318 0.5758027035714286 0.6729956328173374 0.5805310107142857 0.6824522470588235 0.58473395 0.6966371678018575 0.582632480952381 0.7118728235294118 0.5637192607142857 0.7113474563467491 0.5616177904761904
2 0.7465470749226006 0.5584655857142857 0.7665110383900928 0.5458567678571429 0.7696632427244583 0.5258928047619048 0.7628334662538699 0.514334725 0.7502246470588235 0.5169615619047618 0.7397172984520124 0.5258928047619048 0.7334128891640866 0.5337733166666667 0.7307860520123839 0.5448060321428572 0.7334128891640866 0.5521611761904762 0.7397172984520124 0.560567055952381 0.7465470749226006 0.5584655857142857
2 0.31627116965944274 0.4901678107142857 0.3167965374613003 0.4954214845238095 0.3309814260061919 0.5064542011904762 0.3504200216718266 0.5174869178571428 0.3546229609907121 0.5153854476190476 0.3593512681114551 0.4959468523809524 0.3635542080495356 0.47808436666666665 0.3614527380804954 0.4686277523809524 0.35147075665634675 0.4702038547619048 0.34043804024767804 0.4738814273809524 0.3267785188854489 0.479660469047619 0.32047410959752326 0.4833380333333333 0.31627116965944274 0.4901678107142857
2 0.27108956965944275 0.45706966904761903 0.27161493684210525 0.46495018095238094 0.27476714179566564 0.47177995714285714 0.27897008111455107 0.47703363214285716 0.2868505931888545 0.4812365714285714 0.2994594117647059 0.4833380333333333 0.3026116160990712 0.47072922261904765 0.300510146749226 0.45864577142857144 0.27949544891640865 0.4470876880952381 0.2721403046439629 0.45023989285714283 0.27108956965944275 0.45706966904761903
2 0.27161493684210525 0.4959468523809524 0.27949544891640865 0.5127586107142857 0.28474912321981427 0.5222152238095238 0.2905281647058824 0.5348240428571429 0.31627116965944274 0.5458567595238095 0.31784727244582045 0.534298675 0.3078652904024768 0.5159108154761906 0.27949544891640865 0.49489611666666666 0.2721403046439629 0.49489611666666666 0.27161493684210525 0.4959468523809524
11 0.15296198080495357 0.5518931333333333 0.15526794055727555 0.5657288940476191 0.16141716780185758 0.5918630976190477 0.16679774179566564 0.6087734726190476 0.18985734427244583 0.6226092345238096 0.20984233250773995 0.6226092345238096 0.23136458080495356 0.6126167404761905 0.24750630278637772 0.5995496321428572 0.25211822291021674 0.5764900297619048 0.2482749560371517 0.5565050535714285 0.24212572879256966 0.5380573714285715 0.2329018879256966 0.5073112357142857 0.215222906501548 0.5126918095238095 0.19831253126934986 0.5234529571428571 0.18524542352941176 0.5326767976190476 0.1767902359133127 0.5357514119047619 0.1621858216718266 0.5442065988095238 0.15296198080495357 0.5518931333333333
11 0.7871009925696594 0.5764900297619048 0.7847950321981424 0.5903257916666667 0.7824890724458204 0.613385394047619 0.7809517653250774 0.6379823023809523 0.7871009925696594 0.6533553702380952 0.8040113678018576 0.6533553702380952 0.8332201969040247 0.6372136488095238 0.8532051857585139 0.6126167404761905 0.8593544123839009 0.5849452178571429 0.86012306625387 0.5572737071428572 0.8355261572755418 0.5588110130952381 0.8201530891640867 0.5588110130952381 0.8001681003095976 0.5657288940476191 0.7871009925696594 0.5764900297619048
11 0.5611169386996904 0.42813992261904765 0.5749526996904025 0.40277436071428574 0.6003182619195047 0.365110344047619 0.6164599839009287 0.3512745821428572 0.6641164947368421 0.2897823214285714 0.6210719040247678 0.3120732702380952 0.6018555690402477 0.3274463392857143 0.5811019269349845 0.3497372761904762 0.5688034724458204 0.35742380952380953 0.5372886829721363 0.3751028380952381 0.5196096544891641 0.3996997464285714 0.5196096544891641 0.4089235880952381 0.5280648421052632 0.4235280023809524 0.5503557907120743 0.4358264571428571 0.5611169386996904 0.42813992261904765
