11 0.29276250030959755 0.28700625 0.27631562476780186 0.33799375000000004 0.24753281238390093 0.4029609380952381 0.26151250030959755 0.44654531190476193 0.2779609374613003 0.44654531190476193 0.29029531269349845 0.432565625 0.2960531250773994 0.375 0.29522968730650156 0.33388124999999996 0.29276250030959755 0.28700625
11 0.28289531269349844 0.598684375 0.27713750030959755 0.555920311904762 0.24013125015479875 0.5641453130952381 0.20147968730650156 0.591282811904762 0.20230312507739937 0.6077296869047619 0.23355312507739937 0.6365124999999999 0.2648031250773994 0.659539061904762 0.27960468730650156 0.652960938095238 0.28289531269349844 0.598684375
11 0.7203953126934984 0.39720468809523807 0.71875 0.313321875 0.7162828123839009 0.2952296880952381 0.6940796873065016 0.37253281190476195 0.6914062501547988 0.38623125 0.6860359374613004 0.408203125 0.6998359374613002 0.448190625 0.7192390625386996 0.43359375 0.7203953126934984 0.39720468809523807
11 0.7697374996904025 0.622532813095238 0.7524671876160991 0.59375 0.7236843752321982 0.5896375 0.7097046873065016 0.5978625 0.7088812501547989 0.647204688095238 0.7039468749226007 0.6669406250000001 0.7138156247678018 0.6924343749999999 0.7524671876160991 0.6792765630952381 0.7713812501547989 0.6521374999999999 0.7697374996904025 0.622532813095238
2 0.2824522922600619 0.47416199285714283 0.2837303572755418 0.4824694130952381 0.299067133126935 0.5022794154761905 0.30609648854489163 0.5125039333333333 0.31440390897832815 0.5054745773809524 0.3137648767801858 0.49077683333333333 0.30929165015479876 0.4811913488095238 0.3080135857585139 0.47735715476190477 0.2977890681114551 0.46521554047619046 0.28436938947368423 0.46265941071428573 0.2824522922600619 0.47416199285714283
2 0.31312584458204334 0.5808803928571429 0.3259064910216718 0.5872707166666667 0.3348529436532508 0.5859926511904762 0.33677004086687307 0.5764071666666667 0.3271845560371517 0.5674607142857142 0.3099306829721362 0.5578752285714286 0.3003451975232198 0.5572361964285714 0.299067133126935 0.5719339404761905 0.31312584458204334 0.5808803928571429
2 0.3674435931888545 0.6236955595238095 0.3763900458204334 0.6351981416666665 0.38086327182662544 0.6307249154761905 0.3815023040247678 0.6307249154761905 0.3866145628482972 0.6262516892857143 0.3738339164086687 0.6121929773809525 0.3642484309597523 0.6019684595238095 0.35785810773993804 0.5974952333333333 0.35402391393188853 0.5974952333333333 0.35530197832817334 0.6173052357142856 0.3642484309597523 0.6230565273809524 0.3674435931888545 0.6236955595238095
2 0.6351981417956656 0.54445555 0.6601204024767802 0.5335920000000001 0.6677887907120743 0.5240065154761905 0.6709839523219815 0.5093087714285714 0.6607594346749226 0.5022794154761905 0.6530910470588235 0.5022794154761905 0.649256852631579 0.503557480952381 0.64158846501548 0.5105868357142858 0.6371152383900929 0.5188942559523809 0.6332810445820434 0.5329529678571429 0.6351981417956656 0.54445555
2 0.6831255665634675 0.5240065154761905 0.6933500842105262 0.5073916738095238 0.6991013752321981 0.4978061892857143 0.7003794396284829 0.4786352190476191 0.6933500842105262 0.47416199285714283 0.6863207281733746 0.4767181226190476 0.6780133077399382 0.4894987690476191 0.6735400817337461 0.5099478035714285 0.6831255665634675 0.5240065154761905
2 0.6524520148606812 0.6141100749999999 0.6639545969040247 0.6058026535714286 0.6550081436532508 0.5917439428571428 0.6364762061919504 0.6019684595238095 0.6211394303405573 0.6230565273809524 0.6332810445820434 0.6256126559523809 0.6524520148606812 0.6141100749999999
