1 0.34633968549667316 0.49181394181737875 0.39019478270245145 0.49472783598836967 0.38513398280065303 0.5708882486956877 0.3412788873712316 0.5679743725213613
1 0.38917669791499065 0.5102602429455291 0.4163695725615071 0.5130996240820161 0.4085841797690364 0.5876540034335439 0.3813913078979567 0.5848146401198865
1 0.41140799699564923 0.5336449556969816 0.44186112855868487 0.5354255387037741 0.43757737814291886 0.6086830375436718 0.4071242476019279 0.6069024658863647
1 0.667274989839143 0.577451341334496 0.6186733889212519 0.5842147968231621 0.6062502930160463 0.494948916872898 0.6548511957765868 0.4881855103425024
1 0.5893363802200611 0.5181391851934936 0.6232765193117302 0.5134124937725251 0.6354975999109911 0.6011582384484773 0.601557468121996 0.6058848940579822
1 0.6079288928624464 0.6210323398310806 0.5724371144083307 0.6265371278888461 0.5582886155543747 0.5353233317502126 0.5937798356068242 0.5298185873634508
2 0.301426192155418 0.5089685926731977 0.31809305719752956 0.4948670458839439 0.3469336672380905 0.528951533308866 0.33026684828018915 0.5430530302930564
2 0.3342475055318346 0.608456298047706 0.2961845907628913 0.5898496895405683 0.31767605406685107 0.5458902392244274 0.355738690562589 0.5644967665762538
2 0.39650624188857364 0.6264455623183418 0.3627450266820915 0.6293809851678888 0.3588885562626274 0.5850301732223517 0.3926494947786523 0.5820947624977514
2 0.42399213101964506 0.6129024072869282 0.4291959823591469 0.6404045680890784 0.4037327254020511 0.6452219677606579 0.39852895156252544 0.6177198749999664
2 0.5975306971262171 0.6599325861073116 0.6039814082492967 0.6792819762249819 0.5874635148351217 0.6847879262148993 0.581012844336783 0.6654385706384324
2 0.591001155968911 0.6270526955101586 0.6131434240935505 0.6217813722529 0.6188429927710786 0.6457195785807447 0.5967007290698803 0.6509908892462102
2 0.670266082002172 0.607925870703446 0.6489817886554192 0.5951566339126922 0.6754940771863858 0.5509695702654215 0.6967782194524261 0.5637387484635614
11 0.7877274502689033 0.6495040603947166 0.7300921862296263 0.6668227969823178 0.6860788332500078 0.5203632169235738 0.7437126483408747 0.5030447109096697
2 0.6807030384300106 0.5493726836815186 0.6629465178123155 0.5394298806451001 0.6817783459109705 0.5058017337509123 0.6995347786760249 0.5157445060149525
7 0.4190685517480688 0.8520766463374188 0.3762490614045646 0.851754759044476 0.3769183635686204 0.7627785859210562 0.41973690213387727 0.7631004695997862
9 0.3624999999999545 0.4322916671874996 0.3658941614893365 0.43209586315365056 0.3690191498197919 0.4862625301920682 0.3656249883958935 0.48645833348192113
9 0.3729166671874964 0.4791666671874986 0.36923326066573736 0.4788085785190623 0.3765249885616413 0.40380858278916165 0.38020835833060573 0.4041666696682944
9 0.38238846258900594 0.44752171037445554 0.3866190338369506 0.44807348713358874 0.38210580166924046 0.48267500600326146 0.37787523068402606 0.4821232306076848
9 0.40292258958561433 0.5162403363268302 0.39789408839249063 0.5160054705567196 0.4010196925449918 0.44909145572012826 0.40604814375001297 0.449326320312501
9 0.42654799834144796 0.4507323319218394 0.43039638183790885 0.45089175827795075 0.4268685537468855 0.5360437597128529 0.4230201703124976 0.535884334374999
7 0.4898534323791637 0.7996397420120084 0.47452553930929753 0.7906597150227145 0.4869292660116571 0.7694920189268486 0.5022570888201017 0.7784720196475919
7 0.4788418738095288 0.8022453939751107 0.46314997643662537 0.8003444652159767 0.46611483373908413 0.7758750464114362 0.4818066390083686 0.7777759695245101
7 0.383852675154003 0.7825244924064336 0.35936895907218513 0.7787275182197987 0.36575127203957436 0.737581137489128 0.3902347567193374 0.7413780934277219
7 0.4595198138483738 0.774553000696264 0.46095159399897057 0.8108934842594411 0.42262159894187334 0.8124031766897835 0.42118999349622754 0.7760628613859482
7 0.6682200990862839 0.7176851338929505 0.700877441257262 0.7253915754513769 0.6927322347884228 0.7599025424547944 0.6600749030320685 0.7521961316280067