1 0.3033359471124868 0.45804740879010275 0.2667193569958499 0.4838655945522497 0.20937621782013593 0.40254306915964316 0.24599247657181422 0.37672504807427665
2 0.3250606377916938 0.42052939756081026 0.27210992106529375 0.40463216979253147 0.28818548329115856 0.3510906454493258 0.3411358697154583 0.36698781973111877
2 0.7366040680192327 0.3285991377474385 0.6747376604038209 0.3439324868152495 0.6587930625410081 0.2796010041826634 0.7206591073628488 0.26426770217067985
2 0.2711337982244686 0.32362739023620235 0.2915262932156111 0.35931291766048007 0.2600983489438704 0.37727166405832735 0.2397059330578486 0.3415862049781801
2 0.28370802824986185 0.5026696315529557 0.2885938849796048 0.4749856156628137 0.3187214350210752 0.48030232697413544 0.31383564982218104 0.5079862798455436
2 0.3577773180230679 0.47602095320599924 0.3683524422045821 0.5062332042408059 0.33107420099270257 0.5192805187645572 0.32049918304289804 0.48906835769475343
2 0.6316709484375451 0.46982537343751807 0.6265072999958647 0.43288651042688664 0.6728731630863649 0.4264054303373982 0.6780369094740308 0.46334417648736925
2 0.7212176017828824 0.35456513177560967 0.7380694360280131 0.3719427776887857 0.7010932838352346 0.40779845132863973 0.68424150182841 0.39042085727193826
11 0.7408886986041807 0.3227588163195046 0.8042356854025456 0.3043889798092732 0.8490086619336807 0.4587790111748186 0.785661753399495 0.4771486739722954
2 0.6154631412589424 0.4027631172900276 0.5899692024391925 0.4035356258253947 0.5887515105558805 0.36334960997694193 0.614245329599612 0.3625771032600332
2 0.6428640091636453 0.3056966337421495 0.6708044081984781 0.3017052777811367 0.6789850660013599 0.35896991771726106 0.6510446694479697 0.36296126203217244
11 0.19344842793145745 0.3537673695867099 0.2499388938103948 0.37038130057300794 0.20806238004911393 0.5127615707611917 0.15157198096255797 0.4961478008832616
9 0.4609375710826953 0.43847655996144397 0.44641221825395405 0.438995299327821 0.44159546559285445 0.3041226913127984 0.4561205895471403 0.3036039561244957
9 0.21076678922293013 0.5441121949479636 0.20400622731835938 0.5420427933237109 0.22468484980970516 0.47449311888587237 0.23144534194341304 0.47656250901262903
9 0.22300196530704852 0.5567367643376624 0.21685377538346984 0.5538678501341386 0.2427506144679228 0.4983748180601929 0.24889875311282594 0.5012437183057301
7 0.237053611147644 0.5700338164144325 0.20586700117792134 0.5853200636774396 0.16784598950789587 0.5077573146920485 0.19903222329105574 0.492471177644234