1 0.6176 0.664 0.6216 0.6608 0.6287999999999999 0.6576 0.632 0.6567999999999999 0.6348 0.6552000000000001 0.6392 0.6536 0.6444 0.6512 0.6484 0.6472 0.6507999999999999 0.6408 0.6527999999999999 0.6344 0.6564 0.6304 0.658 0.6224000000000001 0.6567999999999999 0.6160000000000001 0.654 0.6032 0.6484 0.5952000000000001 0.6399999999999999 0.5912000000000001 0.6372 0.5912000000000001 0.6324 0.592 0.6272 0.5952000000000001 0.6256 0.5992 0.62 0.5984 0.6168 0.5944 0.6132 0.5944 0.61 0.5944 0.6036 0.596 0.6008 0.5992 0.5976 0.6063999999999999 0.5964 0.6120000000000001 0.596 0.6192000000000001 0.596 0.6272 0.5964 0.6328 0.598 0.6408 0.6012 0.6544 0.6052 0.6632 0.6088 0.6656000000000001 0.6123999999999999 0.6656000000000001 0.6176 0.664
1 0.36879999999999996 0.5256000000000001 0.36920000000000003 0.5176 0.36920000000000003 0.5024000000000001 0.36920000000000003 0.49520000000000003 0.36879999999999996 0.48319999999999996 0.3672 0.4736 0.364 0.4696 0.36040000000000005 0.46559999999999996 0.3532 0.4592 0.348 0.4552 0.3444 0.4528 0.3384 0.4496 0.33440000000000003 0.44880000000000003 0.328 0.44480000000000003 0.326 0.452 0.324 0.45999999999999996 0.3224 0.4712 0.322 0.48 0.3208 0.49039999999999995 0.3208 0.5008 0.322 0.5096 0.324 0.5176 0.32639999999999997 0.5216 0.3304 0.5256000000000001 0.33440000000000003 0.528 0.342 0.528 0.3452 0.5288 0.348 0.532 0.35200000000000004 0.5352 0.3572 0.5384 0.3652 0.5384 0.36879999999999996 0.5256000000000001
1 0.3728 0.6288 0.37639999999999996 0.6272 0.3824 0.6184000000000001 0.386 0.6056 0.38760000000000006 0.596 0.388 0.5903999999999999 0.38639999999999997 0.58 0.3848 0.5736 0.3796 0.5696 0.374 0.5671999999999999 0.3704 0.5671999999999999 0.3644 0.5671999999999999 0.3628 0.5664 0.35600000000000004 0.5584 0.3532 0.5568 0.35 0.5544 0.3468 0.5536 0.34159999999999996 0.5544 0.3376 0.5576 0.3328 0.5704 0.3316 0.58 0.33240000000000003 0.596 0.33320000000000005 0.6016 0.33959999999999996 0.6120000000000001 0.348 0.6168 0.3532 0.6232000000000001 0.36160000000000003 0.6256 0.36679999999999996 0.6272 0.36920000000000003 0.6272 0.3728 0.6288
2 0.2941698321981424 0.5883845130952381 0.30666805139318887 0.5977649928571428 0.31604172879256964 0.6040186285714286 0.32675448049535605 0.577663986904762 0.3338963325077399 0.5499692654761904 0.3231835634674923 0.5428222309523809 0.3129171696594427 0.5321017047619048 0.30845351826625383 0.5249546714285714 0.2964016575851393 0.5271881154761905 0.29238438204334366 0.5580096642857143 0.2941698321981424 0.5883845130952381
9 0.27420197275541797 0.6525682226190476 0.29138703529411764 0.6150463523809523 0.2984172823529412 0.599021375 0.30271355541795664 0.6017573476190476 0.3074003770897833 0.6142646428571429 0.30388526068111454 0.6330255785714286 0.30154183529411765 0.6650755333333334 0.3074003770897833 0.6396701107142857 0.30896266068111455 0.6220817011904762 0.31560234489164085 0.6056658773809525 0.31677405015479876 0.593549444047619 0.29648437337461303 0.5801757821428571 0.2933398823529412 0.599021375 0.27420197275541797 0.6525682226190476
9 0.32067974489164086 0.674065130952381 0.3202891814241486 0.6869632880952381 0.32731942848297213 0.6822730357142857 0.33942707616099066 0.64983225 0.35036301795665636 0.6220817011904762 0.3443359362229102 0.6182617190476191 0.33591195975232196 0.6381066630952381 0.32067974489164086 0.674065130952381
9 0.35114415975232194 0.6917156238095238 0.3495818910216718 0.7171210607142857 0.3542687126934984 0.6971875547619049 0.356221559752322 0.6749089523809525 0.356221559752322 0.6479400976190476 0.3511718736842105 0.6465820321428571 0.35114415975232194 0.6678735892857143 0.35114415975232194 0.6917156238095238
7 0.35309700743034056 0.7249381190476191 0.3495818910216718 0.7351002880952381 0.34645732321981426 0.7405722333333333 0.3445044761609907 0.740963080952381 0.34137992321981425 0.7370545523809523 0.3417705015479876 0.7284558 0.3433327708978328 0.7202478964285715 0.3445044761609907 0.7147759345238095 0.3448950544891641 0.7050046130952381 0.3448950544891641 0.6991418190476191 0.3363025232198142 0.7069588773809524 0.3363025232198142 0.7159485047619047 0.3363025232198142 0.7276740773809524 0.3363025232198142 0.7370545523809523 0.3378648068111455 0.7429173452380953 0.340989359752322 0.7476075976190476 0.34411391269349845 0.7472167214285714 0.3468479015479876 0.7448716095238095 0.34919131269349846 0.7378362749999999 0.3527064439628483 0.7311917583333334 0.3534875857585139 0.7276740773809524 0.3558309962848297 0.7186844785714286 0.35817440743034057 0.7128216702380953 0.3589555492260062 0.7046137952380952 0.3599609362229102 0.6958984380952382 0.3570027015479876 0.7104765892857143 0.35309700743034056 0.7249381190476191
7 0.31638348668730654 0.7003143904761905 0.31169665015479875 0.7007052666666668 0.3113060718266254 0.7061771833333333 0.3136494972136223 0.7108674059523808 0.31833633374613 0.7124308535714285 0.3249760030959752 0.7065680595238095 0.3284911343653251 0.6999235285714285 0.3288232551083592 0.6932761833333333 0.3265382866873065 0.6975784166666666 0.3230231554179567 0.7034412095238095 0.3187268978328173 0.7034412095238095 0.31638348668730654 0.7003143904761905
2 0.618684240866873 0.684289413095238 0.6304013250773993 0.6823351488095238 0.6421184086687307 0.6803808845238095 0.6432901287925696 0.6713912702380952 0.6479769504643963 0.6510669178571429 0.6128906235294117 0.6661132821428571 0.617121986996904 0.6745180904761905 0.618684240866873 0.684289413095238
9 0.6202465547987616 0.7312538714285713 0.6257145034055728 0.7605678380952381 0.6221994018575852 0.7343806916666666 0.6233710625386997 0.7124929357142857 0.6264956303405572 0.6851332345238096 0.636259866873065 0.6870874988095238 0.6417278749226005 0.6898234571428571 0.6479769504643963 0.7078026988095237 0.6624280086687306 0.7484513892857143 0.656178933126935 0.7210916880952382 0.6464146965944272 0.6874783452380953 0.6436807226006191 0.6753619119047618 0.6207031232198142 0.68515625 0.6218088086687307 0.7019399047619047 0.6202465547987616 0.7312538714285713
11 0.712811505263158 0.6334785380952381 0.7135926321981425 0.6581022666666667 0.7202323009287925 0.6838985654761904 0.739760773993808 0.6815534392857143 0.7624138148606812 0.6620107952380953 0.7850668557275543 0.6565388642857143 0.7909253975232198 0.6491126535714286 0.7901442705882353 0.6354328023809523 0.7874102365325077 0.6264431892857143 0.7803800340557275 0.6225346607142858 0.7686629498452012 0.6209712428571429 0.7631949417956656 0.612763338095238 0.7710063312693498 0.6115907833333334 0.7764743393188854 0.6111999214285714 0.7846762625386997 0.6084639630952381 0.7885819566563468 0.6002560428571428 0.7866291095975232 0.593220694047619 0.7831140080495357 0.5885304571428571 0.7674912297213623 0.5826676630952381 0.7499156037151703 0.581104269047619 0.7385890538699691 0.581104269047619 0.7241379956656346 0.5744597511904762 0.712988279876161 0.5796875 0.712811505263158 0.6100273654761905 0.712811505263158 0.6334785380952381
2 0.33942707616099066 0.47460595119047616 0.34372334922600617 0.47460595119047616 0.3577838439628483 0.4753876595238095 0.3577838439628483 0.4648346285714286 0.3570027015479876 0.45037306904761903 0.3558309962848297 0.4347389547619048 0.3421610650154798 0.43200298095238093 0.33942707616099066 0.4476370964285714 0.33708366501547987 0.4589718357142857 0.33164062352941176 0.472265625 0.33942707616099066 0.47460595119047616
9 0.35544043281733745 0.43552066309523807 0.35817440743034057 0.4230133678571429 0.36012725448916405 0.40464328690476187 0.36090839628482974 0.39526281190476187 0.36208010154798764 0.37454761190476193 0.357393279876161 0.4011256047619048 0.3566121380804953 0.4183231297619048 0.3546592910216718 0.4269218964285714 0.3499724544891641 0.4269218964285714 0.3499724544891641 0.4144146011904762 0.3499724544891641 0.40425243214285717 0.34762904334365324 0.3847097880952381 0.34801960743034055 0.4019073285714285 0.34801960743034055 0.4179322833333333 0.3468479015479876 0.4284853142857143 0.3448950544891641 0.42262252142857143 0.3417705015479876 0.4026890226190476 0.3425516284829721 0.38666405238095236 0.34645732321981426 0.3608677607142857 0.3398176544891641 0.3936994011904762 0.34137992321981425 0.4167597273809524 0.34335937337461303 0.4317382821428572 0.35544043281733745 0.43552066309523807
11 0.2757642569659443 0.5239155214285715 0.2648283145510836 0.5200069916666666 0.24022244891640865 0.5184435749999999 0.22108453188854488 0.5262606321428571 0.20975801919504644 0.5528386404761905 0.2078051721362229 0.5712087142857143 0.21288257213622291 0.5868428285714286 0.2406130049535604 0.5993501238095238 0.26170376222910213 0.6286640904761905 0.2745925510835913 0.6259281321428571 0.2784982458204335 0.6091214464285715 0.2827945040247678 0.5766806892857144 0.280451093498452 0.5332959964285714 0.2757642569659443 0.5239155214285715
13 0.6956264130030959 0.4636620738095238 0.6737545591331269 0.4812504535714286 0.6643808563467493 0.4890675107142857 0.6729734321981424 0.49688456785714286 0.6975792606811145 0.47851447976190475 0.7151548860681114 0.4624895178571429 0.7354645461300309 0.44607369404761904 0.7487438835913313 0.4406017476190476 0.7444475956656346 0.42144996547619046 0.74374999876161 0.42490234404761906 0.718279453869969 0.44333772023809526 0.6956264130030959 0.4636620738095238
13 0.6198559616099071 0.6510048202380952 0.5987652043343653 0.6560859047619048 0.5995463312693499 0.674065130952381 0.6413372817337462 0.6560859047619048 0.6655525764705882 0.6463145821428572 0.6581317808049536 0.6298987880952381 0.6444618495356037 0.636934107142857 0.6198559616099071 0.6510048202380952
