11 0.2229166679557011 0.480207466170623 0.2895061218347337 0.5245959874489008 0.18453641048461122 0.6820499486823837 0.11794756167921605 0.6376621719704787
11 0.25564684096775636 0.4754513604348118 0.19443334945276547 0.46087780245292476 0.24217964699300865 0.26034131243793085 0.30339172103856527 0.2749146898674402
11 0.7748031264148949 0.6692511809666526 0.707452068838279 0.6151857379709961 0.7961156911819671 0.5047475871662082 0.8634656800066978 0.5588123556635644
11 0.7191371918517007 0.3071816573623244 0.7669014166873467 0.299340598909063 0.798617426574765 0.49253196946382677 0.7508532264383803 0.5003729338301507
2 0.4159899708541843 0.4987035880886366 0.43620990751207955 0.5175739370815076 0.41032588598875464 0.5453067781710641 0.3901060042979907 0.5264364861219548
2 0.3595346093279659 0.4947768330683261 0.320137023537427 0.5177571496039796 0.3015027876114118 0.4858127320145883 0.3409002027577799 0.46283247898995916
2 0.30228347122613286 0.45958947056358007 0.29018032854526155 0.49266948317961456 0.255923092612079 0.48013640107394584 0.2680262737654857 0.4470564752514709
2 0.634345107591912 0.6126480339314824 0.6066925510436931 0.6134612571238419 0.6058045204053997 0.5832656939369218 0.633456924938514 0.5824524729808159
2 0.6337967574119148 0.5711667557985141 0.6860135224937949 0.5435253538805956 0.7045231877381184 0.5784881964485792 0.652306487740816 0.6061295031277262
2 0.7322554601196316 0.5231160753498957 0.7532393593451161 0.5571211953723518 0.7093774231083216 0.584184829416647 0.6883936919555254 0.5501798562059723
2 0.6901739603791839 0.5317961536169664 0.658897623958751 0.5364872194345419 0.6529878209277058 0.4970878207209478 0.684263966333674 0.49239676941917193
2 0.7345939348518868 0.47596940397145376 0.7446411637290566 0.4960623047413716 0.7094281825168309 0.5136687624081185 0.6993810234075681 0.49357592122157484
2 0.5864926323613417 0.5467454001188629 0.5806161481643812 0.5273545975507207 0.5997946805973697 0.5215429454542104 0.6056711827283152 0.5409337164854979