1 0.3347573733210538 0.607857273752614 0.3027705535151881 0.635208671605864 0.25519887175835265 0.5795804465412302 0.287185436846471 0.5522292293808035
1 0.6800647242331479 0.6471554549861055 0.6479380263753001 0.6121246016569222 0.7007709261863511 0.5636772398350153 0.7328974408048907 0.5987078636139761
11 0.2243163527350589 0.5535620709840089 0.26997686568051904 0.5519430854944823 0.2744858590200465 0.6790970464663155 0.22882534707855484 0.6807160126749217
0 0.279779677315787 0.6124169570376964 0.262567232919082 0.6144027931686795 0.2574591354058384 0.5701320876475261 0.2746714422457899 0.568146259560455
2 0.3293453812285634 0.6209834523308883 0.34079671623817376 0.6070799916562304 0.3711933658134967 0.6321126821978721 0.3597420867457686 0.6460160906643695
2 0.26492882463821843 0.5056362399438169 0.2874103160266941 0.4927907536541578 0.3167731026051115 0.544175785594562 0.2942916553276973 0.5570212112039664
2 0.3092959379057447 0.5573622790328342 0.3259286847052181 0.5305678565403146 0.3664274989062051 0.5557053423746833 0.34979487589123437 0.58249965659896
11 0.29804587707542396 0.4655666267799453 0.24364961567982846 0.45629017787447707 0.2632294831219042 0.34148389131398876 0.3176249796875936 0.35076027343750765
1 0.4668348742809485 0.5613519127712381 0.4970897234977656 0.5574624081643818 0.5034942077376172 0.6072751858941098 0.4732393619708546 0.6111646730863496
2 0.6246244249086885 0.637489941482204 0.6238306505510991 0.6077208135188314 0.6723249679417904 0.6064278589692614 0.6731188752690969 0.6361968499309794
11 0.7877818794496534 0.6349765087760086 0.7361084124239596 0.663159068601712 0.6897972653631541 0.578255146644251 0.7414699865075818 0.5500728379097297
2 0.6557555254534009 0.5381881644273752 0.6821639381862497 0.5687632220249981 0.6491840203651691 0.597245839884201 0.6227757287125542 0.5666708971506255
2 0.7060457820334705 0.5122141474351358 0.7263825755509288 0.5393274511704049 0.6833629074723149 0.5715920374689408 0.6630262451536737 0.5444788531241925
11 0.6844666511673267 0.35837170795590856 0.7224221259079968 0.35321498850044425 0.7377152286494493 0.46577280790983183 0.6997597610123876 0.47092949069370493
9 0.4770833328125 0.45520833281249995 0.48020833281249997 0.45520833281249995 0.48020833281249997 0.53125 0.4770833328125 0.53125
9 0.7280220712482333 0.6967733350402167 0.7227835562398468 0.6987552082634079 0.7043203591837255 0.649959803163494 0.7095588234375327 0.6479779406249808
9 0.2760416104252954 0.637499975676643 0.27855603654734296 0.638577441315505 0.25845905353980925 0.685470540007197 0.25594463063555395 0.6843930799180031
9 0.2885415933238846 0.6541666483622572 0.2926267023267428 0.655207799814568 0.27908510683141685 0.7083328127095114 0.27499999999997726 0.707291667187494