2 0.2908 0.5256000000000001 0.28759999999999997 0.52 0.2864 0.5216 0.28200000000000003 0.5312 0.278 0.54 0.2772 0.5464 0.2772 0.5584 0.29000000000000004 0.5744 0.2984 0.5831999999999999 0.3116 0.5912000000000001 0.3156 0.5952000000000001 0.32120000000000004 0.5856 0.324 0.5776 0.32480000000000003 0.5656 0.3252 0.5536 0.322 0.5448 0.31920000000000004 0.5416 0.3152 0.54 0.3108 0.54 0.3068 0.5352 0.3016 0.5296 0.2996 0.5256000000000001 0.2972 0.5256000000000001 0.29359999999999997 0.5272 0.2908 0.5256000000000001
2 0.304 0.4624 0.29560000000000003 0.4568 0.2896 0.4456 0.2864 0.4504 0.28400000000000003 0.4592 0.2832 0.47040000000000004 0.28400000000000003 0.4816 0.2852 0.4856 0.2904 0.49039999999999995 0.29319999999999996 0.4968 0.2952 0.504 0.2972 0.5088 0.3048 0.512 0.3132 0.512 0.3168 0.508 0.3196 0.4976 0.3208 0.4816 0.3196 0.476 0.312 0.47040000000000004 0.304 0.4624
2 0.37120000000000003 0.6095999999999999 0.3732 0.6192000000000001 0.3828 0.6248 0.3932 0.6328 0.39840000000000003 0.6296 0.402 0.6216 0.40359999999999996 0.6095999999999999 0.404 0.596 0.4004 0.5903999999999999 0.3976 0.5896 0.39520000000000005 0.5912000000000001 0.392 0.588 0.3892 0.5848 0.38680000000000003 0.584 0.3828 0.584 0.37879999999999997 0.5848 0.3748 0.588 0.3724 0.592 0.37120000000000003 0.6 0.37120000000000003 0.6095999999999999
2 0.5952000000000001 0.6368 0.6 0.6527999999999999 0.608 0.6512 0.6144 0.6496 0.6216 0.6472 0.6248 0.6432 0.6248 0.6328 0.626 0.6264000000000001 0.6256 0.6152000000000001 0.624 0.6127999999999999 0.6192 0.6103999999999999 0.616 0.6095999999999999 0.6136 0.6095999999999999 0.6092 0.6095999999999999 0.606 0.6088 0.5996 0.6063999999999999 0.5964 0.6144000000000001 0.596 0.62 0.5952000000000001 0.628 0.5952000000000001 0.6368
2 0.5863999999999999 0.5352 0.5851999999999999 0.548 0.5848 0.5568 0.5863999999999999 0.5671999999999999 0.5883999999999999 0.5736 0.5968 0.5816 0.6048 0.5903999999999999 0.6088 0.5912000000000001 0.6164 0.5792 0.6172 0.5632 0.616 0.5504 0.6132 0.5432 0.6104 0.5432 0.6044 0.5424 0.5944 0.54 0.5876 0.5376 0.5863999999999999 0.5352
2 0.6428 0.5184 0.6416 0.5304 0.6419999999999999 0.5488000000000001 0.6452 0.5568 0.6476000000000001 0.5624 0.6564 0.5656 0.6612 0.564 0.6639999999999999 0.5616 0.6688000000000001 0.5632 0.676 0.5608 0.68 0.5536 0.6816000000000001 0.54 0.6824 0.5232 0.6791999999999999 0.5064 0.674 0.5088 0.6672 0.5152 0.6567999999999999 0.5184 0.6428 0.5184
2 0.6248 0.6152000000000001 0.6268 0.6264000000000001 0.6275999999999999 0.6352 0.6324 0.6432 0.6416 0.6432 0.6531999999999999 0.6432 0.6652 0.6408 0.6719999999999999 0.6376 0.6744 0.6256 0.6748 0.6135999999999999 0.6752 0.5968 0.6716 0.5903999999999999 0.6636 0.5864 0.6584 0.588 0.6524 0.5903999999999999 0.6468 0.5903999999999999 0.6424000000000001 0.592 0.6396 0.5944 0.634 0.596 0.6284 0.596 0.6252 0.6 0.6248 0.6152000000000001
2 0.6732 0.5984 0.6732 0.6048 0.6768 0.6184000000000001 0.682 0.6232000000000001 0.6904 0.6208 0.7008 0.6152000000000001 0.7176 0.6095999999999999 0.7212000000000001 0.5984 0.7212000000000001 0.5720000000000001 0.7176 0.5608 0.7148 0.5544 0.7104 0.5568 0.7056 0.5616 0.6992 0.5599999999999999 0.6952 0.5632 0.6924 0.5680000000000001 0.6876 0.5720000000000001 0.68 0.5736 0.6772 0.576 0.6748 0.5808 0.6732 0.5871999999999999 0.6732 0.5984
2 0.7132 0.4736 0.7088 0.4696 0.7040000000000001 0.4808 0.6988 0.49039999999999995 0.6908000000000001 0.5024000000000001 0.6831999999999999 0.5104 0.6811999999999999 0.5168 0.68 0.5256000000000001 0.6808 0.5328 0.6844 0.54 0.6924 0.5432 0.6963999999999999 0.5432 0.7024 0.5408 0.7051999999999999 0.5367999999999999 0.7071999999999999 0.532 0.7088 0.524 0.7115999999999999 0.5224 0.7156 0.5184 0.7164 0.5152 0.7164 0.5024000000000001 0.7172000000000001 0.4912 0.7168 0.4824 0.7132 0.4736
11 0.7682291665634675 0.68359375 0.791666666873065 0.640625 0.7473958334365325 0.5455729166666666 0.7213541665634675 0.6341145833333334 0.7682291665634675 0.68359375
11 0.2161458334365325 0.6171875 0.24609374984520122 0.6380208333333334 0.2786458334365325 0.5963541666666666 0.24348958328173376 0.5091145833333334 0.2161458334365325 0.6171875
