1 0.3554765622291022 0.497190625 0.3604234377708978 0.492978125 0.36678437523219815 0.487359375 0.3674906247678018 0.4789328119047619 0.36678437523219815 0.4606734380952381 0.36678437523219815 0.4466296880952381 0.3575968749226006 0.442415625 0.3512375003095975 0.4382015630952381 0.3413421876160991 0.4339890630952381 0.3307421876160991 0.4283703119047619 0.32296874984520124 0.42696562499999996 0.31307343777089786 0.42275312499999995 0.3081265622291022 0.4283703119047619 0.3053 0.432584375 0.3053 0.44382031309523806 0.3060078123839009 0.45505625 0.3060078123839009 0.4691015630952381 0.3081265622291022 0.47471875 0.31307343777089786 0.4831453130952381 0.31590156222910215 0.48876406309523807 0.31872812507739934 0.49016875000000004 0.3222609374613003 0.48876406309523807 0.3279156247678019 0.48876406309523807 0.33144843777089783 0.4915734380952381 0.33356874984520124 0.49578593809523813 0.33851562476780184 0.5014046869047619 0.34205 0.502809375 0.34770312507739937 0.5014046869047619 0.3554765622291022 0.497190625
9 0.341420493498452 0.43055491904761906 0.34286256594427245 0.43007387738095243 0.3394977411764706 0.41756657380952383 0.34045913560371516 0.40265404047619047 0.34238188730650154 0.3761963071428572 0.3467080328173375 0.33434497976190475 0.34718874860681115 0.27950533333333333 0.34238188730650154 0.32568608809523814 0.33709431083591335 0.36224585833333334 0.33180677089783284 0.39736250119047617 0.3250771585139319 0.3718668523809524 0.3173861876160991 0.3353070821428571 0.32315444334365323 0.3838930952380952 0.33084541362229103 0.4065024345238095 0.3294471046439628 0.4201923083333334 0.341420493498452 0.43055491904761906
7 0.6524243907120743 0.26266859404761905 0.6428106687306502 0.269403269047619 0.6490596024767802 0.2790242630952381 0.666844973993808 0.2876831642857143 0.6659855659442725 0.284375 0.6673256897832817 0.2713274666666667 0.6524243907120743 0.26266859404761905
2 0.307291786996904 0.5419067130952381 0.3125793269349845 0.5452740654761905 0.32123169164086685 0.5447930226190476 0.32940334055727555 0.5433498773809524 0.3394977411764706 0.5414256714285715 0.3452659969040248 0.5370962166666666 0.3394977411764706 0.5293994285714285 0.3255578736842106 0.5313236345238095 0.3197896185758514 0.5274752226190476 0.3173861876160991 0.52170265 0.3087338600619195 0.5154489892857143 0.30584971393188853 0.5173731857142857 0.3039269987616099 0.532285719047619 0.307291786996904 0.5419067130952381
2 0.6654029746130031 0.5342099261904761 0.6586733250773993 0.5375772773809524 0.666844973993808 0.5409446285714286 0.6764586959752322 0.5414256714285715 0.6836689876160991 0.5457551261904762 0.6875144916408669 0.5423877738095239 0.6889565640866873 0.5370962166666666 0.6908792792569659 0.5298804714285714 0.6928020681114552 0.5236268285714286 0.6918407102167182 0.5188163321428572 0.6769394117647058 0.5332478226190477 0.6654029746130031 0.5342099261904761
11 0.763674879876161 0.4663625619047619 0.7538081647058824 0.48018638809523806 0.7590704328173374 0.5124420464285715 0.763674879876161 0.5394314571428571 0.7735415944272446 0.5723453833333334 0.7847239517027863 0.5894606154761904 0.7959062086687307 0.6125003642857143 0.8024840185758514 0.6236911047619048 0.8136662749226007 0.6125003642857143 0.8162973591331268 0.5953851321428572 0.8136662749226007 0.5651043297619047 0.8097195492260062 0.5288990107142857 0.8097195492260062 0.49137711547619045 0.812350733126935 0.4716287595238095 0.8162973591331268 0.4578049202380952 0.8051151021671826 0.44990559761904764 0.7768304996904025 0.4610963130952381 0.763674879876161 0.4663625619047619
11 0.17561871393188852 0.46702081785714283 0.17167203839009287 0.4946685214285715 0.17956539009287925 0.5236327619047619 0.17890761919504644 0.5558884202380953 0.17693425634674922 0.5901189095238095 0.1808809318885449 0.6164500511904761 0.18219652383900928 0.6263242285714286 0.19074764705882355 0.6487056833333333 0.20653440061919506 0.6394898 0.2137699814241486 0.5999930869047619 0.21640111578947369 0.5716871154761904 0.2242945176470588 0.5440394119047619 0.2288989640866873 0.524291055952381 0.232845640247678 0.499934744047619 0.23942345015479877 0.4788698261904762 0.23416123219814242 0.4597797761904762 0.2269256012383901 0.46175458214285714 0.1940365517027864 0.4610963130952381 0.17561871393188852 0.46702081785714283
13 0.6584299213622291 0.5855109547619047 0.6380387708978328 0.5920937392857143 0.61698979876161 0.6013096488095238 0.6163319777089783 0.615133488095238 0.6472476643962848 0.6065758726190477 0.6709278204334366 0.5940685702380952 0.6959235176470588 0.5855109547619047 0.7110524006191951 0.5743202142857143 0.7215769362229102 0.5690539904761905 0.7164473535603716 0.5544407904761904 0.6873723448916408 0.5723453833333334 0.6584299213622291 0.5855109547619047
13 0.2242945176470588 0.5361400642857144 0.23416123219814242 0.5466725107142857 0.24863239380804952 0.5572049821428572 0.2782325386996904 0.5756367761904762 0.2986237393188854 0.5868275166666667 0.3387483696594427 0.6039427488095238 0.34664177151702785 0.5874857845238095 0.3190149399380805 0.5736619452380952 0.2900726167182663 0.5578632511904762 0.26968136594427244 0.5512804654761905 0.23618419566563467 0.5240131583333333 0.2242945176470588 0.5361400642857144
13 0.5202959133126935 0.46230827738095237 0.49135358947368424 0.4603334214285714 0.46898902600619197 0.45243409880952384 0.44465114922600624 0.4517758059523809 0.4242598984520124 0.44124335833333334 0.398606479876161 0.43926852857142856 0.38873976532507737 0.43466057380952383 0.398606479876161 0.449800975 0.4301799374613003 0.45835859047619043 0.4591223108359133 0.46494137619047615 0.4854335504643963 0.4636248142857143 0.4999047126934984 0.469549330952381 0.5387138012383901 0.46625793809523813 0.5610784148606811 0.4636248142857143 0.5781806600619195 0.4603334214285714 0.5766447219814241 0.44424342142857143 0.5459494321981424 0.45638376071428577 0.5202959133126935 0.46230827738095237
