1 0.3592640625386997 0.582121875 0.35714218761609906 0.577034375 0.350425 0.5748546869047618 0.3468875003095975 0.5763078119047619 0.3429984377708979 0.5763078119047619 0.34017031269349846 0.5748546869047618 0.3369874996904025 0.5763078119047619 0.3352187498452012 0.579215625 0.33345156222910216 0.5893890630952381 0.3316828123839009 0.6111921880952381 0.33981562476780186 0.626453125 0.3444125003095975 0.6315406250000001 0.3525453126934985 0.6388078119047619 0.36456874984520127 0.641715625 0.36916562476780185 0.6402609369047619 0.37340937523219814 0.63808125 0.3769453126934984 0.635901561904762 0.37942031269349846 0.62790625 0.38083437523219815 0.619185938095238 0.38260312507739935 0.610465625 0.3840171876160991 0.603925 0.38224843777089784 0.594476561904762 0.37906718761609903 0.59084375 0.3748234377708978 0.5893890630952381 0.37093281238390097 0.590115625 0.3656296873065015 0.590115625 0.3606796873065016 0.5850296869047619 0.3592640625386997 0.582121875
11 0.6958270303405573 0.3293934226190476 0.6832598111455108 0.39619811666666666 0.6938427325077399 0.4133953440476191 0.6931813003095976 0.4226554011904762 0.6997956260061919 0.4246396988095238 0.7196386049535604 0.42067110357142856 0.724930065634675 0.403473875 0.7308829591331268 0.3869380595238095 0.7282372284829721 0.31947193333333335 0.7222843349845202 0.29764465714285715 0.7083942501547988 0.2916917630952381 0.7024413566563467 0.3168262023809524 0.6958270303405573 0.3293934226190476
11 0.7222843349845202 0.5780920857142857 0.7163314414860681 0.5919821702380952 0.7176543071207431 0.6052108226190476 0.7222843349845202 0.6118251285714285 0.7255914984520123 0.6237309154761905 0.7322058241486068 0.6323295404761905 0.7394815832817337 0.6442353273809525 0.7580016965944272 0.6581254119047618 0.7745375120743033 0.661432575 0.7818132705882352 0.625053780952381 0.7771832421052631 0.5952893333333333 0.7732146464396285 0.5813992488095238 0.7646160229102167 0.5661862988095239 0.7599859944272446 0.5589105392857143 0.7533716681114551 0.5483276178571428 0.7374972854489164 0.5251774761904762 0.7335286897832818 0.5357603988095238 0.7315443919504644 0.5384061285714286 0.7295600941176471 0.54898905 0.7222843349845202 0.5741234904761905 0.7222843349845202 0.5780920857142857
2 0.6316681071207431 0.5317918023809524 0.6362981356037153 0.5417132916666667 0.6396052984520124 0.5509733488095238 0.6515110854489164 0.5509733488095238 0.6706926315789473 0.5410518595238095 0.6706926315789473 0.5284846392857143 0.6673854687306502 0.5179017178571429 0.6561411139318886 0.5086416607142857 0.6482039226006192 0.506657363095238 0.6422510291021671 0.5079802285714285 0.6263766464396285 0.51856315 0.6316681071207431 0.5317918023809524
2 0.6773069176470589 0.49276727857142855 0.6799526476780187 0.5053344976190476 0.6753226198142415 0.5152559869047619 0.6753226198142415 0.5205474476190476 0.6951655981424149 0.5179017178571429 0.705748520123839 0.500704469047619 0.7083942501547988 0.4901215476190476 0.7070713851393189 0.4828457892857143 0.6984727609907121 0.47623147261904764 0.69251986749226 0.4775543380952381 0.6859055411764706 0.48086150119047616 0.6773069981424148 0.48946013571428576 0.6773069176470589 0.49276727857142855
2 0.5853678241486069 0.6191009083333333 0.6144708594427245 0.6230695035714285 0.6157937244582044 0.6224080714285714 0.6157937244582044 0.6144708797619047 0.6151322916408669 0.605872255952381 0.6144708594427245 0.5979350642857143 0.6098408309597523 0.5926436035714285 0.6038879374613003 0.5899978726190476 0.6005807746130031 0.5939664678571428 0.5939664482972136 0.5939664678571428 0.5919821504643963 0.5959507666666667 0.5840449993808049 0.6012422476190477 0.5853678241486069 0.6191009083333333
2 0.6204237529411765 0.6085179857142857 0.6204237529411765 0.6105022833333333 0.6329909727554179 0.6025650928571429 0.637621000619195 0.5992579297619047 0.6501882204334365 0.5860292773809523 0.6482039226006192 0.5747849226190477 0.6442353269349845 0.5761077880952381 0.6402667312693499 0.5794149511904761 0.6263766464396285 0.5780920857142857 0.619762320123839 0.5807378166666667 0.6131479938080495 0.5873521416666666 0.6204237529411765 0.6085179857142857
2 0.6521725182662539 0.5708163273809524 0.6561411139318886 0.5813992488095238 0.6634168730650154 0.5966121988095238 0.6660626030959752 0.6078565535714286 0.6753226198142415 0.5992579297619047 0.6792912154798763 0.588013575 0.6799526476780187 0.5754463547619048 0.6872284068111455 0.5728006250000001 0.6931813003095976 0.5582491071428571 0.6865669739938081 0.5397290035714286 0.6759840520123839 0.5509733488095238 0.6660626030959752 0.5569262416666666 0.6541568160990712 0.5688320285714286 0.6521725182662539 0.5708163273809524
11 0.23216280743034054 0.6739998142857143 0.2394385665634675 0.6786298226190476 0.24803719009287925 0.6687083535714285 0.2645729653250774 0.6568025666666667 0.275817320123839 0.6409281845238095 0.27647875232198144 0.6191009083333333 0.27780161795665637 0.605872255952381 0.27515588730650153 0.5946279011904761 0.2738330222910217 0.585367844047619 0.269864426625387 0.5721391916666667 0.26391153250773997 0.5622177023809524 0.2539900842105263 0.5456818976190476 0.24936005572755418 0.5370832738095238 0.24803719009287925 0.537744705952381 0.2427457294117647 0.5483276178571428 0.2341471052631579 0.5635405678571429 0.22620991393188852 0.5780920857142857 0.21298126191950464 0.5992579297619047 0.21165839628482971 0.6263766666666666 0.2182727226006192 0.6614325952380953 0.23216280743034054 0.6739998142857143
2 0.29764459628482975 0.5622177023809524 0.30359748978328177 0.5681705964285715 0.3141804117647059 0.5840449797619047 0.3181490074303406 0.5913207380952381 0.3300547944272446 0.603226525 0.33666912074303407 0.5866907095238095 0.3393148507739938 0.5728006250000001 0.3280704965944272 0.5622177023809524 0.32079473746130027 0.5569262416666666 0.3128575461300309 0.5516347809523809 0.30624322043343655 0.5476661952380952 0.29698316346749226 0.54898905 0.29764459628482975 0.5622177023809524
2 0.2830930786377709 0.48813724999999997 0.28110878080495355 0.49210584523809525 0.2797859157894737 0.5033502 0.2857388092879257 0.5172402845238095 0.30095175913312694 0.5245160440476191 0.3161647095975232 0.5238546107142857 0.3174875746130031 0.5106259583333334 0.3135189789473684 0.5033502 0.3075660854489164 0.4980587392857143 0.3016131919504644 0.4894601154761905 0.28970740495356034 0.4828457892857143 0.2830930786377709 0.48813724999999997
2 0.33799198575851397 0.5132716892857143 0.3234404681114551 0.5258389095238095 0.32608619876160994 0.5364218309523809 0.33402339009287924 0.5423747238095238 0.349897772755418 0.5522961928571429 0.36511072321981425 0.5450204345238095 0.36643358823529415 0.5324532357142857 0.36775645325077405 0.51856315 0.3551892334365325 0.5033502 0.349897772755418 0.5020273345238095 0.3393148507739938 0.5119488238095238 0.33799198575851397 0.5132716892857143
2 0.3657181826625387 0.5251774761904762 0.3610881541795666 0.5536190785714286 0.35910385634674924 0.5569262416666666 0.3703482111455108 0.5602334047619048 0.37828540247678016 0.5595719726190477 0.38952975665634676 0.5509733488095238 0.38754545882352937 0.5377446964285714 0.37431680681114554 0.5304689369047619 0.3657181826625387 0.5251774761904762
