2 0.28174361547987614 0.4468387892857143 0.28174361547987614 0.44872021547619045 0.2808029021671827 0.45248306904761904 0.2812732588235294 0.46047913095238097 0.2812732588235294 0.4656530535714286 0.28174361547987614 0.47129733333333335 0.2803325455108359 0.48164517976190474 0.28174361547987614 0.4887005285714286 0.29585431393188855 0.4948151642857143 0.30573180309597525 0.4995187309523809 0.3132575089783282 0.4985780178571429 0.3170203622291022 0.4830562488095238 0.3151389356037152 0.4750601869047619 0.309965013003096 0.46847519404761906 0.2977357405572756 0.4553052083333333 0.2939728879256966 0.4510719988095238 0.28879896470588234 0.4468387892857143 0.28174361547987614 0.4468387892857143
2 0.32219428482972134 0.4910523119047619 0.3207832148606811 0.49246338095238096 0.3193721448916409 0.4952855214285714 0.31984250154798766 0.4999890869047619 0.3212535715170279 0.5089258630952381 0.32172392817337464 0.5145701428571429 0.3236053547987616 0.5183329952380953 0.33066070402476777 0.5225662047619047 0.3372456965944272 0.5230365619047619 0.343360333126935 0.5178626392857143 0.34477140247678023 0.5089258630952381 0.34100854984520124 0.5028112273809524 0.3372456965944272 0.49763730476190476 0.33066070402476777 0.49011159880952376 0.3245460681114551 0.48540803214285716 0.32219428482972134 0.4910523119047619
2 0.3833406458204334 0.5235069178571429 0.38569242848297214 0.5277401285714286 0.3875738551083591 0.5310326238095239 0.3899256383900929 0.5338547642857142 0.3927477777089783 0.5380879738095238 0.39556991764705884 0.5409101130952381 0.4021549102167183 0.5371472607142856 0.40497705015479873 0.5329140511904762 0.4035659801857585 0.5272697714285715 0.4016845535603715 0.5211551357142857 0.3993327708978328 0.516451569047619 0.39651063095975236 0.5136294297619047 0.39086635170278633 0.5070444369047619 0.3880442117647059 0.5093962202380953 0.3809888625386997 0.5192737083333333 0.3819295758513932 0.5225662047619047 0.3833406458204334 0.5235069178571429
2 0.4242616718266254 0.5997046904761905 0.42190988854489164 0.5931196988095239 0.4209691752321982 0.5926493416666667 0.4186173919504644 0.5888864880952381 0.41344346934984516 0.5870050619047619 0.4068584767801858 0.5893568452380953 0.40497705015479873 0.5912382714285714 0.406388120123839 0.596412194047619 0.4096806160990712 0.6011157607142857 0.41720632198142416 0.6072303964285715 0.4280245244582043 0.6086414666666666 0.4242616718266254 0.5997046904761905
2 0.3631153108359133 0.5700722238095238 0.35841174489164085 0.5639575880952381 0.3541785349845201 0.5611354476190475 0.3457121157894737 0.5592540214285714 0.341478906501548 0.5583133083333334 0.3372456965944272 0.5597243785714285 0.33677533993808045 0.563016875 0.337716053250774 0.5691315107142857 0.34100854984520124 0.5743054333333333 0.34806389907120744 0.5804200690476191 0.35653031826625387 0.5804200690476191 0.3631153108359133 0.5700722238095238
2 0.31607964891640866 0.5427915392857142 0.3151389356037152 0.5423211833333333 0.3137278656346749 0.5352658333333333 0.3094946563467492 0.5310326238095239 0.304320733126935 0.5263290583333333 0.3000875238390093 0.523977275 0.29585431393188855 0.5216254916666667 0.2902100346749226 0.5216254916666667 0.2831546854489164 0.5235069178571429 0.2760993362229102 0.5286808416666666 0.2751586229102167 0.5319733380952381 0.2779807628482972 0.5352658333333333 0.28409539876160994 0.5404397571428572 0.28832860804953564 0.5423211833333333 0.2939728879256966 0.5451433226190476 0.3010282371517028 0.5493765321428572 0.3071428730650155 0.5521986726190476 0.3151389356037152 0.5517283154761904 0.3165500055727554 0.5423211833333333 0.31607964891640866 0.5427915392857142
11 0.21824547182662538 0.5451433226190476 0.21965654179566563 0.5898272023809524 0.22388975108359133 0.6523846321428572 0.24223365944272446 0.6537957023809524 0.25258150526315787 0.6156968154761905 0.26575149040247675 0.5343251202380952 0.26339970712074307 0.523977275 0.25540364458204334 0.5131590726190477 0.23753009349845203 0.5075147928571428 0.2285933176470588 0.5075147928571428 0.22247868111455107 0.5136294297619047 0.2210676117647059 0.5220958488095239 0.21777511517027864 0.5347954773809523 0.21824547182662538 0.5451433226190476
2 0.709277439009288 0.5116172047619048 0.7123727894736842 0.510732819047619 0.720774454489164 0.5018889607142857 0.7234276123839009 0.4974670321428571 0.7247541907120744 0.4833168583333333 0.7216588402476781 0.4766839642857143 0.7181212972136223 0.4753573857142857 0.7128149820433437 0.47403080714285717 0.7066242811145511 0.474473 0.7070664743034056 0.47712615714285717 0.7035289306501549 0.481105894047619 0.7004335808049535 0.4837590511904762 0.6982226160990712 0.4864122083333333 0.6982226160990712 0.4908341380952381 0.6986648086687306 0.4974670321428571 0.7048555095975233 0.5054265035714286 0.709277439009288 0.5116172047619048
2 0.6513501665634674 0.5381487797619048 0.6540033244582043 0.5434550952380952 0.660194025386997 0.5447816738095238 0.665942533126935 0.5421285166666666 0.6730176198142415 0.5394753583333334 0.680092706501548 0.5354956226190476 0.6818614780185759 0.520903255952381 0.679208320743034 0.5169235202380952 0.6734598123839008 0.5129437833333333 0.6672691114551084 0.5111750119047619 0.6606362179566564 0.5155969416666667 0.6544455170278637 0.5195766773809524 0.6513501665634674 0.5253251857142857 0.6513501665634674 0.5359378154761905 0.6513501665634674 0.5381487797619048
2 0.6632893752321981 0.5602584261904762 0.6597518321981425 0.5615850047619048 0.6464860445820433 0.5686600916666666 0.6394109578947369 0.573524213095238 0.6358734148606812 0.5792727214285714 0.6349890291021673 0.5894431583333333 0.6389687653250774 0.5956338595238095 0.6460438520123839 0.5978448238095239 0.6570986749226005 0.5947494738095238 0.6650581473684211 0.5912119297619047 0.6734598123839008 0.5792727214285714 0.6721332340557276 0.5637959690476191 0.6632893752321981 0.5602584261904762
2 0.7057398953560372 0.5452238666666667 0.7039711238390094 0.5456660595238095 0.6946850724458205 0.5461082523809524 0.6836302495356037 0.5483192166666667 0.6814192848297214 0.5536255321428571 0.6831880569659443 0.5691022845238095 0.6929163009287925 0.5757351773809524 0.7004335808049535 0.5761773714285714 0.715025946749226 0.5699866702380952 0.7203322619195046 0.5651225476190477 0.7212166476780185 0.5536255321428571 0.7128149820433437 0.5416863238095238 0.7057398953560372 0.5452238666666667
