2 0.4745025253143922 0.6076678005570381 0.45144605979533026 0.6084911624293067 0.44919089423774494 0.545343130379033 0.4722471040564642 0.5445197730777855
11 0.27928765043111525 0.32223354367293494 0.32311419658594787 0.3210161982339092 0.3273828254216369 0.4746873736770077 0.2835562798727551 0.47590470767046994
2 0.3399914768715462 0.5253908736885061 0.3244409645694759 0.5419119893999497 0.2978542131777431 0.5168892177943081 0.31340468437497293 0.5003681499999949
2 0.38177204101100415 0.5656887207690622 0.35847684059172025 0.5638102442269071 0.3630831349886421 0.5066937303847645 0.38637811838532343 0.5085721981318451
2 0.38589058703882984 0.5429881259087888 0.40883409887067046 0.5415542945588392 0.411387043550576 0.5824014884910513 0.3884435321793944 0.583835314818503
2 0.3552199513993628 0.580523339405767 0.3520431289325643 0.6053005130548936 0.3188356376971342 0.6010431751068637 0.3220125234374791 0.5762660765625506
2 0.3740367326180376 0.6293529994903535 0.36717130381930474 0.5988433021039123 0.39217502438430074 0.5932174946046308 0.39904050418533643 0.6237271192488322
11 0.7398249984031509 0.5332323813202359 0.7939198963503031 0.5748722810543884 0.7108644607604901 0.6827581327263716 0.6567700319022833 0.6411187617610385
2 0.6181943189561707 0.6526422423874577 0.6112878244247213 0.6121940983834606 0.6452520689146013 0.6063954121281423 0.6521586684308431 0.6468434234391882
2 0.6127122405814589 0.5953835105995025 0.5945097518706461 0.592653414928318 0.6005473571126458 0.5524033020268795 0.6187497180535502 0.5551333879308654
2 0.6141945828125017 0.5476568468750092 0.6486185009229075 0.5418455914969345 0.6546673644920702 0.5776736313907637 0.6202434508556962 0.5834848686458084
2 0.6857921755006373 0.5355915581325558 0.6835299257979841 0.5638683140407319 0.6541620940971598 0.561518906049686 0.6564244070823406 0.5332422190484986
11 0.7145797888985044 0.482633891376686 0.6574593766101771 0.4767757207605613 0.6738837104712729 0.3166435720239595 0.7310030457164203 0.32250168809044477