2 0.27935000000000004 0.51816875 0.27687343777089785 0.519621875 0.27369218761609904 0.52325625 0.2712171876160991 0.527615625 0.2683874996904025 0.5370640619047619 0.2659125003095975 0.547965625 0.26555937523219814 0.55450625 0.26874062476780186 0.56540625 0.2751062501547988 0.57049375 0.2857140625386997 0.5763078119047619 0.2959687498452012 0.5784890630952381 0.3012734377708978 0.58066875 0.31082031269349847 0.583575 0.31223437523219816 0.57558125 0.31435625015479873 0.566134375 0.31647812507739936 0.5566859380952381 0.31365000000000004 0.541425 0.3101125003095975 0.531976561904762 0.30587031269349846 0.529070311904762 0.29985781238390097 0.5254359380952381 0.29702968730650153 0.5254359380952381 0.29384687492260064 0.5254359380952381 0.2899578123839009 0.5239828119047619 0.28606718761609906 0.519621875 0.28359218761609906 0.5174421880952381 0.27935000000000004 0.51816875
2 0.36103281238390095 0.59375 0.360325 0.5995640619047619 0.3617390625386997 0.6111921880952381 0.3656296873065015 0.6177328119047619 0.37057968730650154 0.623546875 0.37835937523219815 0.62790625 0.3836640625386997 0.630814061904762 0.3868453126934984 0.6315406250000001 0.3907359374613003 0.630814061904762 0.39533281238390094 0.62209375 0.39674687492260063 0.614825 0.3985156247678019 0.600290625 0.3956859374613003 0.5886625 0.39285781238390094 0.5843015619047619 0.3886140625386997 0.5784890630952381 0.38507812507739936 0.5748546869047618 0.38118750030959747 0.5734015619047619 0.37588437523219814 0.5763078119047619 0.3684578123839009 0.5799421880952381 0.3659828123839009 0.5799421880952381 0.36103281238390095 0.59375
2 0.40982968730650154 0.53924375 0.40982968730650154 0.530523438095238 0.4091234377708978 0.524709375 0.40346562476780184 0.5239828119047619 0.39215000000000005 0.5225296869047619 0.3872 0.52325625 0.37942031269349846 0.5225296869047619 0.3751765622291022 0.527615625 0.3748234377708978 0.5356109369047619 0.3748234377708978 0.545784375 0.37552968730650155 0.5515984380952381 0.37588437523219814 0.5581390630952381 0.3772984377708979 0.56540625 0.37906718761609903 0.5734015619047619 0.38189531269349847 0.5784890630952381 0.38613906253869973 0.5813953130952382 0.3949781250773994 0.5777609369047619 0.39816093746130027 0.5748546869047618 0.4009906247678019 0.57049375 0.4038187498452012 0.561773438095238 0.40487968730650153 0.5566859380952381 0.40770937523219813 0.5530515619047619 0.40982968730650154 0.54433125 0.40982968730650154 0.53924375
2 0.5940593752321981 0.6090109369047619 0.5990093752321981 0.6206390619047619 0.6018390625386997 0.622820311904762 0.6106796873065016 0.619185938095238 0.6145687498452013 0.6162796869047619 0.6223484377708978 0.613371875 0.6258843752321982 0.6111921880952381 0.6283593752321981 0.6061046869047618 0.629067187616099 0.5952031249999999 0.6280062501547987 0.58575625 0.6258843752321982 0.577034375 0.6227015622291021 0.57049375 0.6170437498452013 0.563226561904762 0.610325 0.5625 0.6050218749226006 0.5639531249999999 0.6007781250773994 0.5683140619047619 0.5968874996904024 0.577034375 0.5944124996904024 0.5828484380952381 0.5912312501547988 0.590115625 0.5915843752321982 0.5988375 0.5940593752321981 0.6090109369047619
2 0.6905937498452013 0.527615625 0.68635 0.5297968750000001 0.6831687498452012 0.5327031249999999 0.6803390625386997 0.5370640619047619 0.6746812501547987 0.5436046869047618 0.6736203126934985 0.547965625 0.6736203126934985 0.5566859380952381 0.6736203126934985 0.563226561904762 0.6753890625386997 0.574128125 0.6810468749226006 0.5843015619047619 0.6838750000000001 0.5922968750000001 0.6913015622291022 0.591570311904762 0.6987265622291021 0.5879359380952381 0.7047390625386997 0.5864828119047619 0.7125171876160991 0.5813953130952382 0.72065 0.5784890630952381 0.7234796873065016 0.572675 0.7241859374613003 0.5530515619047619 0.7234796873065016 0.547965625 0.7210046873065015 0.5363375 0.7195890625386997 0.531976561904762 0.7160531250773995 0.5268890630952381 0.713225 0.5239828119047619 0.7093359374613002 0.5203484380952381 0.7057984377708979 0.521075 0.7019093752321981 0.5239828119047619 0.6980203126934985 0.5261625 0.6937765622291021 0.5268890630952381 0.6905937498452013 0.527615625
11 0.2539062501547988 0.5013020833333334 0.18229166687306503 0.56640625 0.21484374984520122 0.640625 0.2851562501547988 0.58203125 0.2539062501547988 0.5013020833333334
11 0.2929687498452012 0.27734375 0.2630208334365325 0.26171875 0.24479166687306503 0.3893229166666667 0.2890624996904025 0.4088541666666667 0.2929687498452012 0.27734375
11 0.6848958334365325 0.2916666666666667 0.6731770835913313 0.3307291666666667 0.7356770835913313 0.44140625 0.7643229164086687 0.37109375 0.6848958334365325 0.2916666666666667
27 0.557291666873065 0.59765625 0.43359374984520127 0.6119791666666666 0.4361979164086688 0.62890625 0.5638020835913312 0.6158854166666666 0.557291666873065 0.59765625
27 0.5664062501547987 0.5338541666666666 0.41015625015479873 0.5442708333333334 0.42838541671826624 0.5716145833333334 0.5625 0.5611979166666666 0.5664062501547987 0.5338541666666666
13 0.3151041665634675 0.4752604166666667 0.4231770835913312 0.5143229166666666 0.4973958334365325 0.5208333333333334 0.5742187498452013 0.5143229166666666 0.6484374996904025 0.4947916666666667 0.7161458334365325 0.4544270833333333 0.7122395832817336 0.4361979166666667 0.661458333126935 0.4830729166666667 0.5403645832817338 0.5130208333333334 0.43098958328173376 0.5091145833333334 0.3580729164086688 0.4895833333333333 0.27604166687306503 0.4453125 0.3151041665634675 0.4752604166666667
13 0.4674479164086688 0.6783854166666666 0.5117187498452013 0.6692708333333334 0.5598958334365325 0.66796875 0.7304687498452012 0.578125 0.7265624996904025 0.5677083333333334 0.5716145832817338 0.6484375 0.546875 0.65625 0.46875 0.6640625 0.3723958334365325 0.6380208333333334 0.27994791640866873 0.5794270833333334 0.36588541671826624 0.6458333333333334 0.4674479164086688 0.6783854166666666
