1 0.3759718749226006 0.42756718690476186 0.3780921876160991 0.3909984380952381 0.3787984377708978 0.3727140630952381 0.37667812507739934 0.3502109380952381 0.3505296873065016 0.336146875 0.33922187492260064 0.35583750000000003 0.3328625003095975 0.3853734369047619 0.3328625003095975 0.42897343809523814 0.34205 0.4458515630952381 0.3512375003095975 0.4472578130952381 0.3653703126934984 0.4345984369047619 0.3759718749226006 0.42756718690476186
0 0.22897499999999998 0.27848125 0.22897499999999998 0.2700421880952381 0.21413437523219817 0.26582343809523806 0.2028265622291022 0.2700421880952381 0.19575937523219814 0.27848125 0.19717343777089782 0.3080171880952381 0.2049468749226006 0.32208125 0.21766718761609907 0.3263015630952381 0.22544218761609908 0.31364218690476187 0.22897499999999998 0.29676562500000003 0.22897499999999998 0.27848125
0 0.24310937523219814 0.32911406309523805 0.24876250030959754 0.31364218690476187 0.23957656222910217 0.303796875 0.23250937523219814 0.31364218690476187 0.23109531269349845 0.3319265619047619 0.24310937523219814 0.32911406309523805
0 0.22120156222910217 0.4500703130952381 0.22544218761609908 0.43881875000000004 0.22897499999999998 0.4135015630952381 0.2275624996904025 0.39943749999999995 0.21625468730650155 0.3881859380952381 0.20706718761609905 0.3881859380952381 0.19222656222910217 0.40365625000000005 0.18445156222910217 0.4135015630952381 0.18445156222910217 0.4500703130952381 0.19787968730650154 0.457103125 0.20989374984520123 0.457103125 0.22120156222910217 0.4500703130952381
0 0.7371031250773993 0.49507812500000004 0.7434624996904025 0.5133609369047619 0.7498234377708979 0.5302390630952382 0.7738515622291022 0.504921875 0.7703187498452012 0.48804531190476186 0.7646640625386998 0.4711671880952381 0.7547703126934984 0.46413437500000004 0.745582812383901 0.4655421869047619 0.7371031250773993 0.48241874999999995 0.7371031250773993 0.49507812500000004
9 0.3606479374613003 0.34053481428571425 0.3644934408668731 0.2832898928571429 0.3644934408668731 0.2544269107142857 0.3606479374613003 0.20487879523809524 0.3601672588235294 0.27944149880952385 0.35468748916408666 0.34086538452380954 0.3606479374613003 0.34053481428571425
2 0.26258796408668733 0.4527722654761905 0.26595278885448914 0.449885975 0.27412443777089784 0.440264980952381 0.27364375913312694 0.43545448333333336 0.26979825572755417 0.43208713214285716 0.26595278885448914 0.432568175 0.25441631517027863 0.4340113380952381 0.24480259256965942 0.43112502857142854 0.2351888705882353 0.42920084166666667 0.22749790030959752 0.43208713214285716 0.22557514860681113 0.4417081261904762 0.22269103900928794 0.45662065952380954 0.23326611888544893 0.47057114523809523 0.24095708916408667 0.465279569047619 0.24191848359133128 0.45132912023809524 0.2585336427244582 0.4532451928571428 0.26258796408668733 0.4527722654761905
2 0.3029656043343653 0.4768247511904762 0.3173861876160991 0.48788889047619044 0.3207510123839009 0.49173730238095237 0.32892266191950464 0.49895304761904763 0.3390170625386997 0.49991513214285715 0.34238188730650154 0.4984719869047619 0.3438239238390093 0.4864457452380952 0.3279613040247678 0.4825973869047619 0.3207510123839009 0.4700900654761905 0.3145020786377709 0.46191221785714287 0.3116179690402477 0.45854486547619044 0.3072115275541796 0.45805288452380954 0.3063304291021672 0.46624165357142855 0.3029656043343653 0.4768247511904762
13 0.6692284873065015 0.3480119821428571 0.6448279089783282 0.3533722595238095 0.6293544482972137 0.3587325369047619 0.5734116866873066 0.3480119821428571 0.5567479746130031 0.33788705 0.5406792520123839 0.33371794761904766 0.5150885114551084 0.3408649761904762 0.486521959752322 0.3384826261904762 0.4668825256965944 0.33669587500000003 0.44367224458204335 0.33729145119047615 0.42046196346749226 0.336100275 0.4008225294117647 0.3325267726190476 0.37642195108359133 0.32895328095238097 0.36273386873065017 0.32597535476190476 0.3419041374613003 0.31704157380952386 0.3311916860681115 0.3087033583333333 0.3216695318885449 0.30096074285714286 0.302030053250774 0.2884534595238095 0.2984592507739938 0.2783285035714286 0.2901273492260062 0.26939472380952384 0.27227329411764706 0.27237265 0.25322898637770896 0.2658212095238095 0.2466825083591331 0.26463004523809525 0.2341846786377709 0.2813064535714286 0.2591803380804954 0.2908357988095238 0.2806051956656347 0.30512986666666664 0.2972689987616099 0.3164459630952381 0.3192889826625387 0.32657091904761903 0.33833333560371515 0.33550469880952377 0.3704705987616099 0.3426517273809524 0.3865392761609907 0.34562965476190477 0.4186765851393189 0.3557546095238095 0.4424819925696595 0.3646883904761905 0.46509710216718264 0.36409279166666664 0.49663928482972136 0.36171046309523813 0.5359182433436532 0.3605192880952381 0.5591284786377709 0.36885746904761907 0.5942414185758513 0.37123982023809526 0.6222128445820433 0.37064424404761903 0.6573257839009288 0.3771956738095238 0.674584668111455 0.37362217023809524 0.702556094117647 0.3587325369047619 0.7311225102167183 0.3343135238095238 0.7241071294117647 0.3163690476190476 0.695414399380805 0.33669587500000003 0.6692284873065015 0.3480119821428571
13 0.6710139114551084 0.5697590071428571 0.6299495294117646 0.5876265678571428 0.6287592767801857 0.6090676535714286 0.6686333157894737 0.5864354154761905 0.7096976978328173 0.5655899285714286 0.7305274297213623 0.5518914476190476 0.7227906538699691 0.5352150619047619 0.7013657510835913 0.548317944047619 0.6710139114551084 0.5697590071428571
13 0.2829857455108359 0.5358106619047619 0.2972689987616099 0.5507002952380953 0.32345495603715174 0.5632075785714286 0.3401187139318886 0.5739281095238095 0.3597581931888545 0.5804795619047619 0.38177817647058826 0.5852442404761905 0.38177817647058826 0.5685678547619047 0.3567825170278638 0.5560605488095238 0.3335722359133127 0.5435532666666667 0.302030053250774 0.5250901071428572 0.2836309386996904 0.4986607142857143 0.26929761795665635 0.524494530952381 0.2829857455108359 0.5358106619047619
9 0.7767145814241486 0.6264751595238096 0.7693295640866873 0.5787200130952381 0.7636487281733746 0.5491573404761905 0.759104042105263 0.528122344047619 0.7544033962848297 0.5399147738095238 0.7613763417956656 0.5582535440476191 0.7767145814241486 0.6264751595238096
9 0.749446639009288 0.5969124428571428 0.7528550879256967 0.6133993369047619 0.766489146130031 0.6304547357142858 0.7551274743034055 0.6031661023809524 0.7517189380804953 0.587247713095238 0.7466062210526315 0.5434722071428572 0.743039759752322 0.5335227273809524 0.7466062210526315 0.5775830047619047 0.749446639009288 0.5969124428571428
11 0.2114714600619195 0.3580465404761905 0.18874811640866873 0.35918355 0.15750351950464397 0.38249260714285716 0.14046103343653252 0.397273944047619 0.13250781114551083 0.4126238071428571 0.13193973622291022 0.4251311035714285 0.14500565448916408 0.43024770952380953 0.15750351950464397 0.43138474047619046 0.16148008730650157 0.4347958333333333 0.14898226563467493 0.44446054166666665 0.14273331145510837 0.44844013928571425 0.13478015417956657 0.4552623023809524 0.13250781114551083 0.46037893095238097 0.1308035653250774 0.48084544404761903 0.14670992260061919 0.4842564714285714 0.1734098334365325 0.4842564714285714 0.1927246842105263 0.49790084285714287 0.21772037027863778 0.4961952630952381 0.22510543095975233 0.47743432976190475 0.22283313126934987 0.4558308071428571 0.22283313126934987 0.4342273071428572 0.21828844520123838 0.4097812404761905 0.2143118773993808 0.39272584166666663 0.21605112321981426 0.384375 0.2199927133126935 0.3677112488095238 0.2114714600619195 0.3580465404761905
7 0.6861527157894737 0.7320493452380953 0.6792094718266254 0.726490580952381 0.6708776006191951 0.726490580952381 0.6764322167182663 0.74177725 0.6889299708978328 0.7473360678571428 0.6972619479876162 0.7487257452380952 0.7083710743034056 0.7521999940476191 0.7062880798761609 0.74177725 0.7042051919504644 0.7376081630952381 0.6986505758513932 0.7237111714285714 0.694618039628483 0.7145833345238095 0.6924015925696594 0.7292699892857142 0.6861527157894737 0.7320493452380953
0 0.6521308631578948 0.5465245321428571 0.6542137517027864 0.5534730273809524 0.6569911126934985 0.5604215238095238 0.6618513622291021 0.5666751535714286 0.6632399900928793 0.5597266583333333 0.6639343566563467 0.5513884845238095 0.6639343566563467 0.5430502845238095 0.6572916507739939 0.5322916678571429 0.6521308631578948 0.539576036904762 0.6521308631578948 0.5465245321428571
