2 0.32425781238390095 0.4890984380952381 0.32425781238390095 0.50799375 0.3249640625386997 0.524709375 0.3295609374613003 0.530523438095238 0.3369874996904025 0.5297968750000001 0.34547343777089784 0.5327031249999999 0.3497171876160991 0.53415625 0.3550218749226006 0.533429688095238 0.3617390625386997 0.5297968750000001 0.3663359374613003 0.521075 0.36739687492260065 0.506540625 0.36739687492260065 0.49200625000000003 0.3663359374613003 0.4781984380952381 0.3659828123839009 0.46875 0.33345156222910216 0.45566875 0.326025 0.4738375 0.32425781238390095 0.4890984380952381
2 0.350425 0.545784375 0.34794843777089784 0.545784375 0.3369874996904025 0.54433125 0.33132968730650153 0.545784375 0.3277937498452012 0.5472390630952381 0.3249640625386997 0.5625 0.32425781238390095 0.5799421880952381 0.32425781238390095 0.5893890630952381 0.3249640625386997 0.594476561904762 0.35820312507739943 0.625726561904762 0.3635078123839009 0.6184593749999999 0.36881249969040253 0.610465625 0.3723484377708978 0.597384375 0.37588437523219814 0.582121875 0.3769453126934984 0.574128125 0.37588437523219814 0.564679688095238 0.37093281238390097 0.5581390630952381 0.36456874984520127 0.555959375 0.350425 0.545784375
2 0.29702968730650153 0.5087203130952381 0.2927859374613003 0.506540625 0.2864218749226006 0.5123546869047618 0.28217812507739937 0.5159890630952381 0.2782890625386997 0.52834375 0.27687343777089785 0.545784375 0.27687343777089785 0.55959375 0.2807640625386997 0.5763078119047619 0.31400312507739936 0.597384375 0.3221359374613003 0.582121875 0.32744062476780184 0.572675 0.3277937498452012 0.563226561904762 0.3263796873065016 0.5486921880952381 0.32425781238390095 0.5363375 0.32036718761609906 0.5239828119047619 0.3171859374613003 0.5203484380952381 0.3076375003095975 0.5218015619047619 0.29702968730650153 0.5087203130952381
2 0.6251765622291022 0.54433125 0.6372 0.54433125 0.6425031250773994 0.5399703130952381 0.6506359374613003 0.53415625 0.6573546873065015 0.53125 0.6598296873065016 0.53125 0.6608906247678019 0.5152609369047619 0.6605375003095975 0.49927343809523805 0.6584156247678018 0.4840109369047619 0.6538187498452013 0.46511562500000003 0.620932812383901 0.47165625000000005 0.6188125003095976 0.4905515619047619 0.6188125003095976 0.5109015619047619 0.6195187498452013 0.530523438095238 0.6251765622291022 0.54433125
2 0.6661953126934985 0.5893890630952381 0.6729140625386997 0.5988375 0.6785718749226006 0.6010171880952381 0.7135781250773994 0.5712203130952381 0.7125171876160991 0.5472390630952381 0.71075 0.5363375 0.7079203126934984 0.52325625 0.7036781250773995 0.5123546869047618 0.6969593752321981 0.5123546869047618 0.6884718749226006 0.5152609369047619 0.675742187616099 0.530523438095238 0.6665484377708978 0.542878125 0.6619515622291021 0.558865625 0.6619515622291021 0.5777609369047619 0.6661953126934985 0.5893890630952381
2 0.6195187498452013 0.566134375 0.6170437498452013 0.57558125 0.6170437498452013 0.59084375 0.6184578123839009 0.6075578119047619 0.6272984377708979 0.62790625 0.6693781250773994 0.603925 0.6693781250773994 0.58066875 0.6654875003095975 0.561773438095238 0.6615984377708979 0.5530515619047619 0.6577093752321981 0.54941875 0.6481609374613003 0.5552328119047619 0.6403812501547987 0.5610468750000001 0.6333093752321981 0.56540625 0.6269453126934984 0.56540625 0.6195187498452013 0.566134375
13 0.4275568179566564 0.666193182142857 0.46164772755417954 0.6889204547619048 0.49715909102167183 0.6988636369047618 0.5610795455108359 0.6860795452380952 0.7230113634674923 0.5582386369047619 0.7173295455108359 0.5553977273809524 0.625 0.6335227273809524 0.5411931820433437 0.671875 0.4730113634674923 0.681818182142857 0.28125 0.5767045452380952 0.375 0.634943182142857 0.4275568179566564 0.666193182142857
13 0.4360795455108359 0.5198863630952381 0.5454545455108359 0.5269886369047619 0.5752840910216718 0.5142045452380952 0.7215909089783282 0.4133522726190476 0.7201704544891641 0.3991477273809524 0.5610795455108359 0.5113636369047619 0.47159090897832817 0.5184659095238096 0.43039772755417954 0.5028409095238096 0.3423295455108359 0.4616477273809524 0.26136363653250777 0.41193181785714283 0.4360795455108359 0.5198863630952381
11 0.21732954551083591 0.5994318178571428 0.28125 0.5724431821428572 0.25426136346749223 0.484375 0.25 0.48721590952380955 0.203125 0.546875 0.21732954551083591 0.5994318178571428
11 0.7457386365325077 0.6363636369047618 0.7727272724458205 0.6122159095238094 0.7357954544891641 0.47869318214285717 0.7045454544891641 0.5255681821428572 0.7457386365325077 0.6363636369047618
