1 0.30799799364820046 0.4858723305821913 0.3517054150207741 0.4891723446105379 0.3463833610873053 0.5596551334956271 0.30267594179872503 0.5563551382022538
1 0.4370578970593897 0.5901156249999999 0.405587421771088 0.5901156249999999 0.405587620518304 0.5218015624999999 0.4370577279372583 0.5218015624999999
1 0.4089298267574577 0.6126746688363882 0.4391207184398809 0.6140110099508207 0.43634275158149194 0.6767636566988195 0.4061518604310095 0.6754273238129624
1 0.3635076274878202 0.6606109810176479 0.36350790785047593 0.5973842577664611 0.41690311372690303 0.5973844991932303 0.4169031565104433 0.6606109006474609
1 0.6474037633838634 0.521733174461686 0.6530307716634525 0.5759277669226668 0.6111578392141155 0.5802748625570718 0.6055310401927727 0.5260804639592297
1 0.6134433707209155 0.5939674952144534 0.5848353350758089 0.5952618847684392 0.5819911726564442 0.5324040286351664 0.6105988979912809 0.5311096461413178
2 0.5927295945666629 0.6696334763297584 0.5815386955409849 0.607322260466533 0.6255861085519427 0.5994124613838264 0.6367772156438605 0.6617234091502359
11 0.6504275640406831 0.31800611433223935 0.6933356747880453 0.3115949047863541 0.7195421954226049 0.486978535994649 0.6766341001331284 0.4933896747460619
2 0.5830271761860786 0.5560150247192494 0.5894173022298901 0.591157069492494 0.5676383488427064 0.5951168306077271 0.5612483000455768 0.5599748540005358
2 0.3815595758519521 0.5439973586315838 0.39156855371652455 0.5732512754245146 0.35941933984190655 0.5842496970779031 0.3494104625000318 0.5549958656250422
6 0.6768515928137049 0.7020054495682149 0.6217065378574489 0.6980315192797083 0.6291714770167118 0.5944653370516769 0.6843154231920607 0.5984392276433143
11 0.3212070174942028 0.4622306480862494 0.28884775950950825 0.46496510225304283 0.2767079698321595 0.3213079157625033 0.3090666723053346 0.31857348523859963
9 0.4246323771067182 0.5110294117733296 0.41924411182367294 0.5111926816328901 0.41619711676446514 0.41064036934445924 0.42158530503309066 0.4104771006623068
9 0.37499996109545464 0.6544117536261851 0.3799771532254681 0.6557469069840364 0.35559395672055416 0.7466295622801574 0.3506167697573801 0.7452944222913074
9 0.5980113565378815 0.4190340904881989 0.6021680408349539 0.4191096614680289 0.6001800673724347 0.5284485186237443 0.59602338309071 0.5283729482391994
9 0.6164772734375674 0.42329545468749613 0.6215776321305384 0.4229082803824082 0.6280676465280521 0.508397687020531 0.6229672881046326 0.5087848589654379
9 0.6464939383270121 0.44260494861417987 0.6518499979910075 0.44376922792568907 0.6368250019428388 0.5128843800741273 0.6314689441807104 0.5117201067643565
9 0.6187925422744911 0.7564055319908976 0.6129100858859147 0.7571407280862208 0.6023331495565571 0.6725253595377989 0.6082154989146602 0.6717901701729515
9 0.6484292979162092 0.7422023371747188 0.6417387827583525 0.7440103196325589 0.6219860569434559 0.6709256149404256 0.6286764703124845 0.6691176468750022
9 0.38959078960806437 0.6557360811553121 0.4025923997794507 0.6582309511917032 0.3843251325257597 0.7534139613817219 0.3713235296875155 0.7509191171874974