2 0.31289760743034056 0.5101778595238096 0.3146168253869969 0.5136162952380953 0.3189148693498452 0.5204931654761905 0.3227831095975232 0.5260806238095238 0.3352474383900929 0.5295190595238095 0.3425541139318885 0.5230719928571429 0.3408348959752322 0.5161951214285714 0.3348176340557275 0.5071692285714285 0.3219235009287926 0.4955645154761905 0.31031878080495356 0.5033009952380952 0.31289760743034056 0.5101778595238096
2 0.3459925492260062 0.5316680809523809 0.3468521585139319 0.5368257345238096 0.3554482470588235 0.5449920190476191 0.3649039448916409 0.5505794773809524 0.3868239715170279 0.5522986952380953 0.39069221114551084 0.5432728011904762 0.3911220160990712 0.537685344047619 0.3894027981424149 0.5299488642857143 0.3872537758513932 0.5230719928571429 0.3833855356037152 0.5196335571428572 0.3782278823529412 0.5166249261904762 0.3666231628482972 0.517054730952381 0.3610357046439629 0.517054730952381 0.3532992247678019 0.5192037523809524 0.3481415715170279 0.5230719928571429 0.3459925492260062 0.5316680809523809
2 0.3928412334365325 0.5596053702380952 0.3945604513931889 0.5613245880952381 0.4027267356037152 0.5669120452380952 0.4237871269349845 0.56734185 0.4298043894736842 0.5544477166666667 0.4224977139318885 0.5441324107142858 0.4147612340557275 0.5329574952380952 0.4078843888544892 0.5235017976190476 0.4044459535603715 0.5243614059523809 0.3979988866873065 0.5325276904761905 0.3941306470588235 0.5398343654761905 0.3885431894736842 0.551009280952381 0.3928412334365325 0.5596053702380952
11 0.2217790656346749 0.6116117071428572 0.22220886996904024 0.6279442761904762 0.22564730588235293 0.6515835071428572 0.23639241671826625 0.6524431166666668 0.2591720520123839 0.6442768321428571 0.27980266563467493 0.6352509392857142 0.29054777647058827 0.62536545 0.30086308297213626 0.6111819035714285 0.29871406068111456 0.6034454238095238 0.29312660309597527 0.593989725 0.2888285585139319 0.5789465702380953 0.2888285585139319 0.5604649785714285 0.2729257944272446 0.5419833940476191 0.2583124433436533 0.5531583035714286 0.2471375275541796 0.5651928273809523 0.23639241671826625 0.5828148095238095 0.22521750154798761 0.6077434678571428 0.2217790656346749 0.6116117071428572
2 0.3197744786377709 0.5755081345238096 0.3240725232198142 0.5772273523809524 0.3421242829721362 0.5858234416666667 0.3459925232198142 0.5871128547619048 0.3468521318885449 0.5664822416666666 0.3365368520123839 0.557026544047619 0.3292301764705882 0.5527284988095238 0.3197744786377709 0.5488602654761905 0.3159062383900929 0.5492900702380953 0.3120379987616099 0.5544477166666667 0.31547643405572756 0.5759379392857142 0.3197744786377709 0.5755081345238096
2 0.3704913764705882 0.5987175738095237 0.3743596160990712 0.6004367916666666 0.3833855095975232 0.6051646404761905 0.3863941405572755 0.6081732726190476 0.3876835541795665 0.6116117071428572 0.3945604253869969 0.6262250583333333 0.4022969052631579 0.6219270142857143 0.4044459275541796 0.6124713166666667 0.4040161226006192 0.6012964011904762 0.3988584693498452 0.5918407035714286 0.3889729671826625 0.58668305 0.3825259009287925 0.5858234416666667 0.3730702030959752 0.5853936369047619 0.3700615721362229 0.58668305 0.3666231362229102 0.5948493345238095 0.3704913764705882 0.5987175738095237
2 0.5730336105263159 0.5382375773809525 0.5730336105263159 0.5426421392857143 0.5708313294117647 0.5510108095238095 0.5717122414860681 0.5637840416666666 0.5888900371517027 0.5725931678571429 0.5906518625386996 0.5615817607142857 0.589330493498452 0.5417612273809523 0.5875686681114551 0.5237025190476191 0.5791999987616099 0.5137922523809524 0.5730336105263159 0.5298689071428572 0.5730336105263159 0.5382375773809525
2 0.5888900371517027 0.5298689071428572 0.589330493498452 0.5373566642857143 0.5897709498452013 0.5422016833333333 0.5937350563467493 0.5536535476190476 0.5963777938080496 0.5598199357142857 0.6047464637770897 0.5510108095238095 0.6034250947368421 0.5377971202380952 0.5985800755417957 0.5329521011904762 0.5954968817337462 0.5307498202380952 0.5941755126934984 0.5316307321428572 0.5888900371517027 0.5298689071428572
2 0.613115133126935 0.5505703535714286 0.6197219777089783 0.5496894404761905 0.6258883659442724 0.5483680714285715 0.6364593170278637 0.5466062464285715 0.6373402291021673 0.5404398583333333 0.6342570352941176 0.5355948392857143 0.6307333851393189 0.5325116452380952 0.621043346749226 0.5245834321428572 0.6188410650154799 0.5228216071428571 0.6100319393188854 0.5175361309523809 0.6056273764705883 0.5210597809523809 0.6056273764705883 0.5263452571428572 0.6069487448916409 0.5351543833333333 0.6065082891640867 0.5501298964285714 0.613115133126935 0.5505703535714286
2 0.6034250947368421 0.6056273892857144 0.6073892012383901 0.6078296714285715 0.6144365021671826 0.6073892154761904 0.6245669969040247 0.6051869333333334 0.6307333851393189 0.6007823702380952 0.6360188606811146 0.5946159821428572 0.63293566625387 0.583604575 0.6302929287925697 0.582723661904762 0.617079239628483 0.584485488095238 0.6065082891640867 0.5884495940476191 0.5976991628482972 0.5972587202380952 0.6034250947368421 0.6056273892857144
2 0.6677316866873065 0.5875686821428571 0.6769812687306502 0.5769977309523809 0.6840285696594427 0.5620222166666666 0.6716957931888545 0.5523321845238095 0.6633271238390093 0.5580581095238095 0.6580416482972137 0.5607008476190476 0.6505538910216718 0.5686290607142858 0.6439470470588236 0.5783191 0.6465897845201238 0.586687769047619 0.6505538910216718 0.58889005 0.6615652984520124 0.5915327880952381 0.6677316866873065 0.5875686821428571
11 0.7580252266253871 0.6179601654761905 0.7681557213622291 0.6034251083333333 0.7721198284829721 0.5915327880952381 0.7681557213622291 0.5822832059523809 0.7567038582043344 0.584925944047619 0.7597870520123838 0.5822832059523809 0.7650725275541795 0.5769977309523809 0.7743221095975232 0.5646649547619047 0.7694770904024767 0.5527726416666667 0.7655129839009288 0.5505703595238095 0.7536206637770898 0.5514512726190476 0.7368833244582044 0.5514512726190476 0.7183841603715171 0.5505703595238095 0.708253665634675 0.5514512726190476 0.696361345510836 0.5607008476190476 0.6923972390092878 0.5752359059523809 0.6959208897832817 0.6003419142857143 0.6969373269349846 0.6040688523809524 0.7020872773993808 0.6117937773809524 0.6990546278637771 0.6083278916666667 0.7003254526315789 0.6104724095238095 0.6972422582043344 0.6311738547619048 0.7069322965944272 0.6483516369047618 0.7236696359133128 0.64130435 0.7417283442724458 0.6294120297619047 0.7580252266253871 0.6179601654761905
