2 0.36672812507739944 0.576234375 0.36982968730650156 0.5825234369047619 0.3723671876160991 0.585953125 0.37462187492260063 0.586525 0.38110625015479876 0.584809375 0.38618125015479876 0.5796640630952381 0.39125468730650154 0.5722328119047619 0.39322812507739935 0.56365625 0.3929468749226006 0.5493640630952381 0.39069062476780186 0.5379296869047618 0.3825156247678019 0.5276390630952381 0.3782875003095975 0.5282109369047618 0.3712390625386997 0.529354686904762 0.36672812507739944 0.53106875 0.36672812507739944 0.548792186904762 0.36672812507739944 0.576234375
2 0.3870265622291022 0.5699453119047618 0.389 0.575090625 0.3921 0.5802359380952381 0.39548437523219815 0.5819515630952381 0.40225 0.5825234369047619 0.4090156247678019 0.57680625 0.4123984377708978 0.575090625 0.4169093752321981 0.5670875 0.4140890625386997 0.5550812500000001 0.40817031269349846 0.5345 0.4045046873065016 0.520778125 0.39999374984520125 0.5190640630952381 0.3929468749226006 0.52478125 0.3870265622291022 0.53335625 0.3844890625386997 0.5482203130952381 0.3870265622291022 0.5699453119047618
9 0.40520937523219813 0.5191265619047619 0.39941093746130035 0.4762375 0.3956578123839009 0.4437234380952381 0.3915656247678018 0.4146703119047619 0.3864484377708978 0.3980671880952381 0.39224687492260063 0.4582515619047619 0.39634062476780185 0.517051563095238 0.4004343752321981 0.51981875 0.40520937523219813 0.5191265619047619
9 0.3676875003095975 0.499065625 0.370075 0.52604375 0.37553281238390096 0.5246609380952381 0.3690515622291022 0.4741625 0.3625703126934985 0.43403906309523804 0.3584765622291022 0.41536249999999997 0.3676875003095975 0.499065625
0 0.4567171876160991 0.5537140630952381 0.4604703126934984 0.5308859369047619 0.4594468749226006 0.5135921880952381 0.4498953126934984 0.5073671869047619 0.44648437523219814 0.510825 0.4492124996904025 0.5267359380952381 0.45194218761609906 0.5461046869047619 0.45125937523219817 0.566167186904762 0.4556937498452013 0.564090625 0.4567171876160991 0.5537140630952381
0 0.4713843752321981 0.5440296869047619 0.4700203126934985 0.52396875 0.4662687498452013 0.512209375 0.46388125015479875 0.522585936904762 0.46422187492260064 0.5378046880952381 0.4659281250773994 0.550946875 0.4707031250773994 0.5606328119047619 0.4713843752321981 0.5440296869047619
2 0.4703624996904025 0.5364203130952381 0.47240781238390095 0.550946875 0.4761609374613003 0.5654750000000001 0.4846890625386997 0.5703171880952381 0.4952625003095975 0.573084375 0.5048140625386998 0.566167186904762 0.5061781250773993 0.5322703130952381 0.5041312501547988 0.50875 0.5000390625386997 0.4983734380952381 0.4942390625386997 0.487996875 0.4846890625386997 0.4852296880952381 0.4782078123839009 0.492146875 0.4741140625386997 0.505290625 0.4710437498452012 0.5205093749999999 0.4703624996904025 0.5364203130952381
2 0.5170937498452013 0.5101328130952382 0.5068609374613003 0.5059828130952381 0.5065203126934984 0.5149765619047619 0.5065203126934984 0.5343453119047619 0.5058375003095975 0.55855625 0.5123187498452012 0.5717 0.5259624996904024 0.575159375 0.529032812383901 0.5703171880952381 0.523575 0.564782813095238 0.5218703126934985 0.5571734380952381 0.5215281250773994 0.546796875 0.5239156247678018 0.5371125 0.5259624996904024 0.5246609380952381 0.5269859374613003 0.5101328130952382 0.5245984377708979 0.49975625 0.5208468749226006 0.499065625 0.5170937498452013 0.5101328130952382
9 0.5280093752321982 0.49629843690476194 0.529032812383901 0.4485671880952381 0.5317624996904025 0.41812812499999996 0.5358546873065015 0.39045781190476186 0.5273281250773993 0.427121875 0.5228937498452012 0.46240156309523806 0.5187999999999999 0.49353125000000003 0.5225515622291022 0.499065625 0.5280093752321982 0.49629843690476194
9 0.4823 0.474853125 0.48400625015479876 0.4983734380952381 0.4894640625386997 0.5032156249999999 0.4925343752321981 0.5018328119047619 0.4921921876160991 0.4942234380952381 0.4877578123839009 0.46516875 0.48264218761609906 0.4361140619047619 0.47582031269349845 0.40844375000000005 0.4676328123839009 0.3821578130952381 0.4778656247678018 0.42988906309523806 0.4823 0.474853125
0 0.5365375003095976 0.5004484369047619 0.5355140625386997 0.50875 0.53415 0.52604375 0.5314203126934984 0.5398796880952381 0.5300562501547987 0.55025625 0.5331265622291022 0.564090625 0.5375609374613003 0.564090625 0.5365375003095976 0.5004484369047619
2 0.5832703126934984 0.5703171880952381 0.5872578482972136 0.5650372988095238 0.5904322154798762 0.5307541357142858 0.5815640625386996 0.5177421869047619 0.5757656247678019 0.50875 0.569625 0.516359375 0.5641671876160991 0.5308859369047619 0.5641671876160991 0.55440625 0.5675781250773994 0.555790625 0.5720125003095976 0.5634 0.5791765622291022 0.5717 0.5832703126934984 0.5703171880952381
9 0.5556390625386997 0.4091359369047619 0.5580281250773994 0.3842328119047619 0.5518875003095975 0.4146703119047619 0.5501812501547988 0.461709375 0.5495 0.4949140630952381 0.554957812383901 0.4928390619047619 0.5546156247678019 0.4485671880952381 0.5556390625386997 0.4091359369047619
9 0.5774703126934985 0.48938125 0.5750828123839009 0.5129 0.5812234377708978 0.5129 0.5877046873065015 0.4568671880952381 0.5894093752321982 0.4188203130952381 0.5911156247678019 0.3821578130952381 0.5938437498452012 0.353103125 0.584975 0.4146703119047619 0.5822468749226006 0.4485671880952381 0.5774703126934985 0.48938125
2 0.594867187616099 0.55648125 0.5924796873065016 0.5682421880952381 0.5965734377708978 0.5717 0.6033953126934984 0.5758515630952381 0.6078296873065016 0.573084375 0.6132875003095974 0.5813859369047619 0.616357812383901 0.5737765619047619 0.6221562501547987 0.5800015630952381 0.6242031250773994 0.5779265619047619 0.6269312501547988 0.5703171880952381 0.6289781250773994 0.5433375 0.6269312501547988 0.52604375 0.6184046873065016 0.52189375 0.6139703126934984 0.540571875 0.6085124996904026 0.542646875 0.6027125003095976 0.55648125 0.594867187616099 0.55648125
2 0.646717187616099 0.5606328119047619 0.646375 0.54818125 0.6422812501547986 0.55025625 0.6381890625386997 0.5516390619047619 0.6358015622291021 0.557865625 0.6347781250773994 0.573084375 0.6300015622291022 0.5723921880952381 0.6306843752321981 0.5834609380952381 0.6388703126934984 0.5896859369047619 0.6456937498452012 0.588303125 0.6473984377708979 0.577234375 0.646717187616099 0.5606328119047619
2 0.6736640625386997 0.5378046880952381 0.667182812383901 0.533653125 0.6613843752321982 0.535728125 0.6555859374613003 0.5440296869047619 0.6538796873065016 0.5419546880952381 0.6508093752321982 0.5364203130952381 0.6480812501547988 0.5461046869047619 0.6450109374613002 0.559940625 0.6456937498452012 0.5889953119047618 0.6473984377708979 0.5938375 0.6514921876160991 0.6028296869047619 0.6583140625386996 0.603521875 0.6630890625386997 0.5979875 0.671617187616099 0.6049046869047618 0.6798046873065016 0.603521875 0.6832156247678018 0.603521875 0.6842390625386997 0.5959125000000001 0.6808281250773994 0.5896859369047619 0.6746874996904025 0.5855359380952381 0.6723 0.577234375 0.6729828123839009 0.559940625 0.6760515622291021 0.55648125 0.6746874996904025 0.5474890619047619 0.6736640625386997 0.5378046880952381
9 0.6859437498452012 0.4541 0.6818515622291021 0.4873046880952381 0.6763937498452012 0.518434375 0.6705937498452013 0.5322703130952381 0.6763937498452012 0.5384953130952381 0.682875 0.50875 0.6859437498452012 0.4852296880952381 0.6879906247678019 0.4589421869047619 0.6886734377708978 0.4471828119047619 0.6948125003095975 0.425046875 0.6859437498452012 0.4541
9 0.6726406247678018 0.5343453119047619 0.6705937498452013 0.49353125000000003 0.6709359374613003 0.46378593690476194 0.6719593752321982 0.44095625 0.6740046873065015 0.42227968809523814 0.6695703126934984 0.4541 0.6685468749226007 0.4845375 0.6689718749226007 0.5325875 0.6726406247678018 0.5343453119047619
9 0.6784390625386998 0.43749843809523814 0.6818515622291021 0.422971875 0.6801453126934985 0.4285046880952381 0.6726406247678018 0.444415625 0.6688890625386997 0.457559375 0.6634312501547989 0.496990625 0.6634312501547989 0.527428125 0.6784390625386998 0.43749843809523814
2 0.6967650594427244 0.658171875 0.7032463089783281 0.658171875 0.7107509969040248 0.649870311904762 0.714161934365325 0.6346515630952381 0.7080213089783282 0.632576561904762 0.7005166216718267 0.632576561904762 0.6926713089783282 0.635342186904762 0.6807322470588236 0.6443359380952381 0.6892603715170279 0.655404686904762 0.6967650594427244 0.658171875
0 0.616017187616099 0.6381093750000001 0.6119234377708979 0.6318843749999999 0.6095359374613003 0.6381093750000001 0.6091937498452012 0.6464109369047619 0.6098765622291021 0.6595546880952381 0.6129468749226007 0.6588624999999999 0.616017187616099 0.657479688095238 0.6170390625386997 0.6505609369047619 0.616017187616099 0.6381093750000001
2 0.6051015622291022 0.6215078130952381 0.6006656247678018 0.618048436904762 0.5958906247678019 0.6159734380952381 0.590092187616099 0.6132062500000001 0.5839515622291022 0.614590625 0.5778125003095975 0.6201234380952381 0.5815640625386996 0.6284249999999999 0.584975 0.6332671880952381 0.5880453126934985 0.642951563095238 0.5894093752321982 0.658171875 0.5894093752321982 0.6782328130952381 0.5917968749226006 0.692067186904762 0.5935031250773994 0.70036875 0.5986203126934985 0.6996765630952381 0.6006656247678018 0.690684375 0.6020312501547987 0.674773436904762 0.6040781250773994 0.6692390630952381 0.6078296873065016 0.660246875 0.6085124996904026 0.6533281249999999 0.6085124996904026 0.6318843749999999 0.6051015622291022 0.6215078130952381
9 0.5980468749226006 0.75916875 0.601075 0.784210938095238 0.6059687498452012 0.796021875 0.6022406247678018 0.76861875 0.6003765622291022 0.734126563095238 0.6003765622291022 0.7119203130952381 0.6003765622291022 0.6968 0.5971156247678019 0.7034156250000001 0.5947843752321982 0.704360938095238 0.5931546873065016 0.704360938095238 0.5961828123839009 0.735071875 0.5980468749226006 0.75916875
2 0.39814687492260065 0.630179686904762 0.39674843777089785 0.6481343749999999 0.3965156247678019 0.667034375 0.3969812501547988 0.6722312500000001 0.40094218761609907 0.675539063095238 0.4039718749226006 0.676010936904762 0.4072328123839009 0.6708140619047618 0.4109609374613003 0.6684515630952381 0.4137562501547988 0.663726563095238 0.4181828123839009 0.659001561904762 0.4200468749226006 0.641046875 0.42214374984520125 0.629235938095238 0.42307656222910217 0.623565625 0.4188828123839009 0.6150609369047619 0.41259218761609906 0.616951561904762 0.40769843777089787 0.6141156249999999 0.40187500000000004 0.617423438095238 0.39814687492260065 0.630179686904762
9 0.40839843777089785 0.774760938095238 0.4118921876160991 0.73790625 0.4139890625386997 0.714754686904762 0.4142234377708979 0.7019984380952381 0.415207120743034 0.6659821678571429 0.40949329907120746 0.6697914083333333 0.4081656247678019 0.73554375 0.40630156222910213 0.7676734369047619 0.4049031250773994 0.7860999999999999 0.4037390625386997 0.7964953130952381 0.40839843777089785 0.774760938095238
2 0.34409531269349847 0.6783734369047619 0.34968593746130033 0.681209375 0.35201562476780185 0.676010936904762 0.35481250030959754 0.6684515630952381 0.356675 0.6599468749999999 0.35714218761609906 0.650970311904762 0.356675 0.6429374999999999 0.3569093752321981 0.634904688095238 0.35574374984520124 0.6259281250000001 0.3517828123839009 0.6259281250000001 0.34269687492260065 0.632542188095238 0.3352406247678018 0.634432813095238 0.3273203126934984 0.6306531249999999 0.3198640625386997 0.6372671869047619 0.31730156222910216 0.647190625 0.31683593746130034 0.663254688095238 0.3189328123839009 0.675539063095238 0.3184656247678019 0.6826265630952381 0.3198640625386997 0.6916031250000001 0.3249906247678019 0.69113125 0.3308140625386997 0.69349375 0.3354734377708978 0.6906578130952381 0.33966718761609904 0.6830984380952381 0.34409531269349847 0.6783734369047619
9 0.3494765622291021 0.694721875 0.35101406253869966 0.72590625 0.35127031269349845 0.7518921880952381 0.34409531269349847 0.7877546880952381 0.3476828123839009 0.77891875 0.3520390625386997 0.76540625 0.35460156222910216 0.74565625 0.3569093752321981 0.726425 0.3558828123839009 0.700959375 0.35537031269349845 0.668735936904762 0.35255156222910217 0.675492186904762 0.3479390625386997 0.681209375 0.3494765622291021 0.694721875
9 0.31795312507739937 0.763326563095238 0.3107781250773994 0.7893125000000001 0.3174406247678018 0.7763203130952381 0.32102968730650155 0.7596890630952381 0.32410468730650155 0.7420171880952381 0.32666718761609903 0.7290234369047619 0.330767187616099 0.7077156250000001 0.3364062501547988 0.6884843749999999 0.3297421876160991 0.692123436904762 0.32512968730650155 0.710832813095238 0.3225671876160991 0.731103125 0.31795312507739937 0.763326563095238
2 0.5396423052631579 0.5123428071428572 0.5396423052631579 0.5294843892857143 0.5390074321981424 0.5504352107142857 0.5421817987616099 0.5605931857142857 0.557418760371517 0.566941919047619 0.5644023678018576 0.562497805952381 0.565037240866873 0.5478957178571429 0.563767494117647 0.53519825 0.565037240866873 0.5167869214285714 0.5605931269349845 0.5059940738095239 0.554879266873065 0.4971058464285714 0.549800279876161 0.49837559285714284 0.5396423052631579 0.5123428071428572
13 0.3885292470588235 0.6943927511904762 0.4463953114551084 0.6785484714285714 0.535949892879257 0.6881928154761905 0.6227489894736842 0.70197045 0.6819928167182662 0.7185035904761904 0.7377922359133127 0.6964593964285715 0.7343478278637771 0.6509932023809524 0.6516820216718267 0.664081955952381 0.6000158922600619 0.6503043214285714 0.5125279145510836 0.6434155035714285 0.391284773993808 0.6482376761904761 0.3093078495356037 0.6613264285714285 0.310685613003096 0.6992149226190477 0.3265298922600619 0.6943927511904762 0.3885292470588235 0.6943927511904762
6 0.6385932687306501 0.6392822130952381 0.6351488600619195 0.646171030952381 0.6454820860681114 0.6530598476190477 0.6606374835913313 0.655815375 0.6723484730650154 0.6551264928571429 0.6716596755417956 0.6392822345238095 0.648237613003096 0.6379044500000001 0.6385932687306501 0.6392822130952381
13 0.2590194842105263 0.5752162142857143 0.2975968600619195 0.5717718047619048 0.3554629244582043 0.5573052892857143 0.407129053250774 0.5428387726190477 0.4946169894736842 0.5387054821428572 0.6454820860681114 0.563505225 0.7460588167182662 0.5545497619047619 0.7371033541795665 0.5063280416666667 0.6633930105263157 0.5152835047619048 0.6013936557275542 0.5021947511904762 0.5504164086687307 0.48566159047619045 0.5001280433436532 0.489794880952381 0.4188400427244582 0.499439225 0.31895219380804957 0.5166612678571428 0.2714193547987616 0.5338833107142857 0.2590194842105263 0.5752162142857143
