1 0.5282890625386997 0.5268890630952381 0.5222765622291021 0.530523438095238 0.5176796873065015 0.5370640619047619 0.5180343752321981 0.55959375 0.5198015622291021 0.5748546869047618 0.5208624996904025 0.5813953130952382 0.5229843752321982 0.5893890630952381 0.5289953126934985 0.590115625 0.5413718749226006 0.5850296869047619 0.5442015622291022 0.582121875 0.5459687498452013 0.5784890630952381 0.5466765622291022 0.563226561904762 0.5466765622291022 0.555959375 0.5459687498452013 0.5436046869047618 0.5459687498452013 0.5363375 0.5438468749226006 0.52834375 0.5420796873065016 0.52325625 0.53925 0.52325625 0.5282890625386997 0.5268890630952381
2 0.4942786904024768 0.5561067988095237 0.5086992736842105 0.5551446952380953 0.5048537702786378 0.5267627738095239 0.5043731281733745 0.5195470285714285 0.497115373374613 0.5193509619047619 0.4957207634674922 0.5363837678571428 0.4942786904024768 0.5561067988095237
9 0.534656294117647 0.5290915761904762 0.534656294117647 0.5199516428571429 0.531291505882353 0.4742519214285715 0.5293687907120743 0.4713656119047619 0.526965360371517 0.47713821190476186 0.5279267182662538 0.5108116916666666 0.5253605659442725 0.5313701928571428 0.534656294117647 0.5290915761904762
9 0.5034116972136223 0.5122548369047619 0.5034116972136223 0.4857971035714286 0.5034116972136223 0.43143849047619043 0.4981241938080495 0.4862781642857143 0.4977163349845201 0.5097355773809524 0.5034116972136223 0.5122548369047619
2 0.6654029746130031 0.55947415 0.6605961133126935 0.5676519988095238 0.6553085368421052 0.5753487869047619 0.6629995436532508 0.5767919321428572 0.6649222588235294 0.5758298476190477 0.67261326625387 0.5666898952380952 0.6783814848297214 0.5599551928571429 0.6817462724458205 0.5565878595238095 0.6780047969040247 0.5457932702380952 0.67261326625387 0.5512963011904761 0.6654029746130031 0.55947415
2 0.700012359752322 0.5209901738095238 0.7019350749226007 0.5306111678571429 0.7067419356037152 0.5330164166666667 0.7144329430340557 0.5243575261904763 0.7206818767801858 0.5137744285714285 0.7177977306501547 0.50607765 0.7134615275541797 0.5049278845238095 0.7081840086687308 0.5152175738095238 0.700012359752322 0.5209901738095238
11 0.27748926253869965 0.5253196285714286 0.26931757708978327 0.5267627738095239 0.2582618185758514 0.5291680226190476 0.24864809659442721 0.5291680226190476 0.23086268854489161 0.5277248773809524 0.22028760866873062 0.5359027071428571 0.21692278390092878 0.5570689011904763 0.22557514860681113 0.5700572476190476 0.2385536588235294 0.5859318833333333 0.256339066873065 0.5994012714285715 0.27652786873065016 0.6070980773809523 0.2832574817337461 0.5969960226190476 0.2832574817337461 0.5763108892857143 0.28085405077399384 0.5512963011904761 0.27776441176470584 0.5319711547619048 0.27748926253869965 0.5253196285714286
13 0.6577119671826626 0.46222567857142854 0.6341583770897833 0.4795434607142857 0.6158922904024768 0.4901265583333333 0.6182957213622291 0.5045580488095238 0.642330026625387 0.49156970357142854 0.6692484043343653 0.4756950666666667 0.7052998625386997 0.4554909761904762 0.7068509504643963 0.43221153928571426 0.6817462724458205 0.4497183761904762 0.6577119671826626 0.46222567857142854
13 0.30344628359133125 0.45019943690476194 0.3197896185758514 0.4545288726190476 0.334690880495356 0.4641498666666667 0.3524762885448916 0.4761761095238095 0.3654547987616099 0.4824297511904762 0.3779526303405573 0.49253180595238094 0.3827594910216718 0.49926649166666665 0.38708567368421054 0.4814676666666667 0.3654547987616099 0.4679982607142857 0.3529569671826625 0.4535667702380952 0.33132609226006193 0.438173194047619 0.31690550897832814 0.42951429404761904 0.29863942229102164 0.42710904523809523 0.2813701814241486 0.4298076928571428 0.27845062043343655 0.4458699821428571 0.30344628359133125 0.45019943690476194
13 0.3120986476780186 0.5998823321428571 0.34815010588235296 0.6191243202380953 0.375549199380805 0.6301884595238095 0.39862214736842105 0.6460631333333333 0.4183302705882353 0.6566461928571429 0.4524589770897832 0.6609756297619047 0.5000469089783282 0.668191394047619 0.5322528637770898 0.6715587261904762 0.561574745510836 0.6715587261904762 0.5880124817337462 0.6595324845238095 0.6211797938080496 0.6489493869047619 0.6543471789473685 0.6321126476190475 0.6745359814241486 0.6186432595238096 0.7028964321981425 0.596514980952381 0.7153943003095975 0.5729435380952381 0.7043385052631579 0.561398355952381 0.6754973386996904 0.5950718357142857 0.6524243907120743 0.6080601630952381 0.6197377938080495 0.6301884595238095 0.5870511238390093 0.6431768059523809 0.5553258117647059 0.6527978 0.5216777839009288 0.6527978 0.5043731281733745 0.6527978 0.4875490773993808 0.6499114904761905 0.45726583777089785 0.6470251988095238 0.43563496346749225 0.6422147023809524 0.42217577399380807 0.6374042047619047 0.3928539287925697 0.6244158964285714 0.3784333455108359 0.6152759083333333 0.3606479374613003 0.6056549142857143 0.34622735417956657 0.600363375 0.32223556594427244 0.58125 0.3120986476780186 0.5998823321428571
