0 0.42697031269349844 0.6668984369047619 0.42629062476780183 0.6655046869047619 0.4249328123839009 0.666201561904762 0.4239124996904025 0.6655046869047619 0.4222140625386997 0.668292186904762 0.4222140625386997 0.673170311904762 0.42323437523219815 0.677351561904762 0.424592187616099 0.6780484380952382 0.42730937523219814 0.678745311904762 0.42968749969040243 0.680835936904762 0.43104687492260063 0.6815328119047619 0.43308437523219817 0.6815328119047619 0.434782812383901 0.6801390619047619 0.4354625003095975 0.675260936904762 0.4354625003095975 0.6703828119047619 0.43512187492260057 0.6655046869047619 0.43240468730650156 0.6655046869047619 0.43070625015479874 0.667595311904762 0.42900781238390095 0.6689890619047619 0.42798906253869967 0.6689890619047619 0.42697031269349844 0.6668984369047619
2 0.6450798099071208 0.6104068380952381 0.6539496588235295 0.6055687392857143 0.6587877578947369 0.5999243023809524 0.6652385572755417 0.5983116023809524 0.6716893560371516 0.5821846047619048 0.6668512569659443 0.572508405952381 0.6628195071207431 0.5692830071428572 0.6539496588235295 0.5684766571428571 0.6499179089783281 0.5700893571428571 0.6450798099071208 0.5749274559523809 0.6378226606811146 0.5894417535714286 0.6354036111455109 0.6063750892857143 0.6450798099071208 0.6104068380952381
2 0.6804682934984521 0.635075761904762 0.6846713095975233 0.6346554607142857 0.6897149294117647 0.6342351583333333 0.6964397554179567 0.6317133488095239 0.7035848835913313 0.6283509357142858 0.7040051851393189 0.6233073166666666 0.7069472965944273 0.6098576642857143 0.7023239783281733 0.6064952511904762 0.6926570408668732 0.6115388702380952 0.6863525164086687 0.6178433952380953 0.6745840705882352 0.6237276178571428 0.6691201492260062 0.6312930476190476 0.6745840705882352 0.6333945559523809 0.6804682934984521 0.635075761904762
2 0.6497862743034056 0.6523081226190476 0.6569314018575853 0.6468442011904761 0.6573517034055727 0.6396990738095238 0.6556704972136222 0.6371772702380953 0.6434817498452011 0.6409599785714286 0.6350757170278638 0.6434817880952381 0.6329742086687307 0.6451629952380953 0.6212057888544892 0.6493660107142857 0.6258290811145512 0.6497863130952382 0.6375975269349845 0.6552502345238096 0.6497862743034056 0.6523081226190476
2 0.5938861826625387 0.6813089357142856 0.6006110086687306 0.6821495380952382 0.6027125170278638 0.6796277285714286 0.6081764383900928 0.6724826011904762 0.6098576445820433 0.6708013940476191 0.619104280495356 0.6644968702380952 0.6186839789473684 0.6615547583333333 0.6090170414860681 0.6573517416666667 0.6027125170278638 0.6590329488095238 0.5955673894736842 0.6623953619047619 0.5934658811145511 0.6691201880952381 0.5934658811145511 0.6813089357142856 0.5938861826625387 0.6813089357142856
11 0.7212375517027864 0.6565111392857143 0.7258608699690402 0.6640765678571428 0.7359481089783282 0.681729236904762 0.740571427244582 0.6918164761904763 0.7426729356037153 0.7111503511904762 0.7582240959752322 0.736368436904762 0.7670504303405572 0.7191360821428571 0.7716737479876161 0.699381905952381 0.7708331448916408 0.677105919047619 0.7678910334365325 0.6632359654761905 0.7645286204334365 0.6460035976190476 0.7624271120743035 0.63213365 0.7615865089783281 0.6216261095238095 0.7632677151702786 0.6052343464285714 0.7552819845201239 0.5896831892857143 0.7447744433436532 0.5905237916666667 0.7300638860681113 0.5985095202380952 0.7111503126934985 0.6064952511904762 0.7124112179566563 0.6283509357142858 0.7195563969040248 0.6531487380952381 0.7212375517027864 0.6565111392857143
2 0.38649195294117644 0.662238061904762 0.3915258569659443 0.6639160297619048 0.4038309566563468 0.6611194166666667 0.4066275702786378 0.6583228023809524 0.407186892879257 0.6521702535714285 0.4015936656346749 0.645458380952381 0.3932038253869969 0.6393058309523809 0.39264450216718266 0.6387465083333334 0.37978011455108357 0.6393058476190476 0.3792207578947368 0.6572041571428572 0.38649195294117644 0.662238061904762
2 0.3361529095975232 0.642102444047619 0.33950884582043345 0.6488143166666666 0.3495766544891641 0.6549668666666667 0.36915294922600617 0.6566448345238096 0.37978008049535605 0.643780413095238 0.374186853250774 0.6348312488095238 0.3618817535603715 0.6286787 0.35405123591331267 0.6264414083333333 0.34230545944272445 0.6219668273809523 0.3378308773993808 0.6208481821428572 0.33447494117647053 0.6314753130952381 0.3361529095975232 0.642102444047619
2 0.29979693374613003 0.62252615 0.31154271083591334 0.6303566678571428 0.3176952606811146 0.6331532809523809 0.32496645572755417 0.6342719261904761 0.33167832817337456 0.6342719261904761 0.33447494117647053 0.6247634404761905 0.33167832817337456 0.6202888595238095 0.324407133126935 0.6124583416666667 0.3182545832817337 0.6074244369047619 0.31098338823529414 0.6035091785714285 0.30315286996904023 0.599593919047619 0.29755964334365326 0.6007125642857143 0.2947630297213622 0.6130176642857142 0.29979693374613003 0.62252615
7 0.36835515046439626 0.8083225261904762 0.3598512030959752 0.8186167785714286 0.3647745411764706 0.8226449642857142 0.3696978786377709 0.8289110297619048 0.3728309120743034 0.8351770964285714 0.37641152136222916 0.838757705952381 0.38043970650154796 0.843681042857143 0.38804850092879256 0.8463665 0.38939122972136225 0.8347295202380952 0.38178243529411765 0.8253304202380952 0.3790969783281734 0.819511930952381 0.3782018260061919 0.812798288095238 0.3750687925696594 0.8051894940476191 0.37193575975232196 0.8047419178571429 0.36835515046439626 0.8083225261904762
