2 0.3227865425890286 0.4638260215336238 0.2806890511609481 0.46041739618619476 0.2870030891317583 0.3824445412948099 0.32910015312188534 0.38585314911535273
1 0.31109059398670524 0.46968893028478687 0.327973037264087 0.413181907932657 0.38162565960715256 0.4292106096042245 0.3647434697867311 0.485717415846609
1 0.37239033166133595 0.6054413094252253 0.31806046267070087 0.5878441589596638 0.3393017767468791 0.5222707595158556 0.3936310503295317 0.5398678057883337
1 0.5247818244856717 0.46070776561923615 0.5482613569286059 0.4588678394657469 0.5539613849523448 0.5316013613638125 0.5304818536747007 0.5334412773605173
1 0.5930705014459363 0.6302446905602653 0.5673147806555789 0.6295086146832307 0.5692192308130188 0.5628837586585496 0.5949746387484538 0.5636198300520213
2 0.58365195625 0.44120373281249997 0.621821875 0.44120373281249997 0.621821875 0.49782031250000003 0.58365195625 0.49782031250000003
2 0.6161544385705611 0.5864211891396055 0.5962992025827134 0.5365919235101924 0.6526650913256162 0.5141341411703737 0.6725204239794493 0.5639631528519443
1 0.6697244734053811 0.5582630442516138 0.6379410890016288 0.5273790976341812 0.6901827158924334 0.4736205642144878 0.7219659079075882 0.5045043307044988
2 0.660664005613512 0.4149701423219053 0.676972469620182 0.46375737223113267 0.6278100115828238 0.48019008226336546 0.611501751768742 0.4314030266822605
1 0.6543795344108503 0.39492072985320403 0.70180328228912 0.38783090275592896 0.7111930960750215 0.45063596387565014 0.6637693546186938 0.45772576197354653
9 0.9296875 0.909375 0.94140625 0.909375 0.94140625 0.9265625 0.9296875 0.9265625
2 0.27879739229945244 0.5169093599511452 0.3039406327391134 0.49087055807843727 0.35440041002652833 0.5395908814883495 0.3292573192703685 0.5656295362890197
11 0.18403372875422974 0.5106084763840403 0.27282664076722085 0.4743442820611016 0.3109805617497159 0.5677565290011042 0.22218781711080737 0.6040204221889597
11 0.6882356642612422 0.2715343471477659 0.7223907930200539 0.2666776173940549 0.7426745461838209 0.40931933279265525 0.7085194252675819 0.4141760263645343
9 0.3006132211645536 0.302805723597073 0.3062348667895094 0.3024552958754167 0.3103091398778588 0.36781363629848934 0.304687494367613 0.3681640628510928
9 0.3115234375 0.3037109375 0.318359375 0.3037109375 0.318359375 0.37890625 0.3115234375 0.37890625
9 0.3508246527637766 0.3852384600740332 0.3442670246055286 0.38758038329955685 0.32352053750162213 0.3294903527011429 0.330078125 0.3271484374999974
9 0.3466796875 0.2968750000000002 0.3508254460085709 0.29666240482381656 0.35523885364091257 0.38272413294798746 0.3510930952046465 0.3829367271679861
9 0.5341796804368641 0.45800782473068286 0.5341797887111852 0.35156249423023694 0.5458984672907263 0.3515625639757902 0.5458984375 0.458007812499977
9 0.6206999542494032 0.29777152655192185 0.6283560791114269 0.29682212510054246 0.6414451670181052 0.4023709188607994 0.6337890431442474 0.40332031490021075
9 0.6474608873963916 0.3232421789299979 0.6546892881495978 0.32447856381779694 0.6419940244870759 0.398697317247001 0.634765625 0.39746093749999584
9 0.6669922003264901 0.35937499970172054 0.6612797296521649 0.3595078434465939 0.6599146702949383 0.3008095780311587 0.6656271075880795 0.3006767346720168
9 0.669921875 0.27734374999999933 0.6745110078525158 0.2772197233215556 0.6764641263548583 0.34948534892570815 0.6718749935213282 0.3496093751750934
9 0.6826171751982884 0.2714843729497634 0.6902185334741944 0.27275123075091423 0.6765466508718418 0.354782505536469 0.6689452938502427 0.35351565274725844
9 0.32314637215517905 0.6877664037945944 0.3170533314619206 0.6864523817801312 0.33375082438612935 0.6090375557205245 0.33984377289357326 0.6103515674372493
9 0.3595260312312121 0.6138177486956498 0.3684071938192801 0.6159534389647305 0.34796808588953354 0.700937591084879 0.33908692979650823 0.6988019194841024
9 0.5770390487789427 0.6388429751334944 0.5868198422238038 0.6386549092526637 0.5886022009783574 0.7313377441865102 0.5788214075872702 0.7315258082518721
9 0.7050782593028089 0.6249999552370844 0.6995117202829988 0.6268552731703245 0.6799803940176616 0.5682615573967995 0.685546875 0.5664062500000084
9 0.7207032373030415 0.6103515322928427 0.7113408325552655 0.6128698217260304 0.6963668525771709 0.5572057767149714 0.7057291671875419 0.5546874999999892