2 0.6560708244402349 0.5629632180595284 0.6037109743701876 0.5771214003412602 0.5883661611205753 0.5203773379508619 0.6407255281336575 0.5062192247284782
1 0.6492219541192981 0.4614828125 0.6138608796263725 0.4614828125 0.6138610275277188 0.3946218749999999 0.6492217923622547 0.3946218749999999
3 0.617421455703834 0.26868371877533076 0.6368964299369964 0.26829681370576375 0.6395481806756607 0.40176920708076186 0.6200732065340162 0.40215610949352515
2 0.3628130737394031 0.5416386666598533 0.40764870267400966 0.5573901840327812 0.3916989713628709 0.6027854954727008 0.3468633746508658 0.5870340439892475
2 0.40561631765228867 0.6039368620385608 0.3850486158352169 0.5892471424275268 0.4091431298907082 0.5555149834488979 0.4297107263552107 0.5702046492152115
2 0.283882812937577 0.5066762948488276 0.27827071141723536 0.4860999583614451 0.3019481531729298 0.4796425193359244 0.30756027816823917 0.5002188178659609
2 0.3283387872356798 0.45147680624606396 0.30314569511881473 0.4568367345648316 0.29501214701599565 0.4186088270722758 0.3202051133930581 0.41324891255724533
9 0.3738121758019588 0.6021543689213436 0.38090973823057084 0.603286029602294 0.36744750952573213 0.6877082242378906 0.36034994934993847 0.6865765730519439
9 0.3465793390624867 0.6512729953124943 0.340526995131313 0.649092251273505 0.3565539790741923 0.6046171366382239 0.36260627326930717 0.6067978708271994
9 0.6328134152266784 0.5676715509828109 0.641843685019694 0.5656964924528118 0.6618795772312751 0.6572936411741886 0.6528493129615072 0.6592686825105556
9 0.6397899203459474 0.6639990541104093 0.6315172293318483 0.6650578154392159 0.6220601516009765 0.5911730710118359 0.6303327265625285 0.5901143171874957
7 0.33017867632167963 0.6622113635929275 0.34929876753733424 0.6660087854844099 0.3404861084258073 0.710374389816783 0.32136602247396695 0.7065769859053455
7 0.3988368569036993 0.7118988956492351 0.40125797931000307 0.7431343815689284 0.37259623993600144 0.7453555381055238 0.3701752237885785 0.7141201512878415