2 0.43811875 0.5348843750000001 0.47100468749999996 0.5348843750000001 0.47100468749999996 0.5988374999999999 0.43811875 0.5988374999999999
11 0.3085002687417955 0.4332962604674123 0.25628156287439197 0.4117954133464081 0.29874877929921695 0.30866143200332063 0.3509669032076772 0.3301621435930796
11 0.23892580384665507 0.5622322721503673 0.30213937338112373 0.5802284361374934 0.2608260755887386 0.7253284715342845 0.19761261489247772 0.7073325724917628
2 0.2902495525257791 0.5732963410168954 0.3151825780928448 0.5611507831140364 0.33257228022534946 0.5968456310145329 0.3076392824272034 0.6089911459470699
2 0.3319517277536761 0.613571491640188 0.345881753562594 0.593143220916065 0.37021642470836014 0.6097351621742464 0.3562864618727417 0.6301633768737239
2 0.32988073028025156 0.5305047879797146 0.345315515624975 0.5247887109375059 0.3521174030605607 0.543153857075252 0.3366826224422539 0.5488699249633611
2 0.28430863087226044 0.4815585076439482 0.31211593887269373 0.4847362451511456 0.3074544236345673 0.5255244960245303 0.27964711730771796 0.5223467685078694
2 0.6395923361602627 0.5885862143736446 0.6589142530982599 0.606188562039788 0.6273367331084501 0.6408468117560648 0.6080148901056646 0.6232445412886853
2 0.684497953659843 0.5469660128660393 0.7077849343074831 0.5649927794393291 0.6771145765545725 0.6046087000275809 0.6538276656249309 0.5865820124999879
2 0.6535614423413563 0.5246813029639906 0.6635766222021857 0.5482863100104317 0.637940883187639 0.5591620545084285 0.6279257672326821 0.535557101629731
2 0.6854725553838534 0.5301104444660718 0.6684889222001402 0.51477160521198 0.6905068362128759 0.49039467399179393 0.7074904201391519 0.5057334741351407