2 0.43344198390695965 0.5054350554292654 0.461523491372418 0.5033660354581988 0.4662713380239438 0.5678000992624459 0.4381898317349169 0.5698691083110686
2 0.5167464437278113 0.5091838839471668 0.5460674216735697 0.5117015525089532 0.5406312869974954 0.5750056985730013 0.5113103107540837 0.5724880432310301
2 0.57779375 0.550871875 0.6106796875 0.550871875 0.6106796875 0.6031984375 0.57779375 0.6031984375
11 0.706447692184156 0.48187401252378675 0.7725872315797915 0.47425652538850965 0.7862885279806733 0.5932096006428554 0.7201490010171483 0.6008270137997488
2 0.6909768311974176 0.4841110342014166 0.7085354915841435 0.5065245295874206 0.6761758516403233 0.5318728815532316 0.6586172683188352 0.5094594571451203
2 0.6283440739296111 0.5706942614479119 0.6045777003771491 0.5510630047539077 0.6368884198543583 0.5119500001557293 0.6606546677984397 0.5315811736234874
2 0.6353998998635007 0.5107049850744494 0.6177448326948252 0.4930511715950652 0.644624004125717 0.46617207889047396 0.6622790221779269 0.4838258431132236
2 0.3272015057571025 0.5216778033396312 0.35935109916135843 0.5099881156395262 0.37797959661270397 0.5612167590135354 0.34583002994270373 0.5729063940739872
2 0.2927255818658523 0.4885359923082237 0.31927018186127043 0.4826376591612819 0.3289430334593817 0.5261656168186134 0.30239844008553973 0.5320639296350451
11 0.28723694101654473 0.5697724238327612 0.21451891019455616 0.5846019548392954 0.18708595302416597 0.4500891938372578 0.2598025021598005 0.43525981720290935
2 0.3305583260083722 0.44364422370297646 0.35656656665435094 0.4710955579514769 0.3366502494887982 0.48996358487643604 0.31064206338066924 0.46251230402529786
9 0.5949606166293506 0.5978884248318369 0.6003660542763782 0.5969876308641896 0.6176520573575317 0.7007038697394332 0.6122466220383558 0.7016046543883072