2 0.3752 0.5424 0.36879999999999996 0.5424 0.3644 0.536 0.3628 0.5328 0.36040000000000005 0.5288 0.3584 0.528 0.35600000000000004 0.5296 0.3532 0.5328 0.35200000000000004 0.5328 0.3496 0.5312 0.34719999999999995 0.5304 0.3448 0.532 0.34159999999999996 0.5376 0.34 0.5439999999999999 0.3392 0.552 0.3392 0.5584 0.34080000000000005 0.5648 0.3448 0.5696 0.3504 0.5744 0.3568 0.5808 0.3628 0.5848 0.36879999999999996 0.5864 0.3752 0.5888 0.3784 0.5888 0.3816 0.588 0.3856 0.5831999999999999 0.38880000000000003 0.5712 0.38959999999999995 0.564 0.38959999999999995 0.5599999999999999 0.38959999999999995 0.556 0.38839999999999997 0.5504 0.3872 0.5448 0.384 0.5416 0.3784 0.5416 0.3752 0.5424
2 0.3308 0.5088 0.3348 0.512 0.338 0.5128 0.34 0.512 0.342 0.5104 0.3444 0.5104 0.34640000000000004 0.5096 0.34840000000000004 0.5056 0.3504 0.5 0.3504 0.4968 0.3504 0.48960000000000004 0.3496 0.4824 0.34919999999999995 0.47200000000000003 0.34840000000000004 0.46640000000000004 0.344 0.46559999999999996 0.34 0.46399999999999997 0.3336 0.4624 0.3228 0.4576 0.31479999999999997 0.4544 0.31 0.4512 0.308 0.4584 0.3072 0.46559999999999996 0.3076 0.4728 0.3076 0.4784 0.3088 0.48319999999999996 0.3096 0.48960000000000004 0.31 0.49520000000000003 0.31120000000000003 0.4984 0.3136 0.504 0.3164 0.5048 0.318 0.5024000000000001 0.32120000000000004 0.5 0.3232 0.5 0.32439999999999997 0.5 0.32639999999999997 0.5032 0.3288 0.5072 0.3308 0.5088
2 0.3748 0.52 0.376 0.5128 0.376 0.5104 0.37560000000000004 0.5032 0.37560000000000004 0.4968 0.3752 0.492 0.374 0.48879999999999996 0.37120000000000003 0.4856 0.3664 0.4824 0.36119999999999997 0.4808 0.35559999999999997 0.4784 0.35 0.4784 0.3468 0.48 0.3452 0.48800000000000004 0.3452 0.49360000000000004 0.3456 0.5032 0.346 0.5064 0.346 0.5112 0.3468 0.5168 0.348 0.5224 0.3504 0.5264 0.3528 0.5296 0.3564 0.5336 0.36119999999999997 0.5328 0.36360000000000003 0.532 0.3664 0.5312 0.37 0.5296 0.372 0.5264 0.3748 0.52
2 0.40080000000000005 0.5439999999999999 0.402 0.5408 0.4044 0.5352 0.4044 0.5304 0.4044 0.5264 0.40280000000000005 0.52 0.39840000000000003 0.5064 0.39399999999999996 0.5016 0.38839999999999997 0.5008 0.3836 0.5016 0.3784 0.5048 0.3752 0.5128 0.374 0.5207999999999999 0.37360000000000004 0.5272 0.37360000000000004 0.5312 0.37439999999999996 0.5367999999999999 0.37560000000000004 0.5439999999999999 0.3772 0.5472 0.3796 0.5488000000000001 0.3828 0.552 0.386 0.5552 0.38760000000000006 0.5568 0.3912 0.5568 0.39399999999999996 0.556 0.3968 0.5536 0.3988 0.5504 0.3996 0.5464 0.40080000000000005 0.5439999999999999
2 0.45439999999999997 0.5448 0.454 0.5352 0.4536 0.5256000000000001 0.45239999999999997 0.5152 0.45 0.5128 0.44520000000000004 0.5128 0.4392 0.5144 0.4312 0.516 0.428 0.5152 0.4268 0.5207999999999999 0.4268 0.528 0.4272 0.5432 0.428 0.5504 0.4296 0.556 0.4312 0.5599999999999999 0.434 0.5632 0.4372 0.5656 0.4404 0.5671999999999999 0.4448 0.5671999999999999 0.4476 0.5664 0.4512 0.5648 0.4532 0.5616 0.45439999999999997 0.5576 0.45439999999999997 0.5536 0.45439999999999997 0.5448
2 0.48639999999999994 0.5352 0.4848 0.5224 0.4832 0.52 0.4792 0.5192 0.4712 0.5176 0.4628 0.5176 0.45840000000000003 0.5176 0.4556 0.528 0.45439999999999997 0.5376 0.45439999999999997 0.548 0.4552 0.556 0.456 0.5632 0.4576 0.5704 0.4596 0.5744 0.46480000000000005 0.5768 0.4692 0.5768 0.4736 0.5768 0.4792 0.5752 0.4848 0.5720000000000001 0.486 0.5680000000000001 0.48639999999999994 0.5608 0.48639999999999994 0.5528 0.48639999999999994 0.5408 0.48639999999999994 0.5352
2 0.5436 0.5144 0.542 0.516 0.5316 0.5176 0.5264 0.5176 0.52 0.5176 0.518 0.5232 0.5164 0.5304 0.516 0.5392 0.5164 0.548 0.5176 0.5552 0.5192 0.5616 0.526 0.5720000000000001 0.5319999999999999 0.5720000000000001 0.5336 0.5712 0.538 0.5696 0.5416 0.564 0.5432 0.5592 0.5452 0.5536 0.5459999999999999 0.5424 0.5456 0.5344 0.5448 0.5256000000000001 0.5436 0.5144
2 0.6752 0.5207999999999999 0.678 0.5128 0.6796000000000001 0.5056 0.6804 0.4928 0.6804 0.4824 0.6796000000000001 0.47040000000000004 0.6772 0.4712 0.674 0.47200000000000003 0.6688000000000001 0.4736 0.66 0.4768 0.6524 0.48 0.6436 0.4808 0.6379999999999999 0.4816 0.6355999999999999 0.4808 0.6348 0.4864 0.6328 0.4944 0.632 0.5016 0.6308 0.5096 0.632 0.52 0.6352 0.524 0.6384000000000001 0.5256000000000001 0.6464 0.5304 0.6516000000000001 0.5304 0.6536000000000001 0.5288 0.6572 0.5256000000000001 0.6608 0.524 0.6644000000000001 0.524 0.6668000000000001 0.5248 0.6716 0.524 0.6752 0.5207999999999999
2 0.6824 0.5328 0.6804 0.5336 0.678 0.5352 0.676 0.5367999999999999 0.6736 0.5384 0.6712 0.5384 0.6692 0.5384 0.6668000000000001 0.5392 0.6636 0.5408 0.6572 0.5504 0.6556000000000001 0.5544 0.6547999999999999 0.5608 0.654 0.5656 0.654 0.5736 0.6564 0.5808 0.6604 0.5864 0.6639999999999999 0.5896 0.6699999999999999 0.588 0.6768 0.5856 0.6824 0.5831999999999999 0.6884 0.58 0.696 0.5752 0.6988 0.5720000000000001 0.7031999999999999 0.5680000000000001 0.7060000000000001 0.5632 0.7060000000000001 0.5528 0.7048 0.5456 0.7028 0.5344 0.7012 0.528 0.6996 0.5256000000000001 0.6963999999999999 0.5248 0.6936 0.5248 0.6896 0.5272 0.684 0.532 0.6824 0.5328
2 0.7288 0.4976 0.7263999999999999 0.5024000000000001 0.7223999999999999 0.5048 0.7188 0.5056 0.714 0.5056 0.7100000000000001 0.5056 0.7075999999999999 0.5072 0.7036 0.5128 0.7012 0.5168 0.7 0.5248 0.6996 0.528 0.7008 0.5344 0.7024 0.5408 0.7056 0.5472 0.7084 0.5536 0.7188 0.5496 0.724 0.5488000000000001 0.7312 0.5448 0.7360000000000001 0.5416 0.74 0.54 0.7436 0.5367999999999999 0.7472000000000001 0.5328 0.748 0.528 0.7484 0.5224 0.748 0.512 0.7472000000000001 0.5048 0.7464 0.5008 0.7456 0.4968 0.7432 0.4928 0.74 0.49039999999999995 0.7344 0.48879999999999996 0.7316 0.49039999999999995 0.7288 0.4976
2 0.7223999999999999 0.4784 0.7263999999999999 0.47200000000000003 0.7263999999999999 0.4696 0.726 0.4504 0.7247999999999999 0.44320000000000004 0.7208000000000001 0.4312 0.7188 0.4328 0.716 0.43679999999999997 0.7088 0.44399999999999995 0.7036 0.44880000000000003 0.6972 0.4544 0.6896 0.45999999999999996 0.6816000000000001 0.4616 0.6791999999999999 0.4744 0.6791999999999999 0.4816 0.6796000000000001 0.48800000000000004 0.6811999999999999 0.4968 0.684 0.5016 0.6876 0.5024000000000001 0.6908000000000001 0.5032 0.694 0.5048 0.6968000000000001 0.5064 0.6992 0.5048 0.7016 0.5008 0.7031999999999999 0.4992 0.7080000000000001 0.4928 0.7108 0.4912 0.7152 0.48719999999999997 0.718 0.48319999999999996 0.7223999999999999 0.4784
11 0.23046874984520122 0.55078125 0.2369791665634675 0.5924479166666666 0.29036458328173376 0.5572916666666666 0.2929687498452012 0.54296875 0.2695312501547988 0.4739583333333333 0.23046874984520122 0.55078125
6 0.29817708359133127 0.5247395833333334 0.29166666687306503 0.5859375 0.2942708334365325 0.625 0.3294270835913312 0.6080729166666666 0.33593749969040243 0.5625 0.328125 0.5299479166666666 0.29817708359133127 0.5247395833333334
