9 0.3132 0.6784 0.314 0.6864 0.3216 0.6816 0.3292 0.6632 0.33240000000000003 0.6576 0.3352 0.6456 0.3376 0.6352 0.3392 0.6256 0.34159999999999996 0.6144000000000001 0.3428 0.6016 0.3436 0.5936 0.3336 0.5896 0.3224 0.5848 0.3028 0.5752 0.3028 0.584 0.30119999999999997 0.6024 0.30119999999999997 0.6168 0.2996 0.6336 0.2984 0.6464 0.2972 0.6616000000000001 0.2964 0.6752 0.2988 0.6848 0.3064 0.6704 0.3128 0.6487999999999999 0.3168 0.636 0.31999999999999995 0.6296 0.3236 0.6264000000000001 0.3216 0.6368 0.3188 0.6464 0.31479999999999997 0.6559999999999999 0.3128 0.6656000000000001 0.3132 0.6784
9 0.66 0.7216 0.6636 0.728 0.6668000000000001 0.7296 0.6683999999999999 0.7224 0.6672 0.7080000000000001 0.6659999999999999 0.6904 0.6616 0.6704 0.6592 0.6487999999999999 0.6576 0.64 0.6572 0.6328 0.6564 0.6168 0.6536000000000001 0.6103999999999999 0.6212000000000001 0.6336 0.6208 0.6512 0.622 0.668 0.6248 0.6848 0.6272 0.7063999999999999 0.6328 0.7232000000000001 0.6379999999999999 0.728 0.644 0.7368 0.6472 0.7264 0.6428 0.7112 0.6379999999999999 0.696 0.6376 0.6896 0.6372 0.6776 0.6372 0.6648000000000001 0.6476000000000001 0.6752 0.6516000000000001 0.6848 0.6544 0.696 0.6584 0.7120000000000001 0.66 0.7216
10 0.6208 0.49520000000000003 0.6204000000000001 0.508 0.644 0.5168 0.6448 0.5088 0.6472 0.5 0.6492 0.48719999999999997 0.6536000000000001 0.4768 0.6556000000000001 0.468 0.656 0.4616 0.6544 0.4416 0.6524 0.43679999999999997 0.6487999999999999 0.4344 0.646 0.4344 0.6408 0.43679999999999997 0.6364000000000001 0.4416 0.6304 0.4528 0.626 0.47200000000000003 0.6228 0.4848 0.6208 0.49520000000000003
2 0.31120000000000003 0.5704 0.31 0.5768 0.3372 0.592 0.3384 0.5871999999999999 0.3412 0.5752 0.344 0.5671999999999999 0.3456 0.5592 0.34640000000000004 0.5544 0.3428 0.5496 0.3384 0.5456 0.3336 0.5424 0.328 0.5392 0.322 0.5384 0.3188 0.5376 0.3156 0.5392 0.3124 0.5416 0.3084 0.5472 0.3076 0.5584 0.31120000000000003 0.5704
2 0.36119999999999997 0.5648 0.36160000000000003 0.5712 0.3656 0.576 0.37079999999999996 0.584 0.37439999999999996 0.5871999999999999 0.37879999999999997 0.5816 0.3856 0.5848 0.39 0.5856 0.392 0.5776 0.38839999999999997 0.5720000000000001 0.3844 0.5671999999999999 0.3804 0.5616 0.37639999999999996 0.5616 0.3728 0.5584 0.36879999999999996 0.5599999999999999 0.3664 0.5576 0.362 0.5568 0.36119999999999997 0.5648
2 0.40159999999999996 0.5816 0.402 0.5903999999999999 0.4048 0.5976 0.412 0.5952000000000001 0.4164 0.6008 0.4196 0.5992 0.4196 0.5903999999999999 0.4152 0.5831999999999999 0.4064 0.5808 0.40159999999999996 0.5816
1 0.6336 0.6464 0.6348 0.644 0.6368 0.6392 0.6412 0.6384 0.644 0.6424 0.6464 0.648 0.6484 0.6544 0.6507999999999999 0.6624000000000001 0.6524 0.6672 0.654 0.6696000000000001 0.656 0.6656000000000001 0.656 0.6584000000000001 0.6536000000000001 0.6496 0.6516000000000001 0.64 0.6492 0.6304 0.6472 0.6168 0.6472 0.6120000000000001 0.6492 0.6088 0.6524 0.604 0.6536000000000001 0.5976 0.6536000000000001 0.5888 0.6527999999999999 0.5784 0.6512000000000001 0.5680000000000001 0.6492 0.5608 0.6472 0.5592 0.6404000000000001 0.5576 0.6372 0.5576 0.6328 0.5584 0.6295999999999999 0.5599999999999999 0.626 0.5648 0.6212000000000001 0.5624 0.618 0.5616 0.614 0.5648 0.6088 0.5696 0.6068 0.5744 0.6072000000000001 0.5848 0.6076 0.592 0.608 0.5992 0.6092 0.6063999999999999 0.6104 0.6127999999999999 0.6128 0.6176 0.6152 0.624 0.6176 0.6296 0.6204000000000001 0.6368 0.6248 0.6447999999999999 0.6284 0.6487999999999999 0.6316 0.6487999999999999 0.6336 0.6464
13 0.421875 0.6588541666666666 0.46875 0.6705729166666666 0.515625 0.671875 0.661458333126935 0.625 0.661458333126935 0.61328125 0.5598958334365325 0.6510416666666666 0.479166666873065 0.65625 0.42968749969040243 0.6536458333333334 0.31119791640866873 0.5794270833333334 0.2890625003095975 0.5872395833333334 0.2734374996904025 0.6067708333333334 0.34375 0.61328125 0.421875 0.6588541666666666
13 0.29036458328173376 0.4635416666666667 0.3893229164086688 0.5078125 0.463541666873065 0.5338541666666666 0.5182291665634675 0.53515625 0.5963541665634675 0.51953125 0.6184895832817338 0.5208333333333334 0.6705729164086687 0.53125 0.6875 0.5234375 0.6835937498452012 0.4895833333333333 0.578125 0.50390625 0.43359374984520127 0.5130208333333334 0.36588541671826624 0.4791666666666667 0.3007812501547988 0.4401041666666667 0.29036458328173376 0.4635416666666667
1 0.380208333126935 0.4856770833333333 0.333333333126935 0.46484375 0.322916666873065 0.5221354166666666 0.3723958334365325 0.5494791666666666 0.380208333126935 0.4856770833333333
9 0.369791666873065 0.4934895833333333 0.3776041665634675 0.39453125 0.33463541671826624 0.3932291666666667 0.33723958328173376 0.4856770833333333 0.369791666873065 0.4934895833333333
7 0.24479166687306503 0.6002604166666666 0.23828125015479878 0.578125 0.21744791640866873 0.5911458333333334 0.234375 0.6106770833333334 0.24479166687306503 0.6002604166666666
0 0.3125 0.57421875 0.2630208334365325 0.5208333333333334 0.2630208334365325 0.5520833333333334 0.296875 0.6002604166666666 0.3125 0.57421875
6 0.6640625003095975 0.6354166666666666 0.7161458334365325 0.6223958333333334 0.703125 0.5677083333333334 0.697916666873065 0.5625 0.65625 0.6015625 0.6640625003095975 0.6354166666666666
