2 0.7047371387336625 0.6031795879339774 0.6848881568311072 0.6047892429757866 0.6827446283144809 0.5783591979594288 0.7025935158784478 0.5767495467638516
2 0.7030101749512596 0.5303826398825389 0.6946643544172275 0.5306360662731144 0.6941364681865707 0.5132528475745801 0.7024822657200502 0.5129994215328998
2 0.6492218750000001 0.5305234375000001 0.6630125 0.5305234375000001 0.6630125 0.5472390625 0.6492218750000001 0.5472390625
2 0.6621641694854361 0.5239932075090801 0.6714117327070426 0.523092587879984 0.6731916163712413 0.5413668693901793 0.663944053342675 0.5422674876772267
2 0.6622899543983749 0.5923044706247399 0.6685681424269205 0.6045230756309354 0.6402007944996058 0.6190971538706712 0.6339226484479923 0.6068785847879157
2 0.3857525352431139 0.5983087294730238 0.38016761385995324 0.6095965917092289 0.3481974387663058 0.5937803091696057 0.35378236665201257 0.5824924837517315
2 0.3355733084553094 0.5804225811565885 0.3258609068675469 0.5946033724594622 0.30533571879379906 0.5805471168078301 0.3150481126971272 0.5663663566714136
2 0.334865625 0.51816875 0.3433515625 0.51816875 0.3433515625 0.532703125 0.334865625 0.532703125
2 0.3450949031802111 0.5125619885967378 0.3540680973876533 0.5136534056316501 0.3518180653362606 0.5321507437191877 0.3428448714208798 0.5310593283015507
11 0.26635269218752455 0.33391532656249756 0.29714079384962133 0.3323935583531548 0.302776574209247 0.44641050849519337 0.2719884733096478 0.44793226627836435
11 0.2678492294866146 0.5335345275495249 0.32098154702327975 0.5651577011655187 0.26013150869903257 0.6673848513675182 0.20699944563125428 0.6357620197340988
11 0.7179905842378957 0.5555128560657363 0.7878435163828499 0.5511861731534069 0.7942261834307374 0.6542213631543793 0.7243732548396338 0.6585480049411786