2 0.6020088818343083 0.59484367318032 0.5846804115963096 0.5526944233722749 0.6299499302607501 0.5340849230571002 0.647278464875285 0.5762339974928923
2 0.2850354877675727 0.5573353075913942 0.2876351501923864 0.5339577346899432 0.31614819033359254 0.5371281929879876 0.31354858906206573 0.5605057097853767
2 0.35880016815883664 0.5482822411576928 0.3712709054013885 0.547068535154741 0.3739505707864055 0.5745992855869886 0.3614798339541494 0.5758129887195986
2 0.29923718852398906 0.6041528545007201 0.3306819205126885 0.592425031065023 0.34746728154345874 0.6374249453837761 0.3160225776655352 0.6491527154648177
2 0.3711371741801486 0.6571188592711811 0.34317684247525904 0.6421081918402384 0.3594973552258125 0.6117119497605106 0.3874575360972585 0.6267225674867586
2 0.6109865772832563 0.6133079864522302 0.6518861251995531 0.6111001093460671 0.6544527366045259 0.6586392600952206 0.6135531895150734 0.6608471270306205
2 0.7066322608289966 0.6138225935463719 0.6840183762262768 0.6380184656172996 0.6672749773222222 0.6223715475772107 0.689888818057625 0.5981757274939253
11 0.28620182443705744 0.7129411260546552 0.20996986181137345 0.705001322126534 0.2215032773387975 0.5942889957959095 0.2977335818108031 0.6022287132811874
2 0.45228226018798523 0.5499558800409668 0.47295887913116985 0.547600552147665 0.4782748206746419 0.5942628588960719 0.4575982033496757 0.596618177181481
2 0.47430439843750005 0.5540770562499999 0.49668405781249997 0.5540770562499999 0.49668405781249997 0.594504828125 0.47430439843750005 0.594504828125
11 0.7071139360335792 0.6066878286179433 0.7781514460439212 0.5978093373368729 0.7925954615305955 0.7133625553309401 0.7215579703305366 0.7222409430985615
9 0.4520833328125491 0.4249999999999992 0.45557433316332663 0.42488739450855484 0.45765765836461014 0.4894707281254746 0.4541666580390711 0.489583333107589
9 0.48740387384395945 0.43942228764392394 0.49109257009934026 0.439606709700231 0.4880636961959226 0.5001844212548429 0.484375 0.5000000000000024