1 0.37057968730650154 0.5813953130952382 0.36739687492260065 0.5784890630952381 0.3656296873065015 0.5763078119047619 0.3628 0.5734015619047619 0.360325 0.572675 0.35608281238390094 0.572675 0.3521921876160991 0.5734015619047619 0.3490093752321981 0.5748546869047618 0.3426453126934984 0.5734015619047619 0.3387546873065016 0.574128125 0.33592656222910217 0.5763078119047619 0.33380468730650154 0.583575 0.33451249969040253 0.6024703130952381 0.33486562476780185 0.614825 0.3355734377708978 0.621365625 0.3737624996904025 0.64825625 0.3751765622291022 0.6438953119047619 0.3762375003095975 0.639534375 0.3769453126934984 0.63299375 0.3772984377708979 0.6300875 0.3801265622291022 0.623546875 0.38189531269349847 0.6184593749999999 0.3833093752321981 0.614098438095238 0.38578437523219816 0.6075578119047619 0.38578437523219816 0.6031984380952381 0.3872 0.5988375 0.38578437523219816 0.594476561904762 0.38507812507739936 0.59084375 0.3833093752321981 0.5850296869047619 0.37942031269349846 0.5843015619047619 0.3737624996904025 0.5828484380952381 0.37057968730650154 0.5813953130952382
1 0.3589109374613003 0.534884375 0.3606796873065016 0.5218015619047619 0.36103281238390095 0.5109015619047619 0.3592640625386997 0.5 0.3592640625386997 0.493459375 0.35572812507739937 0.4905515619047619 0.34794843777089784 0.49200625000000003 0.34405937523219815 0.4912796869047619 0.33769374984520123 0.48691875 0.3316828123839009 0.4876453130952381 0.3277937498452012 0.48255781190476194 0.32673281238390095 0.483284375 0.3246109374613003 0.4912796869047619 0.321075 0.503634375 0.3196609374613003 0.5094484380952381 0.3178921876160991 0.5188953130952382 0.321075 0.5356109369047619 0.3249640625386997 0.541425 0.3295609374613003 0.5421515619047619 0.33097656222910216 0.541425 0.33345156222910216 0.541425 0.3366343752321982 0.5436046869047618 0.33981562476780186 0.5515984380952381 0.3458281250773994 0.55450625 0.34865625015479873 0.5537796869047619 0.3529 0.54941875 0.3567890625386997 0.5465109369047619 0.35749687492260057 0.541425 0.3589109374613003 0.534884375
9 0.3356522743034056 0.6508736297619048 0.32940334055727555 0.6662671869047619 0.3202702972136223 0.7052322059523809 0.32844198328173374 0.6782934297619048 0.33661363219814244 0.6614566904761904 0.3443046024767802 0.6479873023809524 0.3419011721362229 0.6624187928571429 0.33372952260061917 0.6932059630952381 0.34093981424148606 0.6754071392857143 0.3491114637770898 0.6441388904761906 0.3529569671826625 0.6460631333333333 0.3529569671826625 0.6609756297619047 0.3529569671826625 0.6802176357142857 0.3467080328173375 0.7138911154761904 0.35776382848297217 0.6869523392857143 0.3596865801857585 0.6571272357142858 0.3596865801857585 0.6407715571428572 0.3500728575851393 0.6325937083333334 0.34206729659442725 0.6293269238095238 0.34286256594427245 0.6398094535714285 0.3356522743034056 0.6508736297619048
7 0.3101758959752322 0.7346526761904761 0.31306000557275543 0.7385010892857142 0.3197896185758514 0.7375389857142857 0.32988401919504645 0.7303232404761906 0.33372952260061917 0.7216643309523809 0.3303647349845201 0.7202211857142857 0.3265192309597523 0.7216643309523809 0.3183475820433437 0.7149296464285714 0.31786686687306503 0.7110812523809524 0.31322114303405574 0.7068509619047619 0.3092145386996904 0.7221453916666667 0.3101758959752322 0.7346526761904761
7 0.656269894117647 0.7197401428571428 0.6601153981424148 0.7279179916666666 0.6682870470588235 0.7375389857142857 0.6754973386996904 0.7336905738095237 0.6754973386996904 0.7202211857142857 0.6692484043343653 0.7255127428571428 0.663480185758514 0.7259938226190475 0.6611778736842104 0.7116586547619048 0.656269894117647 0.7197401428571428
9 0.3510342154798762 0.4891644547619048 0.3505535368421053 0.47040350952380955 0.3505535368421053 0.44635102380952385 0.3500728575851393 0.41315859642857145 0.3491114637770898 0.39487872976190475 0.34574667554179567 0.45789622380952383 0.3380557052631579 0.4679982607142857 0.337575026625387 0.47521400595238095 0.33545671950464395 0.48689903928571426 0.3510342154798762 0.4891644547619048
2 0.3668968718266254 0.5290915761904762 0.3611286160990712 0.541117819047619 0.3668968718266254 0.5517009523809524 0.38035606068111455 0.5603598071428572 0.39093117708978325 0.5651703035714286 0.39814146873065015 0.5555493095238095 0.3995835052631579 0.5440041285714285 0.4005448990712074 0.5391936309523809 0.39862214736842105 0.5339020738095238 0.39525735913312693 0.535345219047619 0.392373213622291 0.5387125702380953 0.38954325820433433 0.5433894238095238 0.38660499504643964 0.5319778857142857 0.3668968718266254 0.5290915761904762
2 0.40102557832817337 0.5343831345238095 0.39910282600619196 0.5415988797619048 0.39669939566563467 0.5512198738095239 0.39477664396284834 0.5632461166666667 0.39669939566563467 0.5680566130952381 0.4015062569659443 0.5704618619047619 0.41256205201238394 0.5690186976190477 0.4183302705882353 0.5632461166666667 0.41688823405572756 0.5574735154761905 0.41208137337461304 0.552663019047619 0.40535176037151704 0.5449662130952381 0.4039663349845201 0.5349759619047619 0.40102557832817337 0.5343831345238095
2 0.5735918984520124 0.5704618619047619 0.5731111826625387 0.5781586857142857 0.5808021900928793 0.5752723583333333 0.5878605659442725 0.5692307702380952 0.5865704086687307 0.5646892619047619 0.5735918984520124 0.5704618619047619
2 0.6038751380804953 0.5459283154761905 0.5961841306501547 0.548814625 0.5971454885448916 0.5603598071428572 0.6043557801857585 0.5642082011904762 0.6139695021671827 0.5627650559523809 0.6231025820433437 0.5589166976190476 0.6259866551083592 0.5545872071428571 0.6192570786377709 0.5415988797619048 0.6185096043343653 0.5403846154761904 0.6139695021671827 0.5440041285714285 0.6038751380804953 0.5459283154761905
2 0.6471368873065015 0.57238605 0.6514630334365326 0.6022111523809524 0.6567506099071208 0.6084647773809524 0.6644415436532508 0.5824881035714286 0.6783814848297214 0.5762344428571429 0.6875144916408669 0.5670945095238096 0.6879952068111455 0.5545872071428571 0.6840144117647059 0.5524038464285714 0.6581926829721363 0.5651703035714286 0.6471368873065015 0.57238605
2 0.6125275021671827 0.5974770833333333 0.6019523492260062 0.5984391690476191 0.5985875616099071 0.6070980773809523 0.6053172105263158 0.6297073988095238 0.6082012835913313 0.6455820535714285 0.6182957213622291 0.6383663083333334 0.6192570786377709 0.6196053630952382 0.6221412247678019 0.6085412238095238 0.6341583770897833 0.6042117690476191 0.6437720996904025 0.5979581261904762 0.6466561721362228 0.5873750285714285 0.6359374891640867 0.5806490392857142 0.6211797938080496 0.5941097321428571 0.6125275021671827 0.5974770833333333
2 0.3741071634674923 0.6196053630952382 0.3760299151702787 0.6248969023809524 0.3837208854489164 0.6244158964285714 0.3899697826625387 0.6191243202380953 0.39381528668730653 0.6239348178571428 0.39910282600619196 0.6258590047619047 0.4005448990712074 0.6191243202380953 0.4005448990712074 0.611908575 0.3971800743034056 0.606135975 0.3928539287925697 0.606135975 0.3853365275541796 0.6034855773809524 0.3779526303405573 0.6095033261904762 0.3741071634674923 0.6196053630952382
2 0.3111372904024768 0.5743866833333333 0.32123169164086685 0.5820834892857143 0.3269999102167183 0.5892992357142857 0.3303647349845201 0.5941097321428571 0.334690880495356 0.5931476297619047 0.3351715956656347 0.5811213869047619 0.3394977411764706 0.57101935 0.334690880495356 0.5633225440476191 0.3260385523219814 0.557549944047619 0.31642483034055724 0.5551446952380953 0.3082531442724458 0.5498531559523809 0.3024849256965944 0.5498531559523809 0.2987980656346749 0.5554086547619048 0.29912013746130034 0.5633225440476191 0.3111372904024768 0.5743866833333333
11 0.24191848359133128 0.5580310047619047 0.22797857894736842 0.55947415 0.22893993622291023 0.5753487869047619 0.24047641052631577 0.5859318833333333 0.2500901325077399 0.5950718357142857 0.2515322055727554 0.6051738714285714 0.2380729801857585 0.6095033261904762 0.22797857894736842 0.611908575 0.2270172216718266 0.6191243202380953 0.23999573188854487 0.6316316416666666 0.26018453374613004 0.6436578845238096 0.27316308049535604 0.6503925511904762 0.2866222693498452 0.6537598845238096 0.29479395541795667 0.6431768059523809 0.29479395541795667 0.6181622178571429 0.2914291306501548 0.5950718357142857 0.2928712037151703 0.5767919321428572 0.2928712037151703 0.5633225440476191 0.2928712037151703 0.5565878595238095 0.2831730656346749 0.5469951928571428 0.2611459275541796 0.5546636535714285 0.24191848359133128 0.5580310047619047
11 0.700012359752322 0.6220106476190476 0.700012359752322 0.6475062416666667 0.7028964321981425 0.6643429809523809 0.7173170154798761 0.6609756297619047 0.7423127517027864 0.6494304476190476 0.7591367653250773 0.6446199511904762 0.7615401962848297 0.6354799988095238 0.7490423281733746 0.6210485083333334 0.7370251752321981 0.6147948654761904 0.7379865325077399 0.606135975 0.7495230433436532 0.6018065202380952 0.758175334365325 0.6022875809523809 0.7625015535603714 0.5974770833333333 0.7625015535603714 0.5859318833333333 0.7543299046439629 0.5686141023809524 0.7346217448916408 0.5633225440476191 0.7245273071207431 0.5599551928571429 0.7149135851393189 0.5532205083333334 0.7068509504643963 0.5566105773809524 0.6985702866873066 0.5835266357142858 0.700012359752322 0.6220106476190476
0 0.6312742315789474 0.5103306488095238 0.6322355888544892 0.5165842916666666 0.6341583770897833 0.5262052857142857 0.6341583770897833 0.537269425 0.6399265962848297 0.5363073214285714 0.6432913839009288 0.5276484309523809 0.6408879535603715 0.516103230952381 0.6356003770897833 0.5098495880952382 0.6312742315789474 0.5103306488095238
2 0.5884931969040248 0.6157569690476191 0.584647693498452 0.6191243202380953 0.5798408321981424 0.6258590047619047 0.5798408321981424 0.6349989571428571 0.5860897665634676 0.6388473869047618 0.5884931969040248 0.6287453142857143 0.5918579851393189 0.6374042047619047 0.5937807003095975 0.6436578845238096 0.5971454885448916 0.6470251988095238 0.6029137801857585 0.6460631333333333 0.6067592105263158 0.6374042047619047 0.6072399256965945 0.6263400654761906 0.5992788352941176 0.6106971154761905 0.5933000582043343 0.6147948654761904 0.5884931969040248 0.6157569690476191
2 0.56493953374613 0.6441388904761906 0.5726305405572756 0.6398094535714285 0.5745532557275542 0.6335558119047618 0.575240373374613 0.628125 0.5654202489164086 0.6349989571428571 0.56493953374613 0.6441388904761906
2 0.5562871690402477 0.6547219869047619 0.5625361034055728 0.6648240238095238 0.56493953374613 0.6571272357142858 0.5630168185758514 0.6378852476190476 0.5626201814241486 0.6389423083333333 0.5562871690402477 0.6465441380952381 0.5562871690402477 0.6547219869047619
7 0.6370424501547988 0.7332095678571429 0.6370424501547988 0.7466789190476191 0.6413686687306502 0.752451536904762 0.6447334569659443 0.7548567857142857 0.6466561721362228 0.7548567857142857 0.6490596024767802 0.7519704583333333 0.6490596024767802 0.7442736702380952 0.6490596024767802 0.7404252952380953 0.648578960371517 0.7495652095238096 0.6447334569659443 0.747159961904762 0.6413686687306502 0.7423494642857142 0.6370424501547988 0.7332095678571429
