11 0.28219793622291023 0.4093188761904762 0.27428584458204336 0.4388573511904762 0.27903309969040246 0.4699782452380952 0.31331883034055724 0.4552090071428571 0.3175386123839009 0.4240881130952381 0.3175386123839009 0.38821996428571426 0.3149012482972136 0.3618463261904762 0.3143737758513932 0.33705510476190476 0.316483666873065 0.31648366666666666 0.3159561938080495 0.3106814666666667 0.30435179318885447 0.31648366666666666 0.29907706501547987 0.34602214285714283 0.28219793622291023 0.4093188761904762
11 0.25740671578947366 0.6640882273809524 0.25424187925696595 0.673582738095238 0.26426386191950463 0.6809673559523809 0.27797815417956656 0.6941541761904763 0.2895825554179567 0.6804398833333334 0.3001320105263158 0.6493189892857143 0.31120893931888544 0.6234728238095238 0.316483666873065 0.5992090761904761 0.3138463027863777 0.5802200559523809 0.3101539931888545 0.5670332369047619 0.30329684705882354 0.5559563083333333 0.29327486439628486 0.5506815797619047 0.27850562662538697 0.5443519071428572 0.2732308990712074 0.5448793797619048 0.2647913343653251 0.5564837809523809 0.26004407925696593 0.5775826916666666 0.2605715523219814 0.5955167666666666 0.2605715523219814 0.6271651333333333 0.2558242972136223 0.6646157 0.25740671578947366 0.6640882273809524
2 0.32411864520123834 0.5698141785714286 0.3261585529411765 0.57412065 0.32910508606811145 0.5806936845238095 0.33386487058823533 0.5863600952380953 0.3388513108359133 0.5911198797619048 0.342477813622291 0.5924798178571429 0.3485975362229102 0.5924798178571429 0.3572104792569659 0.5884000023809524 0.3617436068111455 0.583186905952381 0.3606103250773994 0.5768405261904762 0.3583437609907121 0.5729873678571429 0.35403728978328175 0.5695875214285714 0.3472375975232198 0.5675476142857143 0.34202450092879255 0.5646010809523809 0.33386487058823533 0.5627878297619048 0.3300117114551084 0.5625611738095238 0.3252519275541796 0.5636944547619047 0.32389198885448917 0.5661876761904762 0.32411864520123834 0.5698141785714286
2 0.3705832061919505 0.5890799714285715 0.3712631758513932 0.594519725 0.3748896780185758 0.6024526988095238 0.3780628674922601 0.6074391392857142 0.386902466873065 0.6128788928571428 0.3984619430340557 0.6072124833333333 0.40322172755417957 0.5976929142857142 0.3995952253869969 0.5870400642857143 0.39370215851393187 0.5854534690476191 0.38644915417956655 0.585000155952381 0.3782895238390093 0.5852268130952382 0.37148983219814247 0.5863600952380953 0.3705832061919505 0.5890799714285715
2 0.4317804334365325 0.6187719595238096 0.43200708978328173 0.622171805952381 0.4356335919504644 0.6303314357142856 0.44537981671826626 0.6346379071428571 0.45693929287925694 0.6223984619047619 0.45467272941176473 0.6135588619047619 0.4487796631578947 0.6058525452380952 0.43948675046439634 0.6078924523809524 0.4360869046439628 0.6108389857142856 0.4338203405572756 0.6165053952380953 0.4317804334365325 0.6187719595238096
2 0.6481492291021672 0.6314730047619047 0.6518550563467492 0.63480825 0.658525546130031 0.6314730047619047 0.6637137046439628 0.6273965952380952 0.6700136111455108 0.6173908607142857 0.6722371077399382 0.6114615369047619 0.6718665250773994 0.6025675511904762 0.6689018631578948 0.6003440547619048 0.6551903009287925 0.6040498821428572 0.6418493219814242 0.6088674571428572 0.6370317467492259 0.6122027023809524 0.6429610705882354 0.6244319333333334 0.6481492291021672 0.6314730047619047
2 0.6848369213622291 0.5951558952380952 0.6870604179566563 0.599232305952381 0.6918779931888545 0.6081262916666667 0.7070718860681114 0.610349788095238 0.7174482030959752 0.6047910476190476 0.7218951962848298 0.5988617238095238 0.7226363616099071 0.5936735642857143 0.7207834476780186 0.5851501619047619 0.7189305343653251 0.5825560821428571 0.7111482965944271 0.5807031690476191 0.7048483894736841 0.5829266654761904 0.693730907120743 0.5858913273809524 0.686319252012384 0.5877442404761904 0.6848369213622291 0.5951558952380952
11 0.7296774340557275 0.5799620035714286 0.7307891820433438 0.5888559892857143 0.730418599380805 0.6155379464285714 0.7281951027863777 0.651855055952381 0.7411654990712074 0.6711253595238096 0.7641416297213622 0.671866525 0.7800766879256966 0.6644548702380954 0.7926765015479876 0.6481492285714285 0.8030528185758514 0.6281377607142857 0.8008293219814242 0.6077557095238095 0.7919353356037151 0.5892265714285714 0.7722944501547988 0.5732915130952381 0.7567299746130031 0.5643975273809524 0.7459830749226006 0.5603211178571429 0.7378302544891641 0.5599505345238095 0.7322715133126936 0.569956269047619 0.7296774340557275 0.5799620035714286
2 0.701513144891641 0.523633425 0.7011425622291022 0.5310450797619048 0.7070718860681114 0.5436448940476191 0.7133717931888545 0.5417919797619047 0.725230440866873 0.5325274107142857 0.7326420959752322 0.5210393464285714 0.7333832613003096 0.5054748702380952 0.731530347368421 0.49509855357142857 0.7211540303405573 0.49176330833333337 0.7181893684210526 0.4932456392857143 0.712630627244582 0.5028807916666667 0.7078130513931888 0.5117747773809523 0.7018837275541796 0.5262275047619048 0.701513144891641 0.523633425
11 0.7181893684210526 0.43839939285714286 0.7200422823529411 0.4417346369047619 0.7333832613003096 0.44025230595238096 0.7470948229102167 0.43284065119047616 0.7482065715170279 0.42024083809523805 0.7482065715170279 0.39763529047619045 0.7474654055727554 0.3772532392857143 0.7493183195046439 0.36131818095238094 0.7515418160990712 0.34056554642857145 0.7545064780185757 0.31833058214285714 0.7541358953560371 0.2990602785714286 0.7522829814241486 0.27645473095238093 0.7478359888544892 0.2746018178571428 0.7300480167182662 0.29090745833333337 0.721524613622291 0.3068425166666666 0.7163364551083591 0.33315389166666665 0.715224706501548 0.3539065261904762 0.7122600445820434 0.37502974285714286 0.7111482965944271 0.4068998595238095 0.7178187857585139 0.4369170619047619 0.7181893684210526 0.43839939285714286
2 0.599232305882353 0.5618034488095238 0.6062733783281733 0.5669916071428571 0.6159085300309598 0.5629151964285715 0.6210966885448916 0.5580976214285714 0.621837853869969 0.5484624690476191 0.6196143572755418 0.537344986904762 0.6133144507739938 0.5354920726190476 0.6047910470588235 0.5362332380952382 0.6007146371517028 0.5384567345238095 0.5973793925696594 0.5447566416666666 0.5977499752321982 0.5529094619047619 0.599232305882353 0.5618034488095238
2 0.627026012383901 0.5543917928571428 0.6303612569659442 0.5606917 0.6437022359133127 0.5681033547619048 0.6485198117647059 0.5536506273809524 0.6466668978328174 0.5399390666666667 0.6414787393188855 0.5366038214285714 0.6318435882352942 0.5354920726190476 0.6285083430340558 0.5388273178571428 0.6277671777089783 0.5477213035714286 0.627026012383901 0.5543917928571428
2 0.6477786464396286 0.5462389726190476 0.6511138910216717 0.559209369047619 0.662231373374613 0.5614328654761905 0.6807605108359134 0.5569858726190476 0.6859486693498452 0.5466095559523809 0.6844663386996904 0.5384567345238095 0.67742526625387 0.5280804178571429 0.6692724458204334 0.520298180952381 0.6611196253869969 0.515851186904762 0.6533373876160992 0.5125159428571429 0.6492609770897833 0.5162217702380952 0.6444434012383901 0.5362332380952382 0.6477786464396286 0.5462389726190476
2 0.3013251133126935 0.4937464011904762 0.3035326235294118 0.4977935023809524 0.30831556160990714 0.5073593797619047 0.31420225510835914 0.5176610928571428 0.3208247851393189 0.5235477857142857 0.3340698452012384 0.5195006845238096 0.33701319195046436 0.5025764404761905 0.329286906501548 0.48491636071428573 0.3134664185758514 0.47608632142857144 0.3020609504643963 0.48565219761904765 0.3013251133126935 0.4937464011904762
2 0.39624804334365327 0.5183969285714286 0.3877859213622291 0.5198686023809523 0.3844746563467492 0.5242836226190476 0.382267146749226 0.5323778261904762 0.38888967616099074 0.5448870488095239 0.39477636965944274 0.5430474571428572 0.4036064099071207 0.5353211726190477 0.4013988996904025 0.5239157035714286 0.39624804334365327 0.5187648476190476 0.39624804334365327 0.5183969285714286
2 0.41905897956656346 0.5504058238095239 0.43083236594427243 0.5397361928571428 0.4319361213622291 0.5316419892857143 0.42862485634674924 0.5261232142857143 0.420530653250774 0.5246515404761904 0.40949310278637774 0.527962805952381 0.4069176749226006 0.5316419892857143 0.40654975665634674 0.5386324369047619 0.41354020495356036 0.5515095785714286 0.41905897956656346 0.5504058238095239
