1 0.6844 0.492 0.6828 0.5088 0.6828 0.5152 0.6811999999999999 0.5256000000000001 0.6811999999999999 0.5384 0.6816000000000001 0.5464 0.684 0.5536 0.6884 0.5544 0.6943999999999999 0.5536 0.7028 0.5528 0.7084 0.5496 0.7120000000000001 0.5456 0.7172000000000001 0.5408 0.7196 0.536 0.72 0.516 0.7188 0.5072 0.7164 0.4984 0.7152 0.48960000000000004 0.6844 0.492
1 0.2788 0.5504 0.2736 0.5544 0.2716 0.5688 0.2708 0.584 0.2712 0.6008 0.306 0.6264000000000001 0.3076 0.6192000000000001 0.3104 0.6120000000000001 0.3152 0.5984 0.318 0.5896 0.3204 0.5808 0.32120000000000004 0.576 0.3196 0.5712 0.3176 0.5688 0.3108 0.5624 0.304 0.5608 0.3004 0.5584 0.29560000000000003 0.5568 0.2916 0.5552 0.2872 0.5512 0.28400000000000003 0.5504 0.2788 0.5504
1 0.3452 0.5104 0.3432 0.5032 0.3068 0.48960000000000004 0.3028 0.5064 0.30119999999999997 0.5207999999999999 0.30119999999999997 0.5367999999999999 0.30079999999999996 0.5504 0.3044 0.556 0.3072 0.5592 0.31120000000000003 0.5608 0.3196 0.5656 0.3232 0.5696 0.3316 0.5720000000000001 0.3352 0.5728 0.3392 0.5680000000000001 0.3412 0.5584 0.3444 0.5472 0.34640000000000004 0.5376 0.34640000000000004 0.5304 0.3456 0.5192 0.3452 0.5104
1 0.30079999999999996 0.4976 0.30119999999999997 0.48800000000000004 0.30119999999999997 0.4808 0.2692 0.4608 0.26599999999999996 0.4728 0.2624 0.48719999999999997 0.26 0.4928 0.2576 0.504 0.2572 0.5192 0.258 0.5296 0.2604 0.5376 0.26599999999999996 0.5416 0.2712 0.5424 0.2768 0.5408 0.2864 0.5424 0.294 0.5448 0.3 0.5408 0.302 0.5392 0.3028 0.5312 0.302 0.52 0.30119999999999997 0.5112 0.30079999999999996 0.4976
2 0.3417017306501548 0.5677319047619047 0.3422016365325078 0.5782380416666667 0.3497003399380805 0.5792386095238096 0.3576989492260062 0.5832409583333333 0.36669740866873063 0.5847418297619047 0.3656975585139319 0.5747359952380953 0.364697746749226 0.5697330785714285 0.3507001517027864 0.5627289869047619 0.3492004340557276 0.5612281166666667 0.34770067801857585 0.5517225666666666 0.34670086625387 0.545719080952381 0.3438749888544892 0.5413749999999999 0.341201786377709 0.5522228690476191 0.3417017306501548 0.5677319047619047
2 0.341201786377709 0.6012514511904762 0.35469947554179565 0.6062543678571428 0.35519938142414864 0.6112572845238095 0.36019851702786376 0.6167604857142857 0.3661974643962848 0.6142590273809524 0.3671973145510836 0.605253780952381 0.3571990433436532 0.5907453333333333 0.3482005839009288 0.5847418297619047 0.340701880495356 0.5827406547619047 0.3337030835913313 0.5792386095238096 0.3269999888544891 0.5795 0.3297037975232198 0.5912456178571429 0.341201786377709 0.6012514511904762
2 0.6601466866873066 0.5412164488095238 0.6526479832817338 0.5517225666666666 0.6461490922600619 0.5477202369047619 0.640650012383901 0.5447184940476191 0.6386503888544892 0.5557249154761904 0.6341511207430341 0.5617284 0.6416498241486068 0.5667313166666667 0.6491485275541796 0.5707336654761904 0.6531478513931888 0.5672316202380953 0.662646254489164 0.5632292904761904 0.6731443931888544 0.5582263738095238 0.6791433405572755 0.5532234571428571 0.6766437727554179 0.5447184940476191 0.6676453900928793 0.5422170357142857 0.6601466866873066 0.5412164488095238
2 0.6386503888544892 0.5777377380952381 0.6421497684210526 0.5702333630952381 0.6421497684210526 0.563729575 0.6416498241486068 0.5497214107142857 0.6376505770897832 0.5432176226190476 0.633651253250774 0.5547243285714286 0.633651253250774 0.5592269416666666 0.628152173374613 0.563729575 0.6231530383900928 0.5652304464285715 0.6211534142414861 0.5672316202380953 0.6191537145510836 0.5702333630952381 0.6201536024767802 0.5737354083333334 0.6286521176470589 0.5752362797619047 0.6291519857585139 0.5782380416666667 0.6346510650154799 0.578738325 0.6386503888544892 0.5777377380952381
2 0.6311516854489164 0.5922462047619047 0.6266524179566563 0.5972491214285715 0.6256526055727554 0.604253194047619 0.628152173374613 0.6092561107142856 0.6341511207430341 0.6032526261904763 0.640650012383901 0.6012514511904762 0.6506482835913313 0.6002508642857143 0.6561473628482972 0.5962485345238095 0.6591467987616099 0.5922462047619047 0.6621463102167183 0.5872432880952381 0.6656456904024769 0.578738325 0.646648959752322 0.5857424166666667 0.6311516854489164 0.5922462047619047
2 0.6786434730650155 0.5677319047619047 0.6931409356037151 0.5772374535714285 0.7036391504643963 0.5742356928571428 0.7106379095975232 0.5732351238095238 0.7131374773993808 0.5752362797619047 0.7211361250773993 0.5732351238095238 0.7211361250773993 0.5612281166666667 0.7191364247678019 0.5582263738095238 0.7131374773993808 0.5557249154761904 0.6911413120743034 0.5602275285714285 0.6786434730650155 0.5677319047619047
11 0.25571657647058826 0.5667313166666667 0.2427188321981424 0.5702333630952381 0.2237221015479876 0.5772374535714285 0.2027257479876161 0.5877435714285715 0.2002261801857585 0.604253194047619 0.20172593622291024 0.6142590273809524 0.2107243572755418 0.6237645773809525 0.22522185758513932 0.6302683654761905 0.2412190761609907 0.6462777416666666 0.2577162383900929 0.6557832523809524 0.26421513003095976 0.6452771154761905 0.26571484767801856 0.6262660738095238 0.2687143213622291 0.6107570011904762 0.2687143213622291 0.5887441595238095 0.26449998885448917 0.567 0.25571657647058826 0.5667313166666667
11 0.7166368569659443 0.6392736119047618 0.7191364247678019 0.6537821166666666 0.7341338315789474 0.6532817940476191 0.7696471226006193 0.6397739154761904 0.7816450173374613 0.6257657511904762 0.7786455814241486 0.611757569047619 0.7676474984520124 0.6012514511904762 0.753149959752322 0.5882438750000001 0.7371527411764706 0.5767371511904762 0.7296540383900929 0.5737354083333334 0.7231357486068111 0.5792386095238096 0.7201363133126936 0.6047534964285715 0.7166368569659443 0.6392736119047618
13 0.626671853869969 0.6317692369047618 0.5951772848297213 0.6482788773809524 0.5696817009287926 0.656283575 0.5491852532507739 0.662787325 0.5301885226006192 0.6657890869047619 0.4926950061919505 0.6667896547619048 0.4512021659442725 0.6667896547619048 0.42770624458204337 0.6632876285714285 0.4082096080495356 0.6572841238095237 0.38171421300309594 0.6462777416666666 0.3527192117647059 0.6342706952380952 0.3352222371517028 0.6217634023809524 0.3122262024767802 0.6067546523809524 0.3022279312693499 0.6242648619047618 0.3447206024767802 0.6457774190476191 0.37171594179566564 0.662787325 0.4017107547987616 0.6757949011904762 0.4337051919504644 0.6827989928571429 0.45720115170278636 0.6837995988095238 0.5046929393188855 0.6848001666666667 0.5466856854489164 0.6868013416666667 0.567682039628483 0.6792969666666667 0.5971769467492261 0.6647885 0.6201729622291022 0.6522812071428571 0.6416692222910216 0.6437762833333333 0.6616657640866873 0.6322695392857143 0.6856616303405573 0.6182613761904762 0.678245613622291 0.607 0.651667493498452 0.6222637059523809 0.626671853869969 0.6317692369047618
13 0.5651824718266254 0.5221258642857143 0.5466856854489164 0.5216255797619047 0.519190440247678 0.526128194047619 0.48369654736842105 0.5281293678571428 0.4567012458204334 0.5301305428571429 0.436204759752322 0.5276290845238095 0.41620821733746133 0.526128194047619 0.3887129721362229 0.5246273226190477 0.3712159975232198 0.5226261666666667 0.3722158476780186 0.5426378345238095 0.4097093640866873 0.5426378345238095 0.44770278637770894 0.5401363761904762 0.4676993287925697 0.541136944047619 0.4971942359133127 0.5426378345238095 0.526189199380805 0.541136944047619 0.5511848767801858 0.5381352023809524 0.5721812687306502 0.5366343309523809 0.5911779609907121 0.5351334595238095 0.6186732061919504 0.5346331559523809 0.6326708773993808 0.5321316976190477 0.6421691665634675 0.527128780952381 0.6421691665634675 0.5151217916666667 0.618870613622291 0.521375 0.5881784873065016 0.5256279095238096 0.5651824718266254 0.5221258642857143
9 0.2862307126934985 0.5086179845238095 0.2927295851393189 0.4991124535714286 0.29222966006191947 0.4836034 0.2902300173374613 0.4625911642857143 0.29222966006191947 0.42657015 0.2937294160990712 0.3825444845238095 0.2822313894736842 0.4460815238095238 0.27323294922600616 0.3850459428571429 0.2787320092879257 0.44508095595238095 0.2787320092879257 0.46109027380952383 0.27074561362229105 0.48574999999999996 0.2862307126934985 0.5086179845238095
9 0.33272266934984523 0.5096185714285715 0.3337224811145511 0.5041153714285714 0.3332225752321981 0.4946098214285714 0.33122291331269355 0.48810603333333336 0.33122291331269355 0.47759991547619046 0.33072300743034055 0.4400780380952381 0.32722362786377707 0.47259699880952377 0.32422415417956657 0.48460398690476186 0.3287233455108359 0.4325736630952381 0.328223439628483 0.4040570238095238 0.32522396594427244 0.3900488797619047 0.3227243981424148 0.4510844404761905 0.3207247368421053 0.4801013738095238 0.31772526315789473 0.4755987404761905 0.3122262024767802 0.4465818261904762 0.30622725510835913 0.4285713238095238 0.3137259393188854 0.46709377857142853 0.3157256012383901 0.48610485833333333 0.31574561362229103 0.5045 0.33272266934984523 0.5096185714285715
9 0.7051583046439629 0.5026145000000001 0.7051583046439629 0.4981118666666667 0.7051583046439629 0.4836034 0.705658172136223 0.4695952369047619 0.7096574959752321 0.45708794404761904 0.7136568198142414 0.4280710309523809 0.7091575517027864 0.4095602345238095 0.7091575517027864 0.4465818261904762 0.7001591690402477 0.4720966952380952 0.6981594687306502 0.4675940809523809 0.698659413003096 0.4360756892857143 0.6951600334365325 0.41656431547619044 0.6966597133126935 0.4620908619047619 0.6911607095975232 0.4200663809523809 0.6886611417956656 0.41556373809523806 0.6946600891640867 0.4675940809523809 0.6936602773993809 0.49110777499999997 0.6916605777089784 0.5106191595238095 0.7051583046439629 0.5026145000000001
7 0.705658172136223 0.42206752619047616 0.7041584160990713 0.41556373809523806 0.7041584160990713 0.41306227976190474 0.7061581164086687 0.40755908809523805 0.711157252012384 0.40505762976190474 0.7136568198142414 0.4060581976190476 0.7151565758513931 0.40805936309523805 0.7201557108359133 0.4030564464285714 0.7191558229102167 0.39755325476190473 0.7151565758513931 0.3950517964285714 0.7066579839009287 0.3950517964285714 0.7031586043343653 0.39755325476190473 0.7021587925696595 0.4030564464285714 0.7031586043343653 0.4115613988095238 0.7051583046439629 0.42356840714285715 0.706995613622291 0.423875 0.705658172136223 0.42206752619047616
