2 0.3095527683758519 0.4988347777153856 0.35926406249996035 0.4949124999999988 0.3628130812958261 0.5398894691456612 0.3131017887137659 0.5438117328457694
1 0.33406196105613617 0.5582812903955398 0.39415028427549714 0.566974677173145 0.3847730569812029 0.6317828654853666 0.3246847451703161 0.6230895300559856
2 0.2844315568431739 0.5297364452164111 0.31112508788055493 0.5165552623434989 0.34812143299450327 0.5914705536127409 0.32142796298830945 0.6046516425003926
1 0.6323025119221484 0.5648630337805326 0.5967619604595029 0.5643234299873288 0.5978172120467207 0.4948407139622799 0.6333573621503774 0.4953803146938635
11 0.6738297932631667 0.29797366626264465 0.7158192966504657 0.2910033836673357 0.7386607667056069 0.4285970190083735 0.6966712769029755 0.4355672472479813
2 0.647908978924761 0.5713294320851995 0.6607038131155605 0.5887548881699881 0.6198694753206837 0.6187346058199139 0.6070747296486161 0.6013092298323136
11 0.7028625200808847 0.5333441436562222 0.7446166006308204 0.531169673527624 0.7518681760723211 0.6703998390483247 0.7101140978389822 0.6725742816757784
2 0.6999721141615964 0.5206297125840434 0.6792320104838154 0.5053486956214915 0.7049197097641127 0.47048686972298287 0.725659721009265 0.4857678369350924
2 0.6711363101417192 0.521764659671234 0.6567075293601192 0.5469100787227656 0.6209491047225129 0.5263930471642356 0.635377885937487 0.501247710937492
2 0.29201397683561936 0.4703954722899813 0.29555430663651805 0.4978307108335174 0.27052697452540997 0.5010600341706657 0.26698670126313573 0.47362484684420725
11 0.24598265768293004 0.516563609300138 0.2923315438407599 0.5259773646980394 0.264187933162475 0.6645292931547855 0.21783908269765107 0.6551156565066232
11 0.27886031907235065 0.43613971897987563 0.2405623887244701 0.428360836631875 0.2678428655096923 0.2940574392369877 0.3061402194969105 0.30183626063575897
7 0.47879518157583334 0.738973046398473 0.44807578466304676 0.758347015076016 0.41088603659 0.6993879239863179 0.4416050828125435 0.6800141015624844
11 0.40678293160874546 0.7189991412972132 0.4639585265264259 0.7235722885041431 0.44990423418903447 0.8992521189725118 0.3927286506022938 0.8946790710975104
9 0.6160535956962576 0.5119076266688202 0.6114872305662402 0.5118772998276732 0.6123251927992897 0.38572030865095736 0.6168914797940488 0.38575063523401293
9 0.31142667051562967 0.6943396539851925 0.30639689883287247 0.6919127707968461 0.34354425581580017 0.6149344188438237 0.34857395469373387 0.6173612812187467
9 0.35270682916154783 0.6184126938096265 0.3618544049193133 0.6198507719247193 0.34654340522229177 0.7172308043069643 0.33739583281248997 0.7157927406249944
9 0.3302010062499221 0.6815049015624903 0.32384898241252813 0.679293273060191 0.3453390331973196 0.6175798279881696 0.35169098228777784 0.6197914423085166
7 0.3184007791038539 0.38635609162849566 0.3381632810873043 0.3868101906800889 0.33729767115619325 0.4244799018021868 0.31753516920275615 0.4240258038072791
7 0.5908429055783699 0.7877634737703205 0.5729905995100353 0.7876041620184459 0.573283217331209 0.7548284764632842 0.5911353855800598 0.7549877875991631