2 0.33599999999999997 0.5096 0.33199999999999996 0.528 0.33199999999999996 0.5512 0.3372 0.5576 0.3428 0.556 0.3488 0.5544 0.3552 0.5616 0.3568 0.5656 0.36160000000000003 0.5696 0.36920000000000003 0.5696 0.3748 0.564 0.3772 0.5544 0.37920000000000004 0.5424 0.3796 0.5296 0.3796 0.5184 0.37879999999999997 0.5072 0.3412 0.48879999999999996 0.33599999999999997 0.5096
2 0.42319999999999997 0.5552 0.4248 0.5448 0.42519999999999997 0.5304 0.4228 0.5168 0.4212 0.5088 0.4208 0.5056 0.3804 0.5064 0.37879999999999997 0.5168 0.3772 0.5256000000000001 0.37560000000000004 0.5367999999999999 0.3752 0.5456 0.37560000000000004 0.5576 0.37639999999999996 0.5664 0.3784 0.576 0.3828 0.5792 0.38839999999999997 0.5784 0.39 0.5752 0.3968 0.5808 0.3988 0.5808 0.40280000000000005 0.5824 0.40840000000000004 0.5808 0.4132 0.5792 0.41759999999999997 0.5744 0.42160000000000003 0.5664 0.42319999999999997 0.5552
2 0.4512 0.5784 0.45159999999999995 0.5712 0.45239999999999997 0.5576 0.452 0.5456 0.4492 0.5296 0.4476 0.5176 0.4448 0.512 0.4192 0.5128 0.4184 0.5207999999999999 0.4164 0.5328 0.4152 0.5439999999999999 0.4144 0.552 0.4136 0.564 0.4152 0.5736 0.4164 0.5792 0.4188 0.5864 0.42319999999999997 0.5888 0.42560000000000003 0.588 0.4284 0.5903999999999999 0.4312 0.5871999999999999 0.43320000000000003 0.5824 0.43839999999999996 0.5824 0.44279999999999997 0.5824 0.44520000000000004 0.5808 0.4492 0.5816 0.4512 0.5784
2 0.4956 0.5504 0.49399999999999994 0.5288 0.4744 0.5288 0.47319999999999995 0.5424 0.472 0.556 0.4712 0.5736 0.4712 0.5912000000000001 0.47240000000000004 0.5984 0.474 0.6008 0.4772 0.6032 0.47959999999999997 0.604 0.48360000000000003 0.604 0.4868 0.604 0.49 0.6024 0.4924 0.6016 0.4944 0.5992 0.49520000000000003 0.596 0.496 0.588 0.496 0.5831999999999999 0.496 0.5752 0.4956 0.5504
2 0.3356 0.5856 0.33199999999999996 0.5816 0.32480000000000003 0.5816 0.322 0.5816 0.3204 0.584 0.3176 0.596 0.31439999999999996 0.6056 0.314 0.6248 0.3152 0.6456 0.3572 0.6648000000000001 0.358 0.6608 0.3608 0.6512 0.36319999999999997 0.644 0.3652 0.6368 0.36800000000000005 0.6264000000000001 0.36879999999999996 0.6160000000000001 0.36800000000000005 0.6112 0.36679999999999996 0.6048 0.36360000000000003 0.6 0.36 0.5944 0.3572 0.5903999999999999 0.34919999999999995 0.5856 0.3424 0.5856 0.33959999999999996 0.5871999999999999 0.3368 0.5896 0.3356 0.5856
2 0.3988 0.6063999999999999 0.39640000000000003 0.6008 0.3932 0.5976 0.39080000000000004 0.5976 0.3872 0.6 0.384 0.6024 0.38079999999999997 0.6032 0.37879999999999997 0.6032 0.37439999999999996 0.6008 0.3696 0.6016 0.3664 0.604 0.364 0.6184000000000001 0.3628 0.6328 0.36319999999999997 0.6504 0.3628 0.6624000000000001 0.4064 0.6776 0.41 0.6696000000000001 0.4144 0.6591999999999999 0.4196 0.6432 0.42160000000000003 0.6352 0.42160000000000003 0.628 0.4208 0.624 0.4196 0.6192000000000001 0.4184 0.6168 0.41679999999999995 0.6168 0.41559999999999997 0.6144000000000001 0.4132 0.6144000000000001 0.4088 0.6168 0.4052 0.6192000000000001 0.40280000000000005 0.6160000000000001 0.4012 0.6120000000000001 0.3988 0.6063999999999999
2 0.4292 0.62 0.4268 0.6224000000000001 0.42560000000000003 0.624 0.4228 0.6232000000000001 0.4208 0.6208 0.4184 0.62 0.41679999999999995 0.6224000000000001 0.41559999999999997 0.6264000000000001 0.4116 0.6384 0.41 0.6519999999999999 0.40919999999999995 0.6656000000000001 0.4096 0.6768 0.43839999999999996 0.6856 0.4436 0.6784 0.4484 0.6672 0.45159999999999995 0.6559999999999999 0.452 0.6504 0.452 0.6456 0.452 0.6408 0.4512 0.636 0.45 0.6312 0.4476 0.6288 0.4448 0.6256 0.4412 0.6248 0.4388 0.6256 0.43760000000000004 0.6256 0.4352 0.6224000000000001 0.432 0.62 0.4292 0.62
2 0.6012 0.6288 0.5996 0.6336 0.5984 0.6384 0.5984 0.6519999999999999 0.6023999999999999 0.668 0.6104 0.6784 0.6152 0.6839999999999999 0.6376 0.6559999999999999 0.6376 0.6432 0.6364000000000001 0.6328 0.6348 0.6248 0.6332 0.6176 0.6308 0.6144000000000001 0.6272 0.6135999999999999 0.6236 0.6120000000000001 0.6212000000000001 0.6112 0.6184 0.6152000000000001 0.6172 0.62 0.614 0.6208 0.612 0.6216 0.6096 0.6216 0.6048 0.6216 0.6023999999999999 0.624 0.6012 0.6288
2 0.6531999999999999 0.604 0.6496000000000001 0.6032 0.6472 0.604 0.6444 0.6056 0.6419999999999999 0.608 0.6392 0.6095999999999999 0.6379999999999999 0.6103999999999999 0.6344000000000001 0.6103999999999999 0.6312 0.6144000000000001 0.6304 0.62 0.63 0.628 0.6316 0.6392 0.6379999999999999 0.6512 0.6419999999999999 0.6599999999999999 0.6472 0.6712 0.686 0.6447999999999999 0.6856 0.6384 0.6848 0.6304 0.684 0.6176 0.6828 0.604 0.6808 0.5944 0.6788 0.5903999999999999 0.6768 0.5871999999999999 0.674 0.588 0.6704 0.5896 0.6679999999999999 0.592 0.6659999999999999 0.5928 0.6628000000000001 0.5936 0.6587999999999999 0.5936 0.658 0.5968 0.6564 0.604 0.6531999999999999 0.604
2 0.7236 0.5752 0.7212000000000001 0.576 0.7183999999999999 0.5752 0.7152 0.576 0.7136 0.5776 0.7115999999999999 0.5808 0.7108 0.5816 0.7091999999999999 0.58 0.7064 0.5784 0.7040000000000001 0.5784 0.7016 0.5784 0.6968000000000001 0.5792 0.6928000000000001 0.5848 0.6908000000000001 0.5856 0.6896 0.5856 0.6872 0.5856 0.6844 0.5871999999999999 0.6828 0.592 0.6828 0.5992 0.6831999999999999 0.6032 0.6836 0.6127999999999999 0.684 0.6208 0.686 0.6272 0.688 0.6344 0.69 0.6416 0.6916 0.6456 0.7308 0.6352 0.7312 0.6328 0.7316 0.6296 0.732 0.6264000000000001 0.732 0.6216 0.732 0.6192000000000001 0.7316 0.6120000000000001 0.732 0.6056 0.7316 0.6008 0.7312 0.5968 0.7312 0.5936 0.73 0.5903999999999999 0.7292 0.588 0.7283999999999999 0.5848 0.7268 0.58 0.7252000000000001 0.5768 0.7236 0.5752
2 0.6764 0.5344 0.6811999999999999 0.5512 0.6848 0.552 0.6884 0.556 0.6948000000000001 0.5584 0.7008 0.5528 0.7036 0.5472 0.7088 0.5352 0.7128 0.532 0.716 0.5272 0.7183999999999999 0.5168 0.7172000000000001 0.5008 0.7128 0.4864 0.7100000000000001 0.4776 0.676 0.496 0.6748 0.5152 0.6764 0.5344
2 0.6748 0.5512 0.6756 0.5448 0.676 0.5376 0.6764 0.5312 0.6752 0.5184 0.6736 0.5088 0.6712 0.4976 0.6688000000000001 0.492 0.6308 0.4992 0.6292 0.5184 0.6292 0.5384 0.6295999999999999 0.556 0.6312 0.564 0.6368 0.5632 0.6392 0.5664 0.6432 0.5680000000000001 0.646 0.5688 0.6496000000000001 0.5680000000000001 0.654 0.5648 0.656 0.5599999999999999 0.6572 0.5592 0.6604 0.5592 0.6639999999999999 0.5592 0.6664000000000001 0.5592 0.6688000000000001 0.5576 0.6724 0.5544 0.6748 0.5512
2 0.6336 0.5224 0.6316 0.508 0.6032 0.512 0.6012 0.5264 0.6003999999999999 0.5472 0.6012 0.5592 0.6028 0.5728 0.6064 0.5752 0.6084 0.576 0.6112 0.5744 0.6152 0.5744 0.6192 0.5712 0.6236 0.5728 0.6264 0.5736 0.6295999999999999 0.5720000000000001 0.6308 0.5704 0.634 0.5664 0.636 0.5616 0.6372 0.5544 0.6364000000000001 0.5367999999999999 0.6336 0.5224
9 0.4752 0.4792 0.4748 0.508 0.4744 0.5288 0.4936 0.5288 0.49399999999999994 0.5232 0.4932 0.508 0.49279999999999996 0.5 0.4924 0.48800000000000004 0.49200000000000005 0.4768 0.4916 0.4696 0.49 0.4576 0.4884 0.4504 0.48719999999999997 0.44 0.48519999999999996 0.4304 0.4832 0.42560000000000003 0.4784 0.42239999999999994 0.4768 0.4264 0.4744 0.44 0.474 0.4568 0.4752 0.4792
11 0.296875 0.5625 0.21448863653250774 0.6420454547619048 0.2372159089783282 0.7073863630952382 0.3181818179566564 0.671875 0.296875 0.5625
11 0.7997159089783282 0.650568182142857 0.8096590910216718 0.5951704547619048 0.7315340910216718 0.5710227273809524 0.7329545455108359 0.7017045452380952 0.7997159089783282 0.650568182142857
27 0.6136363634674923 0.6235795452380952 0.44460227244582046 0.634943182142857 0.453125 0.6704545452380952 0.6278409089783282 0.65625 0.6136363634674923 0.6235795452380952
13 0.5596590910216718 0.697443182142857 0.6264204544891641 0.693181817857143 0.7443181820433437 0.6477272726190476 0.7414772724458205 0.630681817857143 0.6235795455108359 0.6846590904761906 0.5198863634674923 0.6761363630952382 0.36789772755417954 0.6590909095238094 0.3181818179566564 0.6420454547619048 0.32102272755417954 0.6576704547619048 0.32528409102167183 0.6548295452380952 0.4431818179566564 0.697443182142857 0.5596590910216718 0.697443182142857
13 0.3338068179566564 0.4957386369047619 0.4644886365325077 0.5340909095238096 0.515625 0.5284090904761904 0.578125 0.5170454547619048 0.703125 0.48153409047619045 0.7002840910216718 0.47443181785714283 0.4786931820433436 0.5255681821428572 0.3451704544891641 0.4857954547619047 0.3338068179566564 0.4957386369047619
