1 0.5523343752321982 0.527615625 0.5516265622291021 0.5239828119047619 0.531117187616099 0.534884375 0.5297031250773994 0.5450578119047619 0.5297031250773994 0.552325 0.5289953126934985 0.5639531249999999 0.5289953126934985 0.572675 0.5297031250773994 0.5813953130952382 0.531117187616099 0.5893890630952381 0.5328859374613003 0.594476561904762 0.5346531250773994 0.5995640619047619 0.5388968749226006 0.6031984380952381 0.544907812383901 0.6046515619047619 0.5480906247678019 0.6031984380952381 0.5541015622291021 0.595929688095238 0.5562234377708978 0.5850296869047619 0.5565765622291021 0.5639531249999999 0.5565765622291021 0.5537796869047619 0.5558703126934984 0.5399703130952381 0.5551624996904025 0.531976561904762 0.5523343752321982 0.527615625
9 0.5297031250773994 0.45130781190476194 0.5300562501547987 0.488371875 0.531825 0.514534375 0.5307640625386997 0.53415625 0.5410187498452013 0.5297968750000001 0.5512734377708979 0.52325625 0.5509187498452013 0.516715625 0.5498578123839009 0.4956390630952381 0.5487984377708979 0.47892500000000005 0.5466765622291022 0.454215625 0.5456156247678018 0.4462203130952381 0.5427859374613003 0.4251453130952381 0.5413718749226006 0.39898281190476187 0.5413718749226006 0.386628125 0.5396046873065016 0.38735468809523804 0.5364218749226006 0.391715625 0.5350078123839009 0.3968015619047619 0.5328859374613003 0.404796875 0.531825 0.4113375 0.5314703126934984 0.43168593809523814 0.5297031250773994 0.45130781190476194
2 0.681840786996904 0.5827615607142856 0.6862334619195046 0.5837377107142857 0.6920903622291021 0.5871542357142857 0.7023399374613004 0.5881303857142857 0.7096610625386996 0.5827615607142856 0.7116133622291022 0.5788569607142857 0.7140537374613003 0.5666550845238095 0.709172987616099 0.5568935845238095 0.6964830371517028 0.5539651345238096 0.6867215368421052 0.5529889845238095 0.6764719616099072 0.5549412845238095 0.6730554365325077 0.5578697345238095 0.6759838866873066 0.5690954595238096 0.6789123368421053 0.5793450357142857 0.681840786996904 0.5827615607142856
2 0.6506039863777089 0.6061891607142857 0.6579251114551083 0.6022845607142857 0.662317786377709 0.5964276607142858 0.6642700866873065 0.5881303857142857 0.6535324365325078 0.5842257857142857 0.6398663362229102 0.5856900107142857 0.6330332860681115 0.5900826857142858 0.6281525362229102 0.5993561107142857 0.6276644613003096 0.6017964857142857 0.6266883108359134 0.6100937607142857 0.6384021114551084 0.6115579857142858 0.6506039863777089 0.6061891607142857
2 0.6359617362229102 0.5149191345238096 0.6359617362229102 0.5222402595238096 0.6379140359133127 0.5354182845238095 0.6408424860681114 0.5437155595238096 0.6530443616099071 0.5495724595238095 0.6647581616099071 0.5378586595238095 0.6681746866873064 0.5261448595238095 0.6579251114551083 0.5158952845238095 0.6393782613003096 0.5066218583333334 0.6359617362229102 0.5149191345238096
11 0.7018518625386997 0.6047249357142858 0.7013637876160991 0.6105818357142857 0.7042922371517027 0.6286406107142858 0.7072206873065016 0.6432828607142858 0.7140537374613003 0.6569489619047619 0.720886787616099 0.667686611904762 0.7399217133126935 0.6603654869047618 0.7550520383900928 0.6554847369047618 0.7687181386996904 0.6466993869047619 0.7794557888544892 0.6266883107142858 0.7760392637770899 0.6086295357142857 0.7687181386996904 0.5974038107142857 0.7555401133126934 0.5808092607142857 0.745778613003096 0.5720239095238095 0.7360171126934985 0.5642147095238096 0.724791387616099 0.5564055095238095 0.7203987126934985 0.5544532095238095 0.7160060377708978 0.5583578095238095 0.7101491374613004 0.5710477595238095 0.7096610625386996 0.5759285107142857 0.7003876371517027 0.5954515107142857 0.7018518625386997 0.6047249357142858
11 0.7174702625386997 0.42901793214285716 0.7311363628482972 0.40900685714285717 0.7369932631578948 0.38411503214285714 0.7296721380804954 0.36556818095238097 0.7262556130030959 0.35824705595238093 0.7218629374613003 0.34994978095238094 0.7164941126934984 0.346533255952381 0.6979472625386998 0.32993870595238095 0.6745196619195046 0.318712980952381 0.6715912117647059 0.327010255952381 0.6696389120743034 0.333843305952381 0.6706150619195047 0.3421405809523809 0.674031586996904 0.351414005952381 0.6784242619195047 0.3631278059523809 0.6833050117647058 0.3777700571428571 0.6872096123839009 0.3929003821428571 0.6930665120743035 0.40705455714285715 0.7008757120743034 0.4192564321428572 0.7140537374613003 0.43389868214285715 0.7174702625386997 0.42901793214285716
11 0.2664889547987616 0.38606733214285716 0.27283393003095974 0.42608948214285713 0.2947973052631579 0.4358509821428571 0.30748725510835917 0.38753155714285714 0.30943955541795665 0.34360480595238097 0.30504688049535605 0.3045588047619048 0.29284500495356036 0.28894040476190475 0.28064313003095975 0.3421405809523809 0.2664889547987616 0.38606733214285716
2 0.32164143095975234 0.5803211857142857 0.3187129808049535 0.5661670095238095 0.31383223034055724 0.5656789345238095 0.3030945801857585 0.5637266345238096 0.2889404049535604 0.5603101095238094 0.2791789046439629 0.5588458845238096 0.27527430464396285 0.5637266345238096 0.273810079876161 0.5715358345238095 0.28113120495356037 0.5837377107142857 0.2951351275541796 0.5950311964285715 0.29333307987616103 0.5993561107142857 0.301142280495356 0.5959395857142857 0.32164143095975234 0.5803211857142857
2 0.3445809560371517 0.6071653107142857 0.3465332563467492 0.6135102857142858 0.3484855560371517 0.6139983607142856 0.3616635814241486 0.6110699107142857 0.3719131566563468 0.5983799607142857 0.3665443312693499 0.5905707607142857 0.3597112811145511 0.5871542357142857 0.3523901560371517 0.5852019357142857 0.3416525058823529 0.5793450357142857 0.3387240557275542 0.5915469107142857 0.3445809560371517 0.6071653107142857
11 0.2167053040247678 0.6247360107142856 0.2206099040247678 0.6354736607142857 0.2274429541795666 0.6452351619047618 0.23574022910216716 0.6535324369047619 0.24647787925696596 0.6637820119047619 0.25819167925696596 0.677936186904762 0.26941740495356037 0.6886738369047619 0.27576237956656346 0.688185761904762 0.2791789046439629 0.673055436904762 0.28064313003095975 0.6520682119047619 0.28113120495356037 0.6315690607142858 0.28210735479876164 0.6081414607142857 0.277714679876161 0.5852019357142857 0.2718577795665635 0.5817854107142857 0.2586797547987616 0.5861780857142858 0.23915675417956656 0.5915469107142857 0.2240264291021672 0.6017964857142857 0.21768145386996904 0.6208314107142857 0.2167053040247678 0.6247360107142856
