2 0.3013658057321891 0.5968423043818794 0.3383841526292599 0.554234710850946 0.39840390327412933 0.6063755933338738 0.36138587723166893 0.6489828818678041
2 0.4368789345410278 0.5923545200665172 0.39828409482390725 0.5877865443305005 0.40748517213603463 0.5100565150908682 0.4460795032380247 0.5146244601467276
11 0.29061902942964934 0.6367206759235997 0.23470749694183723 0.654191342374416 0.2014910845293798 0.547898613632599 0.25740156250003565 0.5304281249999885
11 0.33470438469214514 0.35032961696321113 0.37264711309103404 0.3591680812962646 0.33567450960845235 0.517879481351566 0.2977318136621534 0.5090411130872272
11 0.6139834763396266 0.33739175030947505 0.6598444351967601 0.3062306303954812 0.7284262514305055 0.40716107779927396 0.6825654705570514 0.4383219799387733
11 0.7789297220936078 0.6560091841268006 0.7350045104911942 0.6669894112183734 0.6978525025481304 0.5183816384851021 0.741776562499922 0.5074015625000082
2 0.3895507572655106 0.5511732633766094 0.34321947030105093 0.5620158238865217 0.33297167007867756 0.5182293188088293 0.3793026338598793 0.5073867975271165
9 0.41250000000002274 0.421874999999999 0.41901866783518926 0.4217332998101061 0.42110198681791644 0.5175666338896104 0.41458331901515066 0.5177083331124196
9 0.42363515636873217 0.42596646867350474 0.42867580656786686 0.426123978625042 0.4260741842767857 0.5093760160860994 0.42103353412119304 0.5092185070736129
9 0.30833333281259456 0.7010416671875188 0.3031145537456723 0.6986333186168145 0.33515743418001875 0.6292075364686106 0.34037614418753037 0.6316158664765881
9 0.34687487915311976 0.638541645500172 0.3596058544034122 0.640826361445631 0.3450226373104215 0.7220763636463309 0.3322916671875191 0.7197916671875081