2 0.2931441862127713 0.5446137999474012 0.3463555698003802 0.5455990968074825 0.3446265657561298 0.638965180358421 0.291415182484684 0.6379798917552861
11 0.24820641610574512 0.5260212000167476 0.30215004637739185 0.5359455711468926 0.27487761465260974 0.6841683467514199 0.22093402123005035 0.674244113057475
11 0.28245131758717434 0.3413468064296464 0.3313354187321238 0.35503329922341686 0.2883640930198226 0.508505978214917 0.23948004881560792 0.4948196287322855
11 0.6736288460766673 0.36974016065854287 0.7213039994164774 0.35443755764007595 0.7704450426110725 0.5075279936261786 0.722769963812766 0.5228304323651811
11 0.7780159449881694 0.6721338908697523 0.6979311111284687 0.6507790285935499 0.7225106237224281 0.5586145111920573 0.8025940988277398 0.5799691826641425
2 0.6701596655946105 0.5393718057630643 0.6748852446485216 0.5629972129237716 0.6383112342564345 0.5703119879286237 0.6335857400308669 0.5466866548659757
2 0.6125426605960911 0.608299381297102 0.637156991741449 0.5696243209499176 0.6695649666703503 0.590247876067836 0.6449507912219588 0.6289227995033703
2 0.6625359974736966 0.5724437826468163 0.7070968876855659 0.5643426934814441 0.7207555668389887 0.6394656340875711 0.6761946924939366 0.6475666662048152
2 0.3929135568384936 0.6030055742011632 0.37871532509132066 0.626881975124908 0.33979524523192595 0.6037404193527108 0.35399347274892534 0.5798641182708076
7 0.3568823052097514 0.7674438925393738 0.36805758805360256 0.7840727613286651 0.34360236749341766 0.8005045184146837 0.33242715056383076 0.7838757081251829
7 0.715791069729903 0.7288839765624999 0.697258865379581 0.7288839765624999 0.6972589315461164 0.6992206125 0.7157910164945633 0.6992206125