2 0.33399999999999996 0.5616 0.33199999999999996 0.5608 0.3308 0.5599999999999999 0.33 0.5608 0.32759999999999995 0.5616 0.3216 0.5584 0.318 0.5544 0.3152 0.552 0.3132 0.5504 0.3068 0.5472 0.3032 0.5448 0.29760000000000003 0.5456 0.2952 0.5536 0.2928 0.5632 0.2924 0.5848 0.2928 0.5952000000000001 0.2937636117647059 0.6230631452380953 0.3014630613003096 0.6378697785714286 0.31745422600619194 0.6384620440476191 0.3312 0.6288 0.33240000000000003 0.624 0.3336 0.6216 0.33599999999999997 0.6160000000000001 0.33880000000000005 0.608 0.34 0.6048 0.34159999999999996 0.6 0.3432 0.5968 0.3452 0.5903999999999999 0.3456 0.5864 0.3456 0.5824 0.3444 0.576 0.3436 0.5736 0.3428 0.5720000000000001 0.34080000000000005 0.5688 0.3376 0.564 0.33399999999999996 0.5616
11 0.29206718761609907 0.5907453130952381 0.2902640625386997 0.564903125 0.28125 0.5498796869047619 0.26682656222910217 0.529446875 0.24459062476780188 0.5456734369047619 0.2427890625386997 0.5769234369047619 0.23076874984520124 0.62079375 0.23317343777089783 0.647235938095238 0.23137031269349845 0.665865625 0.24399062476780184 0.678485938095238 0.2638218749226006 0.6556484380952381 0.2746390625386997 0.625 0.29206718761609907 0.5907453130952381
11 0.2986781250773994 0.377403125 0.28245156222910217 0.341346875 0.2746390625386997 0.3816109369047619 0.26442343777089783 0.419471875 0.24879843777089783 0.4615390630952381 0.2578125003095975 0.4849765630952381 0.2794468749226006 0.506009375 0.2902640625386997 0.5012015630952381 0.2974765622291022 0.4759609369047619 0.29987968730650155 0.4501203130952381 0.3052890625386997 0.40625 0.2986781250773994 0.377403125
11 0.7247593752321981 0.372596875 0.7115390625386998 0.357571875 0.6977156247678018 0.393028125 0.6971156247678019 0.442909375 0.7127406247678019 0.4915859369047619 0.7283656247678019 0.521034375 0.7542062501547988 0.474759375 0.7524031250773995 0.451321875 0.7349765622291021 0.40985625 0.7247593752321981 0.372596875
11 0.7638218749226006 0.6484375 0.7788468749226005 0.6490390619047619 0.7878609374613004 0.6352156250000001 0.7974765622291021 0.599159375 0.7734374996904025 0.588340625 0.7536062501547988 0.5733171869047619 0.7235578123839009 0.55889375 0.71875 0.572715625 0.7145437498452012 0.6063703130952381 0.7085343752321982 0.631009375 0.7139421876160991 0.655048438095238 0.7331734377708978 0.658053125 0.7379812501547988 0.651442186904762 0.7638218749226006 0.6484375
2 0.6422182080495356 0.5670105571428571 0.6465495386996905 0.5670105571428571 0.6528496557275543 0.5674043154761904 0.6567872291021672 0.5662230428571429 0.6622998315789473 0.5607104404761905 0.6701749783281734 0.5536228083333333 0.6717500080495357 0.5473226904761904 0.6662374049535603 0.5418100880952381 0.6603310452012383 0.5422038452380953 0.6540309281733746 0.5425976035714286 0.647337053250774 0.5445663892857143 0.6422182080495356 0.5449601476190477 0.6386743919504644 0.5473226904761904 0.6347368185758514 0.5524415369047618 0.6370993628482973 0.5603166833333334 0.6422182080495356 0.5670105571428571
2 0.6615123170278638 0.5851233952380952 0.6559997145510835 0.5855171523809524 0.651274626625387 0.5874859392857142 0.6402494210526316 0.5918172690476191 0.6347368185758514 0.5926047845238096 0.6185927678018576 0.5989049011904761 0.6142614371517028 0.6055987761904762 0.6181990105263158 0.6118988928571429 0.6304054879256966 0.6178052535714286 0.6398556637770898 0.6256804 0.6469432959752323 0.6256804 0.651274626625387 0.618986525 0.6485183250773994 0.6118988928571429 0.6504871120743033 0.6040237464285715 0.6591497733746131 0.5926047845238096 0.6615123170278638 0.5851233952380952
2 0.6646623758513931 0.5819733357142857 0.6674186773993808 0.5992986583333333 0.6705687356037151 0.616623980952381 0.6764750959752323 0.6339493035714286 0.6823814557275542 0.6406431785714286 0.692619146130031 0.6445807523809524 0.7036443517027864 0.6347368190476191 0.7075819250773994 0.6244991285714285 0.7075819250773994 0.6126864083333333 0.7075819250773994 0.600479930952381 0.7107319839009287 0.5843358797619047 0.7028568371517029 0.5662230428571429 0.694587933126935 0.5666168 0.6835627275541797 0.5689793440476191 0.6678124346749227 0.575279461904762 0.6646623758513931 0.5819733357142857
2 0.3494365547987616 0.5875272238095238 0.3506210854489164 0.6041106535714286 0.35535920804953564 0.6129946333333333 0.3660199845201238 0.6171404916666666 0.37964208730650156 0.6195095523809524 0.3855647405572755 0.6153636952380952 0.38793380185758514 0.6076642452380953 0.38082661795665634 0.5958189392857143 0.3707581071207431 0.5904885511904762 0.35891280000000003 0.5827891011904762 0.3494365547987616 0.5875272238095238
7 0.29802337399380807 0.7817939559523809 0.29595376780185756 0.7999030154761905 0.3083714080495356 0.8092162452380952 0.32492826253869966 0.8143902619047618 0.3368285009287926 0.7999030154761905 0.33631109969040246 0.7869679726190476 0.3368285009287926 0.7786895452380952 0.33631109969040246 0.7709285202380953 0.32906747554179566 0.7652371011904762 0.32078904891640864 0.7647197 0.305784399380805 0.7750677333333333 0.29802337399380807 0.7817939559523809
