9 0.3576 0.6688000000000001 0.35479999999999995 0.6768 0.35479999999999995 0.6839999999999999 0.3584 0.6864 0.36160000000000003 0.6832 0.3652 0.6744 0.3696 0.6632 0.37360000000000004 0.6487999999999999 0.3752 0.6408 0.3768 0.632 0.3804 0.6184000000000001 0.3816 0.6103999999999999 0.35159999999999997 0.6024 0.34640000000000004 0.6288 0.342 0.6447999999999999 0.33959999999999996 0.6591999999999999 0.3392 0.6696000000000001 0.3404 0.6784 0.3436 0.672 0.34640000000000004 0.6624000000000001 0.3504 0.6527999999999999 0.35400000000000004 0.6447999999999999 0.3568 0.6384 0.35960000000000003 0.6296 0.3628 0.62 0.366 0.6184000000000001 0.36679999999999996 0.6272 0.3664 0.6352 0.36360000000000003 0.648 0.36160000000000003 0.6584000000000001 0.3576 0.6688000000000001
10 0.5404 0.42000000000000004 0.5384 0.4344 0.5376000000000001 0.4464 0.5372 0.4592 0.5364 0.4736 0.5352 0.4864 0.5327999999999999 0.5016 0.5576 0.5088 0.5568 0.5024000000000001 0.5568 0.4912 0.5568 0.4792 0.5564 0.46480000000000005 0.556 0.452 0.5564 0.4376 0.5572 0.42560000000000003 0.5576 0.412 0.5576 0.40240000000000004 0.5568 0.3872 0.5552 0.3784 0.5516 0.3768 0.5484 0.3864 0.5448 0.39759999999999995 0.542 0.4088 0.5404 0.42000000000000004
1 0.41800000000000004 0.54 0.41800000000000004 0.5512 0.424 0.5616 0.4292 0.5584 0.434 0.552 0.4372 0.5464 0.43839999999999996 0.54 0.4388 0.5328 0.4396 0.5184 0.4396 0.5112 0.438 0.5056 0.4352 0.504 0.43079999999999996 0.4992 0.4264 0.49520000000000003 0.4196 0.49039999999999995 0.4172 0.48960000000000004 0.41559999999999997 0.4976 0.41600000000000004 0.5064 0.4132 0.5032 0.41119999999999995 0.496 0.4096 0.4928 0.408 0.4864 0.4052 0.4792 0.4032 0.4736 0.4012 0.4712 0.3992 0.4712 0.3972 0.4776 0.3956 0.484 0.3924 0.4824 0.38839999999999997 0.4784 0.386 0.4736 0.38079999999999997 0.47040000000000004 0.376 0.4728 0.3724 0.48 0.3704 0.4912 0.36920000000000003 0.5064 0.37 0.5168 0.37120000000000003 0.524 0.3748 0.5296 0.3796 0.5336 0.3852 0.5312 0.38880000000000003 0.5296 0.3932 0.528 0.3956 0.5288 0.3996 0.5367999999999999 0.40840000000000004 0.5352 0.4124 0.5312 0.41559999999999997 0.5304 0.41800000000000004 0.54
1 0.6188 0.5744 0.6176 0.5688 0.6148 0.5599999999999999 0.6096 0.5504 0.6072000000000001 0.5448 0.6008 0.5384 0.5956 0.5392 0.5848 0.5472 0.5776 0.5504 0.5728 0.5552 0.57 0.5624 0.5708 0.5824 0.5731999999999999 0.5952000000000001 0.5784 0.6048 0.5828 0.6120000000000001 0.59 0.6256 0.5936 0.6304 0.6012 0.6304 0.6064 0.624 0.6108 0.62 0.6164 0.6176 0.6204000000000001 0.6063999999999999 0.6216 0.5952000000000001 0.6212000000000001 0.588 0.6188 0.5744
1 0.6472 0.528 0.6432 0.5232 0.6376 0.5192 0.632 0.5224 0.6244 0.5304 0.6168 0.536 0.6136 0.5448 0.612 0.556 0.6128 0.5712 0.6176 0.58 0.6236 0.588 0.6287999999999999 0.5912000000000001 0.6344000000000001 0.5952000000000001 0.6408 0.596 0.6484 0.5896 0.6516000000000001 0.5808 0.656 0.5752 0.66 0.5671999999999999 0.6587999999999999 0.556 0.6572 0.5496 0.6556000000000001 0.5416 0.652 0.5344 0.6472 0.528
9 0.6544 0.6176 0.6567999999999999 0.6256 0.6596 0.6352 0.6616 0.6472 0.6639999999999999 0.6584000000000001 0.6664000000000001 0.6696000000000001 0.6692 0.6744 0.674 0.6728000000000001 0.6764 0.6632 0.6764 0.6559999999999999 0.6748 0.648 0.6724 0.6432 0.6708000000000001 0.636 0.6688000000000001 0.6288 0.6676 0.62 0.6656 0.6112 0.6639999999999999 0.6048 0.662 0.5944 0.6587999999999999 0.5848 0.6584 0.5768 0.6584 0.5704 0.6204000000000001 0.5871999999999999 0.6236 0.6008 0.6264 0.6056 0.6308 0.6135999999999999 0.6364000000000001 0.6272 0.6404000000000001 0.6392 0.6456 0.6536 0.6507999999999999 0.6648000000000001 0.6551999999999999 0.6656000000000001 0.6587999999999999 0.6599999999999999 0.6592 0.6559999999999999 0.6564 0.6504 0.654 0.6392 0.6524 0.632 0.6492 0.6296 0.648 0.624 0.648 0.6168 0.6512000000000001 0.6127999999999999 0.6544 0.6176
1 0.3828 0.6144000000000001 0.3852 0.6088 0.38760000000000006 0.6016 0.39039999999999997 0.5944 0.39080000000000004 0.5856 0.38959999999999995 0.5792 0.386 0.5728 0.38120000000000004 0.5688 0.3772 0.5680000000000001 0.374 0.5632 0.3656 0.5632 0.35600000000000004 0.5632 0.3544 0.5680000000000001 0.3532 0.5784 0.3528 0.5888 0.3528 0.6016 0.3828 0.6144000000000001
11 0.6647514049535604 0.37224608809523807 0.6695285021671826 0.3928243511904762 0.6794501647058824 0.4170773047619048 0.6952513312693498 0.4442700107142857 0.7128898433436534 0.43692063095238093 0.7198717541795666 0.41781224285714286 0.7253837888544892 0.3869448476190476 0.7195042848297214 0.37224608809523807 0.7051729944272446 0.36122201785714286 0.6967212074303406 0.3472581964285714 0.6882694204334365 0.32631246428571425 0.6798176340557276 0.31418598809523807 0.6691610328173374 0.30536673214285714 0.6577694941176472 0.3079390142857143 0.6577694941176472 0.32263777380952385 0.6585044321981425 0.36342683214285715 0.6647514049535604 0.37224608809523807
11 0.24797162724458205 0.6351440380952381 0.25250374551083593 0.6467980571428572 0.2686898835913313 0.6675163130952381 0.28358113003095975 0.6869396773809523 0.29135047616099075 0.6629841940476191 0.296530040247678 0.6286695821428572 0.30041471269349845 0.6034192083333334 0.29588259442724457 0.5846432880952381 0.26998477461300313 0.5619826952380953 0.2550935275541796 0.5606878047619047 0.23696505386996902 0.5580980226190476 0.22660592569659443 0.5613352500000001 0.24214461795665634 0.6131308904761905 0.24797162724458205 0.6351440380952381
10 0.3850888185758514 0.63251075 0.37846566934984516 0.6902267642857143 0.38035799752321986 0.7044192273809523 0.39265813188854487 0.6878613535714285 0.402119773374613 0.6310915035714285 0.39975436346749227 0.60081425 0.395969706501548 0.6003411678571429 0.38840039318885444 0.6027065785714286 0.3850888185758514 0.63251075
10 0.40259285572755416 0.6575841 0.3969158705882353 0.7219232642857142 0.40259285572755416 0.7271271666666667 0.4130006619195047 0.6949575857142857 0.4191507287925697 0.6410262273809524 0.4305046990712074 0.6126413023809524 0.413946826006192 0.6102758916666667 0.4077967585139319 0.607910480952381 0.40259285572755416 0.6575841
10 0.42530079566563467 0.6916460107142858 0.43428935541795666 0.6873882714285715 0.44280483281733746 0.6594764285714285 0.44611640743034053 0.6367684880952381 0.43618168359133125 0.6273068464285715 0.4305046990712074 0.668464988095238 0.42530079566563467 0.6916460107142858
10 0.44848181795665637 0.7110423761904762 0.45888962414860685 0.7096231297619048 0.4626742804953561 0.6419723916666666 0.4626742804953561 0.6230491083333334 0.4541588030959752 0.6202106154761904 0.4522664749226006 0.6689380702380952 0.44848181795665637 0.7110423761904762
10 0.46882434798761613 0.7020538166666667 0.4759205789473684 0.6694111523809524 0.4815975640866873 0.6291991749999999 0.4782859894736842 0.6211567797619048 0.47213592260061915 0.622102944047619 0.46882434798761613 0.6826574511904763 0.46882434798761613 0.7020538166666667
2 0.5506675486068111 0.5861487047619047 0.5520867950464396 0.5956103476190476 0.5549252879256966 0.6074373988095237 0.5582368619195047 0.6116951380952381 0.5662792575851393 0.6003411678571429 0.5724293250773994 0.5885141154761905 0.5705369962848297 0.5804717202380952 0.5672254216718267 0.5766870630952381 0.5577637801857585 0.5743216535714285 0.5506675486068111 0.5861487047619047
2 0.5336365938080495 0.6216298619047619 0.5360020043343653 0.6329838321428571 0.5393135789473684 0.6424454738095238 0.5492483027863777 0.6296722571428572 0.5516137133126935 0.6187913690476191 0.5539791232198142 0.6107489738095238 0.5544522055727554 0.604125825 0.5520867950464396 0.5970295928571429 0.5445174817337461 0.5908795261904761 0.535055840247678 0.6083835630952381 0.5322173473684211 0.614533630952381 0.5336365938080495 0.6216298619047619
7 0.37136943777089787 0.7053653916666667 0.371842520123839 0.7176655249999999 0.377992586996904 0.7171924428571428 0.3836695721362229 0.7100962119047619 0.3860349826625387 0.7044192273809523 0.3855619003095975 0.6968499130952381 0.3846157362229102 0.6873882714285715 0.380831079876161 0.6746150559523809 0.37420793065015484 0.6840766976190475 0.37136943777089787 0.7053653916666667
7 0.3496076619195046 0.69590375 0.35197307244582043 0.7015807345238095 0.353865400619195 0.7072577190476191 0.3576500575851393 0.7044192273809523 0.3609616321981424 0.69590375 0.362853960371517 0.6906998464285714 0.3638001244582043 0.685495944047619 0.35433848297213627 0.6836036154761904 0.3505538260061919 0.6897536821428571 0.3496076619195046 0.69590375
7 0.4210430569659443 0.7233425107142857 0.42388154984520127 0.7299656595238095 0.42766620619195045 0.7309118238095238 0.43618168359133125 0.7167193607142858 0.44422407925696594 0.7048923095238095 0.44564332569659443 0.7006345702380953 0.43760093003095973 0.692592175 0.42482771393188856 0.6935383392857144 0.42151613931888543 0.7129347047619047 0.4210430569659443 0.7233425107142857
11 0.6878613541795666 0.6731958095238095 0.6925921746130032 0.7011076523809524 0.707257719504644 0.69590375 0.7356426445820434 0.6656264964285714 0.74652353250774 0.6348761607142858 0.7474696965944272 0.6126413023809524 0.7531466817337461 0.582837130952381 0.7469966148606811 0.5639138476190476 0.7361157269349845 0.551140630952381 0.7280733312693498 0.5577637797619047 0.7209771003095975 0.5667523392857142 0.7110423764705882 0.5771601452380952 0.7034730625386997 0.5870948690476191 0.6925921746130032 0.597502675 0.6783997120743034 0.6168990404761905 0.6826574507739938 0.6495417047619048 0.6878613541795666 0.6731958095238095
13 0.30609586563467495 0.47603184642857144 0.3398719616099071 0.4950309 0.44331125386996906 0.5182519654761905 0.5509725585139319 0.5446395404761905 0.5615275882352941 0.49714190595238095 0.5404175287925697 0.4960864035714286 0.485531373374613 0.49925291190476195 0.47708734984520124 0.45597728928571424 0.41692367925696594 0.4369782357142857 0.3345944464396285 0.4338117273809524 0.31031787801857585 0.4295897154761905 0.294485333126935 0.36731503928571424 0.30609586563467495 0.47603184642857144
10 0.3430384705882353 0.46969882857142853 0.3419829671826626 0.4834203678571428 0.3462049795665635 0.49291989404761904 0.34937148854489164 0.49714190595238095 0.35570450650154795 0.49714190595238095 0.36309302724458203 0.4844758702380952 0.3662595362229102 0.45914379880952383 0.3652040328173375 0.422201194047619 0.3620375238390093 0.40109113452380957 0.3567600092879257 0.3863140928571428 0.3462049795665635 0.36942604523809525 0.33670545263157897 0.40425764404761905 0.3409274643962848 0.44225575119047617 0.3430384705882353 0.46969882857142853
13 0.4137571702786378 0.6660223845238095 0.45914379876160993 0.687132444047619 0.5193074687306501 0.6691888928571428 0.6839659349845201 0.6111362285714286 0.6681333900928793 0.5604720857142858 0.4791983554179567 0.6406903119047619 0.37787006873065015 0.5984701928571429 0.35464900309597525 0.5720826178571429 0.3462049795665635 0.5974146904761906 0.3673150390092879 0.6269687738095239 0.4137571702786378 0.6660223845238095
