11 0.7176302105263158 0.6054176535714286 0.7274969250773994 0.617924930952381 0.7617016167182662 0.597518305952381 0.7853816724458205 0.5797447809523809 0.795248386996904 0.5692123333333333 0.7998528340557275 0.5488056845238095 0.7807772253869969 0.5316904523809524 0.759728253869969 0.5257659357142858 0.741968186996904 0.5145751952380953 0.7321014724458204 0.5099672654761904 0.7196035733746131 0.5132586583333333 0.7148026167182663 0.5190789476190476 0.7149991263157894 0.5593381559523809 0.7176302105263158 0.6054176535714286
2 0.6452743015479877 0.47760699642857146 0.6452743015479877 0.4901142988095238 0.6584299213622291 0.48813946785714285 0.6722433622291021 0.4808983892857143 0.6768478086687306 0.47563216547619047 0.6768478086687306 0.4499593178571428 0.6696122780185759 0.43218579166666665 0.6663233733746129 0.42494471309523807 0.6590877424148607 0.4209950523809524 0.6538254743034057 0.4242864452380953 0.649221027244582 0.4288944 0.6433010383900928 0.4519341488095238 0.6452743015479877 0.47760699642857146
2 0.28941479566563466 0.426261275 0.28086367244582044 0.43284406071428577 0.2736280916408669 0.4400851392857143 0.2736280916408669 0.45720037142857145 0.2821792148606811 0.4697076738095238 0.30388600743034055 0.4743156035714286 0.30849045448916407 0.4539089785714286 0.30783268297213623 0.444693069047619 0.30783268297213623 0.43218579166666665 0.30520154922600623 0.4216533202380952 0.30322823653250774 0.41046260595238093 0.3019736693498452 0.40230263214285716 0.2940192922600619 0.4242864452380953 0.28941479566563466 0.426261275
2 0.3394061907120743 0.4723407726190476 0.33019724705882353 0.4762904595238095 0.32822388421052634 0.48813946785714285 0.3328283808049535 0.4973553523809524 0.34466840866873066 0.5026216011904762 0.35058844767801856 0.5092043857142857 0.3551928947368421 0.49340569166666665 0.3565084866873065 0.4835315130952381 0.3532195814241486 0.47102421071428574 0.35131577461300306 0.47138157976190476 0.34795731393188856 0.47892355833333333 0.3394061907120743 0.4723407726190476
2 0.3130949510835913 0.5276361797619047 0.3183571690402477 0.5394851892857143 0.32822388421052634 0.5480428047619047 0.33545946501547985 0.5539673214285714 0.3374328278637771 0.5566004202380952 0.3413795040247678 0.5625249880952381 0.343352866873065 0.5566004202380952 0.3472995424148607 0.5421183130952382 0.34795731393188856 0.5322441345238096 0.3453261795665635 0.523028225 0.332170559752322 0.5131540476190476 0.32098830278637774 0.5039381380952381 0.3118420904024768 0.5009868428571429 0.31177935913312693 0.5177620023809524 0.3130949510835913 0.5276361797619047
2 0.34466840866873066 0.5500176357142857 0.3413795040247678 0.561208375 0.3532195814241486 0.5519924916666666 0.3644018383900929 0.561208375 0.37821522910216715 0.5710825535714286 0.3880819442724458 0.5664745988095238 0.38018859195046445 0.5539673214285714 0.372295240247678 0.5473845357142857 0.3617707046439628 0.5368520642857143 0.3496710377708978 0.5273026321428571 0.3453261795665635 0.5368520642857143 0.34466840866873066 0.5500176357142857
2 0.5755495764705882 0.561208375 0.5781806600619195 0.5842481238095237 0.5867318334365325 0.5888561297619047 0.5900207380804954 0.5763487773809524 0.5946251851393188 0.5671328928571429 0.6005452743034055 0.5618666690476191 0.5996710377708978 0.5462171059523809 0.5834429281733746 0.5559422023809524 0.5755495764705882 0.561208375
1 0.38545086006191953 0.5967554261904762 0.3828197263157895 0.6329607464285714 0.3815041343653251 0.6448097797619048 0.4005797931888545 0.6533673702380952 0.4045264687306502 0.6158455142857143 0.4111042786377709 0.5947805964285714 0.4111042786377709 0.5756905583333333 0.3990131430340557 0.5651315797619048 0.38873976532507737 0.5756905583333333 0.38545086006191953 0.5967554261904762
18 0.3913708489164087 0.6817780035714286 0.39729088792569656 0.6547885440476191 0.3817434061919504 0.6457236845238096 0.3815041343653251 0.6765117309523809 0.3913708489164087 0.6817780035714286
3 0.372295240247678 0.7614296714285714 0.3815041343653251 0.7666958702380953 0.39400198328173375 0.6837527845238096 0.3795308210526316 0.6837527845238096 0.3788730501547988 0.6824362226190477 0.3809210377708978 0.6761513166666666 0.37821522910216715 0.6824362226190477 0.372295240247678 0.7614296714285714
9 0.6663233733746129 0.43416062261904764 0.6696122780185759 0.40190496428571426 0.6663233733746129 0.3617499833333333 0.6650077312693499 0.39927185238095236 0.6604032842105264 0.4295526678571428 0.6590877424148607 0.4058546511904762 0.6551410160990712 0.35977514047619047 0.6539473535603716 0.43190789523809525 0.6663233733746129 0.43416062261904764
7 0.6551410160990712 0.3538506357142857 0.6551410160990712 0.34134334642857145 0.6617188260061919 0.34134334642857145 0.6696122780185759 0.3472678511904762 0.6748744458204333 0.35845859047619044 0.684083440247678 0.3538506357142857 0.6702699987616099 0.3373936726190476 0.6617188260061919 0.3308108869047619 0.6518521114551084 0.3347605607142857 0.6485632061919505 0.34792615714285713 0.6459321226006192 0.36899105 0.6498355114551084 0.37680921071428575 0.6551410160990712 0.3538506357142857
7 0.314410492879257 0.3347605607142857 0.3137527219814241 0.32817777619047617 0.31177935913312693 0.3202784285714286 0.3025704154798762 0.3196201595238095 0.2979659684210526 0.32554466428571427 0.30585932012383904 0.3242281023809524 0.3091482253869969 0.32554466428571427 0.3098060464396285 0.3347605607142857 0.3093749851393189 0.3439144738095238 0.314410492879257 0.3347605607142857
11 0.48674909287925694 0.3643831202380952 0.4781979696594427 0.38347317023809524 0.4854335504643963 0.407829480952381 0.4906958185758514 0.4223116142857143 0.5038514383900928 0.426261275 0.5170070582043343 0.41177914285714284 0.538056079876161 0.40256325833333334 0.5584472309597523 0.3966387416666666 0.5775229393188854 0.3907142619047619 0.5893629170278638 0.38413147619047616 0.5867318334365325 0.3656996571428571 0.5683139455108359 0.36043342142857143 0.5518694210526316 0.36109172738095235 0.5387138012383901 0.35911687261904757 0.5341093541795665 0.35911687261904757 0.5071403436532508 0.35648376071428567 0.48674909287925694 0.3643831202380952
13 0.6025185368421053 0.5988348678571429 0.5808118445820434 0.6008096988095237 0.5466071529411765 0.6014679666666667 0.5235848179566563 0.6080507523809524 0.4939847238390093 0.6166083678571428 0.4696467969040247 0.6192414928571429 0.4413622445820434 0.6139752690476191 0.4242598984520124 0.6146335380952381 0.4071576030959752 0.6245077154761906 0.3861086309597523 0.6185832238095238 0.3571662575851393 0.5922520821428572 0.3361172860681115 0.5725037261904762 0.32822388421052634 0.5896189583333333 0.34006396160990715 0.5942269130952381 0.3538773523219814 0.6080507523809524 0.3690063356037152 0.6238494476190477 0.3762419164086687 0.6363567250000001 0.3815041343653251 0.6482057583333334 0.39202866996904023 0.6547885440476191 0.4045264687306502 0.6547885440476191 0.41833990959752326 0.633723625 0.4301799374613003 0.6284574023809524 0.44859782538699694 0.6291156702380953 0.4696467969040247 0.6343818940476191 0.4946424947368421 0.6330653321428572 0.5143759244582043 0.6284574023809524 0.5334515331269349 0.6198997607142857 0.5512116996904025 0.6113421452380953 0.5702873083591331 0.6126587071428572 0.590678559133127 0.6133169761904761 0.6288297764705882 0.6087090464285715 0.6702699987616099 0.5968600119047619 0.6629934061919505 0.5758223690476191 0.6347498656346748 0.5915937892857143 0.6025185368421053 0.5988348678571429
13 0.6288297764705882 0.44074340833333336 0.6025185368421053 0.4499593178571428 0.5702873083591331 0.4618083261904762 0.5413449851393188 0.46246659523809525 0.5117447900928793 0.4525924166666667 0.4880646848297214 0.44666792499999997 0.4505711380804953 0.4479844619047619 0.4268910328173375 0.45061758571428573 0.39729088792569656 0.45127585476190474 0.37689968730650153 0.4473261940476191 0.35058844767801856 0.4302109619047619 0.35453512383900926 0.4558838095238095 0.38873976532507737 0.4631248880952381 0.42491771950464396 0.4697076738095238 0.45517563529411764 0.4664162809523809 0.48411800866873067 0.46444142499999996 0.50056253374613 0.46444142499999996 0.5327938123839009 0.47365733452380954 0.5551583256965944 0.4762904595238095 0.586074012383901 0.47365733452380954 0.6084386260061919 0.46246659523809525 0.6419853962848298 0.4532507107142857 0.6702699987616099 0.4387685773809524 0.6834256185758514 0.43416062261904764 0.684083440247678 0.426919569047619 0.6819078798761611 0.42121710595238093 0.6538254743034057 0.43218579166666665 0.6288297764705882 0.44074340833333336
2 0.6183053411764706 0.5487010988095238 0.6242253294117647 0.5598918130952381 0.6433010383900928 0.5526507595238095 0.649221027244582 0.5375103583333333 0.64407893250774 0.5240131583333333 0.631460960990712 0.5401434571428572 0.6183053411764706 0.5487010988095238
0 0.6426432173374613 0.5454097059523809 0.6465899436532507 0.5572587142857143 0.6505365690402477 0.5644997678571428 0.6538254743034057 0.5717408476190476 0.6597455634674922 0.5671328928571429 0.6597455634674922 0.5533090285714286 0.6577722006191951 0.544751411904762 0.6557988371517027 0.5394851892857143 0.6623766470588235 0.5296110107142857 0.6605263009287926 0.5305921059523809 0.6498788482972135 0.5309275726190475 0.6426432173374613 0.5454097059523809
7 0.6643500105263158 0.6915475464285714 0.6689544569659444 0.702079992857143 0.6748744458204333 0.7086627785714286 0.6821100767801858 0.7027382607142857 0.6748744458204333 0.6961554761904761 0.6689544569659444 0.6928640833333333 0.6654605114551084 0.6827302642857143 0.6643500105263158 0.6915475464285714
