2 0.2651826591846884 0.5587587031117799 0.30425870154670065 0.5250149066833012 0.35507570131835564 0.5838565413689991 0.3159998730807274 0.6176001095996573
2 0.32503036853449885 0.6255332663730779 0.3266032648230066 0.5555639941655014 0.3737254059053612 0.5566232223154338 0.3721528123732014 0.6265921988557941
1 0.3926923417089938 0.6578960308453503 0.35907375765123106 0.6532273254969387 0.3697114674716886 0.57663789569276 0.4033295753206403 0.5813065677439035
1 0.5782835588564694 0.5855308819446795 0.6151754201473523 0.5735966415857103 0.6359902922841911 0.6379338492731977 0.5990984654469003 0.6498680148507656
1 0.6202136636279647 0.6368956927300033 0.6151824292663832 0.5639459131078441 0.6695994029307712 0.5601932213006596 0.67463097078587 0.6331426468084004
1 0.7202380295905186 0.5354584419633767 0.7437829277297396 0.5932442710244568 0.6812052138269564 0.6187386004637561 0.657660715845509 0.5609531084153729
2 0.6832861610644159 0.5418881610329455 0.6354784983817581 0.5456621565188194 0.630592801407488 0.4837739770148415 0.6784000000000106 0.48000000000000137
2 0.6008 0.4968 0.636 0.4968 0.636 0.5536 0.6008 0.5536
2 0.6082912961157945 0.5604468720214368 0.5691225528149744 0.5649229253083625 0.5620316518559321 0.502876030382649 0.6011999999999489 0.4984000000000017
2 0.3155480164226674 0.46914285719253707 0.31302105162365024 0.5247372974632918 0.2686036130286311 0.5227183847436034 0.2711307564741219 0.46712413457798
2 0.3122155890625 0.46516882031250006 0.3538155890625 0.46516882031250006 0.3538155890625 0.5331688203125 0.3122155890625 0.5331688203125
2 0.35064283854239875 0.47911476787504714 0.38124883485295413 0.48013488880311894 0.3791356252170317 0.543531160221961 0.34852962917398145 0.5425110443470802
2 0.4092322520942844 0.5517067882167718 0.37871726648154436 0.5508093642724743 0.38049649447623324 0.49032049144437645 0.41101118327856057 0.4912179109830571
11 0.747281540011727 0.5664341573598617 0.8233822703897431 0.5913104002407022 0.7922068602525769 0.6866700527081527 0.7161062377006147 0.6617940475387226
1 0.6822065027976123 0.4415792897110039 0.7283186563508934 0.4441408949892723 0.7238634839543465 0.5243341903053108 0.6777513314995076 0.5217726001294892
11 0.28267588935023014 0.7289558089032214 0.23347792006700274 0.729299808863407 0.23237321566728042 0.5712234751851009 0.2815697122422307 0.5708794802167777
9 0.37109370275766196 0.670898432564988 0.37494338732255983 0.671300576498167 0.3681074966257256 0.7367302661038255 0.3642578125 0.7363281249999954
9 0.6279297331658427 0.738281243477288 0.6238281239955086 0.7388670989770829 0.6112109842109703 0.6505468461021653 0.6153125178101391 0.6499609960515358
9 0.7179988132229482 0.6417410678947676 0.7169831689541297 0.6420144777769003 0.7108984225760651 0.6194140342637336 0.7119140625 0.619140625000009
9 0.7175793504612784 0.6419297990316526 0.7186351219107792 0.6414547633642003 0.7252989284678506 0.6562632493062976 0.7242431574810553 0.6567382842112708
9 0.7333984535117679 0.6855468706337486 0.7319110532276909 0.685952469787851 0.7239642798070918 0.6568143303990163 0.7254516714267538 0.656408732490601