11 0.6918031952259298 0.37759546590021115 0.7338883459323142 0.3687360502928094 0.768878824271269 0.5349426236935111 0.7267937057868039 0.5438019336475022
2 0.6592593710773826 0.5295452596772594 0.6794696288814066 0.5481991691396259 0.6562250173874418 0.5733807643303921 0.6360148114403046 0.554726908530945
2 0.678710426278144 0.5345911448506773 0.710646769793243 0.5203984930598244 0.7205382140164147 0.5426543319660593 0.6886018876214166 0.5568469553707267
2 0.6566279649267699 0.5975431884650851 0.6609444471804409 0.6374650773067985 0.6236268075950875 0.6414993690137963 0.6193104794645024 0.6015776215562149
2 0.7052579742784246 0.5647918909839639 0.7187019503382999 0.5827151839751596 0.6756022185340953 0.6150400305330453 0.6621583375057298 0.597116824129816
11 0.7177596746222434 0.5770633012478168 0.7847403659106931 0.5766932896328748 0.7853604477293175 0.688929381014828 0.7183797564315455 0.6892993886265408
2 0.3743041446919051 0.6393612934250809 0.36323510856561825 0.5940836334091749 0.39920624008664163 0.5852907840191975 0.4102753806379269 0.6305682873152495
2 0.3652341982241296 0.5766706506895051 0.3622810240854051 0.6069385878311517 0.32414122387876887 0.6032176593273217 0.3270944906249724 0.5729498265625058
11 0.31060917542754396 0.6809018813808536 0.2331044792473449 0.6824997268247041 0.23099040497083934 0.5799342601026531 0.3084935762838086 0.5783364303723101
2 0.3406751529992107 0.554970490600441 0.31352475691517157 0.5538845696129251 0.31467572591725457 0.5251120953945114 0.3418259936601089 0.5261980138138965
2 0.3762182689877136 0.5226814117841122 0.3990362593701775 0.5463582443018214 0.36908599172613776 0.5752193811660141 0.34626808456516756 0.5515426306479968