2 0.6071597578168166 0.6900961661275864 0.5816122886894846 0.6262349305895758 0.641820227522885 0.6021519832065608 0.6673678502493203 0.666012813491816
11 0.2983318480901289 0.504912971510092 0.2612427418415564 0.5012716801722402 0.27806467017296654 0.32994314446202405 0.3151529676019891 0.3335843957133984
2 0.36403849037321834 0.5635057086993936 0.3734929883763698 0.588858124546112 0.3426369110534324 0.6003637960607149 0.33318250057141086 0.5750114545241355
11 0.2757310369566994 0.7484622858053752 0.22771738788344464 0.745725017409075 0.23715503393361814 0.5802186718802012 0.285167098487932 0.5829558954246576
2 0.2939766114619715 0.5869536224829592 0.31596794756967483 0.5759591971314288 0.33835842787925685 0.6207403511204992 0.316367125269835 0.6317347256532032
2 0.3843754557436796 0.6524256670796462 0.3597859041619813 0.6601898234243496 0.34767020035440055 0.6218231920950869 0.37225957281088995 0.6140590662502102
2 0.6845830565082451 0.578439839393439 0.7044113800150171 0.6015702739469839 0.6633752930838455 0.6367439390566003 0.6435470917102748 0.6136136199481694
11 0.7912080795787233 0.6949696104797229 0.73752947744822 0.7157676439598663 0.6822526499726109 0.573117436383636 0.7359298195596011 0.5523197135842303
2 0.7469221201885148 0.72763638501621 0.7210502630176734 0.7341033489638987 0.7098198852902442 0.6891813491776527 0.7356914939824719 0.6827144178802286
11 0.7447286075658894 0.5007130256476536 0.6983858018854789 0.509249326869106 0.6718554478882197 0.36522528711703306 0.7181973500914864 0.3566890730746333
9 0.6289063246664455 0.775390622013824 0.6219251936011005 0.7756698220779886 0.6189955460058627 0.7024276352767221 0.6259765625 0.7021484375000018
9 0.6635360426582793 0.7594451940399352 0.6546147806285489 0.761614891398955 0.6385398031520708 0.6955290562149398 0.6474609375 0.6933593750000027