1 0.38620951354641875 0.4926828125 0.34171239250224517 0.4926828125 0.3417126663117642 0.39860624999999994 0.38620921665642527 0.39860624999999994
1 0.4458008619935754 0.5366879466533346 0.3676919589760246 0.507073500332676 0.3923767691944704 0.44197271140945676 0.4704849366646613 0.4715870020401029
1 0.345650380421489 0.4858648519259676 0.4026824619309082 0.495130755693854 0.3892828967020705 0.5775988493477641 0.33225083056765925 0.5683330080350256
1 0.6185469658257716 0.5101046874999999 0.5845780247530001 0.5101046874999999 0.5845782252423533 0.4306625000000001 0.618546774086667 0.4306625000000001
1 0.6585159253328356 0.4909130947594607 0.6136745156848065 0.49364009866363373 0.6085726331662045 0.40974853107421116 0.6534135244654635 0.40702154303098476
1 0.6585658892811352 0.48122188687277534 0.7003392306388605 0.47965856964409354 0.7036464522810775 0.5680236786461561 0.661873111425848 0.5695869848955523
1 0.2921201135852698 0.48153287764959 0.29212033686917493 0.4020906212582588 0.35054371828755393 0.40209084406563717 0.3505438093512794 0.4815327842285355
3 0.3641305936108665 0.30644381703653584 0.381728631449505 0.30709860174391146 0.37818367985244095 0.40236962291221606 0.3605856421884255 0.40171484151541315
11 0.2091978080906074 0.48388899455898704 0.26293513931932466 0.47045591907318407 0.3015776173889435 0.6250269755022267 0.2478403530377591 0.6384598704281622
3 0.7079010476734311 0.6566811182953977 0.6871936694572014 0.6582738212134702 0.6800050736102321 0.5648200239738738 0.7007121026321101 0.5632273342801681
11 0.7523719501743926 0.6394178802267008 0.6945821351769155 0.6185841433949545 0.7360725298021862 0.503509087076829 0.7938612325059466 0.5243426042769537
9 0.3334263390624983 0.6452287953124928 0.324105217751935 0.6422855895301234 0.350891234751316 0.5574642350965866 0.3602122181930554 0.5604074177466867
9 0.35923566589303846 0.6596294503689272 0.3484734713514399 0.6567744923507932 0.3701171875 0.5751953124999973 0.3808792219605266 0.5780502483160787