2 0.47951351207430337 0.5988348678571429 0.48017128297213624 0.5850110035714285 0.4771381430340557 0.5733552642857143 0.47556683591331267 0.5883023964285714 0.47951351207430337 0.5988348678571429
2 0.520716426625387 0.5880804845238096 0.5255232873065016 0.5952962297619048 0.5298494328173374 0.5904857321428572 0.5271634507739938 0.5704326928571428 0.5192743535603714 0.575573180952381 0.520716426625387 0.5880804845238096
2 0.5279267182662538 0.5808647380952381 0.5298494328173374 0.5856752357142857 0.5327335789473684 0.5803836773809524 0.5332142947368421 0.5688384964285714 0.5295672965944273 0.5650240392857142 0.5264846452012384 0.5707626833333334 0.5279267182662538 0.5808647380952381
2 0.3539183244582043 0.538532369047619 0.3505535368421053 0.5515206952380952 0.34959217894736844 0.5611416892857143 0.3433432452012384 0.5529638595238096 0.34045913560371516 0.5611416892857143 0.34815010588235296 0.5678763928571429 0.3558410767801858 0.569319538095238 0.3616093318885449 0.5698005988095238 0.3649038352941177 0.5680288464285714 0.3635320470588235 0.5481533630952381 0.3539183244582043 0.538532369047619
11 0.2890257003095975 0.6049172238095238 0.28229612383900926 0.6034740785714285 0.26883689845201236 0.6044361630952381 0.25297424210526315 0.6068414119047619 0.23759230092879258 0.6203108178571429 0.23566954922600616 0.6405148904761905 0.23999573188854487 0.6597568785714286 0.25057081114551083 0.6698589333333334 0.26451071578947366 0.6746694297619047 0.2866222693498452 0.6866956726190475 0.2971973857585139 0.6814041154761905 0.2923905250773994 0.6573516297619049 0.2938325609907121 0.6294507511904762 0.2945913349845201 0.6094951928571428 0.2890257003095975 0.6049172238095238
11 0.28229612383900926 0.4129019488095238 0.2755665108359133 0.43887863095238094 0.26979825572755417 0.46966581904761906 0.2866222693498452 0.4879457035714286 0.301042852631579 0.4932372428571428 0.31306000557275543 0.47591946071428576 0.3140214 0.4528290702380952 0.3101758959752322 0.423003994047619 0.307291786996904 0.4032809547619048 0.30584971393188853 0.38644421547619046 0.3000814953560372 0.369607475 0.2933518823529412 0.35950542976190475 0.28737979690402476 0.36189903928571426 0.28710298513931887 0.3821147654761905 0.28229612383900926 0.4129019488095238
11 0.7081840086687308 0.6260069714285714 0.7081840086687308 0.6423626690476191 0.7019350749226007 0.6577562440476191 0.707703293498452 0.6688204023809523 0.7288535263157895 0.6741119416666668 0.7447161820433438 0.679403480952381 0.7591367653250773 0.6688204023809523 0.7649049839009288 0.6438057952380952 0.7528878315789473 0.6187912261904762 0.7360638179566563 0.6082081654761905 0.7283728105263158 0.5928145345238095 0.7177977306501547 0.5822314380952381 0.7140624891640867 0.5878605773809524 0.7125101541795666 0.6072460261904762 0.7081840086687308 0.6260069714285714
13 0.6216605089783281 0.6799609690476189 0.6173343634674923 0.7112292 0.6327163046439628 0.6910251273809523 0.6601153981424148 0.6698589333333334 0.669729120123839 0.6621621273809524 0.6611778736842104 0.6461538464285714 0.6413686687306502 0.6674536845238096 0.6216605089783281 0.6799609690476189
13 0.5308108637770897 0.6876577761904762 0.4952400476780186 0.6871767154761904 0.46255341486068113 0.6924682547619047 0.4370770359133127 0.6972787511904762 0.4116006575851393 0.7006461214285714 0.4111199789473684 0.7044944964285715 0.4111199789473684 0.7194070666666667 0.45390105015479876 0.7083429095238096 0.5014889820433437 0.7040134547619048 0.5385017975232198 0.7025703273809524 0.5827249052631579 0.7083429095238096 0.5995489188854489 0.7097860726190476 0.5914663349845201 0.6924278845238094 0.5620554613003096 0.6915061702380952 0.5308108637770897 0.6876577761904762
13 0.33613295356037154 0.6679347273809524 0.33324884396284826 0.6751504726190476 0.3356522743034056 0.6833283583333333 0.3837208854489164 0.7107481571428571 0.3837208854489164 0.6953545821428572 0.3510342154798762 0.6818851761904762 0.33613295356037154 0.6679347273809524
2 0.3183475820433437 0.6521365369047618 0.33132609226006193 0.6516554761904761 0.337575026625387 0.6405913369047619 0.33997845696594425 0.6280840523809523 0.32940334055727555 0.6232735547619048 0.3202702972136223 0.6208683059523809 0.3111372904024768 0.6165388511904762 0.30661056594427244 0.6197115392857142 0.30536903529411763 0.6391481916666667 0.3183475820433437 0.6521365369047618
2 0.6750166965944272 0.6280840523809523 0.6841497034055728 0.6208683059523809 0.6908792792569659 0.6107662511904761 0.6928020681114552 0.6001831642857143 0.6827076303405573 0.6030694547619048 0.67261326625387 0.6069178571428571 0.6682870470588235 0.6073989095238095 0.6659855659442725 0.6161057702380953 0.6716518352941175 0.6251977428571429 0.6750166965944272 0.6280840523809523
2 0.37026165944272443 0.6617575309523809 0.3769912724458204 0.6612764702380952 0.3837208854489164 0.6607954273809524 0.38660499504643964 0.6555038702380952 0.3856436371517028 0.6516554761904761 0.3779526303405573 0.6473260404761905 0.3664161931888545 0.640110294047619 0.3587251857585139 0.6367429428571428 0.35225398885448916 0.6404435797619048 0.3519956099071207 0.648288125 0.3620900105263158 0.6555038702380952 0.36497412012383906 0.6583901797619047 0.37026165944272443 0.6617575309523809
7 0.5538837386996904 0.4547532761904762 0.5553258117647059 0.4398407333333333 0.5466734470588235 0.43935969999999996 0.5409052284829722 0.4436891273809524 0.5380211554179567 0.448499625 0.5385017975232198 0.4586016880952381 0.5399438705882353 0.45379119166666665 0.5428280167182662 0.448499625 0.5457932582043343 0.4454326928571428 0.5466734470588235 0.4509048726190476 0.5538837386996904 0.4547532761904762
