1 0.36248909321875544 0.3923099363647789 0.3665825549288684 0.5088312454466073 0.282027881185968 0.5118008913415948 0.2779351158853842 0.39528025002561057
1 0.7114764997045313 0.3845836305102123 0.7290697044144281 0.4682772589061418 0.6310545345927494 0.4888791343080931 0.6134619702506825 0.4051860656504817
3 0.2904593522112009 0.28678829175709886 0.3141988495415262 0.2876674984509798 0.3101407048454803 0.39723801574320655 0.28640120781244605 0.396358814062498
3 0.35288045885306474 0.39568452159155154 0.3333059648862218 0.39622325075497805 0.33045009075851794 0.2924556179777809 0.35002437519665364 0.2919168916686427
3 0.6405669859375 0.2716975734375 0.66294208125 0.2716975734375 0.66294208125 0.396998103125 0.6405669859375 0.396998103125
3 0.7119108449617215 0.3873718572268 0.6925711076099788 0.38780161585794903 0.6901245056955077 0.277699494663171 0.7094640333400548 0.2772697383186304
2 0.497121721407666 0.4532537161386485 0.5199066289521852 0.4499032402642736 0.5300074584006325 0.5185891637259556 0.5072225546135769 0.5219396223822108
11 0.2774516885564253 0.6482384354863009 0.19371635431480172 0.6500785655807525 0.19148856833783157 0.5486844568786311 0.2752223524703368 0.5468443438424493
7 0.3070091125307499 0.6450794605463241 0.296741810407525 0.6861442281125373 0.26064079772322657 0.6771190773303102 0.2709082014179103 0.6360544637135085
9 0.5134515850661501 0.3547330065112685 0.5161179827654223 0.3547874841597632 0.5146875430050386 0.424796968046889 0.5120211453124739 0.4247424906249994
7 0.328435562048071 0.6968366865644997 0.3375738349398034 0.7090142344411247 0.3240449890624859 0.7191649703125302 0.3149067405601045 0.7069874446184377