2 0.6098029578947368 0.653868875 0.6053037281733746 0.6593720761904761 0.6048038222910217 0.6683773226190477 0.6088031077399381 0.6728799559523809 0.6138022433436532 0.6728799559523809 0.6193012848297214 0.6873884023809523 0.6287996501547988 0.6813849178571428 0.6297994619195046 0.6598723595238095 0.6352985411764706 0.653868875 0.6357499888544892 0.6432500000000001 0.6243004204334366 0.6478653714285714 0.6098029578947368 0.653868875
2 0.6482963244582043 0.6363586654761905 0.6462966241486069 0.6473650678571429 0.6532954594427245 0.6493662416666666 0.6707924340557275 0.6458641964285715 0.6802907609907122 0.6373592345238095 0.6776249888544891 0.622 0.6602942191950465 0.6273534 0.6482963244582043 0.6363586654761905
2 0.6837901405572756 0.5778245345238096 0.6697925461300309 0.5893312392857143 0.6697925461300309 0.6003376607142857 0.6807907052631579 0.5973358988095239 0.7027868712074303 0.5793254059523809 0.6994999888544892 0.55825 0.6877894643962847 0.5698198654761905 0.6837901405572756 0.5778245345238096
2 0.6517957040247677 0.5893312392857143 0.6437970563467492 0.5923329821428571 0.6352985411764706 0.5878303678571428 0.626800026006192 0.5918326976190477 0.6282997820433437 0.6098431916666667 0.6337987851393189 0.6163469988095238 0.6627937869969039 0.610343494047619 0.6702924897832817 0.5988367892857143 0.6667931102167183 0.5813265797619047 0.6588749888544891 0.563875 0.6532954594427245 0.5718210309523809 0.6517957040247677 0.5893312392857143
2 0.615301999380805 0.6093429071428572 0.602304254489164 0.6128449523809524 0.5988048365325077 0.6183481535714286 0.6043038780185759 0.6278537035714286 0.6123025256965944 0.6298548583333333 0.620801040866873 0.6323563166666667 0.626800026006192 0.617847869047619 0.626800026006192 0.5993370738095238 0.6188749888544892 0.58575 0.614802093498452 0.5908321107142857 0.615301999380805 0.6093429071428572
2 0.3023561034055728 0.5383014833333334 0.2968570619195046 0.5418035285714285 0.29985653560371517 0.5548111154761904 0.3083550699690403 0.5663178392857142 0.3198530972136223 0.5738222142857142 0.32685185634674924 0.5668181130952381 0.3238749888544891 0.555125 0.31335420557275545 0.5418035285714285 0.3023561034055728 0.5383014833333334
1 0.32885151826625386 0.5778245345238096 0.33235093622291023 0.5978362023809524 0.3493479659442724 0.6023388154761905 0.3633455609907121 0.6073417321428571 0.37234402043343656 0.5918326976190477 0.37284392631578944 0.5658175261904762 0.3678447907120743 0.5488076297619048 0.35584685758513934 0.5398023642857143 0.3418492631578947 0.5388017964285714 0.3383498835913313 0.5418035285714285 0.33285084210526317 0.5553113988095237 0.32885151826625386 0.5778245345238096
11 0.2873586972136223 0.6023388154761905 0.2778603318885449 0.6023388154761905 0.2638627560371517 0.6068414488095238 0.2413666464396285 0.6118443654761905 0.23136837523219814 0.6293545749999999 0.2368674359133127 0.6478653714285714 0.24936527492260063 0.6843866607142858 0.27136145944272444 0.7068998249999999 0.28435922352941173 0.7063995023809524 0.29235783281733746 0.695393080952381 0.2928577386996904 0.6683773226190477 0.2928577386996904 0.6458641964285715 0.2926249888544892 0.612625 0.2873586972136223 0.6023388154761905
11 0.6952881678018575 0.6628741214285714 0.6912888439628483 0.6913907511904762 0.6987875473684211 0.711402419047619 0.7127851417956655 0.7159050333333333 0.722783413003096 0.713403575 0.7377808198142415 0.6788834595238096 0.7417801436532508 0.6528682880952381 0.7347813077399381 0.6318560333333333 0.729782172136223 0.6213499154761906 0.7188749888544892 0.621375 0.7017870588235294 0.6358583630952381 0.6952881678018575 0.6628741214285714
11 0.28535903529411766 0.4055651964285714 0.28185965572755417 0.4300794976190476 0.27836025696594424 0.4410858988095238 0.2753607640866873 0.46009699880952376 0.2758606891640867 0.4886136095238095 0.28585896037151703 0.49661828809523806 0.2983567987616099 0.5006206178571428 0.315853773374613 0.4826101238095238 0.3203530030959752 0.4630987404761905 0.31785343529411764 0.4360829821428572 0.3138541114551084 0.4085669488095238 0.3083550699690403 0.39105673928571427 0.3023561034055728 0.3755476952380952 0.29735696842105264 0.3655418619047619 0.2928577386996904 0.3630404035714286 0.28535903529411766 0.38155120000000003 0.28535903529411766 0.4055651964285714
11 0.6792909492260062 0.437083569047619 0.6762914371517028 0.46409932857142855 0.6787910049535603 0.4851115833333334 0.685789840866873 0.5011209011904761 0.7012871151702786 0.5011209011904761 0.7147847659442724 0.48561186666666667 0.7177842773993809 0.45309290714285716 0.7177842773993809 0.43258095595238094 0.7097856303405573 0.41607132380952383 0.6982876792569659 0.3990613988095238 0.6832902730650156 0.3870544 0.6772912495356037 0.4130695714285714 0.6792909492260062 0.437083569047619
2 0.5998046866873065 0.6697987083333333 0.591806039628483 0.6707992761904762 0.5808079566563468 0.6733007357142857 0.573309253250774 0.6788039738095238 0.573309253250774 0.6973147511904761 0.5773085770897832 0.7113229345238095 0.5798081448916409 0.7068203011904762 0.5798081448916409 0.693812725 0.5833075244582043 0.69181155 0.5833075244582043 0.6833065690476191 0.5907499888544891 0.6795 0.5998046866873065 0.6697987083333333
2 0.3618458049535604 0.640781794047619 0.36384546687306496 0.65128795 0.3703443585139319 0.6552902416666667 0.37484358761609904 0.6442838214285714 0.3868414829721362 0.6467852797619047 0.38234229102167183 0.6297753738095238 0.37134417027863775 0.6237719071428571 0.36534522291021676 0.6212704488095238 0.3551249888544891 0.6182500000000001 0.35434710154798765 0.6312762833333333 0.3618458049535604 0.640781794047619
2 0.3143540173374613 0.5972564142857143 0.30985482600619196 0.6072622476190476 0.3128542996904025 0.6177683654761905 0.3188532470588235 0.6222709988095237 0.32685185634674924 0.6272739154761905 0.334350559752322 0.6277741988095238 0.3363502216718266 0.6207701273809524 0.34134935727554183 0.6142663202380952 0.3313749888544892 0.607625 0.32485223281733744 0.6022593309523809 0.3143540173374613 0.5972564142857143
9 0.35584685758513934 0.5392225666666667 0.3593462371517028 0.5217123571428571 0.3613458990712074 0.48869311309523805 0.3593462371517028 0.46668028095238095 0.35534695170278635 0.5212120738095238 0.3494999888544892 0.53825 0.35584685758513934 0.5392225666666667
9 0.34984791021671824 0.5292167321428571 0.35034781609907123 0.5292167321428571 0.3473483424148607 0.5047024511904762 0.3433490185758514 0.48118873809523804 0.34574998885448915 0.527625 0.34984791021671824 0.5292167321428571
7 0.3533472897832818 0.4651794 0.3563467634674923 0.46267794166666665 0.36034608730650153 0.46117707023809523 0.3683446965944272 0.46467910714285715 0.3683446965944272 0.46117707023809523 0.3608459931888545 0.4581753380952381 0.3568466693498452 0.4581753380952381 0.34984791021671824 0.45917590595238095 0.34434883095975233 0.46017648333333333 0.3418492631578947 0.46467910714285715 0.34684839814241486 0.46367852857142855 0.35034781609907123 0.4686814464285714 0.3526249888544892 0.481375 0.3528473839009288 0.4721834821428571 0.3533472897832818 0.4651794
