2 0.6968000000000001 0.5416 0.6584 0.5439999999999999 0.656 0.564 0.654 0.5768 0.654 0.5903999999999999 0.6567999999999999 0.6 0.6587999999999999 0.6072 0.6636 0.6120000000000001 0.6683999999999999 0.6152000000000001 0.676 0.6168 0.6808 0.6127999999999999 0.6876 0.608 0.6896 0.6032 0.6948000000000001 0.6056 0.6996 0.6048 0.7031999999999999 0.5992 0.7060000000000001 0.592 0.7068 0.5776 0.7028 0.5616 0.6968000000000001 0.5416
11 0.32166412445820436 0.40492541547619043 0.3210651219814242 0.4163064547619048 0.32525813684210525 0.4300835035714286 0.34083219133126935 0.43966753690476196 0.35101522724458206 0.42109847142857143 0.35940125634674924 0.406123419047619 0.37138129783281737 0.3929453738095238 0.38096533188854487 0.37916832500000003 0.38995036284829726 0.3570052476190476 0.39653938637770897 0.3246591345238095 0.3851583461300309 0.31028308452380954 0.3803663294117647 0.31327809523809524 0.37317830464396284 0.3210651226190476 0.354609239628483 0.3324461619047619 0.3426291975232198 0.3408321916666667 0.3276541455108359 0.34981722261904763 0.3180701120743034 0.36299526904761903 0.31986711826625386 0.3941433773809524 0.32166412445820436 0.40492541547619043
11 0.27194695046439626 0.7223965250000001 0.27673896718266255 0.7385695821428572 0.29351102600619194 0.7373715773809524 0.3048920656346749 0.7235945297619047 0.31447609907120744 0.7038274607142857 0.32465913498452015 0.6666893297619048 0.32825314736842104 0.6373382273809524 0.3294511517027864 0.6091851297619048 0.3162731052631579 0.5852250452380953 0.2977040408668731 0.5822300357142858 0.27793697151702784 0.5834280392857143 0.2755409628482972 0.6175711583333333 0.282129986377709 0.6624963154761905 0.27374395665634677 0.7116144869047619 0.27194695046439626 0.7223965250000001
11 0.7523466297213623 0.5271218428571429 0.7589356526315789 0.5187358130952381 0.7691186885448917 0.49597373333333333 0.770316692879257 0.4738106559523809 0.7595346551083592 0.4582366011904762 0.7493516191950464 0.44386055119047624 0.7427625962848297 0.43247951190476186 0.7379705795665635 0.4157074535714286 0.7325795603715171 0.4013314023809524 0.7205995188854489 0.3911483666666667 0.7086194767801858 0.39054936547619046 0.7068224705882353 0.4121134404761905 0.709218479256966 0.4510485761904762 0.7253915356037152 0.495374730952381 0.7385695814241486 0.5337108654761905 0.7523466297213623 0.5271218428571429
11 0.7487526173374612 0.6744763571428573 0.7481536148606811 0.7128124916666666 0.7535446340557276 0.7343765666666666 0.7793017238390093 0.7439606000000001 0.7906827634674923 0.7301835523809524 0.7900837616099071 0.7044264619047619 0.793677773993808 0.6666893297619048 0.80146480123839 0.6331452130952382 0.7996677950464396 0.607987125 0.7846927430340558 0.5960070833333334 0.7493516191950464 0.6031951083333333 0.7439606006191951 0.6061901190476191 0.7385695814241486 0.6097841309523809 0.7349755690402476 0.6193681654761906 0.7367725752321982 0.6343432178571429 0.7481536148606811 0.6630953178571428 0.7487526173374612 0.6744763571428573
2 0.6053462730650154 0.6177002785714286 0.6115232755417956 0.6184269845238095 0.6246039876160991 0.616610219047619 0.6289642247678019 0.610796569047619 0.628237518885449 0.5984425642857143 0.6191536910216718 0.5875419714285715 0.6133400414860681 0.5868152642857143 0.6060729789473684 0.5922655607142857 0.6002593294117647 0.6006226821428572 0.5969891517027863 0.6089798035714286 0.6053462730650154 0.6177002785714286
2 0.6355045808049535 0.6064363321428572 0.6405915244582043 0.616610219047619 0.6500387046439629 0.6177002785714286 0.6573057671826625 0.6115232761904761 0.6551256482972136 0.6064363321428572 0.6511287640866873 0.6006226821428572 0.646405173993808 0.5984425642857143 0.6395014650154799 0.5988059166666666 0.6369579931888545 0.6064363321428572 0.6355045808049535 0.6064363321428572
2 0.6384114055727554 0.638411405952381 0.6351412278637771 0.639138111904762 0.6289642247678019 0.6442250547619047 0.6260574 0.6467685273809524 0.6231505752321982 0.6496753523809524 0.6202437504643963 0.6533088833333333 0.6216971628482972 0.6605759452380952 0.6242406346749226 0.6627560630952382 0.6362312866873064 0.6623927107142857 0.6453151145510836 0.6540355892857144 0.6416815832817337 0.6416815833333332 0.6384114055727554 0.638411405952381
2 0.6474952334365325 0.6540355892857144 0.6504020582043344 0.6569424142857143 0.6627560637770897 0.6598492392857143 0.6725665975232198 0.6645728285714285 0.6809237188854489 0.6554890011904763 0.6871007213622291 0.6485852928571428 0.6925510179566564 0.6409548773809524 0.6925510179566564 0.6365946404761905 0.6831038377708979 0.616610219047619 0.6758367752321982 0.6180636321428571 0.6685697133126934 0.622423869047619 0.6587591795665635 0.6300542845238095 0.6511287640866873 0.6398648178571429 0.6474952334365325 0.6540355892857144
7 0.34697938575851395 0.7958140107142858 0.34250223219814246 0.8030893845238096 0.3492179622291021 0.8159612011904762 0.35705298080495357 0.8170804892857143 0.36264942229102165 0.8098051142857143 0.36600728730650156 0.798612230952381 0.36992479690402474 0.7890982809523809 0.3727230173374613 0.7790246857142856 0.372163373374613 0.7706300226190476 0.3688055083591331 0.7650335809523809 0.3609704897832818 0.7639142928571429 0.3531354718266254 0.7823825499999999 0.34697938575851395 0.7958140107142858
