2 0.6587999999999999 0.6288 0.6564 0.62 0.6567999999999999 0.5944 0.6536000000000001 0.5816 0.6484 0.5744 0.6399999999999999 0.5744 0.6332 0.5752 0.63 0.5831999999999999 0.6248 0.588 0.6152 0.588 0.6116 0.5903999999999999 0.608 0.5968 0.6072000000000001 0.6127999999999999 0.614 0.628 0.6184 0.6376 0.622 0.6544 0.6587999999999999 0.6288
2 0.6728 0.536 0.6652 0.5424 0.6612 0.5472 0.6564 0.5584 0.6524 0.5671999999999999 0.6484 0.5831999999999999 0.6536000000000001 0.6024 0.6656 0.6256 0.6963999999999999 0.5744 0.692 0.5552 0.6872 0.5432 0.6791999999999999 0.5328 0.6728 0.536
2 0.5576 0.5720000000000001 0.556 0.556 0.5544 0.5432 0.5496 0.5344 0.5464 0.5304 0.54 0.524 0.5327999999999999 0.524 0.5292 0.5256000000000001 0.526 0.524 0.5184 0.5207999999999999 0.5112 0.5248 0.5068 0.5312 0.504 0.54 0.5015999999999999 0.54 0.498 0.5344 0.496 0.532 0.49 0.528 0.4832 0.528 0.48079999999999995 0.528 0.4744 0.532 0.472 0.5536 0.472 0.5664 0.4712 0.5768 0.472 0.5888 0.4764 0.6 0.4912 0.6095999999999999 0.496 0.608 0.5028 0.608 0.5096 0.6056 0.5184 0.6048 0.5244 0.6032 0.5304 0.5976 0.5384 0.6008 0.5456 0.6008 0.5512 0.5984 0.5548 0.596 0.5572 0.5871999999999999 0.5576 0.5720000000000001
9 0.6788 0.7224 0.6788 0.7080000000000001 0.6736 0.6911999999999999 0.6676 0.6608 0.6612 0.6416 0.6584 0.6296 0.622 0.6584000000000001 0.626 0.6904 0.6316 0.7104 0.6384000000000001 0.7312 0.646 0.7504000000000001 0.6496000000000001 0.7528 0.6524 0.7512000000000001 0.6544 0.7447999999999999 0.6524 0.732 0.6504 0.7104 0.6452 0.6856 0.6448 0.672 0.6464 0.6648000000000001 0.6507999999999999 0.6728000000000001 0.662 0.7031999999999999 0.6676 0.7256 0.674 0.7343999999999999 0.678 0.7328 0.6788 0.7224
9 0.5544 0.5424 0.554 0.5184 0.5536 0.49039999999999995 0.5548 0.4568 0.5532 0.44 0.5504 0.428 0.5492 0.42079999999999995 0.5459999999999999 0.41919999999999996 0.5424 0.4248 0.5408000000000001 0.4392 0.5372 0.4768 0.5344 0.5207999999999999 0.5372 0.5232 0.5452 0.5296 0.5544 0.5424
11 0.22660775665634675 0.5923628011904761 0.23622154489164088 0.6193019892857142 0.25929465139318886 0.6318094476190476 0.27563806253869966 0.6029460630952381 0.3035180637770898 0.5740826797619047 0.29294291083591334 0.5423329642857143 0.2842904866873065 0.5153937761904762 0.26506291021671824 0.507696880952381 0.23526018080495356 0.5336739345238095 0.22379805510835912 0.5795673083333334 0.22660775665634675 0.5923628011904761
11 0.29390427492260063 0.41629616547619047 0.30063389783281735 0.39609181071428573 0.3054407919504644 0.37300108809523813 0.30928632198142414 0.3162364738095238 0.2919814736842105 0.3152743202380952 0.2679470024767802 0.3576072988095238 0.2679470024767802 0.3941675773809524 0.2850961318885449 0.43533653928571425 0.29390427492260063 0.41629616547619047
11 0.6957606588235294 0.5981355 0.7322930842105263 0.6433548083333334 0.7476750575851393 0.6058324678571428 0.7380612687306501 0.5663857845238095 0.7342158123839009 0.5317497011904763 0.7169109640866873 0.49518942261904764 0.6851854328173375 0.5250149047619047 0.6957606588235294 0.5538782880952381 0.7045672854489164 0.5843750011904761 0.6957606588235294 0.5981355
13 0.3064021560371517 0.4518943464285714 0.34005041547987613 0.46440180476190474 0.3736986749226006 0.47883349761904764 0.4083083715170278 0.5019242190476191 0.4169607226006192 0.5086590166666667 0.44580208730650156 0.5298254690476191 0.5121372421052631 0.5355981678571429 0.543862772755418 0.5355981678571429 0.6034682315789474 0.5288633702380953 0.6573055052631579 0.5096211142857142 0.6899923269349846 0.46536394047619045 0.6371164910216718 0.5009620845238095 0.5784723962848297 0.5230907083333333 0.5063689839009288 0.5230907083333333 0.4429179950464396 0.5096211142857142 0.4169607226006192 0.47402293333333334 0.29294291083591334 0.42303096190476186 0.3064021560371517 0.4518943464285714
13 0.4169607226006192 0.6635592 0.5073303479876161 0.6914604119047618 0.5880861851393189 0.6760666226190477 0.6371164910216718 0.6443169797619048 0.6688420222910216 0.6241125523809524 0.7044130099071207 0.567347955952381 0.6823012668730649 0.5885143714285714 0.6553827770897833 0.6135292892857143 0.625579973993808 0.6385442452380953 0.5900089133126935 0.6520138023809524 0.49387102972136226 0.6722181559523809 0.44580208730650156 0.6539380714285715 0.3881193572755418 0.6308473130952381 0.35447109783281733 0.6164156214285714 0.33332079256965946 0.5962113404761905 0.31217048792569657 0.5827416726190476 0.2948656390092879 0.5885143714285714 0.29110574736842104 0.5987980773809524 0.3342821572755418 0.6337336809523809 0.4169607226006192 0.6635592
6 0.6582667962848298 0.4807577297619048 0.662112399380805 0.4451595488095238 0.6544213393188855 0.42687942738095236 0.6246185368421052 0.4518943464285714 0.6294254309597523 0.48556829404761903 0.6582667962848298 0.4807577297619048
