1 0.30276255981232225 0.5435225987180546 0.3329319266139237 0.5072442035176012 0.3884445554774629 0.5534048146586154 0.3582754208227925 0.5896829923617484
1 0.61864375 0.478925 0.6673734375 0.478925 0.6673734375 0.5617734375000001 0.61864375 0.5617734375000001
11 0.6780335078493636 0.36913304981077893 0.7095880552017206 0.36365595898153824 0.7277285142696428 0.46816134669551507 0.6961739766137498 0.47363840054936196
2 0.6868034982041991 0.4711867217215778 0.7035697481804846 0.47863784619134125 0.680688711482162 0.530120049240167 0.6639224805765025 0.5226689566597392
11 0.7724100221194021 0.6041951470146908 0.7262376009887248 0.6339275731587269 0.6600981422824361 0.5312271917581659 0.7062698265624476 0.5014950843750081
2 0.6718180922360943 0.5348418987031145 0.6995398500803276 0.567694141461241 0.6641657236527863 0.5975408940444222 0.6364441055141015 0.5646887825166266
2 0.613231464660771 0.6178491616482277 0.6002361950619388 0.5951098500042871 0.6342527169324512 0.5756719016422132 0.6472479873791599 0.5984111319442413
11 0.21442334356015635 0.5526705245756016 0.25960712659559704 0.48668216642024686 0.3491564171091568 0.5479934800070209 0.3039733155923159 0.6139812327974661
2 0.29225992200804285 0.46323021180665563 0.3131406745372942 0.4473619590310971 0.3442171420728073 0.4882522221889535 0.32333644132756945 0.5041204159908323
2 0.38884834975249305 0.48388737521219755 0.3797036447085702 0.5277793650651664 0.3356887133843429 0.518609578802973 0.3448335282843118 0.47471773699568826
2 0.41467920609602515 0.5789231088251301 0.4035411129656268 0.6035837989259598 0.36250016214296465 0.5850493034332522 0.3736382823982467 0.5603887114948127
9 0.33496086175455275 0.6005859253039614 0.34484306154320166 0.6021770919758493 0.3335429112574957 0.6723500838497816 0.3236607140624983 0.6707589281249914
9 0.3222656040968559 0.5986328034127354 0.32933612704721327 0.6017065851471604 0.3032684809187458 0.6616620641944856 0.29619796936799503 0.6585883017002839