2 0.3737624996904025 0.5327031249999999 0.3762375003095975 0.5254359380952381 0.3762375003095975 0.51308125 0.37552968730650155 0.5 0.37447031269349845 0.48619218809523806 0.3671625479876161 0.5029892047619048 0.3378052012383901 0.5053377928571429 0.335456613622291 0.5084692428571429 0.33310802600619194 0.5123835559523809 0.334282320123839 0.515123575 0.3295609374613003 0.50799375 0.33097656222910216 0.51816875 0.3341578123839009 0.527615625 0.3366343752321982 0.533429688095238 0.34052343777089783 0.5370640619047619 0.3437062501547988 0.5370640619047619 0.3458281250773994 0.534884375 0.350425 0.5399703130952381 0.3543140625386997 0.5450578119047619 0.35749687492260057 0.5465109369047619 0.3613859374613003 0.545784375 0.36421562476780184 0.54433125 0.3684578123839009 0.537790625 0.3712874996904025 0.5356109369047619 0.3737624996904025 0.5327031249999999
1 0.3762375003095975 0.480378125 0.37340937523219814 0.49273281190476187 0.3723484377708978 0.503634375 0.3698734377708978 0.527615625 0.3695187498452012 0.53415625 0.3698734377708978 0.5406984380952381 0.3712874996904025 0.54433125 0.37588437523219814 0.555959375 0.3843703126934985 0.5625 0.389675 0.5566859380952381 0.394625 0.5530515619047619 0.3956859374613003 0.5501453130952382 0.4002828123839009 0.5421515619047619 0.40134374984520127 0.530523438095238 0.4002828123839009 0.519621875 0.399575 0.506540625 0.39816093746130027 0.49418593809523814 0.39886874984520126 0.485465625 0.3762375003095975 0.480378125
9 0.4002828123839009 0.35755781190476194 0.3985156247678019 0.3662796869047619 0.3974546873065015 0.36918593809523814 0.39639374984520126 0.376453125 0.39533281238390094 0.381540625 0.3910890625386997 0.4018890630952381 0.3882609374613003 0.41351718809523813 0.3868453126934984 0.42441875 0.3829562501547987 0.436046875 0.3804812501547988 0.45058125 0.3762375003095975 0.4774703130952381 0.39886874984520126 0.485465625 0.399575 0.45494218809523806 0.3999296873065015 0.44113437499999997 0.40240468730650153 0.430959375 0.40487968730650153 0.4156984380952381 0.40558750030959756 0.4084296880952381 0.4066484377708978 0.399709375 0.4073546873065016 0.3909890630952381 0.4070015622291021 0.38299374999999997 0.4073546873065016 0.3757265630952381 0.40947656222910217 0.3546515619047619 0.40947656222910217 0.3488375 0.4091234377708978 0.34665625000000005 0.4066484377708978 0.345203125 0.40523281238390096 0.3481109369047619 0.40240468730650153 0.3524703130952381 0.4002828123839009 0.35755781190476194
2 0.6600422154798762 0.6135538869047619 0.6687875448916409 0.613093605952381 0.682595959133127 0.59790435 0.6761520321981423 0.5739697642857142 0.6687875448916409 0.5702875214285714 0.6632641789473683 0.5758108869047619 0.6503763250773994 0.5863973380952381 0.6434721182662538 0.5914604238095238 0.6384090328173375 0.59790435 0.6425515572755418 0.6089510821428572 0.6549791300309598 0.6112524845238095 0.6600422154798762 0.6135538869047619
2 0.6144744476780185 0.6384090321428572 0.6172361306501548 0.6402501547619047 0.6222992154798762 0.6430118380952381 0.6250608984520124 0.6305842642857143 0.6246006179566563 0.6255211785714285 0.6259814594427244 0.6121730452380952 0.6255211789473685 0.6048085571428572 0.6204580934984519 0.6020468738095238 0.6048085572755417 0.613093605952381 0.5988249108359133 0.6195375333333333 0.594682386377709 0.6259814595238096 0.5979043498452012 0.6370281916666667 0.6084908012383901 0.6402501547619047 0.6144744476780185 0.6384090321428572
2 0.5845562160990712 0.6591216547619048 0.5850164965944272 0.6568202523809524 0.5845562160990712 0.6494557642857143 0.5831753746130031 0.6457735202380952 0.5799534111455109 0.6402501547619047 0.5790328501547988 0.6374884714285715 0.5753506061919504 0.6347267892857144 0.5698272402476781 0.6342665083333333 0.5656847157894737 0.6347267892857144 0.5624627529411764 0.635187069047619 0.5587805089783282 0.6388693130952381 0.5555585455108359 0.6430118380952381 0.5592407894736842 0.6485352035714286 0.5666052767801858 0.6540585690476189 0.5776520086687307 0.6618833369047619 0.5845562160990712 0.6591216547619048
2 0.6720095083591332 0.5251800333333333 0.6766123126934984 0.52241835 0.6867384835913313 0.5155141428571428 0.6927221300309597 0.5040071309523809 0.6945632520123839 0.4901987166666667 0.6858179226006192 0.48421507023809524 0.6802945566563469 0.48697675357142856 0.6724697888544892 0.49342067976190473 0.6655655814241486 0.5007851678571429 0.6586613739938081 0.5063085333333334 0.657740813003096 0.5127524607142857 0.658201093498452 0.5196566678571428 0.6674067034055728 0.5274814357142857 0.6720095083591332 0.5251800333333333
2 0.6282828619195047 0.54128985 0.6315048253869969 0.54128985 0.6356473498452012 0.5399090083333333 0.6439323987616099 0.5334650821428571 0.6466940817337461 0.52241835 0.6448529597523219 0.5145935821428571 0.633806227863777 0.5081496559523809 0.6292034229102167 0.507689375 0.6232197764705882 0.5099907773809523 0.6130936061919504 0.5191963869047619 0.6094113622291022 0.5270211547619047 0.606649679256966 0.5343856428571429 0.6209183739938081 0.544972094047619 0.6282828619195047 0.54128985
2 0.5836356551083591 0.5261005940476191 0.5781122891640866 0.5339253630952381 0.5794931306501547 0.541750130952381 0.5827150941176471 0.5532571428571429 0.5905398625386996 0.5606216309523809 0.6015865938080496 0.5518763011904763 0.6052688377708979 0.545432375 0.6038879962848297 0.5348459238095238 0.6029674352941177 0.5325445214285714 0.5905398625386996 0.5279417166666667 0.5845562160990712 0.522878630952381 0.5836356551083591 0.5261005940476191
2 0.556479106501548 0.54128985 0.556479106501548 0.5445118142857143 0.5601613504643963 0.5509557404761904 0.5698272402476781 0.5587805083333334 0.5776520086687307 0.545432375 0.5753506061919504 0.537607605952381 0.5675258377708978 0.530243119047619 0.5615421919504644 0.5297828380952381 0.5550982650154799 0.5343856428571429 0.556479106501548 0.54128985
2 0.39925991393188853 0.5480038035714285 0.4008256390092879 0.5554409976190476 0.40434852074303407 0.5589638797619048 0.4157000278637771 0.5570067226190476 0.4258772414860681 0.5452637845238095 0.4258772414860681 0.5413494714285715 0.4231372222910217 0.5319551202380952 0.4149171653250774 0.5288236702380953 0.4023913640866873 0.5288236702380953 0.39847705139318884 0.5327379833333333 0.3980856198142415 0.5390008833333333 0.39925991393188853 0.5480038035714285
2 0.2920077405572756 0.47793760238095234 0.2920077405572756 0.4822433464285714 0.2931820346749226 0.4881148166666666 0.29513919133126937 0.49320342261904765 0.3037506792569659 0.5022063428571428 0.3111878736842105 0.5088606738095238 0.3194079312693498 0.5041634988095238 0.3186250681114551 0.49868346071428576 0.31705934303405575 0.4861576595238095 0.3147107554179567 0.47989475952380956 0.30844785510835915 0.4720661333333333 0.30179352321981423 0.4685432511904762 0.2943563287925697 0.4716747023809524 0.2920077405572756 0.47793760238095234
11 0.2434702613003096 0.5554409976190476 0.2395559479876161 0.5742297000000001 0.236033066873065 0.6102413773809524 0.22937873498452013 0.6407730178571428 0.2321187535603715 0.6509502321428571 0.24777600557275542 0.6626931702380953 0.2595189436532508 0.6728703845238095 0.2712618823529412 0.6552559761904763 0.2826133900928792 0.634510117857143 0.285744840247678 0.6110242404761904 0.29357346625387 0.5863640690476191 0.295922053869969 0.5628781916666666 0.2923991721362229 0.5534838416666666 0.2814390959752322 0.5440894904761905 0.27400190154798765 0.5370437273809524 0.2610846693498452 0.5284322392857143 0.2520817492260062 0.5245179261904762 0.24816743653250775 0.5339122773809524 0.24386169226006194 0.5503523904761904 0.2434702613003096 0.5554409976190476
2 0.304924973374613 0.5523095476190476 0.3021849541795666 0.5523095476190476 0.3014020916408669 0.5628781916666666 0.3033592482972136 0.5750125619047619 0.3060992674922601 0.5863640690476191 0.31040501114551083 0.5981070083333334 0.3291937133126935 0.6118071035714285 0.34485096470588233 0.6031956142857143 0.344459533126935 0.5875383630952381 0.3378052012383901 0.5722725428571428 0.334282320123839 0.5675753678571428 0.3264536941176471 0.5617038988095238 0.31627648049535606 0.5570067226190476 0.304924973374613 0.5523095476190476
2 0.3491567089783282 0.5894955202380953 0.34876527739938085 0.5906698130952381 0.34954813993808054 0.6035870464285714 0.35228815913312694 0.6145471226190475 0.35307102167182663 0.6266814916666666 0.3538538842105263 0.6364672738095238 0.3612910786377709 0.6419473119047618 0.3757740365325078 0.6454701940476191 0.38281979938080496 0.6368587059523809 0.3886912687306502 0.6294215107142858 0.38673411269349844 0.6212014535714285 0.3863426811145511 0.6121985345238095 0.3804712117647059 0.6039784773809524 0.372642586377709 0.5996727333333334 0.35855106006191956 0.5965412833333333 0.3491567089783282 0.5894955202380953
2 0.4235286538699691 0.6431216059523809 0.4207886346749226 0.6290300797619047 0.41335144024767806 0.6223757476190476 0.41021999009287924 0.6200271607142857 0.40552281424148606 0.6196357285714286 0.39769418885448915 0.6219843166666666 0.3922141504643963 0.6290300797619047 0.3902569944272446 0.639990155952381 0.39103985696594423 0.6536902511904762 0.3929970130030959 0.6576045642857142 0.40747997089783283 0.652515957142857 0.4207886346749226 0.642730175 0.4235286538699691 0.6431216059523809
13 0.2927771956656347 0.43944785238095235 0.33057309597523216 0.479500225 0.3678048780185758 0.4975519976190476 0.49021846501547983 0.5336555440476191 0.6447867721362229 0.49585964404761906 0.698942091640867 0.4591919797619048 0.691044440866873 0.42872961190476194 0.6115038154798762 0.46821786666666665 0.5432455486068111 0.48683375714285715 0.44790962167182663 0.4896543464285714 0.4061648959752322 0.46934610238095237 0.35031722291021666 0.44452491428571433 0.2972901393188855 0.40898548571428567 0.2927771956656347 0.43944785238095235
13 0.39491541919504647 0.6947052273809523 0.4969592575851393 0.7137303488095238 0.5765188606811146 0.6935521892857143 0.654348906501548 0.6566549821428571 0.701623453250774 0.6139925869047619 0.6935521894736842 0.5805544928571429 0.6387828972136224 0.6255229642857143 0.5845901244582044 0.6589610571428571 0.4162466173374613 0.6606906142857142 0.33899308978328174 0.6128395488095237 0.29402461919504647 0.5817075297619048 0.28076468482972133 0.6076508785714285 0.34302872198142415 0.6601140952380953 0.39491541919504647 0.6947052273809523
