1 0.3985465741070584 0.5231886124246312 0.3673017210320495 0.5210137096422008 0.372354596513901 0.448431568526794 0.4035991081063912 0.45060645923615683
1 0.40512124777910685 0.5374972143553653 0.38880364444867155 0.5963495515303838 0.33747943907269473 0.5821203302836752 0.35379720562059447 0.523268257361385
1 0.6310885264083481 0.5195019625403849 0.5955075305278115 0.526003400119684 0.5820709478338131 0.45247231186758025 0.6176515547707595 0.4459709110071449
1 0.6066526008768278 0.44129261841443496 0.6562804678510474 0.4297209806294054 0.6718600652011446 0.4965337147616921 0.622232217522992 0.5081052957226606
1 0.6450174414018193 0.5179141431410323 0.658615068668496 0.5841833663481947 0.6033420172309434 0.5955232905984948 0.5897447493500749 0.529254378665029
11 0.3184731448633329 0.5964372231647168 0.24427194446150224 0.6023512846542365 0.23664234263719663 0.5066276729848301 0.3108423401076834 0.5007136599656095
2 0.3020455030757603 0.45298924377534056 0.2887822049546003 0.46256774312045446 0.2637792938962775 0.4279483692710731 0.2770425395217444 0.41836989726157037
2 0.3005307231990173 0.44022164841240446 0.3357219946104806 0.43875543975525066 0.33747693048314886 0.48087394926426236 0.30228565930769946 0.4823401535805932
2 0.3366132560395272 0.4494342048664672 0.3788798357009 0.4587194044072234 0.36929739843878906 0.5023360319698298 0.32703082853163323 0.49305086256291697
2 0.30993550206687814 0.5232492425260966 0.3283798951130166 0.5043080805594911 0.36197702453762304 0.5370213434078746 0.3435327042523113 0.555962433597451
2 0.4218316674410971 0.5465640824234682 0.41882311440463127 0.5761461268488559 0.3938375169672099 0.573605214652515 0.3968461258085654 0.5440232328867458
2 0.6499007005960493 0.539300157969944 0.6430336557478995 0.5180763891780206 0.6833216046709367 0.5050420896449794 0.6901886873237117 0.5262657872321369
11 0.7678379357826088 0.6037758557711901 0.6928241165767304 0.6065538855480593 0.68888564200779 0.5002004898481366 0.7638981664613311 0.49742248350464696
2 0.6584303640624967 0.4454709453125013 0.6889521778866765 0.44044869093850375 0.6943878723658372 0.47348103294246546 0.6638660614628407 0.4785032755256459
2 0.4244675876444717 0.5163252926134936 0.4014061147948951 0.5197842459245638 0.3947508116896188 0.475414995889286 0.4178121293680306 0.4719560544836689
2 0.587247782053737 0.5051435615465895 0.5585250735766749 0.5088666090270542 0.5540987873901031 0.4747204783598695 0.5828213484375055 0.4709974406249938
9 0.3937500386927013 0.45104166515114846 0.3845594476847509 0.45152535584285197 0.3791756475861803 0.3492319707092829 0.3883661236067155 0.3487482830578152
9 0.3604165659617138 0.5917708139144249 0.3682271142749869 0.5931084211667934 0.35260557760989286 0.6843147230973452 0.34479503234217646 0.6829771278244997
9 0.3729166233678143 0.5886458295950812 0.38119684410412447 0.5889585448335282 0.3770302205468852 0.6992710446759421 0.36874999999997726 0.6989583328124984
9 0.6018262058039454 0.4448566061929089 0.5956956523754116 0.44516311921724816 0.5900613364251512 0.3324760927908068 0.596191805825697 0.3321695819089503
9 0.6054928014378902 0.33956612461588614 0.6102961914372145 0.3396752871040924 0.6079283899780421 0.4438591618065367 0.6031249999999773 0.44375
9 0.6247649477795676 0.31782249052199946 0.6304109432907126 0.3173176545148177 0.638979303567794 0.4131410001262902 0.6333333084236301 0.41364583343072125
9 0.6291667628565847 0.6927083281462871 0.6195857672967122 0.6931756362247883 0.6150112857239947 0.5993972755994944 0.6245921066617939 0.5989299717529458
9 0.6333333328124127 0.6001041656250115 0.6419548514496682 0.597832648842392 0.6627880227547394 0.6768952096227936 0.6541665109990618 0.6791667083382587