2 0.30869741677349793 0.5160896615728793 0.313772691893746 0.5169146091184377 0.31119930160423337 0.5327454047038224 0.30612402673739325 0.5319204582153702
2 0.33485647588383927 0.5322768319058373 0.3197609741703218 0.5396344374197368 0.30809204469801443 0.5156954003036942 0.3231874920662676 0.5083378105297899
2 0.34818599784284743 0.5097379820177773 0.36891943506532243 0.5108604744563241 0.36708393997287203 0.5447608693125394 0.34635050298186343 0.5436383799397623
2 0.39564824648277863 0.5504957440478944 0.38649676052978066 0.5513861891242763 0.38490727229304866 0.5350516515666999 0.3940587336154522 0.53416120769614
2 0.42662967828414367 0.5351921810222859 0.42662969039804466 0.5498265668854706 0.41168437100691335 0.5498265617961353 0.4116843769677416 0.5351921940215931
2 0.4180566917221995 0.62752203284142 0.3998369056175761 0.6290061334989413 0.39754791481311713 0.6009076840473564 0.4157676052360557 0.5994235873075981
2 0.4330718453724103 0.6280811227660072 0.4180538194179917 0.627166453334478 0.4194469398067895 0.604295820976524 0.43446490160613394 0.6052104884542394
2 0.4453125055493956 0.6264812500000001 0.4388593707616337 0.6264812500000001 0.4388593815499462 0.60696875 0.4453124926011469 0.60696875
1 0.4801397435051058 0.48595536440038406 0.506842189574968 0.48705835726996505 0.5033964667704822 0.5704693029979685 0.4766940211588917 0.5693663175447263
1 0.5866754558558114 0.5052824869911804 0.6220712131051869 0.49449999151748447 0.6401595644621239 0.5538738352032688 0.6047638304848988 0.5646562766982857
2 0.681376607544621 0.5202378820924126 0.6749209098752544 0.5084383536862782 0.6833774901845118 0.5038120038983616 0.6898331884623303 0.5156115234480064
2 0.6983670321810678 0.5198474589732475 0.6914726044527697 0.5215284198828465 0.6879822408818654 0.507213889824822 0.6948766533627122 0.5055329308608796
2 0.6272941844719071 0.5481560940936742 0.6246196232897319 0.5281682593090662 0.657263356796534 0.5238005828111684 0.659937963045877 0.5437883638626375
2 0.6589672251081993 0.611846875 0.6307749602682406 0.611846875 0.6307750735035142 0.572125 0.658967135789112 0.572125
11 0.30174169529288974 0.6473080071664026 0.21969552009079507 0.6451863549240837 0.22202382801845033 0.5551875204111135 0.30406865031591224 0.5573091551447502
2 0.5939580656710177 0.6035751088007155 0.5791728458771104 0.6251819853163277 0.5541262926234367 0.6080448940056837 0.5689114980643808 0.5864380772857071
2 0.607921030841112 0.5831543886163212 0.6146565160959199 0.5984946270833038 0.5963874875753845 0.6065151662025275 0.5896520349731418 0.591174955441694
2 0.6645900759957613 0.5779612391366131 0.6686567070919409 0.5561782468004408 0.6961677156838277 0.5613137228520305 0.6921011446847842 0.5830966622551194
11 0.7122924572312286 0.5670521451211593 0.7819563203489679 0.5642782464333341 0.78634880854122 0.6745793048865101 0.7166849468072769 0.6773531749471156
0 0.4725294731898657 0.5272936059901503 0.46500205075130907 0.5243665185847275 0.4694558369671995 0.5129139385234673 0.4769832462635577 0.5158410230739607
9 0.4854166671874509 0.409375 0.4880998061078117 0.4093344104483255 0.48914146700587935 0.47818857633344874 0.48645832809006606 0.4782291656964393
9 0.6156251438820846 0.49999998692054737 0.6047301895517876 0.5009903815650332 0.5943135495142542 0.3864070539260012 0.6052083328124809 0.3854166671874979