2 0.28918652817337465 0.4343558607142857 0.2874583219814241 0.446453305952381 0.2851540464396285 0.46373536904761903 0.28861045944272445 0.47295246904761906 0.29437114736842107 0.4856259821428571 0.3070446600619195 0.48793025714285715 0.3185660359133127 0.48101743214285714 0.31626176099071207 0.4706481940476191 0.3128053479876161 0.46085502500000003 0.30589252260061917 0.44875758095238094 0.2960993535603715 0.4326276547619048 0.2880343907120743 0.4343558607142857 0.28918652817337465 0.4343558607142857
2 0.2949472160990712 0.5363200357142857 0.29552328482972134 0.5432328607142858 0.30013183529411763 0.5507217547619048 0.3139574854489164 0.5507217547619048 0.3225985176470588 0.5461132047619047 0.32605493003095976 0.5420807226190476 0.32202244891640863 0.5334396916666666 0.3202942421052632 0.5305593476190477 0.3191421046439628 0.5288311416666667 0.3047403851393189 0.5184619035714285 0.2920668718266254 0.5109730083333334 0.2851540464396285 0.5086687333333334 0.28573011517027863 0.5098208714285715 0.29379507863777093 0.5242225904761905 0.2949472160990712 0.5363200357142857
2 0.3548583690402477 0.5875901571428571 0.3692600885448917 0.5910465690476191 0.37847718947368425 0.58586195 0.37617291393188856 0.5812534 0.3715643640866873 0.5754927119047619 0.3681079510835913 0.56742775 0.3600429882352941 0.564547405952381 0.35024981919504644 0.5605149238095238 0.341608786996904 0.5547542357142857 0.33930451207430334 0.5507217547619048 0.3335438241486068 0.5639713369047619 0.3421848557275542 0.5772209190476191 0.3548583690402477 0.5875901571428571
2 0.3323916866873065 0.5109730083333334 0.3462173374613003 0.5167336964285715 0.35024981919504644 0.5173097654761905 0.3611951256965944 0.5190379714285714 0.3646515386996904 0.5132772845238095 0.3646515386996904 0.5069405273809524 0.36061905696594426 0.49945163333333337 0.3531301628482972 0.4890823952380952 0.3485216123839009 0.48677812023809525 0.3439130625386997 0.4838977761904762 0.34045664953560373 0.48216957023809526 0.33584809969040247 0.48216957023809526 0.3323916866873065 0.4838977761904762 0.3243267238390093 0.4948430833333333 0.3243267238390093 0.5034841142857143 0.3323916866873065 0.5109730083333334
2 0.39691139009287923 0.6129371833333334 0.39863959628482976 0.6129371833333334 0.40785669721362233 0.6025679452380953 0.4072806284829721 0.5985354630952381 0.39979173436532506 0.5927747761904762 0.3911507021671827 0.5875901571428571 0.3859660835913313 0.5962311880952381 0.39057463343653254 0.6037200821428571 0.39691139009287923 0.6129371833333334
2 0.4147695226006192 0.6135132523809523 0.41707379752321977 0.6198500083333333 0.4245626916408669 0.6244585583333334 0.43205158575851393 0.6215782154761905 0.42744303591331273 0.6123611142857143 0.42168234798761606 0.6042961511904762 0.41707379752321977 0.5985354630952381 0.41304131640866876 0.5956551202380952 0.4113131095975232 0.5945029821428571 0.4061284910216718 0.6014158071428571 0.41073704086687307 0.6083286333333333 0.4147695226006192 0.6135132523809523
2 0.6918586061919504 0.5720363 0.7160534947368421 0.5521619261904762 0.715477426006192 0.5443849976190476 0.7068363944272446 0.5392003797619047 0.6993475003095975 0.5392003797619047 0.6918586061919504 0.5449610666666667 0.6878261244582043 0.5489935488095238 0.6751526117647059 0.5553303047619048 0.6711201300309597 0.5564824428571429 0.6745765430340558 0.5656995428571429 0.6751526117647059 0.571460230952381 0.6820654371517029 0.57664485 0.6918586061919504 0.5720363
2 0.650381653869969 0.5449610666666667 0.6624790984520124 0.5392003797619047 0.6786090241486067 0.5288311416666667 0.6797611616099072 0.5173097654761905 0.6780329554179566 0.5144294214285714 0.6699679925696594 0.5092448023809524 0.6630551671826626 0.5098208714285715 0.657294479256966 0.5127012154761904 0.653838066873065 0.5155815595238095 0.6457731034055727 0.5265268654761904 0.6405884848297213 0.5392003797619047 0.6475013102167183 0.5472653416666666 0.650381653869969 0.5449610666666667
2 0.6832175746130031 0.5011798392857143 0.6843697120743034 0.5069405273809524 0.6907064687306501 0.5150054904761905 0.6970432253869969 0.5155815595238095 0.7108688761609908 0.5069405273809524 0.7160534947368421 0.5017559083333334 0.7172056328173374 0.4890823952380952 0.715477426006192 0.48216957023809526 0.7131731510835914 0.4792892261904762 0.7039560507739938 0.47871315714285717 0.6970432253869969 0.4844738452380952 0.6866739869969041 0.4948430833333333 0.6832175746130031 0.5011798392857143
11 0.7183577702786378 0.5633952678571429 0.7344876959752322 0.6296431773809523 0.7546501034055728 0.6457731035714285 0.7586825845201238 0.5818294690476191 0.7702039603715171 0.5357439666666667 0.7609868600619194 0.5271029345238095 0.7609868600619194 0.5265268654761904 0.7477372780185759 0.5259507976190476 0.7437047962848297 0.5271029345238095 0.7344876959752322 0.5288311416666667 0.7212381139318885 0.5345918285714286 0.7183577702786378 0.5633952678571429
11 0.20371709659442724 0.5616566428571429 0.19582664582043344 0.5752856035714285 0.19546798885448918 0.5846106821428572 0.22380188049535604 0.5856866523809524 0.24245203777089783 0.5867626238095238 0.2715032433436532 0.5856866523809524 0.2840562334365325 0.572775005952381 0.2790350371517028 0.5501796238095238 0.27329652755417955 0.5369093202380952 0.2679166743034056 0.5207697607142857 0.2628954786377709 0.5078581142857143 0.2611021944272446 0.4945878107142857 0.25679831207430337 0.48705601666666665 0.2557223411764706 0.48705601666666665 0.24639726315789473 0.4881319869047619 0.24424532198142412 0.48920795714285714 0.23922412569659443 0.49602243809523805 0.2359962142414861 0.5003263202380952 0.23133367492260062 0.5114446821428572 0.22523650835913311 0.5222043880952381 0.21878068482972135 0.5304534964285714 0.2144768024767802 0.5383439476190476 0.2083796359133127 0.5480276821428571 0.20515172383900931 0.5591460452380953 0.20371709659442724 0.5616566428571429
