2 0.31994016756402743 0.6048601461913342 0.3073499865128042 0.6326173216439812 0.27062252453902147 0.6159601727242969 0.28321273359892984 0.5882031015511378
2 0.6435743989717366 0.5561332908933547 0.6144540967076182 0.5576226262420308 0.6105782231074954 0.4818422825048576 0.6396981746343045 0.48035295617809254
2 0.6832770598499565 0.4917138047620243 0.7223605345428723 0.492272304861296 0.7213714021833084 0.5614854773282543 0.6822879275655396 0.5609269803312297
11 0.7479033249782105 0.48239837397639 0.7073442214380066 0.4804359380816162 0.7146321156601516 0.3298283741831006 0.7551904599478121 0.3317907916117851
2 0.6119054832533948 0.5511396379667479 0.5887545566585004 0.5492626968675722 0.5926943183836784 0.5006734883990512 0.6158450653479122 0.5025504221878869
2 0.6802098912113479 0.6002172715351373 0.7160163578780612 0.5937077516600263 0.7215820177937076 0.6243189633422528 0.6857755562341481 0.6308284643221702
11 0.7192240103674976 0.5748907712250824 0.7956571050580123 0.5832659921333551 0.7845220645151585 0.6848736174365618 0.7080889817183333 0.6764984783293081
11 0.1938816037328479 0.6117024239498027 0.25293008877486045 0.5925764863151843 0.278688365990547 0.6720917730405026 0.21963994932593778 0.6912175549521267
11 0.24884854550816726 0.3168696862107024 0.2993665191637547 0.3208879592387162 0.286336228118671 0.48469821329141655 0.23581825842279613 0.48067998056255623
9 0.632291643934991 0.41145833164994927 0.6390455960877262 0.41179600723950854 0.6348789520103537 0.4951293408351206 0.6281249999999545 0.4947916671874976
9 0.6961528400671568 0.4790188090501828 0.6909216619759491 0.4794015555217128 0.6864355327602425 0.41809107768269943 0.6916666671875191 0.41770833281250136
9 0.7031249926666305 0.414583331684363 0.7092304927547275 0.4155225850918251 0.6993798045394897 0.47955199780378677 0.6932743053888544 0.478612748530597
9 0.6968750104595074 0.6927083331866715 0.6927489984668682 0.6925607314711684 0.6948323696748275 0.6343315647878695 0.6989583328124809 0.6344791656249983
9 0.7062499999999545 0.643854165625002 0.7089928888775603 0.6435268969651056 0.7142011986613852 0.6871727355168903 0.7114583100437812 0.6875000027166508