11 0.24917812507739937 0.55263125 0.22944062476780186 0.532071875 0.21957187492260063 0.537829688095238 0.2310859374613003 0.5707234369047619 0.2220390625386997 0.5863484369047619 0.20970468730650155 0.611842186904762 0.23272968730650156 0.6455593749999999 0.25657968730650155 0.675164061904762 0.26727031269349844 0.665295311904762 0.27302656222910215 0.6332234369047619 0.27713750030959755 0.5921046869047619 0.26397968730650156 0.575657811904762 0.24917812507739937 0.55263125
11 0.7779609374613002 0.60361875 0.7722046873065016 0.571545311904762 0.78125 0.5427625 0.7730265622291022 0.5172703130952381 0.7582234377708978 0.524670311904762 0.7368421876160991 0.546053125 0.7119937498452011 0.5633453119047619 0.7154609374613002 0.58799375 0.7154609374613002 0.606907811904762 0.71875 0.639803125 0.7286187498452011 0.6521374999999999 0.7631578123839009 0.6175984369047619 0.7779609374613002 0.60361875
7 0.5992406247678018 0.77829375 0.6140203126934984 0.7795609369047619 0.6275343752321981 0.7766046869047619 0.6376687498452013 0.77238125 0.6431593752321981 0.7635140630952381 0.6448484377708978 0.75295625 0.6473812501547989 0.74324375 0.6473812501547989 0.730575 0.6423140625386997 0.7204390630952381 0.6355578123839009 0.712415625 0.625 0.705659375 0.6140203126934984 0.70608125 0.6055750000000001 0.7073484369047619 0.6013515622291021 0.7073484369047619 0.5907937498452012 0.7128375 0.5945953126934984 0.7111484369047619 0.5819249999999999 0.719171875 0.5751687498452012 0.7301515630952381 0.5743250000000001 0.7462 0.5827703126934984 0.7609796869047619 0.5903718749226006 0.7706921869047619 0.5992406247678018 0.77829375
1 0.30512081424148607 0.47609967619047616 0.3079009585139319 0.4851351440476191 0.32388678699690404 0.4955606845238095 0.32805700309597524 0.4976457928571429 0.34543290340557276 0.503206080952381 0.34890808359133124 0.5045961523809523 0.3523832637770898 0.503206080952381 0.3579435517027864 0.46775924404761904 0.35377333560371516 0.4608088833333333 0.35029815603715175 0.455943630952381 0.3433477956656347 0.4482982345238095 0.3343123269349845 0.4482982345238095 0.3301421108359133 0.4482982345238095 0.3259718947368421 0.4503833428571428 0.316936426625387 0.455943630952381 0.31346124643962847 0.4594188119047619 0.3120711746130031 0.4656741357142857 0.3120711746130031 0.4684542797619048 0.30512081424148607 0.47609967619047616
2 0.5928680736842106 0.6045127928571429 0.5948932421052632 0.6075505452380953 0.5989435795665635 0.612107175 0.6080568377708978 0.619701555952381 0.6080568377708978 0.6171700952380952 0.6090694216718266 0.6080568369047619 0.6100820061919504 0.5933743654761905 0.6090694216718266 0.5872988607142857 0.6050190848297213 0.5832485238095239 0.5974247027863777 0.5812233547619048 0.5893240291021672 0.5771730178571428 0.5893240291021672 0.5791981869047619 0.5857799839009288 0.5781856023809524 0.5822359393188855 0.5913491976190476 0.5842611077399381 0.6050190845238095 0.5888177368421053 0.6085631297619047 0.5928680736842106 0.6045127928571429
2 0.6227393089783282 0.5867925678571428 0.6338777356037152 0.5852736916666667 0.6419784092879257 0.5817296476190476 0.6460287467492261 0.57514785 0.6480539151702785 0.5650220071428572 0.6434972860681115 0.5548961642857143 0.6359029040247678 0.5548961642857143 0.6217267244582043 0.5614779619047618 0.6075505455108359 0.5741352654761904 0.6116008823529412 0.573122680952381 0.6121071746130031 0.5741352654761904 0.6191952643962848 0.5832485238095239 0.6227393089783282 0.5867925678571428
2 0.6434972860681115 0.4981914476190476 0.6465350383900929 0.5067984130952381 0.6541294204334366 0.5093298738095238 0.6657741393188855 0.5083172892857143 0.6794440266253869 0.4981914476190476 0.6809629027863776 0.4870530202380952 0.6764062736842106 0.4809775154761905 0.6708370606811146 0.4784460547619047 0.6566608811145511 0.48249639166666664 0.6485602074303406 0.49363481785714286 0.6434972860681115 0.4981914476190476
2 0.3977709368421053 0.5854608654761905 0.3971123758513932 0.5887536714285715 0.39645381486068115 0.5946807214285714 0.39645381486068115 0.6009370523809524 0.3984294978328173 0.6065348226190477 0.4000759009287925 0.611474030952381 0.4053443900928792 0.6147668369047619 0.4119300018575851 0.6058762619047618 0.4148935269349845 0.6006077726190476 0.41785705201238393 0.5956685630952381 0.41983273560371515 0.5894122321428571 0.418844894117647 0.5834851821428572 0.4148935269349845 0.5762410095238095 0.410942159752322 0.5765702904761905 0.4040272681114551 0.5765702904761905 0.4007344619195046 0.5788752547619048 0.3981002173374613 0.5831559011904762 0.3977709368421053 0.5854608654761905
2 0.3346666588235294 0.5787613428571429 0.3436596204334365 0.5826154690476191 0.3532949368421053 0.5845425321428572 0.35875494984520123 0.5832578238095238 0.3699961523219814 0.5752283928571429 0.37192321547987617 0.5652719 0.3680690891640867 0.5604542416666667 0.35875494984520123 0.5578848238095238 0.35361611455108355 0.5562789369047619 0.34655021547987613 0.5543518738095238 0.33948431702786375 0.5530671654761905 0.3349878359133127 0.551782455952381 0.33306077275541796 0.5508189250000001 0.32792193684210524 0.5553154059523809 0.3269584055727554 0.5704107345238095 0.3346666588235294 0.5787613428571429
2 0.29066538018575855 0.5578848238095238 0.29484068359133125 0.5662354309523809 0.3006218736842105 0.5697683809523809 0.31411131702786377 0.5646295452380953 0.31668073436532507 0.5588483547619048 0.3192501523219814 0.5501765702380953 0.31764426625387 0.5405412535714286 0.3092936588235294 0.5347600642857143 0.30254893684210526 0.5315482916666666 0.29451950650154796 0.5289788738095238 0.29002302538699687 0.5293000511904762 0.28809596222910216 0.5296212285714286 0.28488419009287924 0.5344388869047619 0.28809596222910216 0.5469647976190476 0.29066538018575855 0.5578848238095238
2 0.2897018482972136 0.47726934285714284 0.29227126625386995 0.4795175833333334 0.3086513040247678 0.4843352416666667 0.3128266080495356 0.47309403809523815 0.3073665950464396 0.46153165833333337 0.2977312786377709 0.4496481023809524 0.29034420309597525 0.44033396309523815 0.2832783040247678 0.44065513928571426 0.2765335826625387 0.4499692785714286 0.27685058885448915 0.45947946190476185 0.27781829164086685 0.4605681273809524 0.28263594984520124 0.46667049404761907 0.2864900761609907 0.47245168452380953 0.2897018482972136 0.47726934285714284
9 0.3264616984520124 0.44810307857142856 0.3308395374613003 0.4474776726190476 0.336468186996904 0.4468522678571429 0.343973053869969 0.4474776726190476 0.3496017040247678 0.45091740357142857 0.3521033263157895 0.4540444309523809 0.3511652179566564 0.4233995595238095 0.3514779207430341 0.3739925202380952 0.3508525151702786 0.3299014285714286 0.3514779207430341 0.3167679119047619 0.3408460260061919 0.31645520952380957 0.3302141318885449 0.3158298035714286 0.32458548173374613 0.3208330488095238 0.3233346705882353 0.3264616988095238 0.32020764272445823 0.33709359285714285 0.32020764272445823 0.3477254869047619 0.3208330482972136 0.3611717071428571 0.3198949399380805 0.38775144285714286 0.31864412879256965 0.4527936202380952 0.3230219678018576 0.4493538892857143 0.3264616984520124 0.44810307857142856
