11 0.2798691594363163 0.27333225810085965 0.31855576960322196 0.27701656077927017 0.30228594002699083 0.4478500297427711 0.26359933451499273 0.4441657615144497
2 0.33657868263026103 0.5462207920089555 0.3051135911410938 0.5388795670604918 0.31211778056979256 0.5088618985198778 0.3435827226423953 0.5162031053468724
2 0.36262990792022265 0.5427920905881731 0.3858914554504054 0.5433809341763582 0.3850430729303298 0.5768920982507647 0.36178152546006004 0.576303256344969
2 0.2979052059838523 0.46319239892583464 0.3202901589401108 0.4514116417490682 0.33684406080533336 0.48286411132171153 0.31445912879451043 0.4946448382894203
2 0.3348296935656663 0.4895772882360337 0.36432906206744065 0.47630357451523603 0.3782936727274091 0.5073361113520198 0.3487943252731611 0.5206097907218221
2 0.6433719944179757 0.5839246950223246 0.6260734951480345 0.5656929000647367 0.6462406308386335 0.5465600295431217 0.6635390918119128 0.5647917808396854
2 0.7020920350486222 0.5166185318064743 0.717947046225504 0.537169429372932 0.6814901826248843 0.5652932868264017 0.6656352564086774 0.5447424670596758
11 0.7956685381329862 0.6351871567771965 0.7399748845342629 0.6474488250832975 0.7087801318097036 0.505770914646579 0.7644724510007563 0.49350939721268217
2 0.6621274217332029 0.49454296711299717 0.6598049485970705 0.5317011653451997 0.6268679513802908 0.5296426003632014 0.6291905136628202 0.4924844975723499
2 0.7068606928129384 0.4712285696549061 0.7061844507248907 0.5050419143498527 0.6823571666553789 0.5045653682101048 0.6830334673928746 0.47075208329292134
11 0.6886728848224948 0.3012857949574179 0.737139966873201 0.3003713616201087 0.7402029208205931 0.4627084887384359 0.6917358391427797 0.4636229134499245