1 0.591371875 0.5066203125000001 0.6277171874999999 0.5066203125000001 0.6277171874999999 0.56794375 0.591371875 0.56794375
2 0.3459824105500502 0.5165529088521363 0.32563623400847064 0.5434369734632589 0.2797397807247535 0.5087046371550926 0.30008590838906457 0.4818206918271515
2 0.305390574110902 0.5560585619528412 0.3334706031250789 0.5442661674729731 0.35377720012729696 0.5926154906928307 0.3256972022734317 0.6044078310296332
2 0.3500397732705096 0.5884464546614889 0.38149844564759405 0.5739671862466068 0.4106311968097316 0.6372560887181511 0.3791725840299023 0.6517352626401302
2 0.6935375751286301 0.4664782505140112 0.7133975684195093 0.479462684594553 0.6795548376773013 0.5312219992983314 0.659694892768357 0.5182376260506233
2 0.7067585762844146 0.5809327558874445 0.6604250960438094 0.600587543342152 0.6403161467003429 0.5531877079354474 0.6866492656249648 0.533533007812497
11 0.7347855109712782 0.41745432525436404 0.694525055202007 0.44227561107623165 0.634894685543486 0.3455584760058383 0.6751547281249941 0.32073735781250384
11 0.6997006932361955 0.5298559141977147 0.7640210257159197 0.5364334188211616 0.7531585349595389 0.6426451530916231 0.6888382118179379 0.636067711356108
11 0.31643245912846396 0.6322523150510274 0.25254616052700385 0.6466767355375769 0.22943717959424248 0.5443350199744212 0.29332229150475086 0.5299107407784365
11 0.30481770285678067 0.46502976789492234 0.27030369428587164 0.4578396789666205 0.30219530439046594 0.3047628074446356 0.3367086920965221 0.3119528289275879
7 0.35441143330672276 0.7677207939597723 0.3402777171786511 0.7871513131166203 0.3083448534615627 0.7639274690438248 0.3224785386836402 0.7444970391696828
9 0.6139034880283134 0.5101904465296269 0.6054699791188796 0.5107524184063904 0.597010644044417 0.38381018278265133 0.6054440056794874 0.3832482158654467