1 0.39096334039595604 0.6152496828096329 0.3421583432512989 0.6114182450794186 0.3483205153805784 0.5329362401301394 0.3971248464091559 0.5367676516667231
1 0.5997467973164703 0.539491003724601 0.6508977838332157 0.5352243941010487 0.6577839089657118 0.6177718317932753 0.6066329262803265 0.6220384103444487
1 0.7008331828825476 0.5833278169231509 0.6485602716785479 0.5865059122948266 0.6433077813078398 0.5001147950066857 0.6955799540911585 0.4969367220177348
2 0.6998061530121049 0.4396807923998331 0.7154565969306077 0.46511099359135366 0.6743559282496108 0.4904036991036847 0.6587055839230516 0.4649735849132722
2 0.6560682986175834 0.46385179254292974 0.6748704243163957 0.4845326422888519 0.6414126554172981 0.5149486934922923 0.6226106018923474 0.49426791329970926
2 0.3590569550716509 0.5251361014179364 0.34438290408070316 0.5565782082667587 0.30052730304544184 0.5361123849745062 0.31520138401344866 0.5046704000774104
2 0.3335530541537537 0.4655234018438184 0.3182206054895005 0.48203426635459545 0.280827199937562 0.44731186057586747 0.2961595996782762 0.43080105501612753
2 0.3398494191191048 0.5157420435537243 0.3280341562499416 0.48226775937497113 0.3600634581302984 0.47096336860035326 0.37187876136226805 0.5044375671892173
3 0.36327527192065645 0.7249583066727318 0.33461866772540816 0.7201828282962219 0.3535639971900082 0.6065146861414075 0.3822199390624519 0.6112901078124912
11 0.7473269210325952 0.6551171071961257 0.6923965013583029 0.6466410932788711 0.7138482883199231 0.5076390503005639 0.7687773610249451 0.5161149582375054
7 0.7070302304344978 0.6394095884958703 0.7293644354209619 0.6354492348213447 0.7377885100546564 0.6829501724143797 0.715454310249811 0.6869105068407575
7 0.7303784681804473 0.711063647739407 0.7144842934087592 0.7132699520772473 0.7112502757950097 0.6899753923716365 0.7271443719998842 0.6877690935633479
7 0.35133399095911955 0.7100832921421781 0.34400934168695585 0.7224033736247331 0.31974139717920025 0.7079775431931817 0.3270660449014713 0.6956574993824636