2 0.7211158910216717 0.45373584166666664 0.7121131956656347 0.4627385369047619 0.7031105003095974 0.4807439273809524 0.7022102309597522 0.4978490476190476 0.6950080743034056 0.5068517428571429 0.6992627727554179 0.5247214773809523 0.7004096916408669 0.5239568642857143 0.6994304513931889 0.5254257250000001 0.6995094222910216 0.5257574035714285 0.6990592873065016 0.5262075380952381 0.6997035981424149 0.5264223083333334 0.7292183164086686 0.4906468916666667 0.7328193944272446 0.47804311904761904 0.7301185857585138 0.46183826666666666 0.7211158910216717 0.45373584166666664
2 0.6689002582043344 0.5887762702380952 0.6824043009287926 0.5959784261904761 0.6896064575851394 0.6121832785714286 0.6995094222910216 0.5995795047619048 0.7121131956656347 0.5878760011904761 0.7067115783281733 0.5653692630952382 0.692307265634675 0.5644689928571428 0.6770026842105263 0.5734716880952381 0.6652991801857586 0.5860754619047619 0.6689002582043344 0.5887762702380952
2 0.625655826625387 0.6131126059523809 0.6356904030959752 0.6236489119047619 0.6492370811145511 0.6191333523809524 0.6572647417956656 0.6080953178571429 0.6572647417956656 0.5960538273809524 0.6497388099071207 0.5910365392857143 0.6376973182662539 0.5950503690476191 0.6266592842105263 0.6035797595238095 0.6151195219814242 0.6141160642857143 0.625655826625387 0.6131126059523809
2 0.2915903826625387 0.5701449595238095 0.2963930476780186 0.5770059107142856 0.30737056780185756 0.5824946702380952 0.3087427578947368 0.5962165702380953 0.31560370835913315 0.5962165702380953 0.3231507535603715 0.5811224797619048 0.33344217894736844 0.5742615297619048 0.3197202786377709 0.561225725 0.31560370835913315 0.5536786797619048 0.3066844730650155 0.5619118202380952 0.2963930476780186 0.5598535345238095 0.2915903826625387 0.5701449595238095
2 0.2806128625386997 0.45076442738095235 0.2730658173374613 0.46036975714285716 0.2840433374613003 0.47340556190476185 0.28815990773993805 0.5001632678571428 0.3018818080495356 0.5063381238095238 0.31011494798761613 0.49673279285714284 0.29845133312693495 0.44253128690476184 0.27581019752321984 0.43635643095238097 0.2806128625386997 0.45076442738095235
11 0.27649629226006195 0.3526528392857143 0.2655187721362229 0.375293975 0.2730658173374613 0.402051680952381 0.2909042879256966 0.3917602547619048 0.29364866749226004 0.40685434523809527 0.31217323343653247 0.39107416071428575 0.30737056780185756 0.3505945547619048 0.2847294321981424 0.29227647738095236 0.2696353417956656 0.3231507535714286 0.27649629226006195 0.3526528392857143
11 0.23327230588235295 0.6058219011904762 0.2511107764705882 0.6257186559523809 0.27649629226006195 0.6449293166666666 0.29845133312693495 0.6435571273809524 0.2915903826625387 0.6188577059523809 0.2950208575851393 0.5523064892857144 0.28335724272445817 0.5447594440476191 0.24973858637770896 0.5584813440476191 0.2339584012383901 0.5728893404761904 0.23327230588235295 0.6058219011904762
11 0.7080500588235294 0.6620816928571429 0.7190275789473685 0.6703148321428573 0.7423548092879257 0.6545346476190477 0.7622515647058823 0.6284630369047619 0.7464713795665634 0.6188577059523809 0.743726999380805 0.6071940904761904 0.7636237547987615 0.6078801857142857 0.7574488996904024 0.5838668607142857 0.7533323300309598 0.5763198154761905 0.743726999380805 0.5804363857142858 0.7114805337461301 0.5687727702380952 0.7135388185758513 0.6243464666666667 0.7080500588235294 0.6620816928571429
11 0.7046195832817337 0.4205762464285714 0.7334355739938081 0.4233206261904762 0.743726999380805 0.3876436857142857 0.7396104291021672 0.34990845952380956 0.7080500588235294 0.30188180833333333 0.6915837783281733 0.3306977988095238 0.7046195832817337 0.4205762464285714
2 0.349841520123839 0.599330094047619 0.36377942972136224 0.610945019047619 0.37539435356037154 0.610945019047619 0.38096951764705883 0.6081574369047619 0.3767881448916408 0.599330094047619 0.3698191900928792 0.593754930952381 0.36145644458204335 0.5881797666666667 0.35262910216718263 0.5812108130952381 0.3461247442724458 0.5765648428571428 0.34380175975232197 0.5826046035714286 0.34751853560371515 0.5942195273809524 0.349841520123839 0.599330094047619
