1 0.6286810905472748 0.6290734932143593 0.5953468970833455 0.6270489371385337 0.5989729816544695 0.5673552688077068 0.6323068148594757 0.5693798139538087
2 0.3126103582429778 0.5868678113039876 0.2892528073690528 0.5968062594719686 0.2629501651016426 0.5349949260530684 0.2863074798070784 0.5250565352564115
2 0.39301541721431477 0.5827802507679256 0.4245258346645642 0.5949764520035875 0.4050370201845226 0.6453224867861187 0.3735266355463409 0.6331263471328633
2 0.33582475503317255 0.6279149457751957 0.3214736746729159 0.6719887900881019 0.2671915930409341 0.654315758118433 0.28154280174601354 0.6102421606060234
2 0.3484177244795319 0.6394628327424322 0.3776158835390788 0.6211122385188784 0.4116174495367204 0.6752062419712854 0.3824193820388473 0.6935567188733409
2 0.6953014330842961 0.6164237033857913 0.6986655521508283 0.6534229049228395 0.6528940071103762 0.6575839368715183 0.6495300659011036 0.6205849002108208
2 0.6270908296875177 0.5798904453124947 0.6578168597897047 0.5765690800964199 0.6616699380527962 0.6122101985004861 0.6309439096920642 0.6155315528794184
11 0.19111451160699744 0.6194721278870308 0.2707208385448894 0.6073116747235906 0.28561639581027976 0.704810408997081 0.20601009574909313 0.7169707408209549
11 0.7082464623955502 0.6144846546852321 0.7753073190972373 0.6222427156896786 0.7648093724039882 0.7129754212674666 0.6977485278229096 0.7052174315698664
2 0.31745269220868977 0.6074906291859121 0.31791747937279524 0.5786834534993045 0.3568974715828972 0.5793123039969341 0.3564327875781146 0.6081193776597321
2 0.6505008514102428 0.6333135242616145 0.6612321960587906 0.6649665150316801 0.614054523788468 0.6809588689325969 0.6033233642162941 0.6493060349287679
2 0.6895485724138553 0.6115622395762527 0.6644854532919453 0.5994640567071653 0.6857739221950396 0.555366748497896 0.710836857352092 0.5674648789404689
9 0.48229160027881335 0.4552083262676403 0.4938656315476919 0.45634047266815797 0.4785847873390594 0.6125449748147255 0.46701075816974935 0.6114128430133031
9 0.6156249727697514 0.4927083286691201 0.6233934658997669 0.49389039081134145 0.6124542858768791 0.5657765444009671 0.6046857942988026 0.5645944891946709