1 0.37240974375924907 0.5144147124128531 0.3364107325878649 0.5138972223632379 0.33744928536907537 0.44166822117400045 0.3734479172646843 0.4421857084940392
1 0.37140098191378 0.4598747399626797 0.4020416624318841 0.4624248726725974 0.39638478630013196 0.530389166091711 0.3657441074408325 0.5278390465035898
1 0.6253155192440545 0.5604796816831439 0.5896658468958549 0.5622167236827925 0.585628324069944 0.479356200556595 0.6212775282426719 0.47761916999331894
1 0.6679797403079419 0.549462943616732 0.6218208606386497 0.5548442621405899 0.6122393562731077 0.4726625269047371 0.6583976418759221 0.4672812435884467
3 0.34595278906249405 0.4094303870204827 0.34595291220841773 0.3396049975416018 0.3649961102240695 0.3396050506234364 0.36499606250004035 0.40943036562499435
2 0.6995880824323422 0.5305313916463971 0.7074379782866345 0.546833495364791 0.6800021323393821 0.5600433345400782 0.6721522848725954 0.543741272038869
2 0.32315977121299966 0.5073558202760866 0.3457809099138558 0.5350015826653084 0.32904057451776225 0.5486981494598141 0.30641948765708094 0.5210524352872238
9 0.608333360938218 0.47614583127448584 0.6009771475828529 0.47613942707601964 0.6010422966884335 0.4013607833328281 0.6083984375 0.40136718750000017
9 0.6540866725877095 0.3909843401301511 0.6605978964437327 0.39182445153480255 0.6533862232821548 0.44771510838105383 0.6468750000000227 0.4468750000000031
9 0.637695320597345 0.4550781252453592 0.6318708629198682 0.45490163649398846 0.6339682620965732 0.3856884349814053 0.639792667979691 0.3858649229456675
7 0.6683056916098167 0.40811775773291226 0.6413115324710361 0.4045186989268666 0.6473074522982643 0.35954996486461505 0.6743014695576903 0.3631490140580312