11 0.2939846164978235 0.6128961601575939 0.22829132700849186 0.629699836306191 0.2019382997870025 0.5266820133625654 0.26763044332903974 0.5098784903276276
2 0.388705472182437 0.5922215548090666 0.36992354919038917 0.620667900092756 0.3266652752471373 0.5921091999516467 0.34544717266987846 0.5636629877560527
2 0.41750115570187063 0.5966693761749656 0.4130558745949884 0.6248203835234581 0.38087831364111935 0.6197397451871537 0.3853236632402286 0.5915888220350446
2 0.34506221003357496 0.534298579368076 0.35295681774402965 0.5082488405867474 0.3915272325494925 0.5199369737256623 0.383632723831397 0.5459866279196015
2 0.2940798188702729 0.4831747588831396 0.3142218549861582 0.4659115221943786 0.3513643429768081 0.5092446780548298 0.33122237569557456 0.5265078404485753
2 0.7761990847144489 0.6521213180130696 0.715347358475583 0.6555653947113784 0.7076677950943804 0.519883152504303 0.7685180232837183 0.5164391187873874
2 0.6201075410302792 0.6191349741164764 0.6089949247651703 0.6045511839646215 0.6518546862276935 0.5718962692052344 0.6629672715058632 0.586479987700052
2 0.6397061946631766 0.520311443497394 0.6553531898877054 0.5439912097478885 0.6145134196051458 0.5709745352388064 0.5988665332554319 0.5472948652501237
2 0.6077014493129127 0.5610884699476162 0.596731200000022 0.5751046999999673 0.5780488744618424 0.5604837587480986 0.5890191101201481 0.5464675571776032
2 0.5582839561781157 0.5660267742936005 0.5685637350170509 0.5557480143686511 0.5809788068862645 0.5681631170973055 0.570699043664149 0.578441861416117
2 0.6641179779442155 0.5375145722135097 0.6465315279280048 0.5324092190398713 0.6652294396658363 0.468005752479533 0.6828157219504192 0.4731110799191533