11 0.21721287430340558 0.5839055761904762 0.21888117585139316 0.5929144047619047 0.22288509969040246 0.6052598369047619 0.2298919665634675 0.6139350047619048 0.23589785263157895 0.6152696464285714 0.25992139628482974 0.6216091928571428 0.2749361108359133 0.6149359857142858 0.28060833684210523 0.6032578749999999 0.28461226068111456 0.5849065571428571 0.2812756575851393 0.5632186357142858 0.27293414922600623 0.5415307142857143 0.27026486625387 0.5201764523809523 0.2655936216718266 0.5115012845238095 0.2625906786377709 0.5111676238095239 0.2609223770897833 0.5118349440476191 0.24924426563467492 0.5255150178571428 0.23756615417956656 0.5341901869047619 0.22421974117647062 0.5381941107142857 0.2182138551083591 0.5445336571428572 0.21587823281733748 0.5478702607142858 0.21387627058823527 0.5552107869047619 0.21454359133126938 0.5732284452380952 0.21721287430340558 0.5839055761904762
2 0.3536799486068112 0.6019232333333333 0.35568191083591333 0.6112657226190477 0.3616877969040248 0.6146023261904762 0.3726985876160991 0.6102647416666667 0.3807064352941177 0.6039251952380953 0.38604500061919506 0.5962510083333333 0.3857113405572755 0.5902451214285714 0.36402341919504644 0.5819036142857142 0.35701655170278634 0.5752304071428571 0.3513443263157895 0.5675562190476191 0.34633942167182663 0.5662215785714285 0.3413345164086687 0.5698918416666666 0.34367013869969043 0.5822372738095238 0.345338440247678 0.5902451214285714 0.35000968482972133 0.5962510083333333 0.3536799486068112 0.6019232333333333
2 0.3843766990712074 0.5975856488095238 0.3840430383900929 0.6025905535714285 0.38471035913312696 0.6115993833333333 0.38604500061919506 0.6162706273809524 0.3903825851393189 0.6199408916666667 0.3927182074303406 0.6216091928571428 0.39572115046439627 0.6192735702380953 0.40272801733746133 0.6146023261904762 0.41040220433436536 0.6112657226190477 0.4164080904024768 0.6035915345238095 0.412737826625387 0.5959173476190477 0.40406265820433435 0.5949163666666666 0.3937191882352941 0.5929144047619047 0.38637866068111454 0.5925807440476191 0.3843766990712074 0.5975856488095238
2 0.35334628854489164 0.5111676238095239 0.3526789678018576 0.5148378880952381 0.35301262786377713 0.5261823392857142 0.3550145900928793 0.5325218845238096 0.35901851393188855 0.5385277714285714 0.37002930464396283 0.5418643738095238 0.3763688507739938 0.5425316952380953 0.38270839752321983 0.5415307142857143 0.38771330216718264 0.5325218845238096 0.38370937832817337 0.5271833202380952 0.3787044736842105 0.5171735095238095 0.37036296532507734 0.5141705666666667 0.3636897585139319 0.5115012845238095 0.3526789678018576 0.509165661904762 0.35334628854489164 0.5111676238095239
2 0.31163874736842107 0.4724630261904762 0.3103041058823529 0.48914604285714286 0.31464169040247675 0.5071637 0.32465150030959755 0.5188418119047619 0.33899889411764705 0.5198427928571429 0.34500478018575853 0.5108339630952381 0.3420018371517028 0.5001568333333333 0.33899889411764705 0.49481826785714284 0.3323256879256966 0.49048068333333333 0.3279881034055728 0.4851421178571429 0.31697731269349844 0.47046106428571427 0.31163874736842107 0.46812544166666664 0.31163874736842107 0.4724630261904762
2 0.7177360600619196 0.5785576761904762 0.7139913504643963 0.5904159238095238 0.7139913504643963 0.6316077333333333 0.7171119417956656 0.6553242285714286 0.7196084148606812 0.6553242285714286 0.7476937393188854 0.6409695071428572 0.7614243417956656 0.6291112595238094 0.7739067083591331 0.6116359464285713 0.769537879876161 0.5960329892857142 0.7689137616099071 0.5698200202380952 0.7701619981424149 0.545479405952381 0.7626725789473684 0.5167699630952381 0.7601761052631579 0.5205146726190476 0.7483178575851392 0.5379899857142857 0.7414525560371517 0.5392382226190476 0.7270978346749226 0.5429829321428571 0.7164878235294118 0.545479405952381 0.7133672321981425 0.5510964702380953 0.7127431133126936 0.5760612035714285 0.7177360600619196 0.5785576761904762
2 0.6220956123839009 0.6135518107142857 0.633042359133127 0.6092799095238095 0.6426541368421052 0.600202119047619 0.6554698408668731 0.5921923047619048 0.6608097170278638 0.5836485023809524 0.6530668965944273 0.578575619047619 0.647460026006192 0.57724065 0.6367802730650155 0.5833815083333334 0.6298384334365326 0.5887213845238095 0.6218286185758514 0.5956632238095237 0.6159547547987616 0.6018040821428571 0.6124838346749226 0.6058089892857142 0.6138188043343653 0.6108818714285714 0.6172897238390093 0.6124838345238095 0.6220956123839009 0.6135518107142857
2 0.60821193374613 0.5606870333333334 0.6119498470588235 0.5670948845238095 0.6242315634674922 0.5630899773809523 0.6325083715170279 0.5590850702380953 0.6423871430340558 0.5500072797619048 0.647460026006192 0.5401285083333334 0.6469260383900929 0.5315847059523809 0.6429211312693498 0.5251768535714285 0.6359792916408669 0.5227739095238095 0.6346443226006192 0.5238418845238095 0.6277024829721363 0.5286477738095238 0.6210276371517028 0.5326526809523809 0.6164887424148607 0.5379925571428571 0.6130178222910216 0.5435994285714285 0.6095469027863777 0.5516092428571429 0.60821193374613 0.5606870333333334
2 0.5876534092879256 0.5548131690476191 0.5873864154798761 0.5598860511904762 0.5876534092879256 0.5646919404761904 0.5921923040247679 0.5708327976190476 0.5967311993808049 0.5751046988095238 0.6052750018575852 0.5638909583333334 0.6020710755417956 0.556682125 0.5959302179566563 0.5518762369047618 0.5879204030959753 0.5478713297619048 0.5876534092879256 0.5548131690476191
2 0.560954026625387 0.5686968476190476 0.5644249461300309 0.5721677678571429 0.5702988105263158 0.577507644047619 0.5759056811145511 0.5732357428571428 0.5767066625386997 0.5665608964285714 0.5743037176470588 0.5614880142857143 0.5670948848297214 0.558017094047619 0.560954026625387 0.5633569714285714 0.560954026625387 0.5686968476190476
2 0.6584067727554179 0.5358566071428571 0.6661495938080495 0.5305167309523809 0.6690865256965943 0.5195699833333334 0.6725574458204334 0.5054193107142857 0.6781643157894738 0.48913268809523813 0.6797662786377708 0.4765839773809524 0.6736254210526316 0.4704431202380952 0.6656156061919505 0.47631698452380955 0.662945668111455 0.48138986666666667 0.6589407603715169 0.489666675 0.6581397789473684 0.49821047738095237 0.6511979393188855 0.5254438476190476 0.6584067727554179 0.5358566071428571
