1 0.370932939150066 0.6468016097488156 0.31112519268822325 0.6244893413333013 0.33692139915763164 0.555351469862595 0.39672843247637957 0.5776635929674546
1 0.609489186489327 0.49541078362874486 0.645586202648019 0.49394607931286555 0.6487474754009099 0.5718477197073957 0.6126504597447138 0.5733124146742149
11 0.27403530300387047 0.4184208927332119 0.23020982881268992 0.4161384092282524 0.2385988364245577 0.2550761209984045 0.2824236017967223 0.2573585862623987
2 0.24330057929546456 0.48183861436333214 0.27015222909574277 0.46393892862493 0.3019300641248037 0.5116059913110592 0.27507847743618186 0.5295055991073875
2 0.35473799734393197 0.521712399025762 0.3268013495018067 0.5509166480694428 0.2862289516833698 0.5121082883497625 0.31416548476738626 0.48290416750343046
2 0.6183679362701469 0.6125825515725432 0.6067895329317707 0.5832988930100568 0.6531522744687663 0.5649695314027454 0.6647307284351882 0.5942530589624713
2 0.7087994967114355 0.5582862613289902 0.7117884534702625 0.5846850357346036 0.6674720319351763 0.5897020297850577 0.6644831877741808 0.5633033580396885
11 0.7184067296875 0.5460104640625 0.7936633046875 0.5460104640625 0.7936633046875 0.658628459375 0.7184067296875 0.658628459375
11 0.2848688829956245 0.6345491851784882 0.19662547485529558 0.6479180232757636 0.1805907416212449 0.5420831911413044 0.26883249849458934 0.5287144795671987
9 0.6211583398787752 0.42093948975238654 0.6282244671199351 0.420785888986474 0.6301162278438142 0.5078074261380615 0.6230501006324403 0.5079610259525397
9 0.33502370927476477 0.6350751015951828 0.34181777553544634 0.6374726561915907 0.3095284292587621 0.7289600305615612 0.302734375 0.7265625000000006
9 0.34813078617548854 0.6373643167682365 0.36295630524693934 0.6400060887071027 0.3439270736587332 0.7467823668057681 0.3291015625 0.7441406250000002