9 0.6562937498452013 0.444040625 0.6499296873065016 0.44476718809523813 0.6460390625386997 0.4527609369047619 0.6439171876160991 0.46075625000000003 0.6435640625386997 0.4709296880952381 0.6417968749226006 0.49273281190476187 0.639675 0.5239828119047619 0.6393203126934984 0.53125 0.636492187616099 0.55959375 0.636492187616099 0.566134375 0.6509906247678018 0.5610468750000001 0.6598296873065016 0.55959375 0.6676093752321982 0.55959375 0.6711453126934984 0.5515984380952381 0.668317187616099 0.5218015619047619 0.6669031250773995 0.4949125 0.6669031250773995 0.46947656190476195 0.6630124996904024 0.4484015619047619 0.6608906247678019 0.4418609369047619 0.6562937498452013 0.444040625
2 0.29314062476780184 0.510175 0.28854374984520126 0.5188953130952382 0.2843 0.534884375 0.28217812507739937 0.5472390630952381 0.2843 0.566134375 0.2903109374613003 0.57049375 0.3026874996904025 0.577034375 0.316125 0.574128125 0.321075 0.566134375 0.3231968749226006 0.5450578119047619 0.321075 0.5254359380952381 0.321075 0.5188953130952382 0.31647812507739936 0.5174421880952381 0.3094062501547988 0.5188953130952382 0.29809062476780185 0.5123546869047618 0.29314062476780184 0.510175
2 0.3200140625386997 0.579215625 0.32673281238390095 0.5922968750000001 0.33097656222910216 0.593023438095238 0.3366343752321982 0.5922968750000001 0.34512031269349847 0.59665625 0.35077812507739936 0.600290625 0.3635078123839009 0.5813953130952382 0.3628 0.55959375 0.3620937498452012 0.5436046869047618 0.3521921876160991 0.5370640619047619 0.3429984377708979 0.5399703130952381 0.3355734377708978 0.5363375 0.33097656222910216 0.531976561904762 0.3256718749226006 0.5356109369047619 0.3214281250773994 0.555959375 0.3200140625386997 0.579215625
2 0.29915156222910216 0.593023438095238 0.2973828123839009 0.5864828119047619 0.2920796873065015 0.600290625 0.2899578123839009 0.62209375 0.291725 0.635901561904762 0.3009187498452012 0.64825625 0.3076375003095975 0.658429688095238 0.316125 0.66424375 0.3249640625386997 0.66424375 0.33132968730650153 0.655523438095238 0.3352187498452012 0.6424421880952381 0.3366343752321982 0.621365625 0.33132968730650153 0.6111921880952381 0.326025 0.603925 0.31895312507739937 0.595929688095238 0.3118812501547988 0.5952031249999999 0.30622343777089783 0.593023438095238 0.29915156222910216 0.593023438095238
2 0.33769374984520123 0.619185938095238 0.33592656222910217 0.6300875 0.3341578123839009 0.6511625 0.33345156222910216 0.6613375 0.33769374984520123 0.67441875 0.34865625015479873 0.683865625 0.3599718749226006 0.686773438095238 0.3712874996904025 0.6875 0.37835937523219815 0.672965625 0.38260312507739935 0.66424375 0.38543125015479873 0.64825625 0.38260312507739935 0.635175 0.37835937523219815 0.6300875 0.36810468730650153 0.6315406250000001 0.3613859374613003 0.626453125 0.3539609374613003 0.623546875 0.34759531269349847 0.62209375 0.33769374984520123 0.619185938095238
1 0.639675 0.564679688095238 0.6368453126934985 0.569040625 0.6329562501547987 0.587209375 0.6333093752321981 0.5988375 0.6361390625386997 0.610465625 0.6417968749226006 0.614098438095238 0.6577093752321981 0.608284375 0.6608906247678019 0.6061046869047618 0.6686703126934984 0.60174375 0.6725593752321981 0.593023438095238 0.6753890625386997 0.58575625 0.6746812501547987 0.569040625 0.6725593752321981 0.55450625 0.6658421876160991 0.558865625 0.6601843752321982 0.558865625 0.6499296873065016 0.55959375 0.639675 0.564679688095238
2 0.6615984377708979 0.6344484380952381 0.6626593752321982 0.6438953119047619 0.6690234377708979 0.65334375 0.6799859374613003 0.654070311904762 0.6884718749226006 0.64825625 0.6958984377708978 0.6489828119047619 0.7022624996904026 0.64316875 0.7065062501547987 0.6373546880952381 0.7065062501547987 0.625726561904762 0.705092187616099 0.610465625 0.7022624996904026 0.600290625 0.6955453126934984 0.5952031249999999 0.6856437498452013 0.600290625 0.6817531250773994 0.610465625 0.6711453126934984 0.61191875 0.6637203126934984 0.6199125 0.6615984377708979 0.6344484380952381
2 0.639675 0.6344484380952381 0.6350781250773995 0.6315406250000001 0.6272984377708979 0.6344484380952381 0.6227015622291021 0.639534375 0.6205796873065015 0.6518890619047619 0.6198734377708979 0.6656984380952381 0.6234093752321982 0.677325 0.629067187616099 0.69040625 0.6372 0.6925875 0.649575 0.688226561904762 0.6587687498452012 0.6787796869047619 0.6623062501547987 0.670784375 0.6644265622291021 0.66424375 0.6644265622291021 0.6489828119047619 0.6633656247678018 0.635175 0.6598296873065016 0.626453125 0.6548796873065016 0.626453125 0.6524046873065015 0.625726561904762 0.644625 0.6300875 0.639675 0.6344484380952381
13 0.4545454544891641 0.7201704547619048 0.5426136365325077 0.728693182142857 0.6221590910216718 0.7159090904761906 0.7173295455108359 0.6605113630952382 0.71875 0.6420454547619048 0.6150568179566563 0.7017045452380952 0.4900568179566564 0.7017045452380952 0.3806818179566564 0.6832386369047618 0.29403409102167183 0.6377840904761906 0.29971590897832817 0.6590909095238094 0.3735795455108359 0.703125 0.4545454544891641 0.7201704547619048
13 0.3650568179566564 0.5511363630952381 0.47727272755417954 0.5653409095238096 0.6178977275541795 0.5710227273809524 0.6619318179566563 0.5383522726190476 0.5667613634674923 0.5482954547619048 0.47159090897832817 0.5482954547619048 0.4261363634674923 0.546875 0.3650568179566564 0.5298295452380952 0.28551136346749223 0.4914772726190476 0.3650568179566564 0.5511363630952381
11 0.2315340910216718 0.6221590904761906 0.2514204544891641 0.693181817857143 0.28835227244582046 0.6690340904761906 0.27556818204334366 0.6008522726190476 0.2315340910216718 0.6221590904761906
11 0.7627840910216718 0.7428977273809524 0.7869318179566563 0.6789772726190476 0.7230113634674923 0.630681817857143 0.7159090910216718 0.7329545452380952 0.7627840910216718 0.7428977273809524
6 0.6846590910216718 0.4232954547619047 0.671875 0.5369318178571428 0.6832386365325077 0.5625 0.7201704544891641 0.5014204547619048 0.7102272724458205 0.42755681785714283 0.6846590910216718 0.4232954547619047
6 0.6747159089783282 0.5795454547619048 0.71875 0.5596590904761904 0.703125 0.515625 0.6690340910216718 0.5298295452380952 0.6747159089783282 0.5795454547619048
