1 0.3497581829177534 0.5936239142823119 0.3224082338903145 0.6208792773404781 0.2714531566808773 0.5697523704526778 0.29880292946540976 0.5424971812309376
1 0.6572073667557561 0.48973758442001974 0.697778728871981 0.4867047221453764 0.7027122760473503 0.5526967039734708 0.6621409157386324 0.555729550221045
1 0.6175843750000001 0.5087203125 0.6631359375 0.5087203125 0.6631359375 0.5813953125 0.6175843750000001 0.5813953125
1 0.5867782377766844 0.6113714256557575 0.6415908039432452 0.586559570539967 0.6681593094656364 0.6452461268363252 0.6133468368068407 0.6700578297886768
0 0.68679375 0.5988374999999999 0.692796875 0.5988374999999999 0.692796875 0.6228203125 0.68679375 0.6228203125
2 0.3234814499530785 0.540854565399736 0.30939613811926847 0.5492685076940147 0.28025488388402664 0.500488697332768 0.2943400982443336 0.4920747924059691
2 0.3665651560140759 0.5548208806271482 0.3546714577948933 0.5690006012609036 0.32016728202233935 0.540061661517099 0.3320609484984516 0.5258819932597716
2 0.36894602046015734 0.5693288505196591 0.37061879790553576 0.5513487554552791 0.3953427404812828 0.5536487270795711 0.3936700043093424 0.5716287838268695
2 0.39404170484260703 0.5782859495680301 0.39737664631036296 0.5616131112917603 0.4188757779892285 0.5659129970844001 0.4155408729196779 0.5825858034069968
2 0.3815952364111581 0.6186239721952228 0.35820333016874883 0.6319893021946117 0.33371715558985215 0.5891384525558927 0.3571088928970312 0.5757731835817751
2 0.40766243749817477 0.6134275915897699 0.4045551077344953 0.6268912825665726 0.3801935749056611 0.6212694155970507 0.3833009265624696 0.6078057562499789
2 0.6838359662149287 0.5607975952052731 0.7032871721410174 0.5821916185394878 0.6636768111268339 0.6182009538170861 0.644225710829005 0.5968070327648858
11 0.7818216294293734 0.6632274573813063 0.7336570506494127 0.6888775207711963 0.6737035335366954 0.5763118166149429 0.7218671680597026 0.5506620606774433
9 0.6433860558167908 0.51207141639104 0.6369782235569801 0.5129194580129944 0.6226597853426483 0.40473583561211274 0.6290675199929865 0.4038878005873425
9 0.6480118821089036 0.41794215072841345 0.6561587723916773 0.4184512960081386 0.650512220732594 0.5087966616564186 0.6423653307469976 0.5082875196631381
9 0.6613255137534679 0.3975276450241384 0.6688755625883687 0.39688512686768573 0.675518786284556 0.4749434237253325 0.667968737880642 0.47558593853137093
9 0.6826172131511612 0.4707031217937995 0.6734825601936336 0.47184488316393974 0.6656100104976304 0.40886414044846153 0.6747445851417524 0.40772238409279565
9 0.6228014715921972 0.6671355484436278 0.6302849419184895 0.666647568665007 0.6351786067866669 0.7416839422621094 0.6276951368519121 0.7421719181169143
9 0.6673629800014851 0.7279770329547716 0.6601227112578272 0.7308727336313645 0.6314317100217295 0.659145677511846 0.638671875 0.6562500000000033