2 0.3434109374613003 0.5163765619047619 0.34476874984520123 0.5010453119047619 0.34375 0.48222968809523814 0.31521718761609907 0.441115625 0.30978281238390093 0.448084375 0.30706562476780186 0.4508703130952381 0.3046874996904025 0.4564453119047619 0.30197031269349844 0.4648078119047619 0.3002718749226006 0.4752609369047619 0.29891250030959754 0.4898953130952381 0.29993281238390096 0.5045296869047619 0.3012906247678019 0.5094078130952381 0.306725 0.5101046869047619 0.31148125015479877 0.5080140630952381 0.31453750030959754 0.5149828119047619 0.31793437523219814 0.519860938095238 0.32370937523219817 0.5275265630952382 0.3284640625386997 0.531010936904762 0.33254062476780183 0.531010936904762 0.3389953126934985 0.5254359380952381 0.3434109374613003 0.5163765619047619
2 0.3403531250773994 0.5156796880952381 0.3396734377708978 0.5379796880952381 0.34239062476780185 0.5456453130952381 0.3474859374613003 0.551915625 0.35292187492260063 0.554703125 0.359375 0.560975 0.3712640625386997 0.565853125 0.38179374984520126 0.560975 0.38824687492260057 0.5428578119047619 0.3926624996904025 0.5191640619047618 0.3913046873065016 0.4996515630952381 0.38892656222910216 0.4954703130952381 0.3485046873065015 0.4885015630952381 0.3434109374613003 0.4996515630952381 0.341032812383901 0.5121953119047619 0.3403531250773994 0.5156796880952381
2 0.3865484377708978 0.574215625 0.3953796873065015 0.5846687500000001 0.40455156222910216 0.581184375 0.41304374984520126 0.5728218749999999 0.41949687492260057 0.55400625 0.42017656222910216 0.5331015630952382 0.4177984377708978 0.5142859369047619 0.41542187492260063 0.5059234369047619 0.3885875003095975 0.4982578130952381 0.38417187492260063 0.5080140630952381 0.38179374984520126 0.5191640619047618 0.38145312507739937 0.5379796880952381 0.38281250030959757 0.5581875 0.3865484377708978 0.574215625
2 0.4259515622291022 0.594425 0.43206562476780186 0.586759375 0.43512187492260057 0.583275 0.43987812507739943 0.588153125 0.4483703126934985 0.5804875 0.450407812383901 0.5498265619047619 0.4483703126934985 0.526829686904762 0.44531250030959757 0.5114984369047619 0.4137234377708979 0.5128921869047619 0.41304374984520126 0.5254359380952381 0.4110046873065015 0.553309375 0.4110046873065015 0.574215625 0.41576093746130033 0.5916375 0.4259515622291022 0.594425
2 0.487092187616099 0.5916375 0.4877718749226006 0.57073125 0.4864124996904025 0.551915625 0.4850546873065016 0.5428578119047619 0.466032812383901 0.5442515630952381 0.4650140625386997 0.5477359369047619 0.46331562476780186 0.564459375 0.46331562476780186 0.58188125 0.4650140625386997 0.596515625 0.4724859374613003 0.605575 0.48301562476780185 0.605575 0.487092187616099 0.5916375
2 0.5336281250773994 0.5581875 0.5315890625386998 0.5470390619047619 0.5122281250773993 0.5526125 0.5108703126934985 0.56515625 0.5095109374613004 0.583275 0.5101906247678019 0.6027875 0.5159640625386998 0.6125437499999999 0.524117187616099 0.613240625 0.5305703126934984 0.605575 0.5332874996904025 0.5790937500000001 0.5336281250773994 0.5581875
2 0.55265 0.594425 0.5533281250773994 0.571428125 0.5516296873065015 0.550521875 0.5502718749226007 0.5435546880952381 0.5373640625386996 0.5435546880952381 0.5349859374613003 0.55400625 0.5309109374613002 0.56794375 0.5292125003095975 0.583275 0.5315890625386998 0.5972125 0.5380437498452012 0.60418125 0.5465359374613002 0.603484375 0.55265 0.594425
2 0.602242187616099 0.568640625 0.602242187616099 0.5477359369047619 0.6002031250773994 0.5282234369047619 0.5991843752321981 0.5163765619047619 0.5703125003095976 0.5317078130952381 0.5699734377708978 0.5414640619047619 0.5699734377708978 0.558884375 0.570992187616099 0.5749124999999999 0.5794843752321981 0.58188125 0.5886546873065015 0.588153125 0.5954484377708978 0.585365625 0.602242187616099 0.568640625
2 0.6253390625386998 0.561671875 0.6270374996904025 0.5442515630952381 0.6260187498452012 0.5247390630952381 0.6243203126934984 0.5114984369047619 0.5988453126934985 0.5121953119047619 0.5961281250773994 0.531010936904762 0.5961281250773994 0.5470390619047619 0.5981656247678018 0.563065625 0.6046203126934985 0.564459375 0.6114124996904025 0.565853125 0.6168484377708978 0.5728218749999999 0.6253390625386998 0.561671875
2 0.6379078123839009 0.55679375 0.6484374996904025 0.553309375 0.6538718749226006 0.5470390619047619 0.661684375232198 0.5428578119047619 0.6661 0.5219515619047619 0.6654218749226006 0.5080140630952381 0.6613453126934985 0.4940765630952381 0.6565890625386996 0.4808359380952381 0.6216031250773993 0.4996515630952381 0.6216031250773993 0.5038328119047619 0.6212640625386997 0.5240421880952382 0.6239812501547988 0.5400703130952381 0.6270374996904025 0.551915625 0.6379078123839009 0.55679375
2 0.6970109374613003 0.4522640630952381 0.662025 0.47317031309523805 0.661684375232198 0.4787453119047619 0.661684375232198 0.4871078130952381 0.6623640625386997 0.4975609380952381 0.6640625003095975 0.5094078130952381 0.6661 0.5212546880952381 0.6705156247678019 0.5247390630952381 0.67765 0.526829686904762 0.682065624767802 0.5254359380952381 0.6871609374613004 0.5184671880952381 0.6915765622291022 0.5142859369047619 0.697690624767802 0.5114984369047619 0.7024453126934985 0.506620313095238 0.7041437498452012 0.4975609380952381 0.7041437498452012 0.4864109380952381 0.703125 0.4738671869047619 0.7010875003095975 0.4655046869047619 0.6980296873065015 0.4564453119047619 0.6970109374613003 0.4522640630952381
2 0.33695625015479874 0.6418124999999999 0.3406921876160991 0.635540625 0.34816562476780183 0.62648125 0.35427968730650156 0.61533125 0.3563171876160991 0.6027875 0.35224218761609905 0.58885 0.3468078123839009 0.577003125 0.3400140625386997 0.56655 0.3322015622291022 0.560278125 0.325407812383901 0.551915625 0.31861406253869967 0.5470390619047619 0.3125 0.550521875 0.30400781238390095 0.56236875 0.3016296873065015 0.571428125 0.3002718749226006 0.585365625 0.3002718749226006 0.590940625 0.33695625015479874 0.6418124999999999
2 0.35020312507739937 0.611846875 0.35088281238390095 0.625784375 0.3512234377708979 0.6446000000000001 0.3865484377708978 0.673867186904762 0.38926562476780185 0.668292186904762 0.39300312507739943 0.660626561904762 0.3980984377708979 0.650870313095238 0.4021734377708978 0.6418124999999999 0.40625 0.628571875 0.40625 0.6139375 0.403532812383901 0.60696875 0.39741874984520126 0.6027875 0.39198437523219815 0.6 0.38145312507739937 0.596515625 0.3790765622291022 0.589546875 0.37398125015479877 0.585365625 0.36379062476780183 0.585365625 0.35767656222910216 0.58745625 0.35326093746130033 0.59581875 0.35020312507739937 0.611846875
2 0.6107343752321981 0.6446000000000001 0.6154890625386996 0.652960938095238 0.6212640625386997 0.6613234369047619 0.65625 0.6418124999999999 0.6559109374613004 0.6383281249999999 0.6548906247678019 0.6250874999999999 0.654551562229102 0.6139375 0.6531921876160991 0.60139375 0.6521734377708978 0.5902437500000001 0.6477578123839008 0.5790937500000001 0.642323437770898 0.581184375 0.6368890625386997 0.5846687500000001 0.6314531250773994 0.589546875 0.6239812501547988 0.5972125 0.616507812383901 0.6 0.6100546873065016 0.60139375 0.6052984377708978 0.6104531249999999 0.6056390625386997 0.622996875 0.6080156247678019 0.635540625 0.6107343752321981 0.6446000000000001
2 0.6552312501547988 0.618815625 0.6613453126934985 0.628571875 0.6654218749226006 0.634146875 0.7010875003095975 0.60975625 0.701426562229102 0.6 0.701426562229102 0.583971875 0.7000671876160991 0.572125 0.6963312501547988 0.560278125 0.6912359374613003 0.550521875 0.6844421876160991 0.5470390619047619 0.682065624767802 0.5477359369047619 0.67765 0.556096875 0.671875 0.55958125 0.6640625003095975 0.560278125 0.6586281250773994 0.56515625 0.6548906247678019 0.574215625 0.650815624767802 0.583971875 0.6497968749226006 0.5972125 0.6518343752321982 0.60975625 0.6552312501547988 0.618815625
9 0.5985046873065015 0.5156796880952381 0.6073375003095975 0.5177703119047619 0.6212640625386997 0.5177703119047619 0.6243203126934984 0.5184671880952381 0.6243203126934984 0.4996515630952381 0.6239812501547988 0.4787453119047619 0.6243203126934984 0.4578390619047619 0.6239812501547988 0.436934375 0.6209234377708978 0.414634375 0.619225 0.39581875 0.6148093752321981 0.386759375 0.6103937498452012 0.397909375 0.6083562501547988 0.41393749999999996 0.6073375003095975 0.42926875000000003 0.6049593752321982 0.449478125 0.6025812501547988 0.4682921869047619 0.6012234377708978 0.4898953130952381 0.599525 0.5087109369047619 0.5985046873065015 0.5156796880952381
11 0.697916666873065 0.6263020833333334 0.765625 0.6510416666666666 0.7682291665634675 0.6028645833333334 0.7070312501547988 0.52734375 0.697916666873065 0.6263020833333334
11 0.22786458328173376 0.6158854166666666 0.25130208359133127 0.67578125 0.3098958334365325 0.6236979166666666 0.28645833312693497 0.5338541666666666 0.22786458328173376 0.6158854166666666
11 0.3151041665634675 0.4283854166666667 0.3580729164086688 0.3255208333333333 0.3450520835913312 0.2903645833333333 0.2773437498452012 0.35546875 0.31380208359133127 0.4283854166666667 0.3151041665634675 0.4283854166666667
11 0.7057291665634675 0.2825520833333333 0.677083333126935 0.296875 0.6848958334365325 0.44921875 0.6992187498452012 0.4518229166666667 0.7252604167182664 0.4296875 0.7057291665634675 0.2825520833333333
