2 0.3318333839541765 0.4931375855194091 0.3642845112944997 0.49539989607715784 0.360389192312482 0.5512707422205907 0.32793806609822695 0.5490084417648808
2 0.39911730052381245 0.5672468750000002 0.35869520178312087 0.5672468750000002 0.35869542322177494 0.5017421875000001 0.39911709220177727 0.5017421875000001
1 0.4147421875 0.5289203125 0.442934375 0.5289203125 0.442934375 0.594425 0.4147421875 0.594425
1 0.5852600071190182 0.5917504036690638 0.5487269077025303 0.5929352913578987 0.5470085264862519 0.5399530095357333 0.5835412923503327 0.5387681272600272
1 0.5726752090705531 0.6056213131541119 0.6255565301166826 0.5860946197972942 0.6481806354923947 0.6473571840592095 0.5952993771512638 0.6668837556425418
2 0.36007625558875134 0.6428976749750088 0.31087191896335753 0.6290621539340648 0.32938094799612827 0.5632454715342647 0.3785847042469186 0.5770809063389885
2 0.4067550463674934 0.6556933586022621 0.35599722168251446 0.6428809226529717 0.3732689310771775 0.574466484736394 0.4240261236735705 0.5872788376946638
2 0.41150654269563347 0.5979044236995217 0.4371514558832814 0.5998773435471517 0.43249622558107603 0.6603810105700038 0.4068513136905949 0.6584081021959634
2 0.6711953983691501 0.5442515625000001 0.6331515014627485 0.5442515625000001 0.6331516800528334 0.48919843749999997 0.6711952476211991 0.48919843749999997
11 0.2815272195750822 0.5679494230301055 0.32203158941263155 0.5676460566564879 0.3230351042274151 0.7016162576266771 0.2825307344561452 0.7019196201031739
11 0.7489326808561145 0.6538376689804402 0.6962925045990005 0.6769101336009338 0.6517621257772817 0.5753241910312479 0.704401351091974 0.5522519658089267
2 0.6307276413783711 0.6161634040353863 0.6192794299773823 0.5736451372758198 0.6694236238483882 0.560144975832384 0.6808719594114336 0.6026630470646976
9 0.4296875086268983 0.49511718750000006 0.4248046747194394 0.49511718750000006 0.42480469589861514 0.43847656249999994 0.42968749009514795 0.43847656249999994
9 0.5679303621354848 0.46287346579837957 0.5721813743138 0.4630434932737591 0.5696806996314763 0.5255606516768708 0.5654296875 0.5253906250000002
9 0.6152343860528617 0.7167968744708868 0.6118968473136874 0.7169566468567097 0.6105263864064909 0.688332696894936 0.6138639046874914 0.6881729249999982
9 0.6494850083262236 0.722249644398097 0.6437654804929025 0.7242387513673187 0.6247941327617355 0.6696961590612796 0.630513596353353 0.6677070643140005