1 0.3566578125 0.5860624999999999 0.40115468749999994 0.5860624999999999 0.40115468749999994 0.673259978125 0.3566578125 0.673259978125
1 0.6323212055293652 0.5832876311380801 0.6417756089438171 0.6459535074710553 0.593800715037446 0.6531903346641674 0.5843466297283157 0.5905247409399208
1 0.6385874999999714 0.6320562500000396 0.6171185278999474 0.5825298638917088 0.674732173175812 0.5575578232457098 0.6962012340655974 0.6070839306999175
1 0.49218209202638263 0.4490228900038987 0.5165776336732506 0.44856638584356273 0.5188617435406968 0.5706198374901431 0.49446620199069 0.5710763373078134
1 0.5142655313569549 0.5735188336942155 0.5142656925141864 0.45017341346129536 0.5404218284249964 0.4501735577428593 0.5404219196709619 0.57351872401116
1 0.60054375 0.4975609375 0.649796875 0.4975609375 0.649796875 0.572125 0.60054375 0.572125
1 0.3043006956854697 0.5742124045710741 0.33118807439529974 0.5520446413744455 0.3804179263503329 0.6117496574949312 0.35353068939457444 0.6339172666059666
3 0.3646132575620413 0.7691233392720656 0.34582943195573534 0.7657233593182452 0.362827904723531 0.671828575308679 0.3816113487881694 0.6752285200112823
1 0.5945745062505239 0.6549739104560712 0.562643184647527 0.6516993070774681 0.5673979304464183 0.6053419955085779 0.5993289705220377 0.6086165843996205
11 0.7020124142044324 0.5937384975346934 0.769740709656844 0.611044769938008 0.7495416839296922 0.6900840907037817 0.6818134387207238 0.6727779560953392
11 0.7040543501792627 0.4366199751048366 0.6633679347961561 0.43541549298141374 0.6669602668498555 0.3140876059699711 0.707646109544271 0.31529207952650856
3 0.486108152098609 0.35748549372434363 0.49769561764003356 0.3567210823192883 0.5039141648555869 0.4509816144757171 0.4923266997581095 0.45174602144693177
3 0.5225485053454122 0.3653429241167054 0.5349519402501528 0.3656469138142784 0.5328532455977211 0.45127406672679926 0.5204498107506197 0.4509700786417989
1 0.34439103930844794 0.5606260782058102 0.34596191112041197 0.5229309941967061 0.3806190470081674 0.5243751444697526 0.37904828745558916 0.5620701203710502
1 0.3785849763183933 0.5079063803701781 0.4090488625180342 0.505532776732533 0.41377403224134923 0.5661725464065251 0.38331014740856517 0.5685461382428432
11 0.33455016978143703 0.4304508376686736 0.2917024745340768 0.4356972353787269 0.2783788328265473 0.32688571309724695 0.32122596998158315 0.32163935086273376
9 0.39062499145029506 0.4140624998909223 0.39864323014683123 0.4141647973152011 0.3973778496219893 0.5133412451479524 0.38935961093750393 0.5132389484375005
9 0.3684353089469141 0.3886397218903538 0.3725374959474266 0.38867600743078223 0.3718673807483128 0.4644304369231783 0.3677651937500741 0.46439415156250036
9 0.6147909903844493 0.38383544922764024 0.6268578355031877 0.38363460901053853 0.628656938237441 0.4917220035084763 0.6165900931592887 0.49192284227534894
9 0.5799909390625544 0.6550409656249965 0.5887677947282555 0.6533527628220818 0.6120876196018799 0.7745728154406003 0.6033107703924543 0.7762609954871924
9 0.6259767234846549 0.7460937262134875 0.6186538983581613 0.7471757202737732 0.6069254478055655 0.6678107890267007 0.6142481491307308 0.6667288042311348
9 0.6511400174186974 0.7451944354985525 0.6425958809157919 0.7469884421226637 0.6225404214609398 0.6514863694638907 0.6310843874999819 0.6496923812500102
9 0.6796877493193278 0.718749942357101 0.670338159858261 0.7209115770070843 0.6513581696892743 0.6388300947142161 0.6607076027621588 0.6366684788646142
9 0.6962560461523708 0.7144660705531758 0.6884189217325911 0.716287682083958 0.6680923943916923 0.628848785570319 0.6759293812500573 0.6270271906249939
9 0.3193421813622308 0.6328104909900455 0.32799517326725436 0.6352215522821265 0.3071723590952615 0.7099419831390793 0.2985193748003212 0.7075309409219876
9 0.3331304535253139 0.6460338043337255 0.3419664391228707 0.6479570320773214 0.3277476047977643 0.7132743910249966 0.3189116234375433 0.7113511765625065
9 0.4835525617060057 0.46943783370085257 0.4802470890466566 0.46966978365167295 0.4755548507949925 0.40280547858348026 0.47886029375001726 0.40257352968749727
9 0.48079154243282574 0.4695916647653454 0.48331203551560975 0.4696276689128627 0.48229990557877045 0.5404771805146938 0.47977941250007916 0.5404411765625008
9 0.3621041761343804 0.47742187461063484 0.3552287981952986 0.47838370515616746 0.3462448161027396 0.41416798816689765 0.35312013524855956 0.4132061617547684
9 0.6403515190684175 0.4171403631240366 0.6495415155495721 0.4188104875103553 0.6365075317360152 0.4905267316296156 0.6273175375000619 0.48885661562500465
7 0.6098877159536187 0.7623166656033576 0.628758668152841 0.7887203878068967 0.6057858803974341 0.8051360481003473 0.5869150269101056 0.7787324146280052