2 0.5964671876160991 0.6466906250000001 0.5988453126934985 0.658535936904762 0.6005437498452012 0.669685936904762 0.6069968749226006 0.6668984369047619 0.617867187616099 0.6634140619047619 0.632132812383901 0.6578390619047619 0.6372281250773993 0.6536578130952381 0.6385875003095975 0.639025 0.6385875003095975 0.620209375 0.6385875003095975 0.606271875 0.6372281250773993 0.5972125 0.6341718749226006 0.5916375 0.6273781250773994 0.5916375 0.6216031250773993 0.59303125 0.6144703126934985 0.59860625 0.6076765622291022 0.602090625 0.599525 0.6027875 0.5964671876160991 0.6027875 0.5930703126934984 0.605575 0.5923906247678019 0.618815625 0.5930703126934984 0.63205625 0.5964671876160991 0.6466906250000001
2 0.36888593746130033 0.597909375 0.36820625015479874 0.607665625 0.36820625015479874 0.618815625 0.36820625015479874 0.627875 0.36820625015479874 0.6348437499999999 0.36820625015479874 0.6383281249999999 0.36888593746130033 0.641115625 0.36922499999999997 0.6487812500000001 0.38009531269349844 0.650870313095238 0.3913046873065016 0.654354688095238 0.3987765622291021 0.6564453119047619 0.4042125003095975 0.6571421869047618 0.4069296873065016 0.6446000000000001 0.4099859374613003 0.63345 0.41202500000000003 0.6236937499999999 0.41236406253869967 0.611846875 0.41270312507739937 0.605575 0.41202500000000003 0.600696875 0.4059109374613003 0.5972125 0.40047499999999997 0.59303125 0.3913046873065016 0.5916375 0.3872281250773994 0.5902437500000001 0.38179374984520126 0.589546875 0.37635937523219815 0.58885 0.37058437523219817 0.5902437500000001 0.36888593746130033 0.597909375
2 0.46093749969040243 0.5170734380952381 0.45890000000000003 0.523345311904762 0.4572015622291022 0.5331015630952382 0.4565218749226006 0.5393734380952381 0.455842187616099 0.551915625 0.455842187616099 0.57073125 0.4561828123839009 0.5846687500000001 0.46025781238390095 0.5916375 0.47010937523219815 0.594425 0.47554374984520126 0.5916375 0.47656250030959757 0.58745625 0.4762234377708979 0.577003125 0.47588281238390095 0.5637624999999999 0.47452500000000003 0.550521875 0.47418437523219814 0.5379796880952381 0.4728265622291022 0.5247390630952381 0.4707874996904025 0.5156796880952381 0.4653531250773994 0.5142859369047619 0.46093749969040243 0.5170734380952381
2 0.5271734377708978 0.5358890630952381 0.5261546873065015 0.550521875 0.5244562501547988 0.565853125 0.5230984377708978 0.578396875 0.5230984377708978 0.594425 0.5268343752321982 0.599303125 0.5356656247678018 0.599303125 0.5424593752321982 0.5972125 0.5441578123839009 0.58885 0.5441578123839009 0.57351875 0.5438171876160991 0.561671875 0.5427984377708978 0.5456453130952381 0.5414406247678019 0.5331015630952382 0.538382812383901 0.5254359380952381 0.5339671876160991 0.5254359380952381 0.5292125003095975 0.5289203130952381 0.5271734377708978 0.5358890630952381
9 0.45890000000000003 0.5156796880952381 0.46161718761609905 0.5184671880952381 0.466032812383901 0.5170734380952381 0.4694296873065016 0.5170734380952381 0.4724859374613003 0.5170734380952381 0.4735046873065015 0.5087109369047619 0.4735046873065015 0.49198593690476194 0.4735046873065015 0.47456406190476186 0.4721468749226006 0.4613234369047619 0.47010937523219815 0.44878124999999996 0.4680703126934984 0.43763125 0.4653531250773994 0.42926875000000003 0.46195625015479874 0.42578437500000005 0.45822031269349844 0.429965625 0.4572015622291022 0.441115625 0.4572015622291022 0.4550515630952381 0.45754062476780183 0.47317031309523805 0.45855937523219814 0.4933796869047619 0.45890000000000003 0.506620313095238 0.45890000000000003 0.5156796880952381
9 0.537025 0.5254359380952381 0.5414406247678019 0.526829686904762 0.5427984377708978 0.5128921869047619 0.5427984377708978 0.48919843690476195 0.5427984377708978 0.4689890630952381 0.5411 0.4550515630952381 0.538382812383901 0.446690625 0.5343078123839009 0.443903125 0.5309109374613002 0.44599375 0.5285328123839009 0.4627171869047619 0.5278531250773993 0.47735156190476186 0.5278531250773993 0.4961671880952381 0.5281921876160991 0.5094078130952381 0.5281921876160991 0.523345311904762 0.5281921876160991 0.526829686904762 0.5329484377708978 0.5254359380952381 0.537025 0.5254359380952381
13 0.328125 0.630681817857143 0.3295454544891641 0.6548295452380952 0.46022727244582046 0.6846590904761906 0.4906670297213622 0.6817059797619047 0.4048295455108359 0.666193182142857 0.328125 0.630681817857143
13 0.6505681820433437 0.666193182142857 0.6889204544891641 0.6477272726190476 0.5980113634674923 0.6704545452380952 0.5915397170278638 0.6719198238095238 0.6505681820433437 0.666193182142857
13 0.5227272724458205 0.6875 0.5915397170278638 0.6719198238095238 0.4906670297213622 0.6817059797619047 0.5227272724458205 0.6875
13 0.4332386365325077 0.5298295452380952 0.5198863634674923 0.5383522726190476 0.5923295455108359 0.5411931821428572 0.6903409089783282 0.4985795452380953 0.6903409089783282 0.48721590952380955 0.5795454544891641 0.53125 0.5511363634674923 0.5227272726190476 0.4829545455108359 0.5170454547619048 0.4076704544891641 0.5056818178571428 0.328125 0.49431818214285717 0.4332386365325077 0.5298295452380952
23 0.4673295455108359 0.6917613630952382 0.5198863634674923 0.6917613630952382 0.5497159089783282 0.6832386369047618 0.5866477275541795 0.6519886369047618 0.6917613634674923 0.6122159095238094 0.6789772724458205 0.578125 0.5511363634674923 0.6292613630952382 0.46164772755417954 0.6235795452380952 0.3551136365325077 0.5852272726190476 0.3693181820433436 0.625 0.46164772755417954 0.6704545452380952 0.4673295455108359 0.6917613630952382
23 0.31534090897832817 0.5397727273809524 0.4005681820433436 0.5809659095238096 0.5568181820433437 0.6022727273809524 0.671875 0.5511363630952381 0.7130681820433437 0.5241477273809524 0.6789772724458205 0.4985795452380953 0.5667613634674923 0.5497159095238096 0.5127840910216718 0.5568181821428572 0.4474431820433436 0.5454545452380952 0.31960227244582046 0.5071022726190476 0.31534090897832817 0.5397727273809524
11 0.34090909102167183 0.6392045452380952 0.3125 0.5511363630952381 0.265625 0.6207386369047618 0.29261363653250777 0.6704545452380952 0.34090909102167183 0.6392045452380952
11 0.34090909102167183 0.36931818214285717 0.3181818179566564 0.3607954547619047 0.27272727244582046 0.4602272726190476 0.328125 0.49005681785714283 0.34090909102167183 0.36931818214285717
11 0.6903409089783282 0.3579545452380953 0.6661931820433437 0.3863636369047619 0.6789772724458205 0.5056818178571428 0.7386363634674923 0.4517045452380953 0.6903409089783282 0.3579545452380953
