2 0.3532824507739938 0.5255942345238096 0.35631306006191954 0.5307895642857142 0.3632401665634675 0.5359848940476191 0.3688684408668731 0.5398813916666666 0.37752732445820436 0.5433449452380953 0.38618620804953563 0.5437778892857144 0.3896497616099071 0.5433449452380953 0.39311331517027864 0.5372837273809524 0.3961439244582043 0.5234295130952381 0.3952780359133127 0.516502405952381 0.3926803708978328 0.510008244047619 0.39094859442724456 0.5095753 0.3822897108359133 0.5121729642857142 0.37709438080495356 0.5139047416666667 0.37233199442724463 0.5160694619047619 0.36800255294117645 0.516502405952381 0.3628072229102167 0.516502405952381 0.36107544582043344 0.516502405952381 0.3593436693498452 0.516502405952381 0.3532824507739938 0.5255942345238096
2 0.3316352414860681 0.5701874845238095 0.33466585077399386 0.5788463678571428 0.33899529287925695 0.5844746428571429 0.34375767863777085 0.5814440333333333 0.35501422724458204 0.5736510380952381 0.3654048879256966 0.5693215964285714 0.3649719436532508 0.5658580428571429 0.3571789479876161 0.5593638797619047 0.3498188972136223 0.5550344380952381 0.3441906229102167 0.5498391083333333 0.3385623486068111 0.5463755547619048 0.3363976278637771 0.5450767226190476 0.3316352414860681 0.5502720523809523 0.33206818575851393 0.5619615452380953 0.3316352414860681 0.5701874845238095
2 0.3757955479876161 0.5892370285714286 0.3835885430340557 0.591834694047619 0.40307103157894736 0.5879381964285715 0.4056686965944272 0.5823099214285714 0.3987415894736842 0.5697545404761905 0.3844544315789474 0.5641262666666667 0.3731978829721362 0.5641262666666667 0.3675696086687306 0.5766816476190476 0.37016727368421054 0.5836087547619048 0.3757955479876161 0.5892370285714286
2 0.4147605244582043 0.5996276892857143 0.4164923009287926 0.604390075 0.4216876309597523 0.6017924095238095 0.4255841287925696 0.6000606333333334 0.42948062600619197 0.5944323583333333 0.4229864637770898 0.5814440333333333 0.41302874736842105 0.5788463678571428 0.4121628588235294 0.5823099214285714 0.4112969708978328 0.5853405309523809 0.41432758018575855 0.5939994142857143 0.4147605244582043 0.5996276892857143
2 0.4411701188854489 0.6130489583333334 0.44636544953560375 0.6165125119047619 0.45242666811145515 0.6152136797619048 0.45589022105263155 0.6082865726190476 0.4563231653250774 0.6026582976190477 0.4459325052631579 0.5922676380952381 0.43597478885448915 0.5905358607142857 0.43207829164086686 0.5896699726190476 0.43467595665634673 0.5965970797619048 0.43900539814241485 0.6061218511904762 0.4411701188854489 0.6130489583333334
2 0.6208419535603715 0.5593638797619047 0.6251713956656346 0.5610956571428571 0.6420562185758514 0.5576321035714286 0.6502821578947368 0.5481073321428571 0.6511480464396284 0.5385825595238095 0.6463856600619196 0.5338201738095238 0.635995 0.5368507833333334 0.6303667256965945 0.5394484476190475 0.6186772328173374 0.5455096666666667 0.615213679256966 0.5485402761904762 0.612616014241486 0.5533026619047618 0.6208419535603715 0.5593638797619047
2 0.6580751529411765 0.5364178392857143 0.6598069300309597 0.5398813916666666 0.670630534365325 0.5455096666666667 0.6732281993808049 0.5455096666666667 0.680155306501548 0.5381496154761904 0.6879483015479876 0.5242954011904762 0.6831859157894737 0.5191000714285714 0.6779905857585139 0.5195330154761905 0.670630534365325 0.5216977369047618 0.6637034272445821 0.5251612904761905 0.6593739857585139 0.5294907321428571 0.6580751529411765 0.5364178392857143
2 0.6563433764705883 0.5961641357142857 0.6658681486068112 0.5978959119047619 0.6719293671826625 0.59140175 0.6814541386996904 0.5792793119047619 0.680155306501548 0.5688886523809524 0.670630534365325 0.560229769047619 0.6563433764705883 0.5697545404761905 0.6459527164086688 0.5753828142857144 0.6442209393188855 0.5797122571428571 0.6502821578947368 0.5896699726190476 0.6563433764705883 0.5961641357142857
2 0.6234396185758514 0.6139148464285715 0.635995 0.6100183488095238 0.6411903300309597 0.5974629678571429 0.6411903300309597 0.5896699726190476 0.6403244421052632 0.5836087547619048 0.6329643907120743 0.5801452011904762 0.6269031721362229 0.5827428654761905 0.6217078421052632 0.5844746428571429 0.6169454563467492 0.5870723071428572 0.6134819027863777 0.5888040845238095 0.6065547956656346 0.59140175 0.6039571306501548 0.5939994142857143 0.6043900749226007 0.5978959119047619 0.6091524606811145 0.6065547952380953 0.6234396185758514 0.6139148464285715
2 0.596597079876161 0.6411903297619047 0.6022253541795666 0.6450868273809524 0.6078536284829722 0.6407573857142858 0.615213679256966 0.6307996702380952 0.6108842377708978 0.623006675 0.6048230191950464 0.6156466238095237 0.5952982470588235 0.6126160142857142 0.5914017492260062 0.6117501261904762 0.589669972755418 0.6191101773809524 0.5875052520123839 0.6256043392857144 0.5922676377708979 0.6346961678571428 0.596597079876161 0.6411903297619047
