1 0.6033003334825935 0.5475874578001705 0.6579208568924741 0.528063620143272 0.6848782100273638 0.6034731944982566 0.6302577543929146 0.6229968957699524
11 0.17784039570517507 0.5197502405921924 0.22811757880276673 0.4706470585546048 0.3130201448581147 0.5575724956215328 0.26274345785964215 0.6066751822979833
11 0.7335706505153894 0.48934607189835405 0.8204472471273903 0.533748847733678 0.7794895666963839 0.6138773595368079 0.6926131887503288 0.569474915488117
7 0.3759920759322313 0.7270007147267602 0.3941687688378579 0.736693557501315 0.3735856655810039 0.7752858055875563 0.3554090062090154 0.765593011277304
7 0.6600837340319003 0.6994897112853845 0.6723653244202978 0.7202945860618912 0.6559047550330206 0.7300100780528085 0.6436232146118073 0.7092052466926775
2 0.2880953433354989 0.42601196921733253 0.31173457713077823 0.45595319989354793 0.2935664254357562 0.4702964152541301 0.26992724276567515 0.4403552316601025
2 0.36049479253074423 0.4570326635809971 0.366477999504923 0.49891124361333977 0.3241347993192676 0.5049602493558241 0.3181517377699947 0.4630817992185179
2 0.28227839854002923 0.5022565271208254 0.3129334191024782 0.4902620922904692 0.33058009538228816 0.5353593646774535 0.2999250994992053 0.5473537536245063
2 0.3405843975680227 0.5297802582215895 0.3665042294737759 0.5238899425972775 0.377065741905767 0.5703608084486592 0.3511459177572078 0.576251100563707
2 0.6514309162569134 0.49324195196923815 0.6645006994641562 0.4620780842600131 0.6974979211938717 0.4759157946496295 0.6844282348949946 0.5070795802700125
9 0.6467642804308298 0.676866974647912 0.6411187635450233 0.6771016645247252 0.6385261208755537 0.6147422368810429 0.6441715687500391 0.6145075484374984
9 0.6489064199566883 0.6122501976447967 0.6577134179843824 0.6087260945640368 0.6864218316037523 0.6804617343229665 0.6776148483621682 0.6839858106817313
7 0.6903407229791583 0.7061999751245319 0.6727089465215386 0.7085863162168303 0.6670951364213806 0.6671134016528852 0.6847267605337493 0.6647270710152401
7 0.5559774326976594 0.384527846227319 0.5385246759102529 0.38564433091193595 0.5364287724212318 0.3528823545875364 0.5538814655257056 0.3517658719362837