1 0.34131069638306144 0.5022712977738732 0.38795215218431167 0.5065264440776757 0.38135873070268644 0.578791927575681 0.33471727836308673 0.5745368066624809
2 0.5240340249349629 0.6160060073356056 0.49381372578943683 0.6151423336094718 0.4958680709204373 0.5432743969336025 0.5260879868341135 0.5441380651818352
2 0.46915691003857773 0.609855153952254 0.4454943793525672 0.6083189628429727 0.4502110409528086 0.5356763244293925 0.47387327248020483 0.5372125058063569
2 0.4938486934837556 0.6150569441296594 0.4692862856205693 0.6147254509242852 0.47035705398320715 0.5354065464392717 0.4949191207875856 0.5357380373443041
2 0.45049539807735073 0.605378125 0.4250358551884119 0.605378125 0.42503601232363053 0.5290703125000001 0.45049521836995154 0.5290703125000001
2 0.5233375 0.5486921875 0.545615625 0.5486921875 0.545615625 0.6126453125 0.5233375 0.6126453125
2 0.570721972442243 0.6017437500000001 0.5459686719581214 0.6017437500000001 0.545968820389021 0.53125 0.5707218199924 0.53125
11 0.30350071789700905 0.49798993272000136 0.2627942605423641 0.4904918811873799 0.28632101058167336 0.3627766235336108 0.3270267891354024 0.37027461072433504
11 0.28568163972909133 0.6827038566009628 0.2378762298089896 0.6719103824504096 0.2664891991919376 0.5451984785340289 0.3142935082113354 0.5559918247945972
11 0.6919640625000001 0.584821875 0.752790625 0.584821875 0.752790625 0.6908484374999999 0.6919640625000001 0.6908484374999999
11 0.7177536496194534 0.49113881927759145 0.6757105299301429 0.49003138771967075 0.6791346521505375 0.3600556229486446 0.721177061692174 0.36116304513372893
2 0.3573400937622182 0.6018432813898307 0.34053682171474975 0.6186447725383585 0.30200734758398085 0.5801152299167148 0.31881053694087313 0.5633138213545015
2 0.40555063291537863 0.6192805794489774 0.39328754958546597 0.6481831994754395 0.35236180609319945 0.6308207522897984 0.3646249296878068 0.601918254047016
2 0.3956332673426459 0.6442253420124728 0.40245598434034946 0.6202008450975994 0.43257382061017324 0.628752972103214 0.42575118897400444 0.6527773958283185
2 0.6113922157302341 0.6553229170245075 0.5982547551628841 0.638509004989603 0.6333512885549908 0.6110898724116531 0.6464887148994194 0.6279037123879457
2 0.6761500380869165 0.6422555788043717 0.6446317715789291 0.6343128662244086 0.6546903259678629 0.5944037184422649 0.686208361091758 0.6023464005922655
2 0.616164242734726 0.5481267618846193 0.6535063433449295 0.5447929675577323 0.6563707624641211 0.5768745226156125 0.6190286632121342 0.5802083077327359
2 0.5924279413833347 0.590689709375 0.571859442155187 0.590689709375 0.5718595101509436 0.5463662546875 0.5924278523806379 0.5463662546875
9 0.365234365871288 0.42578124973919795 0.3708938088375362 0.42594293719677556 0.3689406929335064 0.494302311677637 0.36328125 0.49414062500000017
9 0.3564453426599812 0.49414062210019444 0.35060239551080485 0.4947024075795108 0.3446782694001058 0.4330913036230523 0.3505211658167582 0.43252952059960337