1 0.3567206913770633 0.5349363515728532 0.3104177343223 0.5355799765042303 0.30924330972618463 0.4510761094936965 0.3555456834438928 0.4504324885974545
1 0.46123896044002777 0.5223259008588272 0.4264428859536338 0.5850737217533212 0.3322097057745168 0.5328217272210053 0.36700580742217426 0.4700744504134582
2 0.4616171151760682 0.5101046417718772 0.46161722906037994 0.5923344047126975 0.43512183917243874 0.5923343266189609 0.43512190851208743 0.5101047475534697
1 0.3206822532758906 0.5509660726496116 0.3617418271915085 0.5477910049813345 0.3676681434130842 0.6244215985643319 0.32660857201153703 0.627596644395439
2 0.391984375 0.595121875 0.421875 0.595121875 0.421875 0.648084375 0.391984375 0.648084375
2 0.5211644386891976 0.5154264432807326 0.5474081820633501 0.5159596784718298 0.545874854779413 0.5914172163444067 0.5196311115095114 0.5908839845453798
1 0.6170303101877153 0.65727431849455 0.5749256824526583 0.6651671120460273 0.5605583542861723 0.5885312188100902 0.6026623827091271 0.5806384824619392
2 0.647942393721678 0.5363371599016743 0.6977347013647659 0.530482310661686 0.7063089815361536 0.6033949604534533 0.6565166804323326 0.6092497724042898
1 0.5659011449299669 0.4948711773005498 0.6044912183613178 0.49134018125443707 0.6123191639891274 0.5768842360924313 0.5737290937480566 0.5804152074221998
1 0.5989164811016963 0.48100869098760624 0.6338423822938921 0.4781723920384844 0.6407936898492608 0.5637632753112889 0.605867790968091 0.5665995548715285
1 0.6354305191963476 0.4583914249664696 0.686508067854902 0.45970533279850395 0.6843460509747956 0.5437465423150205 0.6332685026561649 0.5424326429138556
11 0.2597588337321213 0.6219278158612545 0.21499217069651877 0.6065807452413275 0.2546859895603575 0.4908086692452818 0.2994517869911988 0.5061555767961858
11 0.7079139802996224 0.524720858842957 0.7772813477944283 0.533002683757937 0.7651004429882278 0.6350180605237826 0.6957330880145491 0.6267363107666304
2 0.3130839582030376 0.4824387444791377 0.30213659814273797 0.49450813618249917 0.27287997769337835 0.46797315711797544 0.28382731093745406 0.45590380000000835
2 0.29448376503319196 0.519837534927708 0.3191890869031795 0.5168432191443125 0.3254467257260103 0.5684688456675379 0.3007414062370799 0.571463148554407
3 0.31201225312497627 0.7051180249999885 0.29142280188432323 0.6974788867162307 0.324428477906622 0.6085325798169824 0.3450175792461323 0.6161716466656401
2 0.46130384485707054 0.5524635586399236 0.4801799486862137 0.5520619796105161 0.4808030713440985 0.5813488465908593 0.4619269675489477 0.5817504246043866
2 0.5981825386011224 0.6106107779370785 0.5960685021244672 0.5651599995164952 0.6510543841909566 0.5626027156906822 0.6531686328631849 0.6080532698703082
2 0.6967852744145375 0.5073684768465737 0.6817035430296983 0.47871522931523114 0.7134141387826958 0.46202545887273117 0.7284958785199933 0.490678630314206
9 0.3777573531250482 0.4770220593750038 0.3719202192521607 0.47630606362983313 0.3833252998106218 0.38333234746074607 0.38916236168097385 0.38404833869370514
9 0.40044279104688485 0.48221610645330304 0.3946553557067318 0.48231097722565364 0.39317096755871717 0.3917615373834781 0.39895833281241266 0.39166666718750043
9 0.4095884363963478 0.35423148133948773 0.4168987537450448 0.3536594040409838 0.428143578076174 0.49734460082582466 0.4208332613660559 0.4979166727785732
9 0.4510416606340186 0.3937499996071986 0.45609745482079234 0.3940530347514158 0.4495777738997049 0.5028201895438873 0.4445219799175675 0.5025171566449501
9 0.5270833425904584 0.47812499999999997 0.521874980211237 0.47812499999999997 0.5218750183045131 0.39791666718749996 0.5270833246642042 0.39791666718749996
9 0.5851571547319736 0.4873180750023588 0.5777300209448413 0.4877896112583543 0.5727812790466942 0.4098465336872985 0.5802083328125036 0.4093749999999998
9 0.5908946744223158 0.5035162604994844 0.5854166327254688 0.5031249975385875 0.5907942169643547 0.4278394851017616 0.5962722005031083 0.4282307459841303
9 0.6250000551624453 0.48805146597127236 0.6179832786267525 0.48860367896518647 0.6110382722454233 0.40036097283275224 0.6180549644709572 0.3998087631888765
9 0.6447916785200505 0.4666666662686983 0.6425820947874854 0.4668458111669495 0.6375136158316081 0.4043344728965809 0.6397231812727568 0.4041553287433965
9 0.6447916671874054 0.3729166671875017 0.6507924204391884 0.37268588157800375 0.653917404908384 0.4539358833529135 0.6479166517261774 0.45416666778213083
9 0.6593749906777475 0.38437499972980677 0.6689985488243337 0.38465392761364764 0.6669152252837875 0.45652892659362004 0.6572916671874509 0.45625000000000016
9 0.5958333328125036 0.6635416671875022 0.6021590789207494 0.6623765800040603 0.6171818322400213 0.743929366270165 0.6108560889368846 0.745094443058265