2 0.5287273901934668 0.5991845322872773 0.5016219352145299 0.5994664090606368 0.500722866330193 0.5130012402657131 0.5278279243522093 0.5127193655563884
2 0.556046941956879 0.593728125 0.5319296280528079 0.593728125 0.5319297889911923 0.5163765625 0.556046787122682 0.5163765625
2 0.5601218152993397 0.6494781506383888 0.5601219291559119 0.5902437058591999 0.5893343551219914 0.5902437969013403 0.5893344046609172 0.6494780786964608
2 0.5817057638244023 0.5725000812968952 0.6153065444357253 0.5694303871072407 0.6207157752716057 0.6286333540388233 0.5871149969065073 0.6317030315675037
1 0.6492768853584039 0.5191681771006914 0.6854812058298876 0.5665584158375325 0.627422237694077 0.6109085792603423 0.5912182440196148 0.5635186391927393
2 0.6896537414820614 0.4841286916372495 0.726707106102026 0.5219701759942522 0.6731211891742532 0.5744353753991458 0.6360680551392761 0.5365941193123802
2 0.5732799676761715 0.4989887274194799 0.6074815254638679 0.496716256047313 0.6125096568234767 0.5723851496628347 0.5783081003847883 0.5746576069471517
2 0.5999586705107731 0.49021666138064873 0.6343392616610117 0.487075643212752 0.6393274331928751 0.5416702822888155 0.6049468439197199 0.5448112868976448
1 0.6253390624999999 0.449478125 0.6725546875 0.449478125 0.6725546875 0.5337984375 0.6253390624999999 0.5337984375
2 0.6608830771780276 0.4166912530127228 0.7047875887086548 0.4095547478673693 0.7171819685233913 0.4858017736943048 0.6732774661185204 0.4929382410849144
11 0.2892814344057797 0.46271124469338953 0.3275109221812045 0.5439417541369236 0.2580871046985749 0.5766114054000308 0.2198581933372452 0.4953813857545019
2 0.3353168445311212 0.4833193527688682 0.34923862513971926 0.4687658690747308 0.37029945202823455 0.48891111327208336 0.3563777032749158 0.5034645656263549
2 0.34866420037155876 0.5226468112929322 0.33344651503989553 0.541171257174782 0.302215853317648 0.5155175467311042 0.3174335048109924 0.49699315993365145
9 0.5142045427169251 0.43252840934039405 0.5184840878656587 0.4325854660716651 0.5174144576401432 0.5128079483041247 0.513134912497776 0.5127508919017973
9 0.6598013775231948 0.688920408676752 0.6486721880253299 0.6910399973552908 0.6316266841705556 0.6015513886986524 0.642755681250037 0.5994318187500021
9 0.6893784415086657 0.6701989652804584 0.6778857675304835 0.6747134226673869 0.6461779495365363 0.5940030564990652 0.6576704546874907 0.5894886359374861
9 0.6267304401778802 0.4308999567519099 0.6311228899912749 0.42968832048931244 0.6386253957610961 0.45688495883133723 0.63423294686595 0.4580965927825405
9 0.623797283974227 0.352367763799802 0.6293832411676021 0.35128982405083625 0.6426598010639282 0.42008684180866224 0.637073845142254 0.4211647770885908
9 0.6482539201269901 0.3917985273774925 0.654586963188649 0.39215034312589686 0.6512194070102169 0.4527665878047495 0.6448863640624722 0.4524147734374972