11 0.30532391145510834 0.330202155952381 0.29703116346749225 0.3490493107142857 0.28195343900928793 0.36789646666666664 0.26687571517027864 0.3950363690476191 0.26612182910216714 0.4259457035714286 0.28270732569659446 0.44102342738095235 0.30155448049535605 0.43197679285714286 0.3113550012383901 0.4018213452380952 0.32266329411764705 0.373927555952381 0.32944826996904025 0.33472547380952383 0.32794049783281737 0.3106011154761905 0.3256788390092879 0.28723064285714284 0.3173860910216718 0.27969178095238095 0.3045700253869969 0.2962772773809524 0.3068316842105263 0.294015619047619 0.30607779752321984 0.31437054642857143 0.30532391145510834 0.330202155952381
11 0.22013477089783282 0.5216892511904762 0.21938088482972137 0.536766975 0.22088865696594429 0.5495830404761904 0.2352124947368421 0.5706918547619048 0.24953633250773993 0.5940623261904762 0.26009073931888543 0.6196944571428572 0.27516846377708976 0.6340182952380953 0.28119955294117643 0.6196944571428572 0.2849689839009288 0.5933084404761905 0.2872306427244582 0.5744612857142857 0.2872306427244582 0.554860244047619 0.27969178080495355 0.5412902928571429 0.2615985120743034 0.5307358857142858 0.24802856037151702 0.5171659345238095 0.2216425430340557 0.514904275 0.22013477089783282 0.5216892511904762
2 0.30353031640866873 0.45253610833333335 0.299391266873065 0.45207621428571426 0.2897334835913313 0.45667515833333333 0.2869741176470588 0.4635735738095238 0.2888136947368421 0.4815094559523809 0.2915730613003096 0.4930068166666666 0.2970917944272446 0.503124494047619 0.30766936594427247 0.5132421714285714 0.32008651578947367 0.5146218547619047 0.3237656705882353 0.503124494047619 0.316407360371517 0.49484639523809526 0.30996883839009287 0.455295475 0.30353031640866873 0.45253610833333335
2 0.3352630315789474 0.5284186869047619 0.3371026092879257 0.5403759416666667 0.3508994414860681 0.5523331976190476 0.36469627430340557 0.562910769047619 0.3817123678018576 0.5491139357142857 0.3798727900928793 0.5265791095238096 0.3743540569659443 0.5132421714285714 0.3711347962848297 0.5118624880952382 0.3352630315789474 0.5187609047619047 0.3352630315789474 0.5284186869047619
2 0.3899904674922601 0.5532529857142857 0.3817123678018576 0.5468144642857142 0.37573373993808046 0.5486540416666666 0.3697551126934984 0.5596915083333334 0.37343426811145514 0.5707289738095238 0.3927498334365325 0.5803867571428571 0.40884613808049536 0.5785471785714286 0.4157445547987616 0.5679696071428572 0.4139049770897833 0.5426754142857143 0.4074664551083591 0.5403759416666667 0.39642898885448913 0.5514134083333333 0.3895305727554179 0.5514134083333333 0.3899904674922601 0.5532529857142857
2 0.4139049770897833 0.5702690797619048 0.41068571578947366 0.5734883404761905 0.4056268773993808 0.5785471785714286 0.40332740557275537 0.5840659119047619 0.40976592693498454 0.5882049619047619 0.4244825486068111 0.5891247500000001 0.4323007535603715 0.5826862285714286 0.43322054241486063 0.5721086571428572 0.43138096470588233 0.5675097130952381 0.42862159814241485 0.5661300297619047 0.41988360433436533 0.5665899238095238 0.4157445547987616 0.5670498178571428 0.4139049770897833 0.5702690797619048
2 0.36009733003095973 0.5854455952380953 0.3577978575851393 0.5923440119047618 0.3596374352941176 0.59740285 0.36699574613003094 0.6047611607142857 0.3743540569659443 0.6102798940476191 0.3798727900928793 0.6134991547619048 0.3826321566563467 0.627295986904762 0.3863113120743034 0.6443120809523809 0.39320972817337463 0.6387933476190476 0.401027933126935 0.6259163035714285 0.4005680390092879 0.6153387321428572 0.39918835541795666 0.6111996821428571 0.3959690947368421 0.60568095 0.39183004458204335 0.6010820059523809 0.38217226191950465 0.5969429559523809 0.37573373993808046 0.592803905952381 0.3702150074303406 0.5891247500000001 0.36469627430340557 0.5854455952380953 0.36009733003095973 0.5854455952380953
2 0.4042471944272446 0.6254564095238095 0.4047070885448916 0.6254564095238095 0.412525293498452 0.630975142857143 0.41942371021671826 0.6369537702380952 0.4272419151702786 0.630975142857143 0.4263221263157895 0.614418944047619 0.4139049770897833 0.6111996821428571 0.4070065609907121 0.6084403166666666 0.39918835541795666 0.6084403166666666 0.4042471944272446 0.6254564095238095
2 0.5951033777089784 0.6516703916666667 0.6079804216718266 0.6493709190476191 0.6121194712074304 0.6493709190476191 0.6171783102167183 0.653050075 0.6226970433436533 0.6571891249999999 0.6240767263157895 0.6466115523809524 0.6208574656346749 0.6397131369047618 0.6176382043343653 0.6346542976190476 0.615798626625387 0.6318949309523809 0.6134991547987616 0.6323548261904761 0.6070606328173375 0.6351141928571428 0.6006221108359133 0.6383334535714286 0.5951033777089784 0.6397131369047618 0.5914242229102167 0.6424725035714286 0.5900445393188855 0.6452318702380953 0.5918841170278637 0.6484511309523809 0.5951033777089784 0.6516703916666667
2 0.6226970433436533 0.6420126083333333 0.6291355647058824 0.6318949309523809 0.6401730309597523 0.6226970428571429 0.649370919504644 0.6176382047619048 0.6530500749226006 0.6089002107142857 0.6512104972136222 0.6024616892857143 0.6489110247678018 0.6006221107142857 0.6447719752321981 0.6020017940476191 0.6387933479876161 0.6033814773809524 0.632814720123839 0.60568095 0.6305152482972136 0.6070606333333333 0.6277558817337461 0.6084403166666666 0.6245366210526315 0.6130392607142857 0.6203975708978329 0.6199376761904762 0.6162585213622291 0.627295986904762 0.6226970433436533 0.6420126083333333
11 0.7132962433436533 0.5891247500000001 0.7114566662538699 0.5997023226190477 0.7036384606811145 0.6318949309523809 0.7109967715170279 0.6567292297619047 0.7252534984520124 0.6594885964285714 0.7376706476780186 0.6507506023809524 0.7482482191950464 0.630975142857143 0.7606653690402476 0.6033814773809524 0.7648044185758514 0.5688893964285714 0.7652643126934985 0.545434780952381 0.756526318885449 0.5486540416666666 0.740430014241486 0.5638305571428571 0.7247936043343653 0.5693492904761904 0.7160556099071208 0.5762477071428571 0.7123764551083591 0.5900445392857142 0.7132962433436533 0.5891247500000001
2 0.6880020507739938 0.5385363642857143 0.6958202557275541 0.5408358369047619 0.7086972996904025 0.5270390035714285 0.7215743430340558 0.49852555 0.7197347653250774 0.48472871785714283 0.7114566662538699 0.47829019523809524 0.7045582495356036 0.47829019523809524 0.6990395164086687 0.48656829523809525 0.6967400445820433 0.49530628928571424 0.6930608891640867 0.5077234380952381 0.6921411003095975 0.515541644047619 0.688921839628483 0.5293384761904761 0.6880020507739938 0.5385363642857143
2 0.5918841170278637 0.5987825333333333 0.5951033777089784 0.6070606333333333 0.6029215832817337 0.60568095 0.6075205275541796 0.6047611607142857 0.6162585213622291 0.6029215833333333 0.6199376767801857 0.5937236952380953 0.6208574656346749 0.5817664392857143 0.6203975708978329 0.5744081285714286 0.6194777820433437 0.5633706630952381 0.615798626625387 0.5560123523809524 0.6111996823529412 0.5592316130952381 0.6098199993808049 0.5624508738095239 0.6066007386996904 0.5762477071428571 0.6038413721362229 0.5808466511904762 0.598782533126935 0.5859054892857143 0.5964830613003096 0.5872851726190477 0.5909643281733746 0.5909643285714286 0.5918841170278637 0.5987825333333333
2 0.6254564099071208 0.5946434833333333 0.6337345089783282 0.5932638 0.6456917640866873 0.5854455952380953 0.643852186377709 0.5785471785714286 0.6387933479876161 0.571648763095238 0.6351141925696595 0.571648763095238 0.6272959876160991 0.5757878119047619 0.6231569374613003 0.5785471785714286 0.6254564099071208 0.5946434833333333
2 0.632814720123839 0.5560123523809524 0.6341944037151703 0.5642904523809524 0.6397131368421053 0.5721086571428572 0.6443120811145511 0.5771674952380952 0.6489110247678018 0.5790070738095239 0.6673068018575852 0.5652102404761905 0.6783442681114551 0.5537128797619048 0.6760447956656347 0.5477342523809524 0.6742052179566563 0.545894675 0.6705260625386997 0.546354569047619 0.6659271182662538 0.5445149916666666 0.6599484910216717 0.5412957309523809 0.6571891244582043 0.5412957309523809 0.6530500749226006 0.545894675 0.6530500749226006 0.5504936190476191 0.6530500749226006 0.5537128797619048 0.6521302860681114 0.5601514023809524 0.650290708359133 0.558311825 0.6489110247678018 0.554632669047619 0.6479912359133128 0.5435952035714285 0.6420126086687307 0.5394561535714286 0.6383334532507741 0.5431353083333333 0.632814720123839 0.5560123523809524
11 0.7132962433436533 0.44103874761904766 0.7146759269349845 0.44103874761904766 0.728932653869969 0.44195853690476194 0.7330717034055727 0.41252529404761906 0.7252534984520124 0.3863113119047619 0.7215743430340558 0.3637764857142857 0.7238738154798762 0.3380223976190476 0.7275529708978328 0.31318809880952386 0.7247936043343653 0.2961720059523809 0.7197347653250774 0.2832949619047619 0.7109967715170279 0.27455696785714284 0.7040983554179567 0.283754855952381 0.7040983554179567 0.29985116071428575 0.6921411003095975 0.3706749011904762 0.6907614173374612 0.38953057261904767 0.6926009950464396 0.4093060333333333 0.694440572755418 0.4272419154761905 0.7146759269349845 0.44011895833333337 0.7132962433436533 0.44103874761904766
2 0.3173509801857585 0.5776020892857142 0.31851628359133133 0.5842054761904761 0.3212353250773993 0.5873129511904762 0.32745027678018573 0.5904204273809525 0.3425992216718266 0.5865360833333333 0.3495910427244582 0.5776020892857142 0.34182235294117647 0.5647837511904762 0.33638426996904025 0.5566266273809524 0.3352189665634675 0.5546844547619048 0.3161856761609907 0.5414776821428572 0.30919385572755415 0.5550728892857143 0.31035915913312695 0.5562381928571428 0.3142435040247678 0.5659490547619047 0.3173509801857585 0.5776020892857142
2 0.672380105263158 0.6082884142857142 0.6890827888544891 0.5954700761904762 0.7003473888544891 0.5842054761904761 0.7034548650154798 0.5752714821428572 0.701512692260062 0.5667259238095238 0.6960746092879256 0.5620647095238096 0.6848100092879257 0.5659490547619047 0.6739338433436532 0.572940875 0.6708263678018576 0.5776020892857142 0.6665535882352941 0.5842054761904761 0.6642229814241487 0.5884782547619047 0.6576195950464396 0.5978006833333334 0.6634461120743034 0.604404069047619 0.672380105263158 0.6082884142857142
