1 0.33582031269349844 0.4550515630952381 0.3365 0.445296875 0.3365 0.4362375 0.33582031269349844 0.42648125000000003 0.33582031269349844 0.417421875 0.3348031250773994 0.40696875 0.3270562891640867 0.41702322976190476 0.3175303777089783 0.4090849702380952 0.31117977027863775 0.4000882761904762 0.30970156222910217 0.386759375 0.30291718761609904 0.38536562500000004 0.2998640625386997 0.39303125 0.29714999999999997 0.4 0.2937578123839009 0.409059375 0.2917234377708978 0.41951249999999995 0.28934843777089786 0.4306625 0.29070625015479873 0.438328125 0.2937578123839009 0.443903125 0.29782968730650156 0.449478125 0.3019 0.4536578130952381 0.30597031269349845 0.4564453119047619 0.30970156222910217 0.4620203119047619 0.3137718749226006 0.4668984369047619 0.31852031269349845 0.4710796869047619 0.3256437498452013 0.4710796869047619 0.33175 0.4689890630952381 0.3337859374613003 0.4648078119047619 0.33582031269349844 0.4550515630952381
0 0.6875843752321982 0.574215625 0.6892812501547988 0.583275 0.6916546873065016 0.589546875 0.6953859374613004 0.595121875 0.6991187498452013 0.59581875 0.6953859374613004 0.5337984369047619 0.6926734377708978 0.5331015630952382 0.6899593752321981 0.5344953130952381 0.6879234377708978 0.5372828130952381 0.6862281250773995 0.5449484369047619 0.6858890625386996 0.55400625 0.6862281250773995 0.564459375 0.6875843752321982 0.574215625
11 0.2667255170278638 0.3519295023809524 0.2529658674922601 0.3757442797619048 0.24396917337461302 0.39744218928571434 0.2534950848297214 0.42337383690476194 0.2624917789473684 0.4323705309523809 0.2714884730650155 0.4344874 0.2836604705882353 0.429724444047619 0.29477403405572755 0.4154355773809524 0.3016538588235294 0.3932084511904762 0.3095921182662539 0.3291731583333333 0.3101213356037152 0.30800446666666664 0.2979493374613003 0.2937155988095238 0.28154360185758515 0.3238809857142857 0.2667255170278638 0.3519295023809524
2 0.3381698520123839 0.4440133119047619 0.3381698520123839 0.4556560916666667 0.3413451560371517 0.4672988726190476 0.34822498080495357 0.47364947976190475 0.35933854427244577 0.4752371321428571 0.36515993436532507 0.4614774821428571 0.36357228235294115 0.453010005952381 0.3572216749226006 0.4403087904761904 0.3503418501547988 0.43713348690476195 0.3408159386996904 0.4360750523809524 0.3381698520123839 0.4440133119047619
2 0.30800446625386996 0.5154576464285714 0.3101213356037152 0.527629644047619 0.3230871591331269 0.5281588619047619 0.32811472383900925 0.5175745154761905 0.33076080990712076 0.5032856488095239 0.3259978544891641 0.4958766059523809 0.3101213356037152 0.4868799130952381 0.3021830761609907 0.48370460833333334 0.2990077721362229 0.4927013023809524 0.30324151083591333 0.5054025178571429 0.30800446625386996 0.5154576464285714
2 0.3413451560371517 0.5191621678571429 0.3408159386996904 0.5223374714285715 0.3450496773993808 0.5376847726190477 0.3487541981424149 0.5487983357142857 0.35192950216718266 0.5567365952380953 0.3619846303405573 0.5657332892857143 0.3831533226006192 0.5556781607142857 0.3799780185758514 0.5493275535714286 0.36833523839009286 0.5329218178571429 0.3619846303405573 0.5202206023809524 0.3566924575851393 0.5122823428571428 0.3455788941176471 0.5122823428571428 0.3413451560371517 0.5191621678571429
2 0.6244764092879257 0.5577950297619048 0.6260640613003097 0.5567365952380953 0.6355899727554181 0.5429769464285714 0.6371776247678019 0.5382139904761905 0.6382360594427245 0.5286880785714285 0.6355899727554181 0.523395905952381 0.6297685826625388 0.5196913845238096 0.6228887578947369 0.5228666880952381 0.6144212811145511 0.5308049476190476 0.6048953696594427 0.5403308595238095 0.6011908482972136 0.5482691190476191 0.5990739795665634 0.5519736404761905 0.6154797157894737 0.5614995511904762 0.6244764092879257 0.5577950297619048
2 0.6572878817337462 0.5429769464285714 0.6705183145510836 0.5456230321428571 0.6821610947368422 0.5239251238095238 0.6821610947368422 0.5016979964285714 0.6747520526315789 0.5069901702380952 0.6594047510835914 0.5054025178571429 0.653583360990712 0.5106946904761904 0.6467035362229102 0.5149284297619048 0.6429990148606811 0.5223374714285715 0.6467035362229102 0.5392724249999999 0.6572878817337462 0.5429769464285714
11 0.6932746582043343 0.5202206023809524 0.6911577888544891 0.5297465130952381 0.6900993541795666 0.5519736404761905 0.6975083962848297 0.571025463095238 0.7033297863777089 0.5800221571428571 0.7091511770897833 0.5858435464285715 0.722910826625387 0.5916649369047619 0.7530762123839009 0.5842558952380952 0.7647189931888545 0.5641456380952381 0.7758325560371516 0.5339802523809524 0.7715988179566563 0.5196913845238096 0.7604852544891642 0.49799347619047624 0.7398457801857585 0.48740912976190476 0.7282029993808049 0.48529226071428566 0.7080927424148606 0.4757663488095238 0.7022713523219815 0.4821169571428572 0.699625265634675 0.4958766059523809 0.6938038755417957 0.5191621678571429 0.6932746582043343 0.5202206023809524
6 0.6334731034055728 0.43713348690476195 0.6318854513931889 0.44189644285714286 0.6334731034055728 0.44824705 0.6382360594427245 0.4498347011904762 0.6419405801857585 0.4498347011904762 0.6467035362229102 0.44454252857142856 0.648291187616099 0.43977957261904765 0.6477619702786378 0.43501661785714285 0.6419405801857585 0.4360750523809524 0.6334731034055728 0.43713348690476195
