11 0.22531466584348436 0.5999207691401354 0.29201639277573577 0.5832463896700713 0.314667297733763 0.6738451521136724 0.2479656266772281 0.6905193808694986
11 0.2799872215068717 0.3374197517441159 0.3229976047738319 0.33641996707097194 0.3260887549002973 0.46939408543535904 0.2830783719584815 0.4703938619578652
11 0.665006594401234 0.3493354644622572 0.7092430900153204 0.34147202175517416 0.7297318990541726 0.4567283250242982 0.6854954184180997 0.46459171090889817
11 0.7054056925360328 0.5874699194322797 0.7664516152601664 0.5855632184479593 0.7693827193622838 0.6793959566725599 0.7083367976599675 0.681302640410585
2 0.4004149420253498 0.5259823976313743 0.43934128645173587 0.5576635879384414 0.4049537457239012 0.5999109811422852 0.36602753590716475 0.5682299391621641
2 0.37328666074301964 0.5775370324910286 0.32510269435056216 0.5634847301341708 0.3354926408604797 0.5278625399626707 0.38367632411745944 0.54191479830159
2 0.3414078925738977 0.5211394016353812 0.3258433135129053 0.5546607105103244 0.2787067770146905 0.5327760305593159 0.29427139062624974 0.4992548611064008
2 0.33356414721276906 0.5848880224084841 0.33356419679273586 0.6106648640709563 0.30257060585961426 0.6106648385102759 0.302570628930539 0.5848880693432432
2 0.39104055042253094 0.6162191464918247 0.3832146838135486 0.6396942621142336 0.34602230949212753 0.6272968228827018 0.353848220884629 0.603821793259963
2 0.5702798901456845 0.6448398907195876 0.5792347095556352 0.6285605105848446 0.5968339115918297 0.6382401277723235 0.5878791292542473 0.6545194759898996
2 0.6155746913200346 0.6166487059306841 0.6265578729833123 0.6330635989263131 0.6008644815070738 0.6502528438217882 0.5898813550850264 0.6338379998186257
2 0.655888583850583 0.6374026993153941 0.6200127140433551 0.6397320296090518 0.617366043731522 0.598971055069569 0.653241639915791 0.596641733654528
2 0.6880786230326521 0.6167818965959965 0.6622930866582237 0.6009155934846898 0.6788771021290358 0.5739667044744193 0.704662525685535 0.5898329621905112
2 0.6681094355739106 0.5285007927676492 0.6657429081008104 0.5683936486996005 0.6266508545547822 0.5660746931902724 0.6290175040221584 0.5261819664594094
7 0.4025032389573653 0.8150828007996727 0.3766413153772419 0.8117101400242059 0.3843855423134528 0.7523392326330242 0.41024710144915844 0.7557118693661157
2 0.414275797695268 0.6416567194921301 0.42816435954580356 0.627769928609357 0.4542918203813997 0.6538974372744684 0.440403309347289 0.6677841774122153
2 0.38291101590107246 0.6315176364289609 0.3937712227925658 0.616005016797398 0.4216693501160762 0.6355338113775187 0.41080920019271616 0.651046380034788