11 0.29799062476780186 0.6071421880952381 0.2857140625386997 0.584821875 0.2611609374613003 0.59375 0.25 0.594865625 0.23995468730650155 0.602678125 0.234375 0.608259375 0.23102656222910214 0.6227671869047618 0.23772343777089786 0.6495531250000001 0.2589281250773994 0.6685265630952382 0.2779015622291022 0.6830359369047618 0.3002234377708978 0.6741078130952382 0.30245468730650155 0.640625 0.29799062476780186 0.6071421880952381
11 0.28013437523219814 0.34375 0.28348281238390094 0.3783484369047619 0.28236562476780186 0.43973281190476193 0.3058031250773994 0.46986562499999995 0.31361562476780186 0.44754531190476193 0.3247765622291022 0.41294687500000005 0.3080359374613003 0.3515625 0.29575937523219814 0.33705312499999995 0.28013437523219814 0.34375
11 0.71875 0.40401718809523807 0.7154015622291021 0.37611562499999995 0.6964281250773994 0.34375 0.6707593752321982 0.3537953130952381 0.6707593752321982 0.38169687500000005 0.6796874996904025 0.43192031190476193 0.6886156247678018 0.4609375 0.6897328123839009 0.45982187500000005 0.6997765622291021 0.46205312499999995 0.7109374996904025 0.44754531190476193 0.7198656247678018 0.4330359369047619 0.71875 0.40401718809523807
11 0.7678578123839009 0.6305796869047618 0.7667406247678018 0.6060265630952382 0.7444203126934984 0.592634375 0.71875 0.587053125 0.7064734377708979 0.600446875 0.7064734377708979 0.6216515630952382 0.7075890625386997 0.6573656250000001 0.7109374996904025 0.6774546869047618 0.7243296873065016 0.6808031250000001 0.7354906247678018 0.6696421869047618 0.7611609374613003 0.6506703130952382 0.7678578123839009 0.6305796869047618
2 0.3759117851393189 0.5707721797619048 0.3774461188854489 0.5775232488095238 0.3838903213622291 0.5815125166666666 0.3924825907120743 0.5876498523809524 0.4001542594427245 0.5891841857142857 0.4053709944272446 0.5882635857142857 0.41396326377708975 0.5864223845238096 0.4191799987616099 0.5824331166666666 0.42040746625387 0.5741477142857143 0.42132806625387 0.5597249761904761 0.4197937325077399 0.5529739083333334 0.4148838643962848 0.5437679047619047 0.40567786130030964 0.5302657678571429 0.3989267925696594 0.5278108333333333 0.39186885696594426 0.536709969047619 0.38296972074303404 0.5483709059523809 0.3774461188854489 0.554201375 0.37376371764705885 0.5631005107142857 0.3759117851393189 0.5707721797619048
2 0.339394640247678 0.537630569047619 0.3335641721362229 0.538858036904762 0.3304955040247678 0.5449953714285715 0.33080237089783276 0.5523601738095238 0.3418495746130031 0.5646348452380953 0.3553517120743034 0.5723065142857143 0.37069505015479876 0.5766026488095238 0.3749911851393189 0.5716927797619047 0.3771392520123839 0.5643279785714286 0.378980452631579 0.5520533071428572 0.37407058452012387 0.5394717702380952 0.3605684470588235 0.5351756357142857 0.3458388427244582 0.5336413011904761 0.339394640247678 0.537630569047619
2 0.2939783591331269 0.4998859571428571 0.29336462600619195 0.5020340249999999 0.294592092879257 0.5158430297619048 0.2995019609907121 0.5305726345238095 0.30686676346749225 0.5425404380952381 0.31361783219814243 0.5489846392857143 0.32435816904024767 0.5495983738095238 0.3301886377708978 0.545302238095238 0.3360191058823529 0.5247421654761905 0.3326435715170279 0.5170704964285715 0.3301886377708978 0.5173773630952381 0.32435816904024767 0.520446030952381 0.3197551678018576 0.5207528976190476 0.31484529907120745 0.5173773630952381 0.3090148309597523 0.5143086952380952 0.30594616346749226 0.5093988273809524 0.3016500284829722 0.5032614916666667 0.29827449411764706 0.501113425 0.2939783591331269 0.4998859571428571
2 0.30318436222910217 0.5940940535714285 0.3044118291021672 0.5980833214285715 0.3074804972136223 0.6029931904761905 0.3173002334365325 0.609130525 0.3277337034055728 0.6106648595238096 0.3326435715170279 0.6042206571428571 0.3335641721362229 0.5977764547619048 0.3304955040247678 0.5888773190476191 0.32711996965944273 0.5851949178571428 0.32036890092879255 0.5848880511904763 0.31423156594427243 0.5848880511904763 0.3080942303405573 0.5864223845238096 0.3025706284829721 0.5858086511904762 0.30318436222910217 0.5940940535714285
2 0.3522830445820433 0.6085167916666667 0.35105557770897833 0.612199192857143 0.3498281102167183 0.6183365285714286 0.3578066464396285 0.6312249321428571 0.3660920489164087 0.633373 0.378980452631579 0.6318386654761904 0.38880018947368417 0.6229395297619048 0.378980452631579 0.6125060595238095 0.36701264891640867 0.608209925 0.3587272464396285 0.6054481238095237 0.3550448452012384 0.6057549916666667 0.3522830445820433 0.6085167916666667
2 0.5738408476780186 0.6395103345238095 0.5766026482972136 0.6447270702380953 0.5784438489164087 0.6493300714285715 0.5845811845201239 0.6527056059523809 0.5922528532507739 0.6465682702380953 0.594094053869969 0.6422721357142858 0.591332253250774 0.6352142 0.5851949176470588 0.6321455333333333 0.5781369826625388 0.6321455333333333 0.5750683145510835 0.6361348011904763 0.5738408476780186 0.6395103345238095
2 0.593787187616099 0.6312249321428571 0.5931734538699691 0.6370554011904762 0.5959352544891641 0.642885869047619 0.6002313894736843 0.646875136904762 0.6072893250773994 0.6459545369047619 0.6158815944272445 0.6395103345238095 0.6201777287925697 0.6319920988095239 0.6195639956656347 0.6263150642857143 0.6155747275541795 0.6166487607142858 0.595628387616099 0.6299974654761904 0.593787187616099 0.6312249321428571
2 0.6186433950464396 0.6186433952380952 0.6201777287925697 0.6232463964285714 0.6275425312693498 0.6303043321428572 0.636748534365325 0.6355210666666667 0.6459545368421052 0.6373622678571429 0.6517850055727553 0.6376691345238095 0.6554674068111456 0.6309180654761904 0.6536262061919504 0.6183365285714286 0.6539330730650155 0.607289325 0.6527056061919505 0.5996176559523809 0.6499438049535604 0.5968558547619048 0.6428858693498452 0.5974695880952381 0.6392034681114551 0.5980833214285715 0.635521066873065 0.5996176559523809 0.630304331888545 0.6033000571428572 0.6272356643962849 0.6069824583333333 0.6247807306501548 0.6103579928571428 0.6214051962848297 0.6143472607142857 0.6186433950464396 0.6186433952380952
2 0.676641213622291 0.6097442595238095 0.6818579486068111 0.6109717261904761 0.6867678167182663 0.612199192857143 0.6925982854489164 0.6094373916666667 0.6999630873065016 0.5974695880952381 0.7014974210526316 0.5940940535714285 0.7014974210526316 0.5913322535714286 0.6996562204334366 0.5882635857142857 0.6941326191950463 0.5833537178571429 0.6867678167182663 0.5824331166666666 0.678789280495356 0.5836605845238095 0.6735725455108359 0.5858086511904762 0.6698901448916409 0.5885704523809524 0.6674352105263157 0.5950146547619047 0.6711176117647059 0.6054481238095237 0.676641213622291 0.6097442595238095
2 0.6287699981424149 0.5339481678571428 0.6281562650154798 0.540699236904762 0.6278493981424148 0.5477571726190475 0.629997465634675 0.5572700428571429 0.63367986625387 0.5646348452380953 0.6385897349845201 0.5667829119047619 0.6484094712074303 0.5631005107142857 0.6585360743034055 0.5526670404761905 0.6668214767801857 0.5502121071428572 0.6668214767801857 0.5284245666666667 0.6496369380804954 0.5290383000000001 0.6410446687306501 0.5271971 0.6306111987616099 0.5262764988095238 0.6287699981424149 0.5339481678571428
7 0.38414664891640865 0.7664102261904762 0.3827343448916408 0.7701763702380953 0.38132204148606813 0.7758255857142857 0.3832051133126935 0.7847701761904762 0.3822635770897833 0.7932440000000001 0.3817928092879257 0.7988932154761904 0.3808512730650155 0.8021885904761905 0.37943896965944274 0.8073670380952381 0.3827343448916408 0.8120747178571428 0.39026663219814245 0.8134870214285714 0.3968573839009288 0.804071661904762 0.4020358309597523 0.7951270714285714 0.40627274303405575 0.7861824797619048 0.40768504643962844 0.7753548178571429 0.4039189027863777 0.7626440821428572 0.4020358309597523 0.7546410273809524 0.3987404557275542 0.7551117952380952 0.3945035436532508 0.7560533309523809 0.38414664891640865 0.7664102261904762
2 0.4218080854489164 0.6491890059523809 0.4251034606811146 0.6520136142857142 0.43216498018575855 0.6567212928571429 0.4359311238390093 0.6618997404761904 0.44063880309597525 0.6656658845238096 0.4425218749226006 0.6656658845238096 0.4448757145510836 0.6618997404761904 0.444404946749226 0.6473059345238096 0.4420511071207431 0.641656719047619 0.4359311238390093 0.6355367357142857 0.4293403721362229 0.6341244321428572 0.41945424520123836 0.6383613428571429 0.41757117337461297 0.6397736476190475 0.4142757981424149 0.641656719047619 0.41757117337461297 0.6449520940476191 0.4218080854489164 0.6491890059523809
2 0.3987404557275542 0.6425982547619048 0.4025065993808049 0.6440105583333334 0.40627274303405575 0.6449520940476191 0.4156881015479876 0.6435397904761905 0.4180419417956657 0.6407151833333333 0.41757117337461297 0.6364782714285714 0.4156881015479876 0.6317705916666666 0.40956811826625383 0.6270629119047619 0.4048604390092879 0.6242383047619048 0.3996819913312693 0.6232967690476191 0.39167893622291017 0.6237675369047619 0.38602972074303404 0.6270629119047619 0.3855589529411765 0.6322413595238096 0.38932509659442727 0.6360075035714285 0.3921497040247678 0.6345952 0.3945035436532508 0.637890575 0.3987404557275542 0.6425982547619048
