1 0.29443597345709804 0.5548672728083528 0.34154897810424245 0.5592322660660466 0.33549726420335446 0.6245439146355833 0.28838426320203325 0.6201789470956276
1 0.37842060939294697 0.5012652910769485 0.4072714155919357 0.5031386120623453 0.40301811820029343 0.5686376160015559 0.37416731300822903 0.5667643050334118
1 0.5979916869738418 0.5076654465065649 0.626155992857548 0.5049285802139301 0.6319732007868879 0.5647867086570783 0.6038088968831516 0.56752356149699
2 0.6035273312613754 0.5722216992454798 0.577538641108049 0.570267842950074 0.5815521602798981 0.5168895819893964 0.6075406215819612 0.5188434296690609
2 0.6215734978406999 0.5852257081935255 0.6531394861688113 0.5777992307157093 0.6644651458768749 0.6259333489754287 0.6328991691035526 0.6333597926938036
2 0.6870081219155963 0.6247771252004553 0.657475804100045 0.6258132342034127 0.6554230564660202 0.5673064084871567 0.6849550664081789 0.5662703048230917
11 0.7061482910501127 0.5873430277586665 0.7517837713020299 0.5889480842564524 0.7470984732639181 0.7221454936584516 0.7014629941845669 0.7205404584048126
2 0.3399368723827365 0.57182119770077 0.3835458924826298 0.5803863243379336 0.3749717610174912 0.6240365042859052 0.33136275093954737 0.6154714122289539
9 0.29581385518940806 0.6365665987090923 0.3038176295408448 0.6379956349762884 0.2882121036971057 0.7253873559067519 0.2802083328124354 0.7239583328124948
9 0.31354151011214526 0.6312499752022463 0.3231700209794326 0.6327700444787419 0.30754517435264006 0.7317283863424056 0.2979166671875646 0.7302083328125041
9 0.6139705875 0.3958333328125 0.6177083328124999 0.3958333328125 0.6177083328124999 0.5 0.6139705875 0.5
9 0.38511029375001726 0.38970588281249935 0.3906695301303671 0.3895595954258721 0.39250775796494963 0.4594125369241175 0.38694852161268045 0.4595588236499833