2 0.3338552140721731 0.48275815830239704 0.33144003277084266 0.5181799028116213 0.2965520286154515 0.5158011991492332 0.2989672969038111 0.4803795484517436
2 0.3173943349029287 0.4975121764251467 0.33875788133707374 0.4830929604385534 0.3670265294758792 0.5249726221077454 0.3456630291473175 0.5393917813521413
2 0.42761454028504886 0.5505121211292253 0.405524180221164 0.5692023744781775 0.37839325243817257 0.5371386506131738 0.40048351874997934 0.5184484624999897
11 0.28126149956278823 0.6676768175515865 0.23560561187764506 0.6634974965138446 0.24889475477709766 0.5183462302761783 0.29454947372607876 0.5225254982703958
2 0.5914298491104546 0.5816591917319618 0.6439143064976633 0.5624169557882174 0.6583192571855534 0.6017033908973092 0.605834837579323 0.6209455543833999
11 0.7634641010242831 0.6275840432358724 0.6932693858652783 0.6188106466998557 0.7056823585787697 0.5195108667330225 0.7758758500724525 0.5282841855025125
11 0.7226214914098819 0.43426675649869356 0.6834950957170349 0.4388696692152441 0.6691876793572646 0.3172547137145217 0.708313533307205 0.31265183314874
2 0.5844146353389306 0.5603880528527102 0.5625407693638635 0.5417564079382945 0.5888515630867914 0.5108698747193858 0.6107253418058463 0.5295014581756856
2 0.5930154663532221 0.5120385195726058 0.612945261388063 0.506857205827782 0.6201861585570896 0.5347068563911578 0.6002563680123103 0.539888158243102
2 0.6416735762602457 0.541327477372476 0.6152919076027956 0.5218471504044924 0.6521119654124732 0.47198689759270135 0.6784934604916089 0.49146713058811864
2 0.38233846691287 0.5849013226259299 0.37806538345785157 0.6019921084283483 0.33837037843909457 0.5920684074987227 0.34264350320836456 0.5749776842646003