0 0.645532503583695 0.5023605456385914 0.6563384110891093 0.5026526100016454 0.6556238793092461 0.5290870121474524 0.6448179718288429 0.5287949483908453
2 0.6753954526641337 0.588825759544407 0.6832115734031277 0.6012068095455745 0.6603156377333335 0.615659303512624 0.6524995519660024 0.6032782841942149
1 0.3786500542653357 0.5606649950078806 0.3367059882364174 0.5618708773731269 0.33480671589063604 0.49580555017311706 0.3767503311883047 0.4945996743377909
2 0.3388582080365268 0.6482306797344128 0.28988803335278135 0.6385835085373825 0.30569157454078777 0.5583738733260368 0.3546610359621809 0.5680209723069041
11 0.6249355124999738 0.3487169156249935 0.6915678065399788 0.3300199906623351 0.7281043239393057 0.4602232823320245 0.6614720907116407 0.47892005092807277
2 0.6732055237816894 0.5244242572913186 0.6867673596716486 0.5356468475772413 0.6713263576749569 0.554304710657942 0.6577645421280067 0.543082142648157
11 0.787709633282816 0.7754365801294264 0.7310578231125646 0.78184907728962 0.7137774771445038 0.6291992280802209 0.7704274885270479 0.6227868319921744
2 0.3684106501932547 0.6362963812373742 0.340268448826464 0.6192120043589298 0.3556543478742924 0.5938706612790201 0.38379642924735435 0.6109549909127413
11 0.25674331205993894 0.5719290508287506 0.3119012717198757 0.585946594189539 0.27877844080990144 0.71626658721475 0.22362054925019947 0.7022492276757941
9 0.3645833109281966 0.41458333164541056 0.3736824377895118 0.41506858677657577 0.3695157938421971 0.493193585333683 0.3604166671875646 0.4927083328125029
9 0.2958333328124354 0.6989583328124964 0.2904410671645792 0.6976104443514235 0.3060662022953693 0.6351104701004983 0.3114584004221115 0.6364583497127616
9 0.3281248559028427 0.642708288481319 0.3376957003166581 0.6456527380768025 0.3168625022379956 0.7133610952274626 0.30729166718754186 0.7104166671875048
9 0.34834558749992084 0.4246323531250021 0.3520921524367395 0.42447625610027345 0.3550072022929953 0.4944375091425329 0.35126063740449354 0.49459360539991043