1 0.6712348790703118 0.5286655080995929 0.726067986694261 0.5171228030300595 0.7436214135371984 0.6005018536595386 0.6887883320764558 0.6120444740655132
2 0.39880008476052353 0.5456000000000001 0.36879992276737994 0.5456000000000001 0.36880012752260427 0.4544 0.39879987003496353 0.4544
2 0.731074324778092 0.4585586244071205 0.742769874360306 0.4800768539662054 0.713272765608167 0.4961078855413769 0.7015772769190107 0.4745897083464956
2 0.6463846602656531 0.49959352025539777 0.6430833738855881 0.5330763349173541 0.6081426890215198 0.5296314926095638 0.611444057049539 0.4961487698575814
2 0.6758548003308533 0.5755026588692808 0.6415558215221608 0.58836352290954 0.6311465048856917 0.5606051357191928 0.6654453248793288 0.5477443046574729
2 0.3331196519848163 0.5672430967908799 0.3400708916168469 0.5456192930479132 0.3688790652697662 0.5548791456631683 0.36192789122412705 0.5765028936836506
2 0.301140499785447 0.5772939049792151 0.25996252760580774 0.5649416460883976 0.27494261547292353 0.5150086244411335 0.3161202579968858 0.5273608308985052
2 0.2935532811093253 0.4870578783763045 0.26624315043602564 0.49556957041623173 0.2515232102242635 0.4483429058845882 0.2788331627613161 0.43983124356153885
2 0.2973483817561373 0.47234203084667764 0.32070403126647307 0.4694227832310055 0.3253074523406667 0.5062501687750428 0.30195180440080094 0.5091694083333025
11 0.7312071284509329 0.5418145003431959 0.8068090938912746 0.5306266304787871 0.8231770482964293 0.6412220570043281 0.7475751079304018 0.652409815419655
11 0.19240729303101034 0.4524830626824098 0.2393914235020702 0.4461130239133065 0.26917584860223087 0.6657777860596101 0.22219174304052558 0.6721477037229088
9 0.3791666556855944 0.3645833325511062 0.3868568142298727 0.36475809940078335 0.38477349132324434 0.4564247658403829 0.3770833328125036 0.4562500000000003
9 0.7399623404982094 0.6562126623084998 0.7355138656307645 0.6576026408117398 0.7198843412664928 0.6075881920602919 0.7243327743401551 0.6061982205771246