1 0.61039375 0.47874531249999996 0.6599859375 0.47874531249999996 0.6599859375 0.5470390625 0.61039375 0.5470390625
2 0.6633741502350858 0.5263206544289157 0.6374567147126982 0.480706872773552 0.6878063004523938 0.4521006944782672 0.7137237400289678 0.4977142797230924
11 0.28638978751223476 0.49986954680697504 0.3359060874348643 0.5273760013696098 0.28004436058370175 0.6279268892714841 0.230528252295926 0.6004207050527791
2 0.3161725614124862 0.5310972445933837 0.3400678118126734 0.5239293366143473 0.3570369641323623 0.5804932875951901 0.33314172929647157 0.5876611597000729
2 0.3577200984374258 0.5563178328125068 0.38792647939339986 0.5496059979534116 0.3978754073697246 0.5943764119055435 0.3676690352026526 0.6010882198054329
2 0.391481735905586 0.5213767378712072 0.36840321614363347 0.5428620052678361 0.3354604474803864 0.507479088092026 0.3585388727318559 0.48599390094512107
11 0.3187288319209074 0.4238172831961927 0.27453816132936026 0.4118933002329886 0.30792313366271173 0.2881740551648068 0.35211322010013646 0.300097954656234
11 0.6515033650152873 0.31308417284339657 0.6956842150389093 0.30032137176334756 0.731135840851266 0.42303928482800346 0.6869550283514627 0.4358019946894209
2 0.6186783584869318 0.6130354099871399 0.5941964861079896 0.5870261598030468 0.6247002473315888 0.5583168090898047 0.6491820356010294 0.5843259614735975
2 0.6411974327792223 0.5608727287741413 0.6691405355566076 0.5267234626623877 0.692919832475809 0.5461794646309628 0.6649768251378418 0.5803286420172801
11 0.7758578044866908 0.6064297239983298 0.7177936013628141 0.634422234948544 0.6671526575215694 0.5293883241367385 0.7252158773711699 0.5013960923749123
9 0.634331057377949 0.4681994374544329 0.6263733243083607 0.4687932663943428 0.6173649410234248 0.34808025544575993 0.6253225522796129 0.3474864311327407
9 0.648048596515423 0.3854169244314634 0.6553672829351171 0.3864333502853835 0.6450139979117466 0.4609773584099813 0.6376953125 0.45996093750000083