2 0.4552 0.6208 0.4624 0.628 0.46480000000000005 0.6304 0.4684 0.6312 0.4712 0.6176 0.4712 0.6008 0.472 0.5824 0.472 0.5656 0.466 0.5552 0.45999999999999996 0.5552 0.4568 0.5599999999999999 0.454 0.5776 0.45239999999999997 0.592 0.4512 0.608 0.4552 0.6208
2 0.5372 0.6224000000000001 0.5452 0.6184000000000001 0.5488 0.6127999999999999 0.5492 0.6024 0.5488 0.584 0.5472 0.5664 0.5428 0.5568 0.5336 0.552 0.5284 0.5584 0.5268 0.5736 0.526 0.5912000000000001 0.526 0.6088 0.53 0.6208 0.5372 0.6224000000000001
2 0.3222761077399381 0.5388053678571428 0.31842538204334364 0.5420636738095238 0.3204988495356037 0.5485802869047619 0.32375715603715166 0.5533196404761905 0.3270154625386997 0.559540044047619 0.32790409102167184 0.5616135107142858 0.3335320749226006 0.5633907690476191 0.340641106501548 0.5663528654761905 0.343899413003096 0.5663528654761905 0.3486387671826625 0.566056655952381 0.35248949287925696 0.5633907690476191 0.34952739628482976 0.5479878666666667 0.343899413003096 0.5385091583333333 0.34004868730650156 0.5346584321428571 0.3382714291021672 0.5346584321428571 0.33027376842105266 0.5346584321428571 0.3240533659442724 0.5355470619047619 0.3222761077399381 0.5388053678571428
2 0.31220497956656346 0.6264834261904763 0.31990643034055727 0.6258910071428571 0.3258306235294118 0.6211516523809524 0.33382828421052635 0.6178933464285714 0.34034489659442724 0.6161160880952381 0.34478804148606806 0.6107843142857142 0.34152973560371513 0.6033790726190476 0.3347169133126935 0.5947889928571428 0.3249419944272446 0.5950852023809524 0.31694433374613 0.5939003642857142 0.30835425386996906 0.5924193154761905 0.303022479876161 0.5947889928571428 0.2994679640866873 0.6024904440476191 0.30006038328173373 0.6075260083333334 0.3018376414860681 0.6155236690476191 0.30687320557275544 0.621447861904762 0.30983530216718264 0.6261872166666667 0.31220497956656346 0.6264834261904763
11 0.23222837151702785 0.65788165 0.23282079133126937 0.66706415 0.23459804891640867 0.6715072940476191 0.2411146613003096 0.6744693904761905 0.2529630476780186 0.6759504392857143 0.2624417566563467 0.6800973738095238 0.2677735306501548 0.6830594714285714 0.2731053046439628 0.6889836642857142 0.28821199690402477 0.6955002761904762 0.2985793349845201 0.6928343892857144 0.29561723839009285 0.6451446345238095 0.2923589325077399 0.614338830952381 0.29176651269349846 0.6093032666666667 0.2888044160990712 0.6072297988095239 0.28791578761609904 0.6072297988095239 0.27784465882352943 0.6095994761904763 0.26895836904024767 0.6104881047619048 0.26451522414860684 0.6113767333333333 0.25740619256965946 0.614338830952381 0.2508895801857585 0.6155236690476191 0.24229950030959752 0.6184857654761905 0.24052224210526316 0.6235213297619048 0.22689659814241483 0.6297417321428572 0.2298586947368421 0.6561043916666667 0.23222837151702785 0.65788165
2 0.6851329386996905 0.5853102833333333 0.6809860030959752 0.5859027035714286 0.6735807622291021 0.5873837511904763 0.6658793108359133 0.5906420571428571 0.6566968111455109 0.5968624607142857 0.6534385052631579 0.6045639119047619 0.6564006018575852 0.6093032666666667 0.664102052631579 0.6134502011904762 0.6732845523219815 0.6119691535714286 0.6792087455108359 0.6104881047619048 0.685429147987616 0.6066373797619048 0.6901685027863776 0.5977510892857143 0.690760921981424 0.592715525 0.6904647126934985 0.5876799607142857 0.6860215678018575 0.5853102833333333 0.6851329386996905 0.5853102833333333
11 0.7011870160990712 0.6097121821428572 0.7011870160990712 0.6151142392857143 0.7044282501547988 0.623037255952381 0.7091100328173374 0.6374427416666667 0.7055086619195047 0.647886719047619 0.702267427244582 0.6572502845238095 0.7119911300309597 0.6579705583333334 0.7285574390092878 0.6468063071428573 0.7422426501547988 0.6298798619047619 0.7512460786377708 0.6183554726190476 0.7624103300309597 0.6082716333333333 0.7710536216718266 0.5942262845238095 0.7706934842105263 0.5686565476190476 0.7667319758513932 0.5603733928571428 0.7645711529411765 0.5571321595238096 0.7616900557275541 0.5502895535714286 0.7570082730650155 0.547408455952381 0.7512460786377708 0.5477685928571429 0.7465642959752322 0.5495692785714286 0.7386412786377708 0.5556916107142857 0.73107839876161 0.5585727071428571 0.7206344216718267 0.5600132559523809 0.7148722272445821 0.5592929821428572 0.702267427244582 0.5636146273809524 0.6975856445820433 0.5672159988095238 0.6932639987616099 0.5744187416666667 0.6932639987616099 0.5776599761904762 0.694704547368421 0.5845025821428571 0.6965052328173374 0.591705325 0.6993863300309598 0.5967472452380953 0.7019072904024767 0.6053905357142857 0.7011870160990712 0.6097121821428572
2 0.6478867188854489 0.5452476333333334 0.6460860334365325 0.5488490047619048 0.6482468557275541 0.5553314738095237 0.6572502848297214 0.559653119047619 0.6658935758513932 0.5592929821428572 0.6727361814241487 0.5542510619047619 0.6774179647058823 0.5445273595238095 0.6784983758513933 0.5326428333333334 0.6763375529411765 0.5247198166666667 0.6712956328173374 0.5225589928571428 0.6612117931888546 0.5243596785714286 0.6536489133126935 0.5304820107142857 0.6482468557275541 0.5369644785714286 0.6478867188854489 0.5452476333333334
24 0.5496009597523219 0.6417512559523809 0.5058582544891641 0.6490472857142857 0.4683644959752322 0.6480050130952381 0.44545158575851396 0.664681619047619 0.46419850464396284 0.6959502845238096 0.534114559752322 0.6799479178571428 0.5496009597523219 0.6417512559523809
24 0.5641818879256966 0.5573259523809524 0.5454349690402477 0.5667064892857143 0.5214806606811145 0.5729602857142857 0.4548250452012384 0.5729602857142857 0.42878770154798757 0.5802562357142858 0.43920263900928797 0.6042289511904761 0.5037752191950464 0.6063134583333334 0.5464765263157895 0.6073557309523809 0.5679687263157894 0.5927083345238096 0.5641818879256966 0.5573259523809524
