1 0.4399163933424006 0.5502926938582097 0.39695238626427454 0.6162162309763237 0.3071588948412227 0.5577005313445939 0.35012279313207273 0.49177759741032717
1 0.43825849205836676 0.6124119056213507 0.4108665472034545 0.6112504422680719 0.4139159967556907 0.5393439305888015 0.44130759648055573 0.5405053866185244
1 0.6632209499175588 0.4600581193687209 0.6814594051019185 0.5311658071441511 0.6264244482616732 0.5452803420128656 0.6081863519455055 0.47417296261465586
1 0.6294054675411189 0.6008697013699096 0.5802136891024929 0.6003687993764705 0.5813069509764546 0.49305583617554877 0.6304978550410851 0.4935567337344551
0 0.6089120301521689 0.4519587246036842 0.6001653269132703 0.432279738265391 0.6330419356344237 0.41766794038435606 0.6417886522316394 0.4373468794650649
0 0.35035868210854915 0.4438659472697081 0.37402237226137913 0.4372931111319909 0.3821103738275724 0.46640994805334085 0.35844668914694466 0.4729827704451205
11 0.2963110064894181 0.5825172293252371 0.24486079054827314 0.588602251213976 0.22906560825572342 0.45505805542075023 0.2805147306703475 0.4489730993413235
3 0.33926538091452585 0.572601999650118 0.35661500478840935 0.5755478114822958 0.34197406086423143 0.6617672019541998 0.3246244429675471 0.6588214144164521
3 0.38710436876590393 0.6819480137517017 0.37536643641874434 0.6804390380216134 0.3847892685851093 0.6071514374965972 0.39652703277079127 0.6086604022853467
3 0.6072231347637853 0.5965113285615462 0.6241284157514428 0.5934554093543226 0.6414438562796931 0.6892323960054756 0.6245385830256964 0.692288285997767
9 0.676757924987669 0.6279296486447575 0.672617664151403 0.6293597686021075 0.653947868176715 0.5753158661929999 0.6580880896644885 0.5738857536136446
9 0.6689453125 0.5390625000000202 0.671444670217852 0.5378764853031024 0.6987882825533234 0.5954937426978933 0.6962889289767418 0.5966797508602532
9 0.4208983889072897 0.6123046829652805 0.4242416777562994 0.6126166820730361 0.4174057885354614 0.685858871839223 0.4140625 0.6855468750000009