1 0.46224941295724875 0.537113136337854 0.4855331246660626 0.5393855971369056 0.47889167970572544 0.6074274485440747 0.45560796996335284 0.6051550013001749
1 0.4806390625 0.5358890625 0.5040765625 0.5358890625 0.5040765625 0.6160281249999999 0.4806390625 0.6160281249999999
1 0.5275141474211296 0.614634375 0.5040764621061271 0.614634375 0.5040766419122065 0.5310109375 0.5275139830613398 0.5310109375
1 0.5275140625 0.5358890625 0.5499328125 0.5358890625 0.5499328125 0.60975625 0.5275140625 0.60975625
0 0.6927526109375 0.44703064374999996 0.7151713609375 0.44703064374999996 0.7151713609375 0.50626501875 0.6927526109375 0.50626501875
0 0.6356600694620056 0.5717597516604042 0.622195043231045 0.5738484170692864 0.6150903927101581 0.5280507960365776 0.6285553167515445 0.5259621386738369
0 0.6218276244234175 0.5721849941019392 0.6002089301308615 0.5740440042546066 0.5964886703239927 0.5307837451574619 0.618107206887089 0.5289247418497925
0 0.28452584477497567 0.48862867556206513 0.2733117328049275 0.48763670976084333 0.27502975052425427 0.46821619490572286 0.2862438308811761 0.4692081593023179
2 0.3595101001887997 0.6270233277765539 0.399905675874038 0.6216887370803925 0.40526441278234415 0.6622621329976323 0.3648688412079082 0.6675967022863535
2 0.3994580276595343 0.6306333614452114 0.4206839535892186 0.6288647650149061 0.42390411244082316 0.6675068482388925 0.40267818736435856 0.6692754379018763
11 0.3171250276216142 0.7187944906598112 0.25633296488933865 0.7300028626614964 0.23874334554386678 0.6346110628897611 0.29953422218079595 0.6234028031399415
0 0.4064534126005128 0.5674419453125001 0.39991146287025003 0.5674419453125001 0.3999114724641686 0.550376021875 0.40645340312505596 0.550376021875
0 0.4083944977497822 0.5531014040035295 0.41551911441922584 0.5518731390980528 0.4182107120425371 0.5674844174279822 0.4110860957970317 0.5687126806744232
11 0.6990841555111729 0.6086108707231471 0.7564545419372735 0.6141744733691447 0.7478193259070167 0.7032071674974715 0.6904489470100543 0.6976436145978563
2 0.6268585363678767 0.650605903965669 0.6078966861024355 0.6320585068852235 0.6320550717809965 0.6073633670701992 0.6510168570739552 0.6259107023712966