1 0.49658389965077276 0.6370289791947064 0.4452795197502155 0.638210739055122 0.4431030342406075 0.5437115434713888 0.49440654396266837 0.5425297936241245
1 0.5599668565662341 0.7497760006113491 0.4586664590623286 0.7530425485780494 0.4555281329058971 0.6557027723216097 0.5568264285802798 0.6524362581798943
1 0.5935725475251274 0.6342982431401925 0.6514292051862185 0.6038019205726733 0.6738492568772472 0.6463314404310821 0.6159926976945371 0.6768276196286764
1 0.6864620337690894 0.5953551043529923 0.6342878461720147 0.6113953803088611 0.6163653988503484 0.5531042516328275 0.6685390625000309 0.5370640625000037
2 0.2428828085069199 0.4637122923072086 0.274366334797719 0.44868715710587165 0.30038339331917996 0.5031993488520561 0.26889990963195487 0.5182244173019165
2 0.33361194910537506 0.5511992485424273 0.3259689113602917 0.5724281464500229 0.2814842997853475 0.5564137347843847 0.28912737643122455 0.5351849212526412
2 0.2881099368418063 0.5820637799528412 0.3057754364626817 0.5604749668013331 0.34192348192198097 0.5900508365091442 0.32425807908271054 0.6116395595693258
11 0.217558230876989 0.5369431441019854 0.2841872055730619 0.5335637676769018 0.29029875990920573 0.6540489998685389 0.22366978818968164 0.6574283393444893
2 0.39427777011121634 0.6227317952348049 0.3728301638409448 0.6486917795938418 0.3364007552345356 0.6185979845758645 0.3578482937248282 0.5926381165554376
2 0.6686257159907427 0.61674867439857 0.6531078800576324 0.6054193781510621 0.6794311802417496 0.5693680907030364 0.6949489297762739 0.5806973411532986
11 0.6920434284951398 0.5443847943592951 0.7493358595808104 0.5330439895415985 0.7820134474903853 0.6981096534045657 0.7247210717656571 0.7094502791510726
9 0.4589843861837153 0.5517578125 0.4492187467177473 0.5517578125 0.44921881236086847 0.4736328125 0.4589843302653662 0.4736328125
9 0.478515625 0.5380859443570123 0.4785156903368488 0.478515613530822 0.48730471201497494 0.4785156480448699 0.4873046875 0.538085937499989
9 0.6436256558594096 0.5126429054662404 0.6384165350837065 0.5141050050460688 0.62580910897168 0.46919095401252203 0.6310181952655967 0.46772885957643057
9 0.6445312714073452 0.5117187491437647 0.6402022326691394 0.5118918986935449 0.6371493251579068 0.43556871309984646 0.6414783165147355 0.4353955644951529
9 0.6507488574823128 0.45121077194101733 0.654200503062043 0.45112659168845254 0.6557953926477467 0.5165173827246542 0.6523437470833642 0.5166015625711322