11 0.2879709146517371 0.6240974954912223 0.2175055843863447 0.6324374663510239 0.20530985609559593 0.5293994795977711 0.2757739186803292 0.5210595843925592
2 0.3076960150852983 0.5600281962911979 0.2769571619803628 0.5359981131126043 0.29934101993467266 0.5073677047951356 0.3300797543100771 0.531397716845761
2 0.3798149379207416 0.5548949353710888 0.36717959582972526 0.5792276025066627 0.3265710244604634 0.5581424902053819 0.33920637876440196 0.5338099174805603
2 0.3762006125480184 0.5896419694844721 0.3789946657153678 0.5609434460224776 0.4130349896690859 0.5642572411722419 0.41024102990979827 0.592955678204268
2 0.5836314343749791 0.6058360734374638 0.5701573422204547 0.594407463384883 0.6004931275831495 0.5586459755040952 0.6139671518955083 0.5700745381521735
2 0.6601970923895806 0.597766445923912 0.624875441500194 0.6043372622743518 0.6161948479295916 0.5576783469108695 0.651516212237425 0.5511075578461135
2 0.6750680182948372 0.550093448412526 0.6717240443028913 0.5294230614304746 0.7140663911835645 0.522573646708255 0.7174104231361298 0.5432439611477401
2 0.6710407453058451 0.4679551336348318 0.6982179380037223 0.4765606139420495 0.6847831041263817 0.5189864030706345 0.6576059244317776 0.5103809515048648
2 0.6513071215064201 0.5079252277227454 0.648905757213015 0.5346819713310674 0.6155259656977705 0.5316863670952231 0.6179273937329981 0.5049296942626618
2 0.3915029540140722 0.5244969535811829 0.3616245187237155 0.5305734471817034 0.3553542096658475 0.499744225424514 0.3852325031133432 0.49366774668344
2 0.3527661874798014 0.5061679643668017 0.3221240158659384 0.5124985529407675 0.31022194730894626 0.45489216498218604 0.3408638617905808 0.4485616039342443