1 0.606496827789897 0.6738551074432534 0.5778227211131934 0.672113775617938 0.5805234375252439 0.6276498612441347 0.6091972929446001 0.6293911854438148
2 0.35738402812694403 0.5244221228595315 0.3438822326340869 0.5449232218886003 0.3191586171601557 0.5286418500202454 0.33266040364389937 0.5081407995306011
11 0.2876910498603138 0.7093204063426578 0.24185297431108665 0.7057155794621174 0.25494536225585307 0.5392657166805107 0.3007820746061043 0.5428704919308153
2 0.6464451988975952 0.6015942619463808 0.6556770402606844 0.6263713685635655 0.6207254140201712 0.6393925548898771 0.6114936757295482 0.6146155356716984
7 0.6890966114809771 0.7440880007352492 0.6954913768278175 0.7920378104960311 0.6488699516977476 0.7982539802420663 0.6424754790753013 0.7503044338302735
2 0.660250266436492 0.6102754510362653 0.6529562730055432 0.5819127122976657 0.6843267567242037 0.5738460733458584 0.6916208037681599 0.6022087293736857
11 0.6967888924385761 0.5630539835638139 0.7409274130239965 0.5569666145744662 0.7642783795962487 0.7262613366247179 0.7201398802299082 0.7323486058046372
2 0.6807091520666972 0.4972083573652002 0.7060196279445563 0.5045088506149089 0.694759749021955 0.5435431421094048 0.6694492828930834 0.5362426723733779
3 0.6167219214885336 0.7702901656087002 0.5997159705198101 0.772188455716642 0.5908439858991414 0.6927199895893476 0.6078496388994381 0.6908217161842866
7 0.62214616875 0.7545195812500001 0.637398909375 0.7545195812500001 0.637398909375 0.77790821875 0.62214616875 0.77790821875
7 0.473050982913378 0.7763418693706214 0.45688394495493867 0.7750989654686469 0.45946017608002876 0.7415954581553554 0.4756270885844742 0.7428383572032909
7 0.5379252106166632 0.4567109141592436 0.5170665594724824 0.4538493001825956 0.5216377404442483 0.4205317857211594 0.5424962987577828 0.42339339322027225
7 0.6113900011832811 0.42369692692849414 0.6141942764231771 0.43817897414563184 0.6011470964731416 0.440705248807954 0.5983428356503282 0.4262232142571965