1 0.35529841459549516 0.4432062427303369 0.4014509090118281 0.4578545737443641 0.38043698186208985 0.5240584486358787 0.3342845215088346 0.509410193016846
2 0.6472906282050417 0.43465178831461543 0.6895255876946749 0.42847794356089053 0.7015092467311206 0.5104522357190159 0.6592742950969068 0.5166260436369458
2 0.4144016547564888 0.5310109375 0.38552960202412123 0.5310109375 0.385529788511235 0.4473875 0.41440147903358593 0.4473875
2 0.4136794264038599 0.44223805012863854 0.44633406563741573 0.4443134363340083 0.44079691757292494 0.5314302537139147 0.40814227961323013 0.5293548809381
2 0.34749942974326586 0.5085186217856281 0.3077684349051424 0.5054186012401605 0.3148809797199874 0.4142714196909181 0.35461144896510177 0.41737141918841913
2 0.34375 0.5735187500000511 0.34029106590708125 0.5327751066072995 0.39071886314945914 0.5284944039853388 0.3941779534225134 0.5692378745879023
2 0.6579483522384635 0.45923265965593435 0.6579485711458801 0.5261328472113268 0.60937498471867 0.5261327899085076 0.609375009598125 0.4592328455757999
2 0.5485974498049018 0.5296356235110273 0.522198352453529 0.5276551655860753 0.5268643728031748 0.46546486328896913 0.5532632206269454 0.46744531178734383
1 0.4834669905079636 0.43570790596887765 0.5039472963633216 0.43513722768348917 0.5065176037509218 0.5273733394283829 0.48603729805586227 0.5279440138609851
2 0.4640139690528713 0.45341430144774597 0.4870677407046742 0.45394839254743014 0.4853727960263541 0.5271046367112007 0.46231902446129425 0.5265705485351525
11 0.30762214252035847 0.6777744764995954 0.24478967276604635 0.6754759940001048 0.24892887370413064 0.5623561687250086 0.3117600246907841 0.5646546273634875
11 0.2698220648342158 0.27695093387590847 0.3125115042602147 0.2654136750411763 0.34971225902108927 0.40305720209838103 0.3070228519234206 0.4145943756915087
11 0.8227499090257879 0.6514552485188162 0.7580372130789783 0.6949847447116844 0.6768508740029802 0.574302435630684 0.7415623141561127 0.5307735163634805
1 0.6592516874643479 0.5862469874424319 0.6409596077073729 0.5396894476108393 0.7051891220229436 0.5144564750829425 0.7234813086035956 0.5610137467014318
2 0.6528953136428299 0.5457694059913017 0.6608079793936668 0.5761992354447341 0.6161448066660569 0.587811692751603 0.6082322817239856 0.5573819843038378
2 0.6291649333496707 0.5785036400246619 0.6073993934203372 0.6051033952055871 0.5735681423507231 0.5774233394469799 0.5953336251482142 0.5508236863860808
11 0.7017537960587106 0.41097660414171605 0.6523700915674908 0.4004698608571331 0.6742513208040464 0.2976296629047576 0.7236344726335346 0.30813634461341743
9 0.36523439966242677 0.43945312499999994 0.3602430475377787 0.43945312499999994 0.3602430701449748 0.36230468750000006 0.365234375 0.36230468750000006
9 0.37304686944389687 0.34179687453701135 0.377734370967687 0.34218748317108477 0.3696794000917407 0.4388469634984105 0.36499189884114003 0.4384563571216894
9 0.37988278070281467 0.3574218729705012 0.38211770358816466 0.35756452017672663 0.37625836030895243 0.4493613964024979 0.3740234375 0.449218749999997
9 0.4929298789116956 0.434534962808157 0.49042438442597813 0.43465426638226146 0.4864717461434793 0.35164866316911164 0.488977215908335 0.3515293601819036