1 0.2924211602498872 0.5674360798949526 0.32861800364923965 0.545627496465587 0.36149146352647676 0.6001838495908008 0.3252947136699049 0.6219923093022738
2 0.32916313735267977 0.5243369836011581 0.31142942826863873 0.5398831293475191 0.2882876409930759 0.5134870758333506 0.30602129255066757 0.4979409730430868
2 0.36363906931933343 0.5017911936725729 0.36853515487678123 0.5389978822877396 0.3377986683799463 0.5430421142038283 0.33290268420375924 0.5058355170878401
2 0.6700897878990872 0.5169428742770152 0.6556704444129764 0.5431578270937951 0.6280388650682198 0.5279604798472878 0.6424582127708618 0.5017455924293843
2 0.6793545682702415 0.4834035807645613 0.7073952411436721 0.4897348693184816 0.6982285506654762 0.5303301334791718 0.6701878843612121 0.5239988652052501
2 0.6902629354975716 0.5592793969365363 0.7007763016375748 0.5811283243561304 0.668572118277666 0.5966227968472931 0.6580588326096404 0.5747739379803564
2 0.6155256003956993 0.6386591148771344 0.5927458746068623 0.6169496528494749 0.6360691864085766 0.5714958208198436 0.658848771007456 0.5932051563229706
2 0.37606108660258997 0.6234727223949451 0.34611130105724897 0.5958297952487013 0.36676228511294084 0.5734579951898744 0.39671197849179407 0.6011008454818535
11 0.22199642474322445 0.6421576051485707 0.20530414280983678 0.550356694529979 0.2858108612297201 0.5357195779806702 0.30250365975120985 0.6275198183362354
0 0.28122795161709746 0.6277467618649607 0.2590685570506821 0.604509028911864 0.28166192468813733 0.5829665549614255 0.3038212600472434 0.606204221216782
11 0.7825449748856954 0.6615707692382459 0.7295813275462706 0.6769890063047688 0.6862456762846705 0.5281391831151154 0.7392079448659388 0.5127211577151047
9 0.31355168306890846 0.7344747359904256 0.310405429208231 0.7343200235869445 0.3152131871563597 0.6365640392680338 0.31835937689447746 0.6367187500931596
9 0.30642361587115374 0.7317708332414516 0.29986835928309574 0.7312008936395403 0.30827866113111213 0.6344834791265469 0.3148337854796637 0.6350534129311677