1 0.33738210192962015 0.5289343428222527 0.3514235673794701 0.46052777688178576 0.4017215355120243 0.47085150153116445 0.38768037757040474 0.539257796627298
1 0.40996029158668534 0.5583110413004114 0.38372821947950797 0.6111549328748677 0.3254620851587333 0.5822338380991317 0.3516942099333846 0.5293902455918751
1 0.6440173956024182 0.4708784747973229 0.6613127040712925 0.5289280491470398 0.6105240870792841 0.5440586042651507 0.5932290586190447 0.48600927005045397
1 0.5989162624458686 0.5482847574933437 0.647805941456113 0.5396257944355934 0.6573242860048367 0.5933624910885771 0.608434618030401 0.6020214129851472
2 0.3074626796875 0.47345698281250004 0.3380312234375 0.47345698281250004 0.3380312234375 0.5029591812499999 0.3074626796875 0.5029591812499999
2 0.31184593634475277 0.5064825900313071 0.3338229933940511 0.4972298765727809 0.3514530339967905 0.5391013744307004 0.32947599607780376 0.5483540544076341
11 0.30746298508699965 0.621323428125 0.2744057366836614 0.621323428125 0.2744060740335499 0.4944284250000001 0.30746262044681316 0.4944284250000001
2 0.6035350844344975 0.5390312899047717 0.5795804056932639 0.5383054505645738 0.5804299483187378 0.5102723252690614 0.6043845200216538 0.510998162989134
2 0.6853848473916742 0.4897776491503109 0.6932318831064777 0.5109628881410281 0.655804396986241 0.5248248793963082 0.6479574380465465 0.5036397053466181
2 0.6801049110118811 0.5178341693154562 0.6943625501978659 0.5380931862561706 0.6570393687961769 0.5643575867174044 0.6427818143775994 0.5440986456981473
11 0.6906687581752067 0.5173178466677606 0.7352634790548791 0.5123853218432544 0.7497049748451445 0.6429377290290604 0.7051102636102087 0.6478701970394416
9 0.3515625 0.39453125000000333 0.35904648528094185 0.3938988375080618 0.36490583412364686 0.4632347800646051 0.35742184920673026 0.46386718967957463
9 0.3750000554420012 0.4599609331800701 0.3673228911394517 0.4605591227068019 0.3614635349550781 0.38536381161967476 0.369140625 0.3847656250000027
9 0.3333634165177273 0.6404592290563735 0.3306370301379502 0.6387998785122803 0.3551899465663837 0.5984631249596316 0.3579163143480173 0.6001224681509577
9 0.36255324530202415 0.6000029003381079 0.36734269532325925 0.6007663400015624 0.35635194880103427 0.6697087470299378 0.3515625 0.6689453124999918
9 0.6416016082860097 0.6855468717760412 0.6390695674175504 0.6857251621142348 0.6341867439252837 0.6163892266081513 0.63671875 0.6162109374999978
9 0.6439966997558031 0.6119225845139737 0.6486687656700951 0.6100846314102057 0.6726406755100243 0.6710136738137106 0.6679686160281335 0.6728516152031814
9 0.626953125 0.3818359375 0.6298828125 0.3818359375 0.6298828125 0.453125 0.626953125 0.453125