2 0.7057983602190916 0.43023277791141074 0.7057984976570424 0.508720380443192 0.6640733943552277 0.5087202874975406 0.664073491961517 0.43023292163380333
1 0.6701469032776686 0.5235586862087013 0.6207204642473698 0.5291086887464902 0.6132519517545916 0.4625996505784886 0.6626778950499101 0.4570496762706616
2 0.28876689295202596 0.4623669865898726 0.32725663016640283 0.481973530985026 0.3095955213017305 0.5166416131955255 0.2711058219823599 0.49703512557140317
2 0.37189660638739497 0.49172912676550445 0.36608207282699823 0.5382429659189056 0.3159426779440082 0.5319755094942085 0.3217573672573053 0.4854618513606264
11 0.3032296048945682 0.6245760865159442 0.23069967597973573 0.6487503198628141 0.19796548904605515 0.5505462468111177 0.2704942081769559 0.5263722290639103
2 0.29470560801041756 0.5394944028407561 0.3296873223765715 0.5412433183726005 0.32730208167856745 0.5889482218911231 0.29232036778887505 0.5871993135503659
2 0.3953765872557824 0.5903403863468706 0.3774792990568585 0.626131484660093 0.3265697001876333 0.6006767611447158 0.3444670197278583 0.564885846963242
2 0.5121461485855434 0.5041596278212037 0.5432509522834152 0.4971616422785405 0.5531536851906367 0.541173973729376 0.5220488897775795 0.5481719341349556
2 0.6157944003908824 0.5657749558969182 0.6240413380012342 0.5911473205192803 0.5967329881647174 0.6000225272673289 0.5884861265753898 0.5746502272915159
2 0.6240756236060179 0.582059028449902 0.6138459093886013 0.554295108786966 0.6534577994713118 0.5397013406224381 0.6636875581027653 0.567465160546059
2 0.7038694703697956 0.5172212554882926 0.7172743716345167 0.5460906442773091 0.6791128278998713 0.5638084396728336 0.6657080434274576 0.5349391500031864
11 0.77428320210322 0.6258209729371452 0.7228674521818448 0.6321161762647312 0.7066560131678443 0.49971812006172805 0.7580705961580634 0.49342298912302546