1 0.46001343489024293 0.5216756886714453 0.48275633548473706 0.5222580288410352 0.48093422456815915 0.5934128037187273 0.458191324103268 0.5928304670675767
1 0.688774319690765 0.580007513438874 0.7054015056087337 0.6124208796624718 0.6534330903382397 0.6390760465117825 0.6368061099869919 0.6066628561396353
1 0.7049009170685849 0.5659292658576718 0.6647024984981726 0.5629205436118541 0.6694763366826919 0.49914742972064086 0.7096743360077653 0.5021561361139439
1 0.6267301742141171 0.5158392957636656 0.639343140104188 0.5883760535759341 0.6047481242736694 0.5943908281552366 0.5921354017812064 0.5218542861883184
2 0.6073449343749644 0.6580104562499964 0.5910587457590282 0.6271262738837727 0.6412509960078978 0.6006614449395611 0.6575372054309128 0.6315454629509085
2 0.584043420246644 0.6313861250495383 0.6042334222861427 0.6228452788430795 0.6188560558036897 0.6574079576231855 0.5986660719469228 0.6659487724244576
2 0.5692799166729401 0.6276167368802631 0.5860962295743093 0.640227370958669 0.5626005227602491 0.6715549176251424 0.5457842522476994 0.6589443323149718
2 0.422283039163176 0.6760384397234792 0.39641183444416583 0.6670638840768092 0.4091771849316501 0.630269932926741 0.43504820743817163 0.6392444541903464
2 0.44486272899905543 0.6629748898964946 0.4262704938037132 0.6595949196751992 0.4305377959294674 0.6361250084452607 0.4491299454507498 0.6395049706821024
2 0.4148030053530647 0.6387445950352386 0.3965245617464461 0.6625037521187886 0.35011683905258906 0.6268054829736337 0.3683952224097311 0.6030464602905145
2 0.3541929622376756 0.605425107035435 0.3422712328360831 0.6313096707028925 0.29936669473840993 0.6115511115960003 0.3112884527942015 0.5856666614292185
7 0.2878808848289509 0.6718901801651486 0.3044945612388119 0.6968067435676749 0.25590456172199083 0.72920011950193 0.23929106035495806 0.7042837114319742
11 0.2656794048842812 0.5712087586163481 0.3156521472045597 0.5896748776453433 0.270999190377438 0.7104991664765301 0.22102656452864267 0.6920332795121592
2 0.6652006879106693 0.5185324056745779 0.6840478017509213 0.5481792734825718 0.642327984537701 0.5746988260093104 0.6234810095091916 0.5450520802713787
2 0.5733476933114616 0.5355785114344148 0.5973652417369522 0.5319633045096106 0.6048946770482644 0.5819803108098851 0.5808771321554786 0.5855955021702398
2 0.410780862581305 0.5423315537569856 0.4372806450679718 0.5455210350016991 0.4332331294924643 0.5791465968556674 0.4067333486229927 0.5759571248482728
2 0.4078274597078462 0.5752130735876884 0.3802779966580374 0.5721523066501296 0.38417814723993615 0.5370518043159674 0.4117274479314119 0.540112562185183
2 0.37887210062945087 0.5318186112867174 0.38888889377437863 0.5652043722362337 0.34408124959941233 0.5786466654934571 0.33406461100730667 0.5452610363279001
2 0.3393179689439876 0.5545506950887582 0.3178776837054329 0.5682712671012743 0.2872082104352103 0.520350085087611 0.3086483467743619 0.5066295766131622
9 0.4749338590576144 0.536134476481043 0.46877872961158573 0.5361641965400187 0.46823545617473883 0.4236492666088075 0.47439048300736886 0.42361954679978314
9 0.6750524136490412 0.42129514788817835 0.6806746477814158 0.4210741032362435 0.6832699015624257 0.48707992343750106 0.677647667491442 0.4873009670748424
9 0.6919909206615102 0.48367488948079895 0.6875590649041214 0.4839403964537611 0.6840936981898267 0.42609979687792626 0.688525518391657 0.42583429097421
9 0.6847390427815299 0.7116901069329222 0.6774796798830494 0.7128211028261727 0.6683477219659153 0.6542153164429194 0.6756069968859038 0.6530843275287531
9 0.7052729271831595 0.7036738442768582 0.6983643159243229 0.7058437846624119 0.6812529490948691 0.651372563470962 0.688161484374973 0.6492026359375087
7 0.36416934481019325 0.7361919507514676 0.3824364075499034 0.745469855034214 0.3649156391412589 0.7799600560928925 0.3466486040078962 0.770682193328324
7 0.6196372603178588 0.7924352252484828 0.6003072974415318 0.7933054357232061 0.5983236507996708 0.749248292761141 0.617653413340463 0.7483780868093557
7 0.6398922976540007 0.7419724221820575 0.6532455502690482 0.7443555454580455 0.6470885498741836 0.778848765420214 0.6337352998011738 0.776465651830508
7 0.6516713528042146 0.7195371287313675 0.6715981872540624 0.7210690985707291 0.668315742689856 0.7637578602433325 0.6483889091070978 0.7622258978214838
7 0.47934941474113657 0.43756186879294 0.4647706925691182 0.43982304867250627 0.46018489213383873 0.41025800207332597 0.47476355925209646 0.4079968265260477
7 0.5359659234375 0.431698384375 0.554627865625 0.431698384375 0.554627865625 0.46192514375 0.5359659234375 0.46192514375