2 0.4266296873065015 0.6216031249999999 0.42357343777089784 0.620209375 0.4215359374613003 0.617421875 0.4181390625386997 0.611846875 0.4144015622291021 0.6083625 0.40794843777089784 0.606271875 0.40625 0.603484375 0.4028531250773994 0.6027875 0.3987765622291021 0.603484375 0.3936828123839009 0.6083625 0.3913046873065016 0.622996875 0.39164374984520123 0.6306624999999999 0.41793275541795666 0.6500385107142856 0.4293484377708979 0.629965625 0.42900781238390095 0.6271781249999999 0.42866874984520126 0.624390625 0.42798906253869967 0.6223 0.4266296873065015 0.6216031249999999
2 0.4395374996904025 0.5421609380952381 0.43885937523219815 0.532404686904762 0.4368203126934984 0.5254359380952381 0.434782812383901 0.5170734380952381 0.4103265622291022 0.5163765619047619 0.4096468749226006 0.519860938095238 0.4096468749226006 0.526829686904762 0.40625 0.5372828130952381 0.40489062476780185 0.55121875 0.40387187492260057 0.5581875 0.40625 0.565853125 0.4110046873065015 0.572125 0.41304374984520126 0.5749124999999999 0.4177984377708978 0.579790625 0.4211953126934984 0.579790625 0.4239124996904025 0.575609375 0.4266296873065015 0.572125 0.4300265622291021 0.570034375 0.4337640625386997 0.56655 0.43614062476780185 0.560975 0.43851874984520123 0.5526125 0.43987812507739943 0.5463421869047619 0.4395374996904025 0.5421609380952381
11 0.2506172569659443 0.6560903476190476 0.26521286439628483 0.647902569047619 0.2798084718266254 0.641850730952381 0.2926241269349845 0.6329509702380952 0.29547205015479877 0.6058956988095238 0.29226813684210523 0.5916560821428571 0.28799625139318885 0.5784844357142856 0.2815884241486068 0.5656687809523809 0.273044653869969 0.5606849154761905 0.2648568743034056 0.5585489726190476 0.2559571133126935 0.5767044845238095 0.250261266873065 0.5909441011904761 0.2445654198142415 0.6123035261904762 0.241361506501548 0.6226272488095238 0.2402935349845201 0.6350869130952381 0.24100551578947368 0.6432746928571428 0.241361506501548 0.6539544059523809 0.2506172569659443 0.6560903476190476
2 0.3317830736842105 0.6051837178571429 0.3353429777089783 0.6026917845238096 0.3406828340557275 0.5941480142857143 0.33819090092879256 0.5816883500000001 0.3178994470588235 0.5699406654761905 0.3079317151702787 0.5660247714285714 0.3040158204334365 0.5667367523809523 0.30045591640866876 0.5735005702380952 0.30116789721362225 0.5813323595238096 0.3057957727554179 0.5898761297619047 0.3111356291021672 0.5977079190476191 0.31718746625386995 0.6019798035714286 0.328579159752322 0.6083876321428572 0.3317830736842105 0.6051837178571429
2 0.37770583777089783 0.5959279666666667 0.37414593374613003 0.5952159857142857 0.36595815417956656 0.5948599952380952 0.353854479876161 0.5955719761904762 0.34958259442724454 0.5966399476190476 0.3552784414860681 0.6140834785714285 0.3645341925696594 0.6187113535714286 0.3698740489164087 0.6201353154761905 0.3780618284829721 0.6208472964285714 0.38482564643962847 0.616575411904762 0.38553762724458207 0.6108795642857142 0.3862496080495356 0.603759755952381 0.3837576749226006 0.5984199 0.37770583777089783 0.5959279666666667
2 0.42932444891640864 0.6315270095238096 0.42576454489164084 0.6372228559523809 0.4218486501547988 0.6454106357142858 0.41793275541795666 0.6532424250000001 0.4165087938080495 0.6624981761904762 0.4190007269349845 0.6667700607142858 0.42576454489164084 0.6649901083333333 0.43146039195046443 0.6610742142857142 0.4353762866873065 0.6557343583333334 0.44214010464396286 0.6432746928571428 0.4407161430340557 0.6368668654761904 0.4371562383900929 0.6304590380952381 0.432172372755418 0.6258311619047618 0.42932444891640864 0.6315270095238096
0 0.6169314018575851 0.6468345976190476 0.6169314018575851 0.6521744535714286 0.6190673442724458 0.657158319047619 0.6212032866873065 0.6568023285714286 0.6261871529411764 0.6532424250000001 0.6261871529411764 0.647902569047619 0.6251191814241487 0.6429187023809523 0.6229832390092879 0.6372228559523809 0.6183553634674923 0.6343749321428572 0.6169314018575851 0.6468345976190476
2 0.7013011318885449 0.5738565607142857 0.6913334 0.5735005702380952 0.6763818024767801 0.5735005702380952 0.6699739746130031 0.5763484940476191 0.6642781281733746 0.5813323595238096 0.6603622334365326 0.5977079190476191 0.6642781281733746 0.6055397083333333 0.678517744891641 0.6083876321428572 0.6884854767801858 0.6066076797619048 0.6988091987616099 0.6005558428571428 0.7037930650154799 0.5898761297619047 0.7020131126934985 0.5784844357142856 0.7013011318885449 0.5738565607142857
11 0.7130812160990713 0.6180238380952381 0.7127794470588236 0.6285857690476191 0.7130812160990713 0.662987486904762 0.7151936024767801 0.6832060404761904 0.730885613622291 0.6711352619047618 0.7462758557275543 0.6524255559523809 0.7631749455108359 0.6270769226190476 0.7791687263157895 0.5878468928571429 0.7740386458204335 0.5745690380952381 0.7673997176470587 0.5706460345238096 0.7601572507739939 0.5712495738095238 0.7532165535603714 0.5739654988095237 0.7420510835913312 0.5769831928571428 0.7366192334365325 0.5784920404761905 0.722737839009288 0.5796991178571428 0.7151936024767801 0.5851309678571429 0.7115723690402477 0.5941840523809524 0.7109688303405572 0.6029353654761905 0.711270599380805 0.6137990666666667 0.7130812160990713 0.6180238380952381
2 0.6204379944272446 0.5525398678571428 0.6243609969040248 0.5486168642857143 0.6288875386996904 0.5465044785714286 0.6349229281733746 0.5404690892857142 0.6334140804953561 0.5323213142857143 0.6294910780185758 0.5229664607142858 0.6234556885448916 0.520552305952381 0.6198344551083591 0.5247770773809524 0.618929146749226 0.52900185 0.6162132216718266 0.5356407785714286 0.6156096829721363 0.5401673202380952 0.6150061442724458 0.5446938619047619 0.6150061442724458 0.5510310202380952 0.6147043746130031 0.5546522535714286 0.6204379944272446 0.5525398678571428
7 0.33118419133126936 0.7622786976190477 0.33118419133126936 0.7696794607142857 0.3330343820433437 0.777080225 0.3371973120743034 0.7830933464285714 0.3399725987616099 0.7872562761904761 0.346448266873065 0.7909566571428571 0.3547741263157894 0.7951195880952381 0.3626374383900929 0.7941944916666667 0.3644876291021672 0.7858686321428571 0.3649501770897833 0.7766176773809523 0.36309998637770896 0.7673667226190476 0.35986215170278635 0.7618161488095239 0.35338648359133124 0.7539528369047619 0.3450606235294118 0.7484022642857143 0.34274788482972135 0.7465520738095238 0.3413602414860681 0.7493273595238095 0.33442202538699695 0.7571906714285714 0.33118419133126936 0.7622786976190477
11 0.27498847430340556 0.45847898452380953 0.29724473560371517 0.4738110761904762 0.30416890588235296 0.470843575 0.31702807925696597 0.4678760726190476 0.32444683281733744 0.45897356904761905 0.32494141671826626 0.44957648095238095 0.32543600000000006 0.43374980595238094 0.3239522495356037 0.41940688214285715 0.31999558080495355 0.4085260428571429 0.31109307616099074 0.3926993678571429 0.3056526563467492 0.3758835261904762 0.29922306996904025 0.35956226785714285 0.29971765386996907 0.34719767738095236 0.30367432198142413 0.34027350714285715 0.30614724024767803 0.3333493369047619 0.29724473560371517 0.3279089178571428 0.28883681486068113 0.3333493369047619 0.28438556222910216 0.33631683928571426 0.2779559758513932 0.34472475952380954 0.280428893498452 0.35659476547619046 0.2799343102167183 0.4129772952380953 0.27498847430340556 0.45847898452380953
13 0.3413022117647059 0.6198632845238096 0.3277628408668731 0.6563433952380952 0.34401039256965943 0.6630208345238096 0.3413022117647059 0.6198632845238096
13 0.5496009597523219 0.49061936904761905 0.5214806606811145 0.49270395476190476 0.5350200315789474 0.5281417928571429 0.5600158972136222 0.5302263785714285 0.5496009597523219 0.49061936904761905
13 0.4194142421052632 0.49166168214285716 0.41316529535603713 0.4895770964285714 0.35380018390092877 0.4895770964285714 0.33297030959752316 0.4989577119047619 0.3433852464396285 0.5125074595238095 0.3673395547987616 0.504169155952381 0.4195312260061919 0.5028645845238096 0.4194142421052632 0.49166168214285716
13 0.6589578024767802 0.6240323761904761 0.65375033374613 0.6594701749999999 0.674739559752322 0.6421875011904762 0.6589578024767802 0.6240323761904761
