11 0.6332759435531443 0.3278684443040468 0.6910996804268734 0.29131489237092406 0.7599697348297241 0.40025596853968526 0.7021462093870241 0.43680925732428055
2 0.6879107014185593 0.4798429947951452 0.7127505461943429 0.4884822872751125 0.7004336848472121 0.523893243632634 0.675593852098018 0.5152539758586065
2 0.6569357091595975 0.5433183297545316 0.6421688523518014 0.5293964543850704 0.660059262719983 0.5104218279381095 0.6748260863341784 0.5243436743319745
2 0.648585130402239 0.5760162381005463 0.6604298292269277 0.6031862818236978 0.6212947424294271 0.6202451008754131 0.6094501677165454 0.5930751623046928
2 0.6936649079540302 0.5446865737725762 0.7089079800393847 0.5662787954709795 0.6703717587021174 0.5934807214839795 0.6551287847806861 0.571888587735282
11 0.7202273519233131 0.5353496409327676 0.7931000391367888 0.5442356192521888 0.779923038394827 0.6522871202983502 0.7070503660655731 0.643401229680337
2 0.37843860218845293 0.5677477049576799 0.41950232899216644 0.6036746366507705 0.3993769344102702 0.6266749528328985 0.35831330266944406 0.5907481215578155
2 0.40555899635478454 0.6204448791840845 0.40617941379787226 0.5999750900255071 0.4324572818912884 0.6007714559618197 0.4318369160321254 0.621241194804893
2 0.3509794268593396 0.5584005153390772 0.3501722165585761 0.5866531428915742 0.3095880741415158 0.5854936087857703 0.31039538152424484 0.5572410815111718
11 0.30380196527562475 0.6523853204597125 0.23423191852555192 0.6509510418531196 0.2363724251728172 0.5471718436780589 0.3059411610612415 0.5486061088229125
11 0.317980663953108 0.4359128468577872 0.261171885091926 0.41653696264472306 0.3035123389425962 0.29240441560546204 0.36032036559277003 0.3117801604582775
2 0.297686825924643 0.4827801949748311 0.3244425250354652 0.4721901986795502 0.34012969653235814 0.5118210567019315 0.31337401649091134 0.5224110187016001
2 0.36615975604752293 0.54016721615529 0.33087594498420003 0.5303213950030528 0.34029532464683143 0.4965689501458881 0.37557895144993836 0.5064147440697846