2 0.32560000000000006 0.556 0.3208 0.556 0.3176 0.5528 0.312 0.5504 0.3108 0.5512 0.31 0.5536 0.3076 0.5568 0.3048 0.5616 0.3024 0.5671999999999999 0.3 0.5768 0.2988 0.584 0.2988 0.5903999999999999 0.3 0.5992 0.3024 0.6127999999999999 0.34159999999999996 0.62 0.342 0.6160000000000001 0.344 0.6048 0.3452 0.6024 0.34719999999999995 0.5976 0.34840000000000004 0.5903999999999999 0.35 0.5848 0.34919999999999995 0.5776 0.3476 0.5728 0.346 0.5720000000000001 0.3424 0.5704 0.34 0.5696 0.3376 0.5680000000000001 0.3348 0.5671999999999999 0.33199999999999996 0.5616 0.3288 0.5584 0.32560000000000006 0.556
2 0.3656 0.6 0.3628 0.596 0.36239999999999994 0.5928 0.3608 0.5903999999999999 0.35919999999999996 0.5888 0.3564 0.5856 0.3532 0.5824 0.35 0.58 0.348 0.5824 0.3468 0.588 0.346 0.5928 0.3448 0.5984 0.344 0.6056 0.344 0.6144000000000001 0.3436 0.6216 0.3436 0.6256 0.3436 0.6288 0.3748 0.6559999999999999 0.378 0.6496 0.3796 0.648 0.38320000000000004 0.64 0.38760000000000006 0.6336 0.38959999999999995 0.628 0.3916 0.6192000000000001 0.3912 0.6120000000000001 0.39 0.6088 0.386 0.6048 0.3824 0.6048 0.38 0.6048 0.3776 0.604 0.37639999999999996 0.604 0.374 0.6056 0.37079999999999996 0.6032 0.3656 0.6
2 0.6504 0.6344 0.6507999999999999 0.6304 0.6504 0.6288 0.6504 0.6248 0.65 0.6224000000000001 0.6492 0.6208 0.648 0.62 0.6472 0.6232000000000001 0.6472 0.6248 0.6476000000000001 0.6304 0.6476000000000001 0.6328 0.648 0.6344 0.6487999999999999 0.6392 0.6487999999999999 0.6408 0.6496000000000001 0.6432 0.65 0.6384 0.6504 0.6344
2 0.6659999999999999 0.5744 0.6636 0.5752 0.6587999999999999 0.5752 0.6544 0.5736 0.6504 0.5712 0.6492 0.5696 0.6448 0.5744 0.6424000000000001 0.5848 0.6412 0.5936 0.6419999999999999 0.6 0.6428 0.6063999999999999 0.6448 0.6160000000000001 0.6464 0.624 0.648 0.6312 0.6504 0.6368 0.6908000000000001 0.6424 0.6916 0.6384 0.6924 0.6312 0.6928000000000001 0.6256 0.6956 0.6095999999999999 0.6956 0.6 0.6943999999999999 0.5856 0.6928000000000001 0.5831999999999999 0.6908000000000001 0.5816 0.6888 0.5808 0.686 0.58 0.6828 0.5792 0.68 0.5736 0.6772 0.5712 0.6744 0.5688 0.6696 0.5696 0.6659999999999999 0.5744
2 0.6836 0.4864 0.6788 0.48319999999999996 0.6512000000000001 0.5112 0.652 0.5248 0.6527999999999999 0.5384 0.6547999999999999 0.5496 0.66 0.5576 0.6692 0.5552 0.6719999999999999 0.5544 0.674 0.5536 0.6776000000000001 0.5496 0.6788 0.5464 0.6811999999999999 0.54 0.6831999999999999 0.5376 0.6864 0.5352 0.6928000000000001 0.5304 0.6963999999999999 0.5248 0.696 0.5104 0.6936 0.4992 0.6888 0.4928 0.6836 0.4864
2 0.6476000000000001 0.5752 0.652 0.5728 0.6536000000000001 0.5688 0.6547999999999999 0.5616 0.6547999999999999 0.5544 0.6544 0.5432 0.652 0.5328 0.6507999999999999 0.5288 0.6468 0.5176 0.6132 0.5408 0.6132 0.548 0.6132 0.5552 0.612 0.5624 0.612 0.5712 0.6123999999999999 0.5784 0.6164 0.5856 0.6192 0.5888 0.6232 0.5912000000000001 0.6256 0.5936 0.6292 0.592 0.632 0.588 0.6352 0.5831999999999999 0.6376 0.5816 0.6396 0.5808 0.6416 0.58 0.6432 0.5752 0.6448 0.5752 0.6476000000000001 0.5752
2 0.3272 0.5448 0.32839999999999997 0.5456 0.3308 0.5456 0.3316 0.5464 0.3336 0.5472 0.3348 0.5472 0.3372 0.5456 0.338 0.5439999999999999 0.33959999999999996 0.5367999999999999 0.3404 0.532 0.342 0.52 0.3432 0.5128 0.3436 0.5008 0.3436 0.496 0.3208 0.46719999999999995 0.3184 0.4696 0.31479999999999997 0.4744 0.3108 0.4808 0.3072 0.48800000000000004 0.3056 0.4928 0.3052 0.4984 0.3048 0.504 0.3048 0.5088 0.306 0.5168 0.308 0.5207999999999999 0.31120000000000003 0.5224 0.3136 0.5256000000000001 0.3156 0.528 0.3176 0.5336 0.3188 0.536 0.3208 0.5408 0.324 0.5448 0.3272 0.5448
2 0.35919999999999996 0.5680000000000001 0.36 0.5704 0.36239999999999994 0.5744 0.3672 0.5776 0.372 0.5808 0.3772 0.5808 0.37879999999999997 0.5776 0.37920000000000004 0.5744 0.3796 0.5688 0.38 0.5599999999999999 0.38 0.5536 0.38120000000000004 0.5448 0.38120000000000004 0.5376 0.38120000000000004 0.5328 0.38079999999999997 0.5256000000000001 0.3804 0.5224 0.3476 0.49520000000000003 0.344 0.5056 0.3428 0.5112 0.33959999999999996 0.524 0.33880000000000005 0.532 0.338 0.5367999999999999 0.3376 0.5424 0.3376 0.5512 0.338 0.5544 0.34 0.5576 0.3404 0.5616 0.342 0.5648 0.34719999999999995 0.5648 0.34840000000000004 0.564 0.35 0.5632 0.3532 0.5632 0.3544 0.5648 0.3568 0.5671999999999999 0.35919999999999996 0.5680000000000001
27 0.48203411393188855 0.6987243404761905 0.5091129770897833 0.6987243404761905 0.5486897399380805 0.679963619047619 0.5466067826625387 0.6667616952380953 0.5188336012383901 0.6757945880952381 0.48550576160990716 0.6813533321428572 0.4646758755417957 0.6612029511904762 0.4424573517027864 0.6514751761904762 0.4402777616099071 0.6711805559523809 0.453566613622291 0.6862171928571429 0.48203411393188855 0.6987243404761905
27 0.5646593405572755 0.5986673226190476 0.5292485442724458 0.59588795 0.47856246625386994 0.5951931202380952 0.4250991126934985 0.5910240892857143 0.4340598866873065 0.6089588202380952 0.502864000619195 0.6167331595238095 0.5348031486068111 0.6195125321428572 0.5646593405572755 0.6181228726190476 0.5646593405572755 0.5986673226190476
11 0.24249042229102166 0.605615725 0.2626259894736842 0.605615725 0.2626259894736842 0.6264609357142856 0.2501280365325077 0.627850594047619 0.24249042229102166 0.6347989976190477 0.27581826130030956 0.6563390904761904 0.3063687188854489 0.6639823238095237 0.3063687188854489 0.6514751761904762 0.3001197950464396 0.6257661059523809 0.3008141145510836 0.5854653452380952 0.29734246625386995 0.5646201357142857 0.28623320433436533 0.5701788523809525 0.2570713318885449 0.5861602011904762 0.24149303962848298 0.5887152785714286 0.24249042229102166 0.605615725
11 0.7243551349845201 0.5889395464285715 0.6972763250773993 0.5757375964285714 0.6972763250773993 0.620207361904762 0.6875556482972136 0.6577287500000001 0.6924159337461301 0.6820481619047618 0.7243551349845201 0.6744049285714285 0.7611546216718266 0.6660668130952381 0.7396303634674922 0.6528648892857143 0.7396303634674922 0.6368835404761904 0.7545138730650155 0.6182291678571429 0.7410190018575851 0.5931085785714286 0.7243551349845201 0.5889395464285715
11 0.30706309102167184 0.4791547797619048 0.3265042860681115 0.4617837714285714 0.3417795678018576 0.412450119047619 0.3309027616099071 0.36649305595238096 0.2820671851393189 0.41661915119047616 0.30706309102167184 0.4791547797619048
11 0.6583938284829722 0.3902152238095238 0.6660314959752321 0.45066633690476193 0.6951933151702786 0.49861030357142855 0.6951933151702786 0.46664765952380954 0.7153288297213621 0.4562250547619047 0.7222721250773994 0.4346849880952381 0.6815972061919504 0.3803819452380952 0.6583938284829722 0.3902152238095238
