1 0.3886909860442529 0.5882924157587878 0.3434372198131541 0.5892085114402235 0.34235606350387116 0.5357954047734 0.3876094115825026 0.5348793133549593
2 0.3519207075665918 0.5886735124233896 0.3415990598916778 0.6082471514225376 0.30936896262528535 0.5912531859065663 0.31969061738050186 0.5716796109949055
2 0.39638501017350336 0.6077387776446873 0.3845395703874601 0.6290583362229702 0.3468438079671614 0.6081163109237879 0.3586892519662115 0.586796837225069
11 0.27198338503626474 0.5262303444369602 0.31986265142450065 0.5356791680135633 0.2915951060348334 0.6789019353006261 0.24371587608163736 0.6694532379798405
2 0.611181105855735 0.5346509925095477 0.6479358342495516 0.5336301257666859 0.6490675052081087 0.5743704514294931 0.6123127769855046 0.5753913146604285
2 0.6848183903382505 0.5985355225873419 0.6504883477797421 0.6024962677552995 0.6472826726077301 0.5747131025322806 0.6816125453466384 0.5707523672574605
7 0.7106505139365709 0.6676254716307387 0.732097062446087 0.665838517850426 0.7357535187538815 0.7097161107740564 0.7143069712861916 0.7115030562986505
11 0.7568874785661137 0.6637193534913047 0.7141878447770296 0.674005017475161 0.6820045411187721 0.5404135438103712 0.7247031541556908 0.5301280074535957
7 0.3243250964909521 0.7121283578558391 0.32514024848819645 0.740537253815072 0.29190027457752876 0.7414907536605586 0.2910852299976341 0.7130819621242517
7 0.4747341629897619 0.8010691445339839 0.46131915243677213 0.7995020805015361 0.4648778511873388 0.769043815806828 0.47829276408867827 0.7706108740661668
7 0.7329500101044459 0.6545372219873826 0.7451776295561103 0.6555448215284422 0.7431038974772264 0.6807069890538371 0.730876278341384 0.6796993921016468
7 0.6817405563896273 0.7559059915640254 0.6631302033183601 0.7624410469482455 0.6539882076112917 0.7364110321320185 0.6725984539048113 0.7298759972897827
7 0.3728510362218458 0.7418303807963181 0.3566465749767076 0.7786748262281884 0.3246451201188165 0.7646026636077425 0.3408496253321118 0.7277583659175032