2 0.5313733014403397 0.5801288756725487 0.5534902948268154 0.5787180773113432 0.5595008049607486 0.6729337430126663 0.5373838128051602 0.6743445287724187
2 0.5513980593369752 0.5649870836828235 0.5794843556612932 0.56603907415827 0.5753983734092571 0.675115545092115 0.5473120776745191 0.6740635653511259
2 0.6026806035373511 0.5863573443726628 0.641966380392887 0.5812738776017573 0.6490109186879636 0.6357091105635476 0.6097251467314209 0.6407925514711287
2 0.6303268981239398 0.5608030866165228 0.6160012007794649 0.5252387593414022 0.6469309409293373 0.5127810213984664 0.6612566746492803 0.5483452519684552
2 0.6650611055042646 0.5390311839652399 0.6750397548187266 0.5124239887314099 0.705696535155198 0.523920407147758 0.6957179690215298 0.5505275318787226
2 0.5674496693349056 0.5426372901349222 0.5417532906568567 0.5419699041624456 0.5433909601747473 0.4789241408695096 0.5690870900717755 0.47959152363787755
2 0.3818389326487477 0.5404404507107582 0.3590730192815954 0.5545324466016713 0.3440129464970596 0.5302046502011452 0.3667787786768031 0.5161126873106251
2 0.2843117077250099 0.5189489737262262 0.314555815871131 0.5061544705197195 0.3266353106321276 0.5347060666186843 0.29639122080152447 0.5475005380108278
2 0.2938756406917946 0.4986389756106256 0.26667693405147475 0.5326350163183905 0.22528737710354108 0.49952344326458453 0.2524860145621233 0.4655275373086115
0 0.24592040232585077 0.4369972158612832 0.2586939182584729 0.43912600465423984 0.25476024409681486 0.46272805833841024 0.24198672902207363 0.46059927303139664
11 0.25906570446557 0.5365983811587934 0.31866824548671957 0.5778376385684906 0.2458794407799587 0.6830261813717216 0.18627730178968704 0.6417874111619254
2 0.3521418307368549 0.609308036133915 0.3485588256687606 0.5779594700212398 0.37663436913703663 0.5747508909623945 0.3802174434274548 0.6060993776086433
9 0.5520856010538182 0.3916015092606188 0.5582587780409085 0.3914729093517847 0.5599926182529771 0.47469778991621925 0.5538194412882831 0.4748263891137827