1 0.6319249136618055 0.5895939441702621 0.6030735944893877 0.5913525048394342 0.5986835892426825 0.5193329449377334 0.6275345519899247 0.5175743952777906
11 0.250596218713099 0.3277171013889773 0.30714130363014647 0.3097890617409812 0.34560039494147077 0.43108428852469866 0.2890553693517859 0.449012195662618
11 0.2942788674607755 0.5631343403962807 0.30161935114347216 0.6717493419076411 0.21252761961818578 0.6777687079444727 0.205188099768975 0.5691546003118904
2 0.3370148508267903 0.5339662351726014 0.3173628137058131 0.5446846453176792 0.2983584472427765 0.5098432579738639 0.31801038425305705 0.49912488159517016
2 0.34667947889113293 0.5688704492936616 0.36160754241643644 0.5208924441513233 0.39739362458828964 0.5320260972538182 0.3824657381603629 0.5800039513647938
11 0.7551274246662842 0.6733364102517149 0.694110798787051 0.6588594986646434 0.7281748779748796 0.5153079834533146 0.789189913889345 0.5297846963369715
2 0.6675133166412479 0.541340697516018 0.6647091266621601 0.5756902657414765 0.6248618816565568 0.5724374364802501 0.6276661773937349 0.5380879840525883
2 0.7013516142900471 0.5102920243120092 0.6999031150797919 0.5479522830814082 0.6657327105926925 0.5466380092515737 0.667181309145576 0.5089778531134372
11 0.725866404999806 0.47210528864225654 0.6814303595252795 0.4672755545487443 0.6975975187318681 0.3185412610464897 0.7420327665457762 0.32337095124683085
7 0.5522925189033003 0.7922705810437295 0.607251467673791 0.7891307296256247 0.6128602873496902 0.8872852414518273 0.5579013419278454 0.8904250533589828
9 0.6181728841021368 0.5317750758770362 0.6113662178769346 0.5319764915003812 0.6084133427152665 0.4321917632942811 0.615219908821814 0.431990349157285