1 0.36635408703250505 0.598362826511538 0.4117422798174175 0.6014924490634943 0.4082337245137069 0.6523702959923116 0.36284553316659185 0.6492406885718144
1 0.5870210891623628 0.6076186983054233 0.6417095029947859 0.6060694052591011 0.6438376760221445 0.6811825629009899 0.5891492627281423 0.6827318446057594
0 0.315778512045199 0.6076450050124153 0.3102434899212767 0.6066162810350824 0.31456263362520076 0.5833798496643353 0.320097632644206 0.5844085714398582
0 0.6309081742740545 0.5396297036146076 0.6247469560651098 0.538637751304797 0.6295118961490971 0.5090443315143148 0.6356730855422938 0.5100362814653092
2 0.3591322550097402 0.5331972020353738 0.3434969810266466 0.5476285623138768 0.32233653613104707 0.5247047574090388 0.3379717666922488 0.5102734333111929
2 0.3611123062499928 0.511894976562504 0.3954072873250425 0.5079498833335456 0.40127957373204026 0.5589937549869327 0.36698459554293095 0.5629388316667114
2 0.3286346581339785 0.5554337758854947 0.3155205413464728 0.5775187544995346 0.28002256495767597 0.5564418670872378 0.2931366789491676 0.5343569654784861
2 0.3205754702860304 0.590764995110682 0.3309858030477244 0.5726621600747032 0.3719227060612411 0.5962010876277579 0.36151246255462866 0.614303845417016
2 0.43495982425190505 0.6463622066672475 0.41113789275061663 0.6488051894650221 0.40763256205593734 0.614627579416724 0.43145433749998574 0.6121846046875004
2 0.6368892418380483 0.598555583315876 0.6815472016492095 0.5804153501473044 0.6969989771699829 0.6184506710102415 0.6523410564577716 0.6365908350026672
2 0.5687951508148217 0.5692823790795466 0.5882963226777065 0.559532804204632 0.6011808605312581 0.5853019866268522 0.5816797049074012 0.5950515368139431
2 0.6658313357702355 0.5477578735540666 0.6582226891574692 0.5798806033421093 0.6284426932035103 0.572827462766904 0.6360513970224702 0.5407048167849641