1 0.3854964497130595 0.5481397599092251 0.35324873923593714 0.5473529596239001 0.35468782571990687 0.48838283759655615 0.3869352292321082 0.48916963408012437
1 0.38470807739201973 0.48445554956323805 0.41663370788705834 0.48392065885272956 0.4177147952004816 0.5484415954111547 0.3857891647772931 0.5489764833887728
2 0.3293127454973046 0.49401206116900004 0.36436875510923983 0.5215538567436037 0.34322726060850073 0.5484610733866907 0.3081713169769955 0.5209193523451733
2 0.311557642782077 0.5042941407735246 0.3017741357484738 0.5295235134976344 0.27016826622605095 0.5172682294295117 0.27995180012680976 0.49203892337813027
2 0.33111855076901975 0.5507140109785272 0.3254375662274924 0.581956850690498 0.285814100999346 0.5747525646469663 0.2914951685702363 0.5435098323345067
2 0.37558322145946477 0.5642596840143783 0.3737999634212201 0.5981403355780192 0.3308426529559938 0.5958794112747395 0.33262603226819465 0.5619988874693527
11 0.28688818505168 0.666924993202523 0.21571921373708847 0.6716690090603723 0.21035813518835766 0.5912443039793396 0.2815260270543831 0.5865003238570625
2 0.6064854363371524 0.5951188812383693 0.5946399629300458 0.5722762810596346 0.6296257058672836 0.5541355742445798 0.6414711894703942 0.576978095438889
2 0.6716722275639313 0.5394709304946701 0.6844375293856046 0.5581260902636128 0.6511967538147019 0.5808697479270593 0.6384315240268279 0.5622146522532298
11 0.7323134326534273 0.6666452537014035 0.6914130331552997 0.6677812553317906 0.6874851308534744 0.5263577363046189 0.7283845067852326 0.5252217486442793
2 0.6494823400294081 0.5322556885173669 0.6301925896351577 0.5099536873935183 0.6503515075769428 0.4925189821260386 0.6696412267036749 0.5148209369413399
2 0.7071252171945162 0.5178445872492378 0.6792228076444644 0.5209446218284218 0.6749515234944283 0.4825023972648643 0.7028537706673887 0.4794023717692744
2 0.5454916814497892 0.5891785857519533 0.567187308693633 0.5881455783176851 0.5691507823771644 0.6293786441205904 0.5474551554204936 0.6304116475985464
9 0.37326391072053866 0.4644097218749999 0.36805555276475843 0.4644097218749999 0.36805558308583386 0.3888888890625 0.37326388906251395 0.3888888890625
9 0.3984374974277216 0.391493056203233 0.4015930212843841 0.3915504262622919 0.40033081317676533 0.4609719218593569 0.39717528932658297 0.46091455205933035
9 0.4010416671875 0.39149305624999997 0.40538194375 0.39149305624999997 0.40538194375 0.4635416671875 0.4010416671875 0.4635416671875