2 0.6443117829924176 0.575272907332801 0.6658160918542535 0.5359643345921427 0.7195242953066554 0.5653433508536496 0.6980202290884563 0.6046517149715657
2 0.5615280628011305 0.5704937824089531 0.5615281603678568 0.49418591235454307 0.5880483958050036 0.4941860316582631 0.5880484636618348 0.5704937334947927
2 0.39661699677196793 0.5699988882465018 0.34859321342673866 0.564502796130319 0.35607904662788314 0.4991015316838119 0.40410231410453434 0.504597593751405
11 0.3059207152195995 0.5348109042028447 0.26531165502603926 0.525193654524625 0.3022526638059162 0.36922196153169634 0.34286085654127874 0.37883910354562716
11 0.3039068243986094 0.65 0.22343732503338742 0.65 0.22343820610797138 0.5398437500000001 0.3039060881257001 0.5398437500000001
11 0.6655305671724818 0.36884898193829413 0.7097606566973127 0.3663722550954996 0.7191618703666336 0.5342520624475846 0.6749317836782893 0.5367287602498578
11 0.6998180367339728 0.5372752796365955 0.7837858289435644 0.5411502995072708 0.7784440478280885 0.6568892808417585 0.694476257668498 0.6530143018438656
2 0.3624028722775847 0.6078827654813497 0.36401315908005927 0.5772921646800983 0.40069149896601175 0.5792226953242042 0.39908131865422547 0.6098131945689815
2 0.3359347215694015 0.6189262368660012 0.29791144129387703 0.5809070377393408 0.3248631249181244 0.5539554409289925 0.3628862755610953 0.591974510181758
2 0.31078751148129413 0.5073440739798148 0.33709593447315456 0.5010807013951423 0.349546176773174 0.5533718686229601 0.32323776332236775 0.5596352140079582
2 0.6114477094262156 0.5648812639369717 0.5861298581351093 0.5656723752079841 0.5844109719597554 0.5106645868036165 0.6097285965715855 0.5098734790621267
2 0.5986125087185883 0.5556464093979506 0.6116580208503137 0.5230358944345984 0.6525669684749573 0.5393996466410323 0.639521597504995 0.5720100420863466
9 0.5772059134220626 0.5064338234375002 0.5698529380741775 0.5064338234375 0.5698529895995534 0.413602940625 0.5772058679580141 0.413602940625
10 0.6378798485612833 0.38611276105550374 0.6689164366908926 0.3851429285129896 0.6725025408826468 0.4998990162323621 0.6414659531120606 0.5008688412598904