1 0.6447560071292173 0.5583729713466627 0.6602169471811976 0.6139444660800634 0.6124406776358455 0.6272349317311611 0.5969800258244504 0.5716636823563346
2 0.6133458604838324 0.5493405371054049 0.5835393600183352 0.5484875356358961 0.5853771234222904 0.4842818074674407 0.6151833166901497 0.48513480448147256
2 0.39264874753166623 0.5352505309072164 0.3619613637542898 0.5342815326690099 0.3631914417721873 0.4953319736903085 0.3938786375426844 0.4963009689535192
2 0.6173873373317065 0.5326298571283313 0.6100824587410898 0.4973254958011759 0.6408029560109298 0.49096958214198333 0.648107897580303 0.5262738570079132
2 0.4195097730211046 0.5456822171480064 0.3974425896402636 0.5450332374868425 0.39851002488092035 0.508742701956367 0.42057707812500666 0.5093916796875009
2 0.444283910505078 0.5520821190435008 0.42289228915922195 0.5525913995885737 0.4218862434127004 0.5103338730077053 0.44327771853306785 0.509824594203682
11 0.669137330462604 0.6359416988891632 0.7012547054965808 0.5539982821021247 0.7821377735399437 0.5856966859161629 0.7500211746834111 0.6676394477642466
2 0.33147326785945097 0.5432620841850515 0.36762098327199055 0.5504909428502476 0.35892743490444445 0.5939585816046207 0.3227797278723301 0.5867297506506345
2 0.3655525046543744 0.5641944393511056 0.4036641273745545 0.5563309755266074 0.41310657875146717 0.6020908157466728 0.37499496585394354 0.6099542469266029
11 0.2903195743080005 0.5456104351234089 0.3392376635125629 0.5609265070906676 0.30186040554099236 0.680292489598022 0.2529423934604438 0.6649765970665562
7 0.3479151299860632 0.6994937545891591 0.3743609734344773 0.7036687635740098 0.3673994312838431 0.7477584465897843 0.3409535925646878 0.743583458132072
9 0.596667404793152 0.40473672498399815 0.6007514375548908 0.4047815840052095 0.6002513468218922 0.4503081292008101 0.5961673140625408 0.4502632703125
9 0.6392046753940122 0.7130681689174854 0.6310123340894052 0.7138448522363322 0.6229379715923642 0.6286889125253642 0.6311301697273848 0.6279122360675091
9 0.6685507665418982 0.70310442132688 0.6634061358290637 0.704749517888572 0.6376513014596412 0.6242185702561462 0.642795851562596 0.6225734874999848
7 0.6249226439060749 0.7311557548174318 0.6331417180823564 0.7627294130893176 0.6126985471371427 0.7680500737564628 0.6044795613037195 0.7364764913253659
7 0.37289766550236436 0.3575341432837943 0.39082860589155644 0.35432688564622955 0.3955056268405315 0.38047382864264784 0.37757468770166724 0.3836810814934101
7 0.6511170993488804 0.7252074351698685 0.6495321200952731 0.7447450410918492 0.6332016312636597 0.7434204235892097 0.6347866430556905 0.7238828534555757