1 0.5961282693224348 0.6055750000000001 0.5672545913243994 0.6055750000000001 0.5672547510404229 0.5407671875 0.5961280972500163 0.5407671875
1 0.6203182167270143 0.5513024499259005 0.6186149258377327 0.6011173543467403 0.5907942836871598 0.6001661216438112 0.5924976922366341 0.5503513403664371
11 0.781635375563269 0.6791432396391622 0.7260703967931477 0.7069225188883238 0.675262850244053 0.6053073354914213 0.7308267937499977 0.5775283656250187
2 0.596299601562464 0.6181993765625055 0.6226169435190059 0.6131389599352193 0.6302217767963612 0.6526841155165228 0.6039044404413971 0.6577445124642657
2 0.651111678193729 0.6395984433418085 0.6225789917849625 0.6300886877332068 0.631777068209658 0.6024947206497148 0.6603096097395564 0.6120044500225252
2 0.40292131876572057 0.616341189694022 0.3939241095813486 0.638332000716977 0.3581274090631723 0.6236879346707199 0.3671246474624468 0.601697203495497
2 0.39283200116233274 0.5371509782214218 0.41366069644470826 0.5576185565653775 0.38534156137836817 0.5864344798302896 0.3645129359238126 0.5659669720851527
11 0.2729803790479082 0.5753605142573505 0.3182324436447743 0.5852177419205004 0.2938694264340711 0.6970488125207186 0.24861739652044434 0.6871916945215713
11 0.31435083151677645 0.3774947714581269 0.3521311861859431 0.385568331528103 0.32775443397383697 0.49963339650133404 0.2899740985367316 0.49155989902712216
11 0.7362874995602624 0.4781037337815369 0.682280018530605 0.504234870008616 0.6259773218064311 0.38787546387180266 0.6799840124657521 0.36174455575665637
9 0.5892868907233151 0.5367863274548109 0.5827330007057299 0.5366138699231098 0.5851395189960158 0.4451681553407384 0.591693317704312 0.445340611655664
9 0.6078125000000227 0.5312500000000026 0.6025008262223537 0.5309728882454648 0.607188405529314 0.44112914054308755 0.6125000085281727 0.44140625044491943