2 0.6853801386928353 0.5838375028177619 0.6440936614624206 0.5850244702221361 0.6421286635355727 0.5166715819107743 0.6834146596632991 0.5154846215037416
2 0.723845493122667 0.5749125 0.6824045865521384 0.5749125 0.6824047596086302 0.5163765625 0.7238452597009655 0.5163765625
11 0.2921081005169981 0.50107085891298 0.24926809873022648 0.4938385739097368 0.2715184987006296 0.3620502472395733 0.31435776875900956 0.3692824693965869
2 0.32985474783697555 0.5560389668122381 0.2953613202265615 0.5636100275328014 0.28390380500275114 0.5114141048259326 0.31839694352947845 0.5038430769919645
2 0.32626675586095644 0.5732409384292659 0.32800075113777893 0.5177628282174084 0.37512455364651487 0.5192356262365604 0.37339078302557027 0.5747135161776097
2 0.40226187703342475 0.5775355249999998 0.37657811311180467 0.5775355249999998 0.37657822308051436 0.5279035671875001 0.40226177204431224 0.5279035671875001
2 0.401914746875 0.53623340625 0.43211041406249995 0.53623340625 0.43211041406249995 0.5803121390625 0.401914746875 0.5803121390625
2 0.3803894200356126 0.6045743629886599 0.40884736864597926 0.6025174086053797 0.41207886621407397 0.6472199173220787 0.3836209185504913 0.6492768629105226
2 0.3431839400964236 0.5921558133410778 0.3845931802090945 0.6034479853651001 0.3733077929227875 0.6448275573419929 0.3318985710037623 0.6335354309186882
2 0.2810686824473123 0.5784747770902319 0.3171136556602505 0.5594531798790661 0.348426202607925 0.6187826607202811 0.3123813095302239 0.6378041414646309
2 0.642720990493217 0.6451643767500129 0.6280775221714521 0.6102493161770935 0.6687343079546508 0.5931997345716076 0.6833778255243033 0.6281146500786741
2 0.7189131493688592 0.5858973452754872 0.7208795293261119 0.62128641279467 0.6795889733124341 0.6235802925321899 0.6776227348372004 0.588191359275783
11 0.7220506015145247 0.5648400185421181 0.7931846152621347 0.5718255539867378 0.782207746467293 0.6835906566170736 0.7110737430200516 0.6766051958767688
11 0.6710256147155178 0.3579858529817088 0.7207008601280904 0.34507883798087635 0.7542357439900798 0.4741384126256291 0.7045605387577325 0.4870453192545605