1 0.6280063494871229 0.5712203125 0.5965342798895108 0.5712203125 0.5965344849059875 0.5007265625 0.6280061886511703 0.5007265625
1 0.6213708523440573 0.4892426279851049 0.6624261918419734 0.48524747032312887 0.6697204878749972 0.5601995666573043 0.6286651519559427 0.5641947001229222
0 0.7089613819962324 0.46605216486501255 0.7177891142814588 0.4669112165718638 0.7143730997727289 0.5020121833702755 0.7055453678119648 0.5011531338965739
2 0.3511310628530282 0.5035442367237178 0.36222779702893604 0.5281134777911345 0.3322072066671353 0.5416711196037367 0.3211105483570691 0.5171019429858102
6 0.3729581595274567 0.5280266608407265 0.36477197628755675 0.5287707988093445 0.36270201908337185 0.5060011110725541 0.37088817308040234 0.5052569744396568
2 0.34575179371393006 0.5798186157050169 0.3599960944511622 0.5606218696207877 0.3999996204422587 0.5903020996961776 0.3857554138313617 0.6094987604773845
11 0.30502488080560397 0.6462172438462568 0.22429421284573436 0.6589071808674538 0.20887137846148107 0.560796915458641 0.28960060953033917 0.5481070929365955
2 0.6177624496096996 0.6171650018679731 0.5978059715168911 0.5947600766216196 0.636989243424523 0.559862601317407 0.6569456428028388 0.5822674201132071
2 0.6535069048529749 0.5951604434154144 0.6522049931639913 0.5613122061087532 0.6997034334641512 0.5594854361146214 0.7010054807692541 0.5933335312843603
11 0.7088147895378825 0.5500624854776102 0.7782363433627779 0.5623368546146958 0.7605404747977218 0.6624105302236257 0.6911189499078318 0.6501362758584993
2 0.6978441568275002 0.4999915619703138 0.7098867152230923 0.524648043690595 0.6767310987390829 0.5408402681758161 0.6646886248424835 0.5161838584885334
9 0.6164039397987153 0.5079334160533663 0.6101562500000455 0.5078125000000008 0.6125024161667625 0.3865978349903602 0.618750000000091 0.3867187500000009
9 0.6484528827913891 0.49127721940976465 0.6421971098952781 0.491424405136077 0.6392567456210827 0.3664568239230662 0.6455124122954885 0.3663096394790354
9 0.6627603564214724 0.39453123914956656 0.6684979779410014 0.3955557537583563 0.6554772030262939 0.4684724268084934 0.6497395828125718 0.467447917187509