2 0.6796874996904025 0.4641109369047619 0.6783281250773994 0.4564453119047619 0.6756109374613003 0.4473875 0.6311140625386996 0.4801390619047619 0.630775 0.48501718809523814 0.630775 0.48919843690476195 0.6304343752321981 0.5038328119047619 0.6311140625386996 0.5191640619047618 0.6345109374613003 0.5275265630952382 0.6385875003095975 0.5337984369047619 0.6457203126934985 0.5386765630952381 0.6559109374613004 0.5372828130952381 0.6603265622291022 0.531010936904762 0.6650812501547988 0.5317078130952381 0.6715359374613004 0.5317078130952381 0.6759515622291022 0.5275265630952382 0.6796874996904025 0.5205578119047619 0.681725 0.510801563095238 0.6824046873065015 0.4996515630952381 0.6824046873065015 0.4864109380952381 0.682065624767802 0.4752609369047619 0.6796874996904025 0.4641109369047619
2 0.6769703126934985 0.4578390619047619 0.677309375232198 0.4738671869047619 0.6786687498452012 0.48432031190476194 0.6824046873065015 0.4989546880952381 0.6851218749226006 0.5073171869047619 0.6912359374613003 0.5094078130952381 0.6980296873065015 0.5094078130952381 0.704823437770898 0.5094078130952381 0.7102578123839008 0.5031359369047619 0.7126359374613003 0.4940765630952381 0.7163718749226006 0.48432031190476194 0.7211281250773994 0.4801390619047619 0.724525 0.4738671869047619 0.7258828123839008 0.4613234369047619 0.7262234377708978 0.44878124999999996 0.7235046873065016 0.436934375 0.71875 0.42578437500000005 0.7126359374613003 0.413240625 0.6769703126934985 0.4578390619047619
2 0.619225 0.5916375 0.6239812501547988 0.60139375 0.630775 0.613240625 0.6358703126934984 0.622996875 0.681725 0.592334375 0.6803671876160992 0.5804875 0.6803671876160992 0.56515625 0.6793484377708978 0.553309375 0.67765 0.5477359369047619 0.6725546873065015 0.5386765630952381 0.6681390625386997 0.5379796880952381 0.662025 0.5372828130952381 0.654551562229102 0.5344953130952381 0.6501359374613003 0.5358890630952381 0.6450406247678018 0.5463421869047619 0.6385875003095975 0.554703125 0.6345109374613003 0.5554 0.6273781250773994 0.551915625 0.6222828123839009 0.55121875 0.6175265622291022 0.560278125 0.616507812383901 0.5672468749999999 0.6171874996904024 0.5846687500000001 0.619225 0.5916375
2 0.44463281238390095 0.572125 0.44701093746130033 0.5790937500000001 0.453125 0.5804875 0.45923906253869967 0.578396875 0.4639953126934985 0.572125 0.4646734377708978 0.55958125 0.46433437523219817 0.5442515630952381 0.46331562476780186 0.5303140630952381 0.46229687492260063 0.5177703119047619 0.46093749969040243 0.5080140630952381 0.44327500000000003 0.5114984369047619 0.4415765622291022 0.5275265630952382 0.4412359374613003 0.5400703130952381 0.4415765622291022 0.5581875 0.44463281238390095 0.572125
2 0.3158968749226006 0.4578390619047619 0.2849859374613003 0.42648125000000003 0.27921249969040246 0.43484375000000003 0.27615468730650156 0.442509375 0.27411718761609905 0.4543546869047619 0.27275781238390095 0.46759531309523805 0.27241874984520126 0.48153281190476194 0.2734374996904025 0.48919843690476195 0.27989062476780185 0.4968640630952381 0.28125 0.5010453119047619 0.2860046873065015 0.5114984369047619 0.2931390625386997 0.5205578119047619 0.3012906247678019 0.5240421880952382 0.30638593746130033 0.523345311904762 0.3101218749226006 0.5170734380952381 0.3121609374613003 0.5059234369047619 0.3125 0.4947734369047619 0.31419843777089784 0.48153281190476194 0.31521718761609907 0.4662015630952381 0.3158968749226006 0.4578390619047619
2 0.35359999999999997 0.47456406190476186 0.31861406253869967 0.4655046869047619 0.31351874984520123 0.47317031309523805 0.31182031269349847 0.4829265619047619 0.31148125015479877 0.4968640630952381 0.31148125015479877 0.5121953119047619 0.31148125015479877 0.5219515619047619 0.3128390625386997 0.5317078130952381 0.3158968749226006 0.5372828130952381 0.32133125015479874 0.5414640619047619 0.32642656222910216 0.5414640619047619 0.3355984377708979 0.550521875 0.3400140625386997 0.553309375 0.3471468749226006 0.55121875 0.3519015622291021 0.5414640619047619 0.35427968730650156 0.531010936904762 0.3556390625386997 0.5149828119047619 0.3563171876160991 0.4989546880952381 0.3559781250773994 0.48432031190476194 0.35359999999999997 0.47456406190476186
2 0.36956562476780186 0.6362374999999999 0.36956562476780186 0.6397218749999999 0.39707812507739937 0.655051563095238 0.39843749969040243 0.6473875000000001 0.4014953126934985 0.6369343749999999 0.4042125003095975 0.625784375 0.4042125003095975 0.6160281249999999 0.4042125003095975 0.6 0.4021734377708978 0.58745625 0.39775781238390095 0.5860625 0.3913046873065016 0.5860625 0.3875671876160991 0.583275 0.38179374984520126 0.58188125 0.37737812507739943 0.585365625 0.37330156222910216 0.592334375 0.36922499999999997 0.6 0.36922499999999997 0.61115 0.36956562476780186 0.62090625 0.36956562476780186 0.6362374999999999
11 0.734375 0.6002604166666666 0.7369791665634675 0.6302083333333334 0.7929687498452012 0.578125 0.807291666873065 0.5416666666666666 0.7981770835913313 0.5026041666666666 0.7955729164086687 0.5052083333333334 0.739583333126935 0.5026041666666666 0.734375 0.6002604166666666
11 0.22656250030959751 0.64453125 0.28125 0.62109375 0.2695312501547988 0.578125 0.25651041671826624 0.5364583333333334 0.20963541671826624 0.5807291666666666 0.22656250030959751 0.64453125
11 0.2851562501547988 0.2721354166666667 0.2630208334365325 0.26953125 0.25130208359133127 0.4114583333333333 0.29166666687306503 0.4166666666666667 0.2851562501547988 0.2721354166666667
11 0.7382812501547988 0.2877604166666667 0.6861979164086687 0.296875 0.682291666873065 0.3541666666666667 0.7122395832817336 0.42578125 0.7591145832817336 0.3828125 0.7382812501547988 0.2877604166666667
