1 0.2721696109704226 0.49637051320615316 0.27216972976941634 0.41901884101453996 0.31564776900518154 0.4190190030874726 0.3156478866892485 0.4963704342729412
1 0.35345283209574063 0.5248345921236397 0.3080608745568725 0.5216797852500812 0.3140222091706164 0.435918357457243 0.35941357883518776 0.43907314338730735
1 0.31419854947023396 0.600000034605317 0.25990106932601975 0.5832189339186717 0.2805674374579894 0.5163575651865975 0.33486433142911665 0.5331385701574661
1 0.30085284792426137 0.5848434241407616 0.33125899193237274 0.5396055338157019 0.3911401396811698 0.5798499801184445 0.3607343174973039 0.6250875855517676
1 0.3865485650399023 0.5393734375 0.35224208172814997 0.5393734375 0.35224227503488237 0.4655046875 0.38654836326065833 0.4655046875
1 0.6239607065697328 0.5402410646910264 0.5847571366963393 0.546055427943866 0.5735687660683197 0.47062214060480995 0.6127718750000213 0.46480781250000064
2 0.6475807002229885 0.5317473026145458 0.6129040432001602 0.5330510145704793 0.6100394995343095 0.45686004258693025 0.6447157480045007 0.45555633845571014
1 0.6938973176048648 0.5120244521516475 0.6440529174069525 0.5197555763418468 0.6318334569937178 0.44097787486331935 0.681677273384139 0.4332467976546004
2 0.7394959907187513 0.48720833746156217 0.6897424678504649 0.49530175754190664 0.6764681190499005 0.41370249204353937 0.7262210764938573 0.40560911949541867
2 0.6672407529104021 0.5372633488747891 0.6863348662411681 0.5881430797049253 0.6273429813242046 0.6102789355729605 0.6082491960110019 0.5593994815032004
2 0.6820656285702853 0.5853656287878957 0.6491905710870469 0.5504868961092643 0.7054639424560492 0.4974510795265563 0.7383388121161261 0.5323295937567275
11 0.26843738140019013 0.6223763341940087 0.20282324251786576 0.618812974927373 0.20861672285411714 0.5121567638607035 0.27422964630761726 0.51572008992315
11 0.7239296941933162 0.4947901000271574 0.7997621080892259 0.5005528161268679 0.7916257082697484 0.6076113805184964 0.7157933001525407 0.6018487163081104
9 0.2855141229115361 0.38889465328542006 0.28455731725750866 0.38893292391476125 0.2834181974992589 0.36045493775310855 0.2843750000000682 0.3604166671874993
9 0.287500004446656 0.4208333326346426 0.28500399203494453 0.4209331682414011 0.2837253174840271 0.3889662021880132 0.2862213201179884 0.3888663667762359
9 0.2966609611412423 0.3291233689292682 0.30491264646423133 0.32940789698302214 0.3020016852592562 0.4138261938770006 0.2937500000000455 0.4135416671875007
9 0.30729165065940833 0.35833333125332106 0.3115968949429089 0.3587394673266196 0.3063885769109902 0.4139478019359317 0.3020833328125718 0.413541667187503
9 0.3166666671875191 0.3812499999999983 0.31778998421123106 0.38107264271194424 0.3217563235546095 0.40619283610240825 0.3206330065942211 0.4063701931199507
9 0.3204446078143519 0.40639476537403946 0.32102353172695075 0.4063192576694636 0.3245372519427292 0.43325782585928097 0.3239583280555962 0.43333333343292574
9 0.3386341630038032 0.4091531126378346 0.334308438672565 0.4094514264855159 0.3290076467901599 0.3325899796914598 0.3333333328125718 0.3322916671874975
9 0.3447916682341656 0.40729166718750004 0.3437499992149924 0.40729166718750004 0.3437500013084218 0.3822916671875001 0.3447916671875646 0.3822916671875001
9 0.373380615097858 0.39235354572989606 0.3774745051273385 0.3928993671696832 0.36748543945827805 0.4678174958059218 0.36339154996051093 0.4672716770700227
9 0.5916666642016253 0.3854166671211495 0.598538271791881 0.3855693613457051 0.596572677840868 0.4740210552675716 0.5897010702792613 0.47386836193040305
9 0.6026120684783791 0.38738896370038045 0.6056471829674592 0.3876057449685251 0.5999101143686403 0.46792511294553507 0.5968749999999545 0.46770833281249635
9 0.6729166529943313 0.355208332244802 0.6799470734850956 0.3554895350875709 0.6768220875997031 0.4336145343349288 0.6697916671874964 0.43333333281249975
9 0.2760416671874282 0.6656249999999945 0.2742488580635154 0.6654486790970078 0.2804989115772969 0.6019070161029769 0.28229169884980365 0.6020833359264692
9 0.3031248872572405 0.6041666437024776 0.3101549214449051 0.6056310437708761 0.2945300308647347 0.6806310562647161 0.28750000000002274 0.6791666671874946
9 0.31875000000002274 0.6854166671875015 0.31625099436314486 0.6849251217043603 0.328751095358939 0.6213834713955891 0.3312500697317091 0.6218750137160506
9 0.34866942061796635 0.6417629463829515 0.3531447923686528 0.6425610205635599 0.34405870346699885 0.6935064027915461 0.3395833328124809 0.6927083328125038
9 0.6652960584036691 0.4432565796875 0.6554276307015243 0.4432565796875 0.6554276888347204 0.35608552656250003 0.6652960075371084 0.35608552656250003