11 0.2804177040866307 0.6775298069549812 0.21626041527076723 0.6686796413050177 0.23122622564710582 0.5602065803459657 0.2953822329831155 0.5690566574050198
1 0.49442070395400606 0.6746328862313072 0.4766285772077481 0.6744487153685423 0.47726376178400187 0.613103725700732 0.4950556754298532 0.6132878954638357
1 0.622220374463609 0.6854202793041108 0.5959614025503015 0.6907144432791896 0.580445316692817 0.6137640629219314 0.6067038966231166 0.6084699394364967
2 0.5995250229378826 0.5749125 0.5805031133886587 0.5749125 0.5805031772483744 0.5365859375 0.5995249628650754 0.5365859375
2 0.5821574498858126 0.5499931451023415 0.5996985837655302 0.5383348042758498 0.6273326093954665 0.5799089837648623 0.6097915155680766 0.5915672745611646
2 0.6646478712382304 0.5747150331010659 0.62195599884069 0.5824057437006305 0.6108977257177912 0.5210246963283338 0.6535891567615408 0.5133340268843751
1 0.701188386079707 0.561092929779316 0.6617768217112143 0.5658974600546955 0.6531113147095766 0.49481880384866317 0.6925224330190076 0.49001430095830756
1 0.40875756540481234 0.4922541333437845 0.4329762006155988 0.4911032933212448 0.43562956498567473 0.5469370373229581 0.4114109301673352 0.5480878722421209
2 0.6231930508216692 0.6459530716661892 0.594287067446885 0.6189064089924872 0.6339641550117676 0.57650669874411 0.6628699677349914 0.6035532152605537
2 0.6758779483732269 0.6128197305115592 0.6523353689424312 0.5918245117774555 0.6786347209738324 0.5623374783265932 0.7021772032609306 0.5833326218911321
11 0.7741903954072313 0.5559301194040107 0.8220270984492117 0.6240629216830398 0.7232115824519951 0.6934330540026478 0.6753757513358778 0.6253010325675021
2 0.33834557154398226 0.5717534222771766 0.326572692647801 0.5937988175661126 0.2928820313838969 0.5758087698578825 0.30465491718746307 0.5537634484374839
2 0.33782756356129084 0.5821508216739139 0.36510009549988354 0.5624039993214015 0.4002653326500649 0.61096594938678 0.37299289228417365 0.6307126639219114
9 0.42169232681135327 0.4186264077867372 0.4282659099586681 0.41898494332341313 0.42428191581677765 0.492025200908069 0.4177083328124809 0.491666667187501
9 0.6705930201435422 0.48838140638897204 0.6685897822413835 0.48878202948244326 0.6552884478087435 0.42227562117073875 0.6572916671874509 0.42187500000000916
9 0.6670396101728784 0.42006795715906026 0.6734053844858181 0.41970422234617866 0.6771991016416905 0.48609459997302434 0.6708333274751794 0.48645833311746906
9 0.4791666671874282 0.7156249999999895 0.4752254642137359 0.714879475724336 0.4825171788575062 0.6763378148684199 0.48645834978958646 0.6770833360239208