1 0.6804991754032699 0.4883032971799172 0.7211088703600126 0.48665309419397107 0.7233382713330911 0.5415119201383877 0.6827285768338243 0.5431621160244716
1 0.6365484375 0.4975609375 0.6817249999999999 0.4975609375 0.6817249999999999 0.568640625 0.6365484375 0.568640625
1 0.5013457250425972 0.5202269315112412 0.5224890696414377 0.5208320065581942 0.520254064188407 0.5989233952596961 0.49911071975714094 0.5983183242292174
1 0.474184375 0.5135890625 0.4962640625 0.5135890625 0.4962640625 0.5972125 0.474184375 0.5972125
1 0.323408581389117 0.49985403184100535 0.3650636899427582 0.5013015614948912 0.3626697895563211 0.570184271159183 0.3210146813745496 0.5687367496207617
2 0.3191275538395075 0.5096015618646197 0.33487353874716064 0.5441520070304086 0.29963725703066757 0.5602090228646935 0.28389139995272217 0.5256586861868932
11 0.18173598647183553 0.47983564646111204 0.2457722753975986 0.46873715800005405 0.2799100818212992 0.6656883958724032 0.21587384640417895 0.6767866913671939
9 0.7020833328125 0.40041666718749996 0.7052083328125 0.40041666718749996 0.7052083328125 0.45729166718750003 0.7020833328125 0.45729166718750003
9 0.6885416671875646 0.45729166718750075 0.6879515486157288 0.45728183241073345 0.6889932217490013 0.3947818324960318 0.6895833355500827 0.3947916672331235
9 0.4833333290861219 0.4333333327379781 0.4881647303330965 0.4334299541733285 0.48656204203064135 0.5135645729896131 0.481730640799924 0.513467952113219
9 0.5097012038653475 0.4364359762227723 0.5154898231714924 0.4366168573126891 0.5130802864501902 0.5137225472626699 0.5072916671874736 0.5135416671874987