1 0.6528929535362522 0.4854125781934747 0.6218491060878932 0.489728275107499 0.613458031658638 0.4293722203258907 0.6445016195148128 0.4250565417065897
1 0.6776368047962933 0.5028355262264258 0.6931722357661556 0.5453688152690269 0.6391443607975589 0.5651007115559645 0.623609164284403 0.5225676212392081
2 0.6474725765624498 0.4363978421875029 0.6738937216523482 0.4345107321431664 0.6764604804150167 0.470445334742191 0.6500393358325027 0.47233244008879394
11 0.8193041361970472 0.5708369820059782 0.7663032036662116 0.5989575838020984 0.7065393037275953 0.4863249079457372 0.7595393679265499 0.45820458487737714
2 0.6889130590870991 0.5256833047093599 0.6725431037408498 0.5008821421503248 0.7172823609843135 0.4713543229280647 0.7336522977561799 0.49615538522389
11 0.26001450160197237 0.4495214304666238 0.3127146235501641 0.500639491636064 0.22476210592571988 0.5913060222000743 0.17206247976662326 0.5401884676263055
7 0.38235034205990814 0.7193425109943735 0.4079958852232721 0.7246022557358731 0.39973669190897 0.7648658653909197 0.3740911560206541 0.7596061450551763
9 0.6364453670282728 0.4294531310821343 0.6298355928496449 0.4298522837018417 0.6235074706453361 0.3250657026230395 0.6301171669086898 0.32466655233002456
9 0.6626954386864554 0.6663281240604061 0.6526095288837723 0.666416331135748 0.6516721043673215 0.5592288327563063 0.6617578125000136 0.5591406265625002
9 0.6660550130839056 0.5694994360977974 0.67316406249995 0.5674218750000048 0.6951167083458358 0.6425318718933513 0.6880076652239495 0.6446094180399191
7 0.6969032802774109 0.6774647582901882 0.6861756861799222 0.6751895172632396 0.6916172175803013 0.6495367228504747 0.7023447564182561 0.6518119577997158
7 0.3884566860524501 0.6735166497269942 0.40051660333858763 0.6763317263509345 0.38975567498118835 0.7224252952882594 0.377695762500025 0.7196102328125085