2 0.6661001754616791 0.6473875 0.6192248829999016 0.6473875 0.6192251549510956 0.58745625 0.6660999152949216 0.58745625
11 0.3136771026581755 0.45095046327725474 0.27498726937847096 0.4530879234739313 0.2680148587205622 0.3268821457142754 0.30670412097560984 0.32474470119705956
2 0.2935546820606305 0.5142793396444884 0.30520852479003224 0.4857947094158051 0.3395739029424476 0.49985345074186116 0.3279201564844243 0.5283379994240692
2 0.3736617254768362 0.5500134323799792 0.3428217330553025 0.56029252540496 0.33035056782648553 0.5228787523573388 0.3611903782961008 0.5125996921083034
2 0.39671651739774916 0.5387870071832546 0.4100042077024 0.5633157594035597 0.3837935946296511 0.577513126564857 0.3705059764389489 0.5529844362949431
2 0.4288363050869748 0.5423320532478088 0.4382040818726409 0.5666006457788342 0.40633002078595837 0.5789028993903991 0.39696232742210213 0.5546343774941943
2 0.33280944269586143 0.5767305197824079 0.3080356298376046 0.581017873273808 0.3023612084391516 0.5482319486135278 0.3271348830271563 0.5439446073672746
2 0.33216433788925315 0.5719028761135408 0.36559448777768466 0.5604889816104306 0.38446002533225965 0.6157384946095955 0.35102990441657766 0.627152328786334
2 0.4009934692412571 0.6244013294587002 0.38180314641920177 0.6236338070569353 0.3825618815872076 0.6046663303844755 0.40175213611644267 0.6054338514164826
2 0.5908240588207718 0.6158637070997208 0.6145998240436938 0.6108588757719341 0.619609439784881 0.6346545755562832 0.5958336781867501 0.6396593952825959
2 0.6893829922375971 0.5623232594576244 0.705039920560921 0.5810332042131946 0.674625086410515 0.6064823384757488 0.6589682286086145 0.5877724598441362
11 0.761492172922317 0.6799174340801488 0.7146544409225726 0.6851210589984541 0.6992077396728291 0.5460974654187192 0.7460442949305843 0.5408939051962398
2 0.6369338285641106 0.5730587061628679 0.6272240564908316 0.54841302578912 0.6609008981212128 0.5351464336340005 0.670610699707936 0.5597920388305835
2 0.6950151892298209 0.509117128714574 0.7077821043844779 0.52613820620087 0.6765440045835476 0.5495667334813489 0.6637771481549635 0.5325457094658165
11 0.6864791649202289 0.3725302752720721 0.7267357972505124 0.36960269317074557 0.7361114341641724 0.49851838475227644 0.6958548049982483 0.5014459416817472
11 0.24797713413363454 0.5197688203212916 0.29406492180396526 0.5216552604867947 0.2879229433543742 0.6716952229041406 0.24183515708409686 0.6698088083821234