2 0.3519015821512994 0.5707312688139567 0.32706624234072024 0.5469540877375532 0.3473267735656691 0.5257938817700514 0.3721620499866276 0.5495710055118795
2 0.4671948966538366 0.4889739100901536 0.4613378015425269 0.4896879390763319 0.4597861473756666 0.47696076651472724 0.46564323155155307 0.4762467382028988
2 0.5444968729690345 0.4724734339162181 0.5444968801233472 0.4919859387572572 0.5377031232346781 0.4919859345487416 0.5377031258146872 0.4724734394378523
2 0.5739353639266938 0.4380884240728712 0.6103473168345772 0.43555383077568605 0.6161439280158447 0.5188223458375132 0.5797319767012823 0.5213569236812833
2 0.6528438463678867 0.49654465692118277 0.6368899635612024 0.4737041122393837 0.6773859985055424 0.4454199684266913 0.6933398592426556 0.468260432784619
2 0.6527483181397429 0.5668083374223667 0.6225864960246099 0.5600458884790469 0.6327820806435511 0.5145763411874001 0.6629436808095761 0.5213387643653308
0 0.2612629904823507 0.3338030249708323 0.2733782101277029 0.3374111901034728 0.2589851729642305 0.38573716214330045 0.24686995754905183 0.3821290069800615
11 0.27331831352057634 0.612787581471438 0.19855964821454108 0.6110328512559342 0.20096467391681472 0.5086065388825775 0.2757220365321018 0.5103612538426495
11 0.7198363396393006 0.4953131910190724 0.7934199764275718 0.4913995246751749 0.7990216970946449 0.5967125041495307 0.7254380636950373 0.6006261363803475
11 0.6959370594126995 0.2852760372179537 0.748426318930683 0.2765281470241122 0.7728191026884588 0.422885216111996 0.7203298603783423 0.4316330365405508
9 0.5941302366696846 0.43503688871346013 0.5882493625250618 0.4351569007332336 0.5868004027644247 0.3641564927314541 0.5926812255886489 0.3640364812388882
9 0.5930123511806187 0.3668723600838501 0.6015441436843503 0.3663604787191518 0.6055282230137209 0.432762059402679 0.5969964306912061 0.4332739386793295