2 0.36500584552504733 0.5966360236907693 0.3670526870935191 0.6210404293134492 0.3347360664885173 0.623750487593612 0.33268930391807316 0.5993461555964861
2 0.32972393058742 0.5705672375740835 0.31513483241224094 0.5606295160588021 0.33201415427254233 0.5358521502185524 0.34660319922488725 0.5457898466214448
2 0.38772757293656923 0.5802971373973923 0.3748876008617117 0.5539203122964479 0.3974747560918104 0.5429261841616382 0.41031473944940444 0.5693029524410337
2 0.6552164012839512 0.5836181999570035 0.6399001399732924 0.5544883452868866 0.6609004019865097 0.5434476588481135 0.6762166698449619 0.5725774536733773
2 0.6155133062035247 0.6794055072430963 0.580640571810136 0.6782555980829916 0.5827430301923187 0.6145101713386674 0.6176153304321588 0.61566007337706
2 0.4480130074681483 0.5300328720884412 0.4602085468172845 0.5294077636327733 0.4613965671466076 0.5525833772357908 0.4492010278922862 0.5532084844964944
2 0.46973348872916176 0.5755158936902667 0.46213004370645194 0.5761000561112978 0.45970566819732994 0.5445472558054107 0.46730907235871655 0.5439630949608569
2 0.5452757384167626 0.565047359227718 0.5357164710817415 0.5657912824316567 0.5336320764604352 0.5390094712794977 0.5431913008520723 0.5382655497530415
2 0.527934375 0.5581390625 0.5374828125 0.5581390625 0.5374828125 0.579215625 0.527934375 0.579215625
11 0.1743921972475846 0.6017442843705804 0.23124352868558162 0.5512840606912951 0.3077061432913979 0.6374218781077109 0.2508553394602586 0.6878815515340174
11 0.27172355297966533 0.5203825981764308 0.22410210904172345 0.5175397197698688 0.23334330185457475 0.3627576706093532 0.2809637372325824 0.3656005184760388
9 0.6046875 0.690625 0.60859375 0.690625 0.60859375 0.71796875 0.6046875 0.71796875