0 0.23608750030959752 0.5104078130952381 0.23763281238390094 0.5033078130952381 0.23789062476780184 0.4966796880952381 0.23557187492260062 0.49147343809523814 0.23299531269349844 0.49431250000000004 0.22810156222910216 0.50378125 0.22758593746130032 0.516089063095238 0.22990468730650154 0.52035 0.23376874984520124 0.516089063095238 0.23608750030959752 0.5104078130952381
0 0.28065468730650156 0.517509375 0.2770484377708978 0.512775 0.27550156222910216 0.51845625 0.2744718749226006 0.523664063095238 0.2742140625386997 0.530290625 0.27653281238390093 0.52934375 0.2796234377708978 0.5269765619047618 0.2801390625386997 0.5217703119047619 0.28065468730650156 0.517509375
0 0.3207796873065016 0.524878125 0.3205859374613003 0.5213218749999999 0.31865 0.5202546880952381 0.3151671876160991 0.5263 0.313425 0.53056875 0.3159406247678018 0.5380375000000001 0.3184578123839009 0.544439061904762 0.3211671876160991 0.544439061904762 0.32136093746130034 0.532346875 0.3207796873065016 0.524878125
0 0.3203921876160991 0.5462171880952381 0.3231031250773994 0.5487078119047619 0.32639218761609906 0.547284375 0.32910312507739936 0.5426609380952381 0.3316187498452013 0.53839375 0.32929531269349843 0.52665625 0.32871562476780186 0.5213218749999999 0.3231031250773994 0.519542186904762 0.3221343752321982 0.5255890630952381 0.3207796873065016 0.53056875 0.31923125015479875 0.540526563095238 0.3203921876160991 0.5462171880952381
0 0.35232812507739936 0.5522640630952381 0.3571671876160991 0.5504859369047619 0.36007031269349843 0.5483515630952381 0.36200625015479876 0.54195 0.3616187498452012 0.5369703130952381 0.36084531269349845 0.5298578119047619 0.3577484377708978 0.5255890630952381 0.3517484377708978 0.5255890630952381 0.35077968730650155 0.5302125 0.3509734377708978 0.536259375 0.3517484377708978 0.543728125 0.35232812507739936 0.5522640630952381
0 0.34342500000000004 0.539459375 0.34361874984520124 0.543728125 0.3463281250773994 0.5483515630952381 0.3482640625386997 0.550840625 0.3502 0.540171875 0.34594062476780185 0.5348359380952381 0.3440062501547988 0.5373265619047619 0.34342500000000004 0.539459375
0 0.4402 0.558310938095238 0.4413609374613003 0.559021875 0.44078125015479874 0.5501296880952381 0.44078125015479874 0.5426609380952381 0.44039374984520124 0.5334140630952381 0.43807031269349844 0.5366140619047619 0.4367156247678019 0.5408828130952381 0.43652187492260064 0.54515 0.4367156247678019 0.549775 0.43884531269349847 0.555465625 0.4402 0.558310938095238
0 0.5224578123839009 0.5359031249999999 0.5199421876160991 0.5295015619047619 0.5191687498452012 0.5334140630952381 0.5180062501547987 0.54195 0.5178140625386997 0.555465625 0.518975 0.552975 0.5211031250773994 0.5458625 0.5226515622291021 0.540171875 0.5224578123839009 0.5359031249999999
0 0.6052984377708978 0.5501296880952381 0.6093625003095976 0.5526203130952381 0.6126531250773993 0.550840625 0.6103296873065016 0.54159375 0.6095562501547988 0.5334140630952381 0.611492187616099 0.5302125 0.6105234377708979 0.5263 0.6056843752321981 0.5252328119047619 0.6018140625386997 0.5327031249999999 0.6016203126934985 0.539815625 0.6022015622291021 0.5447953119047619 0.6052984377708978 0.5501296880952381
0 0.6118781250773994 0.547284375 0.6138140625386996 0.5483515630952381 0.6159437498452012 0.544439061904762 0.6171046873065015 0.5430171869047619 0.6182656247678018 0.540526563095238 0.6188468749226007 0.536259375 0.6186531250773993 0.5309234369047618 0.61575 0.5277234380952381 0.6138140625386996 0.5273671869047619 0.6130390625386997 0.5309234369047618 0.611492187616099 0.5391046880952381 0.6118781250773994 0.547284375
0 0.6407171876160991 0.5220328130952381 0.6374265622291022 0.5252328119047619 0.6360718749226005 0.5316359369047619 0.637232812383901 0.53768125 0.6403296873065015 0.5447953119047619 0.6422656247678019 0.543371875 0.6430406247678018 0.5348359380952381 0.6426531250773994 0.528790625 0.6407171876160991 0.5220328130952381
0 0.6432328123839008 0.54159375 0.6445890625386997 0.5412390619047619 0.6455562501547987 0.5412390619047619 0.6482656247678019 0.539459375 0.6503953126934985 0.5366140619047619 0.6519437498452012 0.5334140630952381 0.650007812383901 0.528078125 0.6459437498452012 0.5234546880952381 0.6438140625386997 0.5241671869047619 0.6428468749226006 0.5273671869047619 0.6424593752321982 0.53448125 0.6432328123839008 0.54159375
0 0.7169765622291021 0.49215625 0.7156218749226005 0.4992703130952381 0.7163953126934984 0.5035375 0.7165890625386997 0.509228125 0.7169765622291021 0.5142078130952381 0.7196859374613004 0.519542186904762 0.7252984377708978 0.51883125 0.7291703126934985 0.5142078130952381 0.7301375003095976 0.509940625 0.7301375003095976 0.5046046869047619 0.7293624996904025 0.501048436904762 0.7280078123839009 0.4974921880952381 0.7260734377708978 0.49322343809523805 0.7243312501547988 0.4900234369047619 0.7231703126934985 0.486821875 0.7169765622291021 0.49215625
0 0.7176312501547988 0.5810453130952381 0.7171703126934984 0.5768046869047619 0.7148468749226007 0.5714703119047618 0.7127171876160991 0.5750265619047619 0.7127171876160991 0.58000625 0.713492187616099 0.5839171869047619 0.7162015622291021 0.58711875 0.7192984377708979 0.5903203119047619 0.71775 0.5821390630952381 0.7176312501547988 0.5810453130952381
0 0.7256859374613003 0.580360936904762 0.7258796873065015 0.5757375 0.7231703126934985 0.569690625 0.7206531250773993 0.5679124999999999 0.7187171876160992 0.5686249999999999 0.7187171876160992 0.5725359369047619 0.7212343752321981 0.584984375 0.72375 0.5896078119047619 0.7251046873065015 0.584984375 0.7256859374613003 0.580360936904762
0 0.6482656247678019 0.6031234380952382 0.6498140625386997 0.5977890619047619 0.6426531250773994 0.597078125 0.6391687498452012 0.59814375 0.6393625003095975 0.6017015619047619 0.641492187616099 0.606325 0.6442015622291021 0.6070359380952381 0.6463296873065015 0.6056140630952381 0.6482656247678019 0.6031234380952382
0 0.29119218761609905 0.586903125 0.28693437523219817 0.586903125 0.28383749969040245 0.594371875 0.2832578123839009 0.6032640619047619 0.28596718761609907 0.6121546880952381 0.2867406247678019 0.6157125 0.2908062501547988 0.6053984369047619 0.2927406247678019 0.5933046869047619 0.29119218761609905 0.586903125
0 0.2968062501547987 0.590815625 0.2942890625386997 0.5975734369047618 0.2942890625386997 0.6089546869047618 0.2954515622291022 0.6182015630952381 0.2966124996904025 0.628160938095238 0.29951562476780186 0.6292265630952381 0.30280625015479873 0.62709375 0.3076437498452012 0.6217578130952381 0.31209687492260063 0.6128671869047619 0.3130640625386997 0.606109375 0.309 0.5968625000000001 0.30319218761609906 0.5854812500000001 0.3002890625386997 0.586903125 0.2968062501547987 0.590815625
0 0.38564531269349844 0.623892188095238 0.38661249969040246 0.6167796880952381 0.38564531269349844 0.609309375 0.3823546873065016 0.602553125 0.37945156222910215 0.6089546869047618 0.37712812507739935 0.6217578130952381 0.3775156247678018 0.632428125 0.37945156222910215 0.6313609369047618 0.38274218761609907 0.6292265630952381 0.38564531269349844 0.623892188095238
