2 0.2906505984007026 0.4751568785548542 0.34350002333644625 0.4665870201337068 0.3625530197723492 0.5840753200546229 0.30970361530205537 0.5926450954156977
9 0.3382511231341141 0.48537411820660165 0.3295066019609294 0.48554035364948667 0.3278038620044299 0.3959731557823008 0.3365482765318575 0.3958069213629682
9 0.2981546875000731 0.4011421874999941 0.3026980148746361 0.4004839360272781 0.3139182702065 0.477923010176504 0.3093749435746531 0.4785812581750365
2 0.6594690947903246 0.5003442775275886 0.7076075662643007 0.513353557006465 0.6798374141091017 0.6161023926757494 0.6316989876385151 0.6030932312056037
9 0.6620562736383135 0.5131812499999999 0.6572468668355214 0.5131812499999999 0.6572468875189088 0.45057187499999996 0.6620562499999778 0.45057187499999996
9 0.6750999328565968 0.49833659543711767 0.6677080828964108 0.49802399629826205 0.6714845824544682 0.4087302348766095 0.6788763390425174 0.40904283200723324
9 0.6902702412552344 0.44854373468638215 0.697718470659197 0.45014468533231455 0.6811612816699153 0.5271696071462981 0.6737130552199915 0.5255686658769977
2 0.703419658553571 0.6591024782145738 0.7198827662869007 0.6951380940253541 0.6853123352390185 0.7109293982421258 0.6688493955614376 0.6748939252561794
0 0.6573440052471824 0.6787803413983031 0.6647608009004671 0.6784663831134515 0.6659666783943976 0.706949313620422 0.6585498828007985 0.7072632709603442
2 0.6598078090926265 0.6678359218638237 0.6598079130510541 0.7139547490383873 0.6242843258520452 0.7139546612457242 0.6242843938568967 0.6678360053034451
0 0.6126106190697556 0.6859497959900913 0.6209065187438227 0.6839313545293884 0.6269008144734016 0.7085646100052162 0.6186049167216652 0.7105830460296569
0 0.3941202458065618 0.6877892472872376 0.3874105794125171 0.6868999415049678 0.3893294161198355 0.672424758060741 0.39603906249999454 0.6733140624999931
0 0.37314284001161013 0.6654721779862725 0.3789375900232699 0.6647676332597422 0.38147443449179264 0.6856298321309365 0.37567968475605085 0.6863343753336149
2 0.2938660792729024 0.6656661546525855 0.3164540194680967 0.6491892265211938 0.35381110401965543 0.7003943079335124 0.331223256368844 0.716871127390552
0 0.28188613605425417 0.6963398445263909 0.2558921329742816 0.6892274752497872 0.2747400324909677 0.6203529461155878 0.30073368360274344 0.627465264513733
7 0.59375 0.9292281250000181 0.6192964510814818 0.858620471393786 0.6976109375000306 0.8869484375000084 0.6720654477048811 0.9575552746506608
7 0.2566670077193294 0.7667621572082639 0.23706300886885856 0.7839917627009595 0.21189522951044637 0.755360591873625 0.23149912753342505 0.7381310620856327
7 0.22605295053131158 0.730918490286696 0.21004385168203044 0.7491795158043667 0.1879047550831956 0.7297736831886714 0.20391381194792757 0.7115127174492027
7 0.24381082309969315 0.7997021457112817 0.25998483545834006 0.7988380616714655 0.26157216797309957 0.8285439680318597 0.24539815587479552 0.8294080488825124
10 0.6257789001959964 0.44509031957755674 0.6494790822887353 0.44648432435740676 0.6403735754855688 0.6012795966586095 0.6166733949235095 0.5998856091011897
6 0.38378908607933226 0.599609375 0.3574218459793883 0.599609375 0.35742204120845145 0.52734375 0.3837889518592874 0.52734375
6 0.36730797346990585 0.6561259968431848 0.39807426324773587 0.6683400267571108 0.3549849564436727 0.7768623121725614 0.32421875 0.7646484374999919