2 0.30456562476780186 0.5609625 0.30697031269349845 0.575790625 0.3141843752321981 0.588971875 0.3222 0.59061875 0.3342234377708978 0.584028125 0.3470484377708979 0.579085936904762 0.3590718749226006 0.584028125 0.3590718749226006 0.562609375 0.34865156222910215 0.5362484380952381 0.34464374984520124 0.52141875 0.33983437523219817 0.5065906250000001 0.3374296873065015 0.4917625 0.3342234377708978 0.47034218809523815 0.32941406253869965 0.4736375 0.3238031250773994 0.493409375 0.3173906247678019 0.4736375 0.31017656222910217 0.471990625 0.3085734377708978 0.48681875 0.3133828123839009 0.5065906250000001 0.31899374984520124 0.519771875 0.3165890625386997 0.5378953130952381 0.31258125015479876 0.554371875 0.30456562476780186 0.5609625
9 0.32941406253869965 0.4044375 0.33021562476780186 0.4291515619047619 0.32941406253869965 0.4472765619047619 0.335025 0.46869531190476194 0.3342234377708978 0.4308 0.33021562476780186 0.38137187499999997 0.32941406253869965 0.4044375
9 0.31258125015479876 0.46869531190476194 0.2981546873065015 0.4011421869047619 0.309375 0.47858124999999996 0.31258125015479876 0.46869531190476194
10 0.6332 0.45221875 0.6291921876160991 0.47034218809523815 0.6259859374613004 0.48187656309523813 0.6227796873065015 0.504942188095238 0.620375 0.5313046880952381 0.6187718749226007 0.5510765630952381 0.6179703126934984 0.5807328119047619 0.6251843752321982 0.5939140619047619 0.6364062501547988 0.602153125 0.6369875003095975 0.57254375 0.6375062501547988 0.5461578119047619 0.6430031250773994 0.5293390630952381 0.6441890625386998 0.496553125 0.6446406247678018 0.46370468809523807 0.6396124996904025 0.43903749999999997 0.6332 0.45221875
2 0.6532390625386997 0.6038 0.6692687498452012 0.6087437499999999 0.6748796873065016 0.6120375 0.6828953126934985 0.602153125 0.6885062501547987 0.584028125 0.6812921876160991 0.552723438095238 0.6764828123839008 0.5378953130952381 0.6788875003095975 0.523067186904762 0.6764828123839008 0.504942188095238 0.6700703126934985 0.504942188095238 0.6660640625386998 0.51318125 0.6620562501547987 0.516476563095238 0.6564453126934985 0.511532811904762 0.6564453126934985 0.532953125 0.654842187616099 0.5428375 0.6500328123839009 0.5576671869047619 0.6420171876160992 0.567553125 0.6364062501547988 0.5856765630952381 0.6404140625386997 0.6054484380952381 0.6532390625386997 0.6038
9 0.6580484377708978 0.4571625 0.6572468749226006 0.4884671880952381 0.6580484377708978 0.51318125 0.6620562501547987 0.5065906250000001 0.6612546873065016 0.48022812499999995 0.6620562501547987 0.45057187499999996 0.6580484377708978 0.4571625
9 0.6767843752321981 0.45850781309523814 0.6757640625386996 0.43754531309523814 0.675425 0.408896875 0.672025 0.4361484380952381 0.6706656247678019 0.447328125 0.6696453126934985 0.45920625 0.6699859374613004 0.47178437500000003 0.6682859374613003 0.4843609369047619 0.6679468749226006 0.49763749999999995 0.6750843752321981 0.49833593809523813 0.675425 0.49065000000000003 0.6757640625386996 0.4745796869047619 0.6767843752321981 0.45850781309523814
9 0.6882281250773993 0.49316718809523813 0.6892484377708978 0.48266875000000004 0.6912921876160991 0.47216875 0.6912921876160991 0.45904375 0.6902703126934984 0.44854375 0.6895046873065015 0.46271874999999996 0.6757125003095975 0.5162671880952381 0.6792890625386997 0.5267671869047619 0.682098437770898 0.5162671880952381 0.6836296873065015 0.5099671880952381 0.6864390625386997 0.5026171880952381 0.6882281250773993 0.49316718809523813
2 0.7091656247678019 0.6716796880952381 0.6994437498452013 0.66091875 0.694582812383901 0.66553125 0.6904703126934985 0.6701421880952381 0.6826171876160991 0.6701421880952381 0.6758859374613003 0.6716796880952381 0.6751390625386997 0.678596875 0.6762609374613002 0.690126561904762 0.6803734377708979 0.70011875 0.6871046873065015 0.70473125 0.6938359374613003 0.707035938095238 0.697575 0.6978125000000001 0.7043046873065015 0.69550625 0.7080437498452012 0.688589063095238 0.708792187616099 0.677828125 0.7091656247678019 0.6716796880952381
0 0.6616781250773993 0.678596875 0.6575640625386998 0.683978125 0.6579374996904025 0.6916640630952381 0.6583124996904024 0.70165625 0.6613031250773994 0.70473125 0.6639203126934985 0.707035938095238 0.6654171876160991 0.6939703130952382 0.6642953126934984 0.685515625 0.6616781250773993 0.678596875
2 0.6508343752321981 0.7031937500000001 0.6556953126934985 0.696275 0.6560687498452012 0.685515625 0.6590593752321982 0.6755234369047619 0.659807812383901 0.6693734380952381 0.6579374996904025 0.667835938095238 0.6530765622291022 0.667835938095238 0.6474687498452013 0.6693734380952381 0.6422328123839008 0.6739859369047619 0.6381203126934986 0.672448438095238 0.6310156247678018 0.6693734380952381 0.6254062501547988 0.6716796880952381 0.6242843752321982 0.6809031249999999 0.6261546873065016 0.6908953119047619 0.6313890625386998 0.7039624999999999 0.6347546873065015 0.7139546869047619 0.642607812383901 0.7139546869047619 0.6467203126934985 0.7093421869047619 0.6508343752321981 0.7031937500000001
0 0.6220406247678019 0.6893578130952381 0.6175546873065015 0.684746875 0.6145625003095975 0.6908953119047619 0.6156843752321982 0.69858125 0.6175546873065015 0.706267186904762 0.6205453126934984 0.7101109369047619 0.6231625003095975 0.7039624999999999 0.6242843752321982 0.6978125000000001 0.6220406247678019 0.6893578130952381
0 0.3960390625386997 0.673314063095238 0.38970468730650154 0.673314063095238 0.38834843777089784 0.679825 0.39015781238390096 0.687264061904762 0.3946828123839009 0.683545313095238 0.3960390625386997 0.673314063095238
0 0.3756796873065016 0.686334375 0.37884687492260066 0.681684375 0.3802031250773994 0.6751750000000001 0.37748906253869974 0.66494375 0.37387031269349846 0.6714546880952381 0.3756796873065016 0.677964061904762 0.3756796873065016 0.686334375
2 0.3399359374613003 0.710515625 0.3458171876160991 0.7021453130952381 0.34536562476780186 0.690984375 0.3394828123839009 0.6807546880952381 0.33269687492260064 0.6714546880952381 0.32590937523219815 0.662153125 0.31776562476780185 0.654714061904762 0.3114312501547988 0.6528531249999999 0.3060015622291022 0.6593640619047619 0.3032875003095975 0.6714546880952381 0.30645468730650155 0.6826140630952381 0.3123359374613003 0.6881953119047619 0.31776562476780185 0.6984250000000001 0.3218375003095975 0.70400625 0.3281718749226006 0.7114453119047619 0.3340531250773994 0.7133062499999999 0.3399359374613003 0.710515625
0 0.2856421876160991 0.6826140630952381 0.2897140625386997 0.667734375 0.29288125015479877 0.6528531249999999 0.29604843777089784 0.6407625 0.29242812507739935 0.6305328130952381 0.2851890625386997 0.624021875 0.27795 0.62123125 0.2725203126934984 0.628671875 0.26844843777089783 0.6454125 0.2648281250773994 0.656573436904762 0.26392343777089783 0.673314063095238 0.26890156222910216 0.685404686904762 0.2725203126934984 0.6900546869047619 0.2793078123839009 0.6956343749999999 0.2856421876160991 0.6826140630952381
7 0.6801468749226006 0.9172796869047619 0.6976109374613003 0.8869484380952382 0.6626843752321981 0.8860296869047619 0.6378671876160991 0.882353125 0.609375 0.8943015619047618 0.6020218749226006 0.9108453130952381 0.59375 0.929228125 0.6369484377708978 0.944853125 0.6617640625386997 0.931985936904762 0.6801468749226006 0.9172796869047619
6 0.3642167492260062 0.5523067857142857 0.3615582328173375 0.5596177059523809 0.36288749102167184 0.5655993678571429 0.3642167492260062 0.5689225130952381 0.36687526563467493 0.5715810297619047 0.3701984111455109 0.5715810297619047 0.37219229845201235 0.5695871428571428 0.3775093312693498 0.5669286261904762 0.3795032185758514 0.5662639964285715 0.38548488049535606 0.555629930952381 0.3701984111455109 0.5529714142857143 0.3642167492260062 0.5523067857142857
6 0.34893027987616104 0.7031775928571429 0.34893027987616104 0.7091592547619047 0.3509241671826625 0.7171348035714286 0.36288749102167184 0.714476286904762 0.36753989473684207 0.708494625 0.36554600743034055 0.6965313011904761 0.3562412 0.6958666726190477 0.34893027987616104 0.7031775928571429
