0 0.7912718749226006 0.382975 0.786757812383901 0.3796078130952381 0.7781375003095975 0.393078125 0.7715703126934984 0.4090734380952381 0.7670546873065015 0.4318046869047619 0.7740328123839009 0.455378125 0.7801890625386997 0.45790312499999997 0.7842937498452012 0.45790312499999997 0.7896296873065015 0.4570609380952381 0.7937343752321981 0.45369375 0.7978390625386997 0.4385390630952381 0.8011234377708979 0.4233859369047619 0.8015343752321982 0.4116 0.7978390625386997 0.3947609369047619 0.7912718749226006 0.382975
7 0.7645921876160992 0.318990625 0.7670546873065015 0.31478125 0.7707484377708977 0.316465625 0.7728015622291021 0.3240421880952381 0.7760843752321981 0.33414531309523815 0.7748531250773995 0.316465625 0.7728015622291021 0.3063625 0.7728015622291021 0.29878593809523807 0.7682859374613003 0.29878593809523807 0.7637703126934985 0.3038375 0.7604874996904025 0.3130984380952381 0.7588453126934985 0.3358296880952381 0.7621296873065015 0.324884375 0.7645921876160992 0.318990625
0 0.7604874996904025 0.4595875 0.7625390625386997 0.4654796869047619 0.7641812501547988 0.472215625 0.7621296873065015 0.412440625 0.7563828123839009 0.4031796880952381 0.7530984377708979 0.40654843690476195 0.7502249999999999 0.418334375 0.7502249999999999 0.4292796869047619 0.7473531250773994 0.435171875 0.7444796873065016 0.44527500000000003 0.7440687498452013 0.4528515619047619 0.7494046873065016 0.455378125 0.7543296873065016 0.45790312499999997 0.7604874996904025 0.4595875
2 0.7535093752321982 0.483159375 0.7596656247678019 0.48231874999999996 0.7608984377708978 0.46800625 0.7563828123839009 0.45622031190476187 0.7506359374613003 0.455378125 0.7436578123839009 0.45453593809523807 0.738732812383901 0.4595875 0.7346281250773994 0.4730578119047619 0.734217187616099 0.48231874999999996 0.7416062501547988 0.489053125 0.749815624767802 0.489053125 0.7535093752321982 0.483159375
2 0.6866031250773994 0.511784375 0.6993281250773994 0.509259375 0.7042531250773995 0.509259375 0.711642187616099 0.5143093750000001 0.7202609374613004 0.509259375 0.7243656247678019 0.4983140619047619 0.7251875003095976 0.48568593690476186 0.7231343752321981 0.4696890630952381 0.7198515622291022 0.4570609380952381 0.7182093752321981 0.4461171869047619 0.7141046873065016 0.449484375 0.7100000000000001 0.45790312499999997 0.7058953126934984 0.4612703130952381 0.6993281250773994 0.4688484369047619 0.6927609374613003 0.4688484369047619 0.6882453126934985 0.4814765630952381 0.6845515622291021 0.48568593690476186 0.6816781250773994 0.4983140619047619 0.6759312501547988 0.5067328130952381 0.6866031250773994 0.511784375
0 0.4698765622291022 0.4654796869047619 0.47234062476780186 0.4612703130952381 0.47151874984520126 0.4444328130952381 0.47192968730650153 0.4259109380952381 0.47192968730650153 0.40402187500000003 0.45879531269349844 0.393078125 0.45879531269349844 0.40738906190476193 0.45797343777089783 0.424228125 0.45797343777089783 0.4528515619047619 0.4629 0.46800625 0.4698765622291022 0.4654796869047619
0 0.21424531269349845 0.4131328119047619 0.21187031269349843 0.42565781190476193 0.21492343777089784 0.43470312499999997 0.22035156222910215 0.445834375 0.22611874984520125 0.43609375 0.22679687492260062 0.4235703119047619 0.22747499999999998 0.40895937499999996 0.22035156222910215 0.406175 0.21424531269349845 0.4131328119047619
2 0.2963390625386997 0.5835984380952381 0.29769531269349847 0.59264375 0.29023091021671826 0.6034801333333334 0.30108749969040244 0.612821875 0.3088890625386997 0.616996875 0.31431718761609906 0.6239546880952381 0.3194062501547988 0.62465 0.32449374984520124 0.6225625 0.3277607690402477 0.6345048166666667 0.3322968749226006 0.6163015630952381 0.33365312507739936 0.612126561904762 0.3370453126934984 0.606559375 0.3407765622291022 0.6016890630952381 0.34179531269349844 0.591948436904762 0.3390812501547988 0.5808156250000001 0.33467187492260064 0.5766421869047619 0.32822500000000004 0.5717703119047619 0.3211015622291022 0.5689875 0.31499531269349845 0.5669000000000001 0.3075328123839009 0.564117188095238 0.30108749969040244 0.565509375 0.2980343752321981 0.5717703119047619 0.2963390625386997 0.5835984380952381
7 0.2879375003095975 0.7360734369047619 0.28376718761609904 0.7508062499999999 0.2835343752321981 0.7607859369047619 0.28562031269349847 0.772667188095238 0.2897906247678019 0.7812203130952381 0.29720468730650157 0.783121875 0.3034609374613003 0.7783687499999999 0.30763125015479875 0.768389061904762 0.31064374984520127 0.756509375 0.3120343752321981 0.74938125 0.3101796873065016 0.743203125 0.30763125015479875 0.7489046869047619 0.3050828123839009 0.7555578130952381 0.3018390625386997 0.7631625000000001 0.29697343777089785 0.7631625000000001 0.29488750030959754 0.7550828130952381 0.2953515622291022 0.746529688095238 0.29743750030959754 0.734648438095238 0.2992906247678018 0.7260937500000001 0.29349843777089785 0.7246687500000001 0.2879375003095975 0.7360734369047619
7 0.24854843777089783 0.73845 0.2478531250773994 0.7479546869047619 0.249475 0.7555578130952381 0.2550359374613003 0.7612609369047619 0.2605968749226006 0.7645875000000001 0.26592656222910216 0.758409375 0.2698640625386997 0.74938125 0.2731078123839009 0.7403515619047619 0.27449843777089783 0.727520311904762 0.2710234377708978 0.73655 0.26337656222910216 0.7422515630952381 0.26036562476780184 0.7351234369047619 0.2601328123839009 0.7251437500000001 0.26106093746130027 0.7156390630952381 0.26175468730650153 0.706609375 0.2580484377708978 0.7161140630952381 0.25526718761609907 0.7232437500000001 0.25202343777089786 0.730846875 0.24854843777089783 0.73845
0 0.7837515622291021 0.5593250000000001 0.7868109374613003 0.5551421869047619 0.7873203126934984 0.549915625 0.784517187616099 0.5420734380952381 0.7804390625386997 0.5415515630952381 0.7766156247678019 0.5457328130952381 0.7727937498452012 0.544165625 0.7694796873065015 0.536846875 0.7646375003095975 0.527959375 0.7620890625386998 0.531096875 0.7610687498452012 0.541028125 0.7610687498452012 0.5514828130952381 0.7638718749226007 0.5624609380952381 0.767440624767802 0.570303125 0.7707546873065015 0.57239375 0.7753421876160991 0.5744843749999999 0.7791640625386996 0.56925625 0.7837515622291021 0.5593250000000001
9 0.2887297157894737 0.6014785404761905 0.28622772507739935 0.6094849107142858 0.28322533622291024 0.6229956607142858 0.27822135479876164 0.6395087988095238 0.27421817027863776 0.6595247226190476 0.26971458699690404 0.682042638095238 0.26421020743034057 0.7010577666666666 0.26421020743034057 0.7175709047619048 0.26671219814241487 0.7285796642857143 0.2732173739938081 0.735585236904762 0.27822135479876164 0.7235756821428572 0.28322533622291024 0.707062544047619 0.2887297157894737 0.6890482119047618 0.29223250216718266 0.677539055952381 0.2967360854489164 0.6690322869047619 0.30374165944272447 0.662527111904762 0.3077448439628483 0.6685318892857143 0.30424205758513934 0.707062544047619 0.301740066873065 0.7646083285714286 0.31725240866873067 0.7290800619047618 0.3297623616099071 0.6420107892857143 0.3262595746130031 0.6295008357142857 0.32225638947368423 0.6269988452380952 0.31575121424148606 0.6244968547619048 0.3117480291021672 0.6214944654761905 0.3077448439628483 0.6174912809523809 0.30374165944272447 0.6119869011904762 0.29923807616099074 0.6104857071428571 0.2887297157894737 0.6014785404761905
2 0.6395087981424148 0.5008985190476191 0.6390084 0.5074036940476191 0.6395087981424148 0.5174116571428571 0.6415103907120744 0.522415638095238 0.6450131777089784 0.5244172309523809 0.6555215380804954 0.5219152392857143 0.6675310928792569 0.5154100642857143 0.6680314910216718 0.504401305952381 0.664028305882353 0.4988969261904762 0.6595247232198141 0.4903901583333333 0.6500171585139318 0.48788816785714284 0.6460139739938081 0.48788816785714284 0.6380076037151703 0.49589453809523815 0.6395087981424148 0.5008985190476191
2 0.6064825219814242 0.5049017035714286 0.6044809300309598 0.5139088702380952 0.6074833182662539 0.522415638095238 0.6119869015479876 0.5244172309523809 0.6295008359133127 0.5184124535714285 0.6330036229102167 0.5104060833333334 0.632002826625387 0.5023997130952381 0.6249972526315789 0.4978961297619048 0.6199932712074303 0.49689533333333336 0.6114865034055728 0.5023997130952381 0.6064825219814242 0.5049017035714286
