2 0.3344398487046192 0.5213597162325 0.3468933814533557 0.5409765066648204 0.316650109637294 0.5601743756023895 0.3041966427423404 0.5405576429911106
2 0.40035862223476215 0.5087623849204435 0.4298151041695064 0.5169827039779751 0.41646037940972747 0.5648335182060756 0.38700391076724827 0.5566132325687396
2 0.4444375051400584 0.5650046875 0.4393374968403805 0.5650046875 0.4393375077760311 0.541571875 0.44443749588822357 0.541571875
2 0.4542323187240527 0.5727047096095939 0.44624114278508387 0.5728165929055182 0.4457610443523663 0.5385275317881706 0.45375217417551994 0.5384156488139129
2 0.48156094596708954 0.57541875 0.4733421813324412 0.57541875 0.47334219906474573 0.5514656249999998 0.48156092973999876 0.5514656249999998
2 0.49712134800688546 0.5148898684415576 0.526140947356339 0.5166441670823193 0.5217103220234094 0.589928877150977 0.4926907236243778 0.5881745894130939
2 0.5199033165517903 0.5303692060744656 0.5285615606090914 0.5296444759699107 0.531158823431042 0.5606708263178201 0.5225005796083906 0.5613955545494961
2 0.7144952742647774 0.5113687063646903 0.7144953364097546 0.5358437443490975 0.688142191519205 0.5358437537284826 0.688142180816044 0.5113687670532557
2 0.6527187255630906 0.5801045991793106 0.659620446697204 0.6050489529542613 0.6291270174323245 0.6134850125447154 0.6222253800802946 0.5885407306137196
0 0.35947834069816054 0.6387006985956938 0.34820546927835494 0.6375136464236768 0.35122733918535687 0.6088201478694223 0.362500149433572 0.6100071967978136
2 0.25387851147308993 0.5041557992287329 0.2580238785816391 0.5354308406130079 0.21200124656286334 0.5415302793530247 0.2078560074305642 0.5102553536779505
2 0.29889705830191815 0.5092270908878578 0.31006460291746407 0.5423541368139689 0.2617862992231039 0.5586277576024642 0.2506189160297936 0.5255008487268363
2 0.3538078080783862 0.5426148982750539 0.38413479665325667 0.5255575656514687 0.4006646408661254 0.5549441074495497 0.3703376875030244 0.5720013918228211
2 0.6684567142867763 0.5073067328199515 0.6799192502575124 0.5452477206563228 0.6260407737875084 0.561523531814752 0.6145784407265182 0.5235827164392308
7 0.31955543243566353 0.7604377906818399 0.29707009387436756 0.8036716114569912 0.25733846307912245 0.7830112784647534 0.2798238304487768 0.7397776850646135
9 0.3876331844926426 0.40158624569134693 0.3942094141399366 0.40101862863800475 0.4033992029261526 0.5074822449587142 0.39682297381580156 0.508049857812576
9 0.3933238453125796 0.3980418437499957 0.40013617681483993 0.39748416023671834 0.4094556004838523 0.511317966522861 0.40264326952262763 0.5118756456253878