0 0.20507343777089784 0.467140625 0.20395312507739938 0.4760640619047619 0.20470000000000002 0.48567499999999997 0.20470000000000002 0.495971875 0.20581874984520124 0.500778125 0.21141718761609907 0.496659375 0.21664062476780188 0.4891078130952381 0.21850625015479874 0.48155625 0.21887968730650156 0.47537812500000004 0.21626718761609906 0.46439375 0.21440156222910217 0.45821562499999996 0.20917812507739938 0.4527234380952381 0.2069390625386997 0.460275 0.20507343777089784 0.467140625
0 0.3282125003095975 0.505582811904762 0.3278390625386997 0.517940625 0.3315718749226006 0.5145078130952381 0.3356765622291022 0.508329688095238 0.3353031250773994 0.5028375 0.3338093752321981 0.4980328119047619 0.3300781250773994 0.4952859380952381 0.3282125003095975 0.505582811904762
0 0.39649999999999996 0.46508125 0.39463437523219813 0.4746921880952381 0.3920218749226006 0.4822421880952381 0.39015625015479877 0.48979375 0.39015625015479877 0.4973453119047619 0.39090156222910216 0.5042109380952381 0.39276874984520127 0.5117625 0.3942609374613003 0.518626561904762 0.3957531250773994 0.522059375 0.39911093746130033 0.521371875 0.4024703126934984 0.5103890619047619 0.4020968749226006 0.500092188095238 0.4032156247678018 0.4849890619047619 0.40135 0.4719453130952381 0.3987390625386997 0.4595890630952381 0.39649999999999996 0.46508125
2 0.4043359374613003 0.5227453130952381 0.40769374984520124 0.5289234380952381 0.4125453126934984 0.521371875 0.4177687498452013 0.511075 0.4192609374613003 0.5035234369047619 0.4192609374613003 0.49391250000000003 0.4192609374613003 0.484303125 0.41478437523219813 0.47537812500000004 0.41105312507739933 0.47537812500000004 0.40582812507739935 0.4788109380952381 0.4039624996904025 0.4980328119047619 0.4035890625386997 0.5117625 0.4043359374613003 0.5227453130952381
2 0.5174734377708978 0.4924390630952381 0.5146703126934984 0.4793109380952381 0.5103374996904024 0.4849375 0.5080437498452012 0.4905640630952381 0.504475 0.498534375 0.5024359374613003 0.5041609380952381 0.5003968749226007 0.51025625 0.5001421876160991 0.517759375 0.5029468749226006 0.5266671880952382 0.5065140625386997 0.53229375 0.5082984377708978 0.5365140630952381 0.5123765622291022 0.543078125 0.5167093752321982 0.544015625 0.5215515622291022 0.5393265619047619 0.5223156247678018 0.5280734369047619 0.5212968749226006 0.519165625 0.5215515622291022 0.506975 0.5174734377708978 0.4924390630952381
2 0.5184937498452012 0.4924390630952381 0.5200218749226007 0.506975 0.5230812501547988 0.5186968750000001 0.5248640625386997 0.5252609369047618 0.5274140625386997 0.5266671880952382 0.5325109374613003 0.5261984369047619 0.5373531250773994 0.522446875 0.5383734377708979 0.5186968750000001 0.5358234377708979 0.5046296880952381 0.5353140625386996 0.496190625 0.5317468749226006 0.4886875 0.5284328123839009 0.48353124999999997 0.5241 0.48353124999999997 0.5197671876160991 0.48634375 0.5184937498452012 0.4924390630952381
0 0.5488218749226006 0.4704015630952381 0.5449999999999999 0.47743437499999997 0.5427062501547988 0.48353124999999997 0.5416859374613002 0.4896265630952381 0.5421953126934985 0.496190625 0.5439796873065016 0.5027546869047619 0.5462734377708978 0.506975 0.5490765622291022 0.510725 0.5516265622291021 0.51119375 0.5500968749226006 0.5022859380952381 0.5495875003095975 0.4943140630952381 0.5503515622291022 0.4896265630952381 0.5516265622291021 0.48540625 0.5521359374613003 0.4807171869047619 0.5513703126934985 0.474153125 0.5513703126934985 0.4713390619047619 0.5488218749226006 0.4704015630952381
0 0.6028249999999999 0.46569375 0.5979796873065015 0.45755624999999994 0.5948203126934984 0.45058125 0.5901875003095975 0.45096875000000003 0.5876593752321981 0.45406875 0.5857640625386997 0.45833124999999997 0.5838671876160991 0.46646875 0.5821828123839009 0.47693125000000003 0.5815515622291022 0.48506875 0.5823937498452013 0.49553125 0.5855531250773994 0.50638125 0.5885015622291022 0.50638125 0.5925031250773994 0.50560625 0.5979796873065015 0.50173125 0.6024031250773993 0.49708125 0.6080906247678018 0.48933125 0.6070375003095975 0.48468125 0.6053531250773994 0.47538125 0.6028249999999999 0.46569375
2 0.6960937498452012 0.501715625 0.6930093752321982 0.49887812499999995 0.6920843752321981 0.4909359380952381 0.6905421876160991 0.4767515619047619 0.689617187616099 0.4682421880952381 0.686225 0.463703125 0.6815984377708978 0.4614328130952381 0.6772812501547988 0.46256875 0.6735812501547987 0.46597187500000004 0.6701890625386997 0.46597187500000004 0.6667968749226006 0.46256875 0.6609374996904025 0.45973125 0.6532265622291022 0.463703125 0.6501437498452013 0.4716453130952381 0.6479843752321982 0.4880984369047619 0.6479843752321982 0.501146875 0.6498343752321981 0.5147640630952381 0.6544609374613003 0.523840625 0.6600125003095976 0.531784375 0.6646375003095975 0.534053125 0.6741984377708978 0.534053125 0.6785156247678019 0.53065 0.682215624767802 0.533485936904762 0.686225 0.5346203119047619 0.6865328123839008 0.5278125 0.689925 0.5244078119047619 0.6927015622291022 0.5210046869047619 0.6960937498452012 0.5198703119047619 0.6994859374613003 0.5176 0.7004109374613002 0.5113593750000001 0.6997937498452012 0.50285 0.6960937498452012 0.501715625
0 0.7041109374613003 0.46029843809523807 0.7041109374613003 0.453490625 0.7004109374613002 0.44100937500000004 0.6942437498452012 0.443278125 0.6917765622291021 0.4517890630952381 0.6893093752321982 0.46313593690476185 0.6923921876160991 0.479021875 0.6942437498452012 0.476184375 0.6960937498452012 0.47051093809523814 0.6994859374613003 0.46427031190476187 0.7041109374613003 0.46029843809523807
9 0.6763562501547988 0.46200156190476194 0.6732718749226007 0.4427109369047619 0.6735812501547987 0.4211515619047619 0.6732718749226007 0.400728125 0.6701890625386997 0.4012953130952381 0.6686468749226006 0.43022968690476193 0.6689546873065016 0.44951875 0.6701890625386997 0.4654046869047619 0.6763562501547988 0.46200156190476194
9 0.686225 0.42512343809523806 0.6815984377708978 0.4427109369047619 0.6754312501547988 0.45576093809523804 0.684375 0.4614328130952381 0.686225 0.44725 0.689925 0.4290953119047619 0.6908515622291022 0.418315625 0.691467187616099 0.4103734369047619 0.687767187616099 0.41207499999999997 0.686225 0.42512343809523806
9 0.6985609374613002 0.4041328130952381 0.6837578123839009 0.46200156190476194 0.689 0.46427031190476187 0.6985609374613002 0.4041328130952381
0 0.7056531250773994 0.502282813095238 0.7078125003095975 0.51533125 0.7130546873065016 0.5176 0.7189140625386997 0.507389061904762 0.7226156247678018 0.49887812499999995 0.7250812501547989 0.4880984369047619 0.7244656247678019 0.4767515619047619 0.7207640625386997 0.47051093809523814 0.7149046873065015 0.46256875 0.7105875003095976 0.45973125 0.7075031250773994 0.4767515619047619 0.7071953126934984 0.4858296869047619 0.7056531250773994 0.502282813095238
0 0.729090624767802 0.604971875 0.7284750000000001 0.5981625 0.7247734377708979 0.5902203119047619 0.7189140625386997 0.584546875 0.7189140625386997 0.597028125 0.7195312501547988 0.6061062500000001 0.7223062501547988 0.61348125 0.7238484377708979 0.6180203130952381 0.726007812383901 0.61348125 0.729090624767802 0.604971875
2 0.7173894253869969 0.6422645738095238 0.7258541975232199 0.6253350297619048 0.7178749999999999 0.609892188095238 0.7191062501547988 0.598565625 0.7162328123839009 0.58799375 0.7092546873065015 0.5796875 0.7035078123839009 0.5781765630952381 0.6944781250773994 0.577421875 0.6883218749226007 0.5864828119047619 0.6829843752321981 0.589503125 0.6735437498452013 0.5932796880952381 0.664925 0.6015859369047619 0.6641031250773993 0.6219734380952381 0.6673874996904025 0.626504686904762 0.6719031250773994 0.6317906249999999 0.6782398551083592 0.6475550559523809 0.697814640247678 0.6512583940476191 0.7173894253869969 0.6422645738095238
9 0.7092546873065015 0.6370765619047619 0.7047390625386997 0.6484031250000001 0.7096656247678018 0.6582203119047619 0.7158218749226006 0.6763437499999999 0.728957812383901 0.71863125 0.7240312501547987 0.6884265619047619 0.7178749999999999 0.665771875 0.7121281250773993 0.6506687499999999 0.7092546873065015 0.6370765619047619
9 0.6998140625386997 0.69295625 0.6948890625386998 0.6740781250000001 0.6944781250773994 0.653689063095238 0.6875 0.6544453130952381 0.6916046873065015 0.68011875 0.6994031250773994 0.70579375 0.7072031250773994 0.7269375 0.7191062501547988 0.746570313095238 0.7055609374613003 0.7141000000000001 0.6998140625386997 0.69295625
0 0.5865250000000001 0.615178125 0.5857046873065015 0.598565625 0.5803687498452013 0.5819515630952381 0.5762640625386997 0.592523436904762 0.5758531250773994 0.6076265619047619 0.5758531250773994 0.62121875 0.5791375003095975 0.629525 0.5816 0.633301563095238 0.5848843752321982 0.626504686904762 0.5865250000000001 0.615178125
6 0.29679606749226006 0.6126378726190477 0.294150826625387 0.613695969047619 0.28674415108359136 0.6184574023809524 0.28251176470588235 0.6253350297619048 0.28833129535603713 0.6274512226190476 0.29626701919504644 0.6274512226190476 0.3004994055727554 0.6258640785714286 0.30367369473684214 0.6263931261904762 0.3089641770897833 0.6279802714285714 0.31002227368421054 0.6189864511904762 0.30367369473684214 0.6142250166666667 0.29679606749226006 0.6126378726190477
6 0.3639851950464396 0.5999407142857143 0.3576366160990712 0.6062892928571428 0.35710756780185754 0.6094635821428571 0.3576366160990712 0.6126378726190477 0.3629270984520124 0.6110507273809523 0.36927567739938083 0.6105216785714286 0.3840890284829721 0.6094635821428571 0.38937951083591327 0.602585955952381 0.3750952086687307 0.5978245214285715 0.3639851950464396 0.5999407142857143
6 0.6343288501547987 0.6078764380952381 0.6248059820433436 0.6084054857142858 0.6205735956656346 0.6216316928571428 0.6237478854489165 0.6263931261904762 0.6348578984520123 0.6306255130952381 0.6507293461300309 0.629038367857143 0.6581360216718266 0.6253350297619048 0.6602522142414862 0.6110507273809523 0.642264573993808 0.6094635821428571 0.6343288501547987 0.6078764380952381
10 0.5577402340557276 0.4527377940476191 0.5945592712074304 0.4486467892857143 0.5836499269349845 0.280915619047619 0.5781952544891641 0.26864260595238093 0.5659222421052632 0.319098325 0.5563765659442724 0.4527377940476191 0.5577402340557276 0.4527377940476191
13 0.19773186749226007 0.4977388392857143 0.31364365201238387 0.5072845154761905 0.3981910718266254 0.5045571797619047 0.5168301919504644 0.49910250714285714 0.6900160352941176 0.5031935119047619 0.760926773993808 0.48001115476190476 0.7622904421052632 0.44319211785714285 0.7241077362229102 0.4418284488095238 0.642287653250774 0.4527377940476191 0.5713769145510836 0.45410146190476186 0.5195575281733746 0.4595561345238095 0.44319211764705885 0.4513741261904762 0.3790997188854489 0.4513741261904762 0.31091631640866874 0.4663744738095238 0.2018228718266254 0.45410146190476186 0.19773186749226007 0.4977388392857143
13 0.3995547399380805 0.660015338095238 0.5291032049535603 0.6559243333333333 0.6068322835913312 0.6641063416666667 0.6927433708978328 0.6586516702380951 0.7363807486068111 0.6300146404761905 0.7868364668730651 0.5836499273809523 0.7704724501547987 0.5550128976190476 0.7186530643962848 0.6081959523809524 0.616377960371517 0.6300146404761905 0.5100118520123839 0.6150142916666667 0.380463386996904 0.6300146404761905 0.27000627430340557 0.6272873047619048 0.22636889659442722 0.5863772630952381 0.2127322160990712 0.624559969047619 0.2795519510835913 0.6831976952380953 0.3995547399380805 0.660015338095238
