11 0.24891411011276432 0.5593870215256063 0.29813496470171685 0.5673987462460565 0.2758651764122533 0.7041996096583555 0.22664434766454633 0.6961879914859311
7 0.26285408584078596 0.7076840545797555 0.2501424000976158 0.701409572243284 0.2626371177850615 0.6760998742341895 0.27534874024854616 0.6823743379841855
2 0.28354259350521716 0.5916505144728944 0.3034095916611932 0.5714601889804408 0.3423051107812398 0.6097287153182359 0.32243821381882753 0.6299189401241413
2 0.3378481789580974 0.6132592726483345 0.37441981853817197 0.5970791508656357 0.3972967235154101 0.648781321645696 0.36072513674537277 0.6649613552332084
2 0.3963684692583911 0.6194660449714201 0.41763613200532745 0.6179994885726131 0.42057302976752453 0.6605844885880119 0.39930536766405567 0.662051038887761
2 0.4754924575449877 0.5892525801090921 0.45880374375565225 0.5882990345367106 0.46098989240067567 0.5500425009741013 0.4776784953821789 0.5509960433709716
2 0.38417938002942265 0.5867947839721781 0.3807317766132883 0.5523215671175051 0.4074995482880013 0.5496448436888215 0.4109472227559081 0.5841179801208578
2 0.3742549916897815 0.5550691615772921 0.3706220807129057 0.5895796710083465 0.3336627514131578 0.5856892470225794 0.3372957602775841 0.5511788488807552
2 0.28555460248810505 0.5438863986691176 0.29959782919718236 0.5255993165538905 0.33466666688264013 0.5525273723964053 0.3206235142630476 0.5708143868469153
2 0.52147115625 0.5556508421874999 0.5459512015625 0.5556508421874999 0.5459512015625 0.5958350671875 0.52147115625 0.5958350671875
2 0.5725109632022622 0.6130286265872137 0.5524788495872599 0.617863446145661 0.5431170197176698 0.5790785212901276 0.5631489949356592 0.5742437191257342
2 0.5703951408987677 0.604936403291243 0.5727149688226518 0.5689842791329832 0.5981915157035473 0.5706280064913103 0.5958717746032107 0.6065800486845639
2 0.5955921433862841 0.5814129848712483 0.6073737011777212 0.5687912375491117 0.6238140759478483 0.5841356681590015 0.6120325440751913 0.5967573902835077
2 0.6513042566161857 0.6030654757440519 0.6262210447007419 0.5898651620549231 0.6432475839405924 0.5575148558926114 0.6683306625902787 0.5707151267887979
2 0.7021987604560991 0.5495422766265649 0.715168447712017 0.5687546719934343 0.6830062630743896 0.5904641218520822 0.6700366485684981 0.5712517910937226
2 0.5975096347400495 0.6689654360542134 0.5802155778743554 0.6683003652190105 0.5814544584538908 0.6360910260277973 0.5987484055657433 0.6367560947621802
2 0.6402400190978597 0.6128957554079366 0.6658965629675322 0.6408811654619223 0.6288535800071031 0.6748370812272954 0.6031971778033949 0.6468518085070564
2 0.6958912452013237 0.6094430614903594 0.7031606779094091 0.6312486054576202 0.6558071707264617 0.6470330700711767 0.6485378606614631 0.6252276304169717
11 0.7759246849484498 0.6839319334594994 0.7174425950872774 0.6961141270060961 0.693874096619993 0.5829817400680812 0.7523549110451313 0.5707996844895721
7 0.6644284227714934 0.7998313025820676 0.6445315259097697 0.800801702625378 0.6420597199428357 0.7501273818355184 0.6619563775582264 0.7491569876588332
7 0.6726057906233791 0.7957367452162981 0.6726058656785199 0.7563629484022568 0.6929958071151532 0.7563630188248603 0.6929958270943644 0.7957367203266772