1 0.5723975536545822 0.46760830690615784 0.6034652664613986 0.46652370236281043 0.6053487304531018 0.5204702741735283 0.5742810178647915 0.5215548743168544
2 0.5781250783431915 0.5379796875 0.5461952080399897 0.5379796875 0.5461953888358266 0.4752609374999999 0.5781249501454795 0.4752609374999999
2 0.5626890720352549 0.5567315869306196 0.5932573449580332 0.5643462162960559 0.5808841084669893 0.6140123830560549 0.5503158483891184 0.6063977884974235
1 0.5710480644754625 0.5351412536918232 0.628312448996553 0.5264192263445326 0.6393173715806597 0.5986651419190373 0.5820529990046452 0.607387114262153
1 0.6340414300439079 0.42956451335205764 0.6822374054753482 0.42529139588820747 0.687382932909145 0.48332364202591255 0.6391869597709956 0.4875967422172836
2 0.6172119974465886 0.5077775511069212 0.6692126701957477 0.5003221068405073 0.6800071205258291 0.5756054041032669 0.6280064580986391 0.5830608014210048
1 0.35725574197226706 0.4910532847787904 0.3179027140886319 0.4876642355212442 0.32283627435208473 0.4303825060364319 0.3621889838068455 0.43377154142855895
1 0.3993097254174245 0.46368150891818377 0.4269381743001759 0.4673841289928914 0.4187225705779838 0.5286833637268663 0.39109412522373077 0.5249807609729328
2 0.36129726928049877 0.5309385062414052 0.4033013326526316 0.531522400649159 0.4022573402180569 0.6066177162974713 0.3602532769197069 0.6060338256909631
11 0.762004112896193 0.5398703665094947 0.7333866770395616 0.6114100606795625 0.655410496334639 0.5802204304837031 0.6840281249999407 0.5086812500000324
2 0.3570124611644587 0.5571271084575855 0.3195458784149423 0.5455313113545159 0.3300555262027274 0.5115774661684613 0.3675219079547105 0.523173229981973
3 0.4040834760751295 0.34870560073812606 0.4196524768776726 0.349063489328968 0.41697725770018224 0.46543634875723666 0.40140825698745175 0.4650784627523068
9 0.6583335322059156 0.6749999121423368 0.6528769748083505 0.6774042048955539 0.625793504705598 0.6159459442454384 0.6312500000000227 0.6135416671874776
9 0.6260417987411984 0.6968749778511754 0.6201867908409895 0.6978607469737697 0.6074263296372919 0.622079511648899 0.61328125 0.6210937499999968
9 0.3478515455003617 0.35416666618756676 0.3524312950235071 0.3544360502089217 0.3482646447364459 0.4252693828858992 0.3436848953124354 0.4249999999999982
9 0.5777624597329805 0.3730817682420762 0.587854588949881 0.37260400423644163 0.5923837823295344 0.4682722396092068 0.5822916533264788 0.46875000065617894
9 0.660677125367215 0.43281449051570753 0.654125695198104 0.4338185374693207 0.6382403151548033 0.33017070806320553 0.6447916671875191 0.32916666718750076
9 0.6094042960967272 0.61297394761809 0.6119148485332744 0.612394663737616 0.6320868769557819 0.6998069009294797 0.6295763262654646 0.7003861796178531