2 0.2856640625386997 0.46075625000000003 0.28707656222910216 0.4731109369047619 0.28954843777089784 0.4796515619047619 0.29696250030959753 0.4905515619047619 0.30261249969040244 0.49200625000000003 0.3061437498452012 0.49636562500000003 0.31108750030959753 0.5050875 0.31638437523219815 0.50799375 0.3276843752321982 0.4956390630952381 0.3283890625386997 0.4840109369047619 0.32733125015479875 0.46802343809523805 0.3262718749226006 0.4563953130952381 0.32415312507739935 0.4484015619047619 0.3125 0.430959375 0.30685 0.42732499999999995 0.30437812507739936 0.4265984380952381 0.29766874984520125 0.4265984380952381 0.29484531269349845 0.42950625000000003 0.2899015622291021 0.43386562500000003 0.28848906253869966 0.4396796880952381 0.28601718761609907 0.45130781190476194 0.2856640625386997 0.46075625000000003
2 0.38594687492260066 0.5850296869047619 0.38206250030959754 0.5763078119047619 0.3802968749226006 0.572675 0.3774718749226006 0.5712203130952381 0.37146874984520123 0.569040625 0.36475937523219815 0.5719484380952381 0.35840468730650155 0.5697671880952381 0.3555796873065016 0.5763078119047619 0.35204843777089784 0.5864828119047619 0.3488703126934985 0.5995640619047619 0.34816406253869964 0.610465625 0.34957656222910216 0.6206390619047619 0.35593281238390095 0.636628125 0.36581874984520124 0.6475296869047619 0.3725281250773994 0.64825625 0.3810031250773994 0.646075 0.38771249969040245 0.6409890630952381 0.39406718761609905 0.636628125 0.40007031269349846 0.626453125 0.40254218761609906 0.614825 0.40254218761609906 0.6046515619047619 0.3990109374613003 0.5988375 0.3908890625386997 0.595929688095238 0.38594687492260066 0.5850296869047619
2 0.37782499999999997 0.49927343809523805 0.3760593752321981 0.49927343809523805 0.3686437498452012 0.502179688095238 0.36829062476780183 0.506540625 0.36687812507739936 0.516715625 0.3661718749226006 0.524709375 0.36758437523219817 0.5297968750000001 0.37040937523219813 0.5406984380952381 0.37429374984520125 0.5501453130952382 0.3767656247678019 0.5552328119047619 0.38312187492260064 0.5566859380952381 0.389125 0.555959375 0.39194843777089783 0.550871875 0.39583281238390094 0.5436046869047618 0.3990109374613003 0.5356109369047619 0.40007031269349846 0.524709375 0.39830468730650154 0.51308125 0.39406718761609905 0.5072671880952381 0.38771249969040245 0.503634375 0.38206250030959754 0.500726561904762 0.37782499999999997 0.49927343809523805
2 0.4134890625386997 0.498546875 0.40360156222910215 0.5014531249999999 0.3993640625386997 0.50799375 0.39795156222910216 0.51816875 0.3972453126934985 0.533429688095238 0.3965390625386997 0.55450625 0.39830468730650154 0.563226561904762 0.4092515622291022 0.57049375 0.41454843777089784 0.5683140619047619 0.4180796873065016 0.55450625 0.4191390625386997 0.54941875 0.42266874984520125 0.54941875 0.42619999999999997 0.53924375 0.42796562476780187 0.533429688095238 0.42831874984520124 0.524709375 0.42831874984520124 0.5152609369047619 0.42831874984520124 0.5087203130952381 0.4269062501547987 0.502179688095238 0.4159609374613003 0.498546875 0.4134890625386997 0.498546875
2 0.4332625003095975 0.6126453119047619 0.43008437523219817 0.605378125 0.42796562476780187 0.6031984380952381 0.4230218749226006 0.603925 0.4159609374613003 0.597384375 0.4138421876160991 0.595929688095238 0.4113703126934985 0.595929688095238 0.40889843777089785 0.595929688095238 0.4064265622291022 0.595929688095238 0.40360156222910215 0.595929688095238 0.39830468730650154 0.60174375 0.39583281238390094 0.6184593749999999 0.39583281238390094 0.624273438095238 0.39830468730650154 0.6489828119047619 0.40007031269349846 0.6511625 0.40677968730650155 0.658429688095238 0.41419531269349846 0.6613375 0.4191390625386997 0.65915625 0.4251406247678019 0.654796875 0.42937812507739936 0.6468015619047619 0.43396874984520123 0.6337203130952381 0.43432187492260066 0.625 0.4332625003095975 0.6126453119047619
2 0.6860875003095975 0.4324125 0.6800843752321981 0.43459374999999995 0.6744343752321982 0.43677343809523805 0.6673734377708979 0.438953125 0.6641953126934984 0.4484015619047619 0.6634890625386998 0.45566875 0.6620765622291023 0.4738375 0.6631359374613004 0.48982499999999995 0.6663140625386997 0.5 0.6730218749226006 0.5109015619047619 0.6818500000000001 0.516715625 0.6875 0.50799375 0.6927968749226006 0.49636562500000003 0.6991531250773995 0.5 0.7026843752321982 0.500726561904762 0.7076265622291021 0.4811046869047619 0.7076265622291021 0.4709296880952381 0.7072734377708978 0.45857499999999995 0.7062140625386997 0.4469484380952381 0.7026843752321982 0.43677343809523805 0.6988 0.4324125 0.6913843752321981 0.430959375 0.6860875003095975 0.4324125
11 0.7018229164086687 0.6223958333333334 0.7734375003095975 0.5833333333333334 0.7682291665634675 0.5325520833333334 0.770833333126935 0.53125 0.703125 0.53515625 0.7018229164086687 0.6223958333333334
11 0.2213541665634675 0.6119791666666666 0.29817708359133127 0.6197916666666666 0.30208333312693497 0.5611979166666666 0.29557291640866873 0.5143229166666666 0.22265625015479878 0.5546875 0.2213541665634675 0.6119791666666666
0 0.6992187498452012 0.5768229166666666 0.7330729164086687 0.58203125 0.7369791665634675 0.5325520833333334 0.7213541665634675 0.5221354166666666 0.6953124996904025 0.5455729166666666 0.6992187498452012 0.5768229166666666
9 0.4674479164086688 0.5169270833333334 0.45963541671826624 0.4153645833333333 0.4505208334365325 0.4192708333333333 0.447916666873065 0.5169270833333334 0.4674479164086688 0.5169270833333334
