2 0.3166710397118777 0.5696074635379227 0.27008335977620845 0.5612429425234254 0.28190243607105003 0.49542170770011146 0.32848961936701926 0.5037861828689043
2 0.3608908238386448 0.5948434890704725 0.3173741470296818 0.586685889511962 0.32551890638274017 0.5432429771096713 0.36903525650495794 0.551400545123
2 0.6801927878384504 0.5354054090588038 0.6753029564241615 0.6092863018976112 0.6196058240603861 0.6056000214926942 0.6244959861941197 0.5317194847586378
2 0.6808478237685449 0.5760028333874485 0.6611520944633185 0.5178743631986962 0.7241460720390478 0.4965318847546138 0.7438419597109487 0.5546600410934985
11 0.27857910827526666 0.28913139794423903 0.326328975030151 0.2949031378814884 0.3109790074264538 0.4218895349232705 0.2632291474031945 0.416117835095473
11 0.7290185250020613 0.48768795963417116 0.8028438042673542 0.4880891480539292 0.8022335021872777 0.6003851896229999 0.7284082228769648 0.5999840049301288
9 0.28229159863622044 0.558333316611221 0.2888746429372304 0.5598891410455659 0.2753330415023356 0.6171808162459818 0.2687499999999545 0.615624999999995
9 0.32916662287345844 0.5937499799895154 0.3370094711060574 0.5972914978276798 0.3121660401745885 0.6523019842475473 0.30432320427075865 0.6487604866475637
9 0.3447915437291158 0.6114582986284685 0.35163837725383473 0.6133540973144023 0.33288849548364396 0.6810624527977447 0.3260416671874964 0.6791666671875065
9 0.7062501087951887 0.6572916559056204 0.6972106778695206 0.658229029759903 0.6892028859582524 0.5810154921571401 0.6982421875 0.5800781249999979
9 0.728125115740113 0.6510416452262358 0.7234344589423927 0.651931680076425 0.7101531535354297 0.5819447165167124 0.71484375 0.5810546875000022