1 0.3814977408054574 0.5697805455587845 0.4131344408899622 0.5761176234395233 0.4024766564335778 0.6293189202369118 0.37083996552394183 0.6229818737344772
1 0.5045968750000001 0.51308125 0.5332390625000001 0.51308125 0.5332390625000001 0.5901156249999999 0.5045968750000001 0.5901156249999999
1 0.5569312008344696 0.5203483888966919 0.5569313019412903 0.5937500298737931 0.5321781008045718 0.5937499486118296 0.5321781533243666 0.5203484600795265
1 0.6052451683841582 0.502412411343449 0.6355696625012115 0.5017958144465783 0.6368719822202138 0.5658390650009558 0.6065474881946784 0.5664556586928813
11 0.24621232415199756 0.504404014236992 0.28713783741750376 0.505121941656411 0.2852339701761366 0.6136422326448453 0.24430845703011528 0.6129243118405908
1 0.5080842316996268 0.5851570431097339 0.4811076721551899 0.5884465615183156 0.47195665494257355 0.5134069254200924 0.49893287758493443 0.5101174277590157
7 0.736677443611029 0.666106279759634 0.7401358679250052 0.7197004591607897 0.6926416642917275 0.7227645195705225 0.6891835252616829 0.6691706087915394
11 0.7581746608537969 0.6034163754173256 0.6984347957107957 0.5830192832361983 0.7240879655860226 0.507893360611787 0.7838271111703534 0.5282903208092067
9 0.4872070883862989 0.411492550430884 0.49126424993301043 0.41138852779390295 0.4936404912581338 0.5040626453036599 0.4895833297385934 0.5041666672663132
9 0.5213567631345768 0.42183798571122844 0.5247620182186665 0.42208120093134793 0.5179885877237211 0.5169098807514609 0.5145833328125491 0.5166666671875012
9 0.5458333191079419 0.42395833251132126 0.5490140209868741 0.42402823305566834 0.5469307018640848 0.5188199000682271 0.5437500000000455 0.5187500000000003
9 0.6142578125 0.5029297035429638 0.6142579058009687 0.4197916657393964 0.625000030121214 0.4197917138217145 0.625 0.5029296874999976
9 0.3739583328125491 0.7218750000000044 0.36534574046208945 0.7200598413734035 0.38494237976749446 0.6270911348491343 0.39355481099426015 0.6289062760274371
7 0.5473205793215357 0.40735542150047177 0.5556054903451013 0.40642887158162483 0.5601671575129785 0.44721562603892395 0.5518822469089173 0.44814217348887947
7 0.47663377343064894 0.4117386796807425 0.47770040135958425 0.3931807616982223 0.4945437875034031 0.3941487999023624 0.4934771797990152 0.4127066986595512
7 0.6667900247779244 0.7291780227992128 0.6625616149443658 0.7317402987252288 0.6490919399597033 0.7095153936364568 0.6533203312500291 0.7069531250000024
2 0.3317146635813515 0.5813427567292003 0.321231121100368 0.5808770716719265 0.32259141376630396 0.5502575772483034 0.3330749008140401 0.5507232610706347
2 0.36730664982792405 0.5065198399167747 0.39097260651828947 0.5065502963436677 0.3909220656249772 0.5458194906249999 0.3672561089347255 0.5457890342941025
2 0.3719387716757865 0.5125627656858515 0.36513925142344306 0.5407172395579658 0.3257694391309087 0.5312098306885458 0.33256902043694936 0.5030554478363315
2 0.6708704298050634 0.48281243145305563 0.69348154007821 0.499093976051257 0.6581214682278187 0.5481964745931254 0.635510423263554 0.5319150076136702
2 0.6742746170417604 0.4884083975325392 0.7095805378446585 0.4830889932126157 0.7143013876793702 0.5144198469717595 0.6789954697511575 0.5197392384274534
2 0.4731830117560776 0.5591061719161973 0.4659436333836311 0.5584484043752371 0.46849006781963 0.5304251886896156 0.4757294124999589 0.5310829546875011
2 0.3583381955394316 0.5989602902963697 0.3319235500284776 0.5754938335594023 0.3503224461172749 0.5547855839552629 0.37673701748474286 0.5782519837337783
2 0.6802342683121196 0.5853048861458772 0.6652080765663868 0.5739342322805151 0.6984053952722888 0.5300686231652484 0.7134314932346797 0.5414392241104188
2 0.664325075049419 0.5653546528954017 0.670398363943491 0.5802762544232856 0.6359806522840472 0.5942831972297629 0.6299074210340905 0.5793616445028877
2 0.4057030287183352 0.5465873328208712 0.40507990041737685 0.5241649117021183 0.42501435850692815 0.5236109728256599 0.42563752221769846 0.5460333575423093
2 0.31259781598259906 0.4907743144793115 0.30183265630148526 0.4972317254409833 0.2852287404972458 0.4695532306924132 0.2959938608065613 0.46309583497537715