2 0.26502118328173374 0.47411257142857144 0.2538352241486068 0.4999263226190476 0.25555614055727555 0.5248796154761906 0.2624398080495356 0.5369260333333333 0.27190485015479876 0.5558561178571428 0.2848117263157895 0.5524142845238096 0.2899744761609907 0.5248796154761906 0.27018393374613003 0.5025076976190477 0.2684630167182662 0.47755440476190475 0.26502118328173374 0.47411257142857144
2 0.2891140179566563 0.5334842 0.29255585139318885 0.5532747428571428 0.3002999770897833 0.5696234523809524 0.3071836439628483 0.5739257440476191 0.3218114365325077 0.5816698690476191 0.3329973956656347 0.5782280357142857 0.3329973956656347 0.5601584095238096 0.3192300613003096 0.546391075 0.30460226873065016 0.5359426523809524 0.30460226873065016 0.530902825 0.302020893498452 0.5326237416666667 0.2891140179566563 0.5334842
2 0.2959976848297214 0.6324369142857144 0.3114859362229102 0.6505065404761904 0.32955556222910215 0.6427624154761905 0.33643922910216717 0.6272741642857143 0.33643922910216717 0.6212509547619048 0.333857853869969 0.6109254547619047 0.3355787708978328 0.5954372035714286 0.33041602043343654 0.5937162869047619 0.31406731145510836 0.5919953702380952 0.29502738080495355 0.5868692345238095 0.2899744761609907 0.5885535369047619 0.2942767684210526 0.6049022464285714 0.28567218452012383 0.6143672880952381 0.2959976848297214 0.6324369142857144
2 0.33729968730650156 0.6246927892857143 0.3545088551083591 0.6393205809523809 0.376880773374613 0.6393205809523809 0.38720627430340554 0.6160882047619047 0.36913664767801857 0.6100649964285715 0.3398810625386997 0.5997394952380952 0.33729968730650156 0.6246927892857143
2 0.615227746749226 0.579088494047619 0.6298555393188854 0.5851117035714286 0.649646081733746 0.5765071190476191 0.6573902074303406 0.5592979511904762 0.6419019566563468 0.5515538261904762 0.6298555393188854 0.5558561178571428 0.6126463715170278 0.5627397845238095 0.615227746749226 0.579088494047619
2 0.65136699876161 0.5438097 0.6548088321981425 0.566181619047619 0.6685761665634675 0.5704839107142857 0.6823435009287926 0.5679025357142857 0.6926690012383901 0.5575770345238096 0.6952503764705882 0.5343446583333333 0.6814830421052632 0.5412283250000001 0.6651343331269349 0.5455306166666667 0.65136699876161 0.5438097
2 0.6995526687306501 0.5274609916666666 0.6926690012383901 0.5438097 0.7072967938080496 0.5592979511904762 0.7141804613003095 0.5687629940476191 0.7270873368421054 0.5532747428571428 0.7365523789473684 0.5326237416666667 0.742575587616099 0.5085309071428571 0.7296687120743034 0.5136936571428572 0.703854960371517 0.5240191571428571 0.6995526687306501 0.5274609916666666
2 0.6561738743034056 0.5933253380952381 0.6566133746130031 0.6073893464285715 0.6662823801857585 0.6104658476190475 0.6803463882352941 0.6236508559523809 0.6922128947368421 0.61354235 0.7010028996904024 0.5999178416666667 0.7010028996904024 0.5788218297619048 0.6917733944272446 0.5766243285714285 0.6728748835913313 0.5849748333333333 0.6552948736842105 0.5871723345238096 0.6561738743034056 0.5933253380952381
2 0.606510346130031 0.6166188511904762 0.6056313455108359 0.6174978523809524 0.6100263479876161 0.6320013607142857 0.6179373523219814 0.6363963630952381 0.6249693566563468 0.6377148630952381 0.6363963628482973 0.6306828595238095 0.6407913653250773 0.6170583523809524 0.6482628699690403 0.6012363428571429 0.6443073671826625 0.5990388416666667 0.6298038594427244 0.6043128440476191 0.6188163529411764 0.6056313452380953 0.609147347368421 0.6082683464285714 0.6051918452012384 0.6170583523809524 0.606510346130031 0.6166188511904762
2 0.6012603139318885 0.6206015547619047 0.6049043157894737 0.6147150904761904 0.5976163120743034 0.6088286261904762 0.5878055374613003 0.6116317035714286 0.5782750712074303 0.6152757059523809 0.5729492222910216 0.6177984761904762 0.5721082984520124 0.6234046333333334 0.5813584575851394 0.6245258642857142 0.5925707708978328 0.6242455571428571 0.6012603139318885 0.6206015547619047
11 0.2444866160990712 0.6280776869047618 0.2294989306501548 0.6313562428571429 0.2201316278637771 0.6355715297619048 0.2304356613003096 0.6641418047619047 0.23933459938080495 0.6814713154761906 0.2664997789473684 0.6950539047619048 0.2786772730650155 0.6913069833333333 0.2899180371517028 0.6758509333333333 0.2903864024767802 0.6608632476190477 0.28804457647058823 0.6332297035714286 0.2894496718266254 0.6051277940476191 0.28570275108359133 0.5854564559523809 0.27071506563467496 0.5803044392857143 0.2529171894736842 0.5863931869047618 0.23605604334365324 0.5779626142857143 0.22153672321981424 0.5882666476190476 0.2201316278637771 0.6032543333333333 0.23511931269349845 0.6210522095238095 0.2444866160990712 0.6280776869047618
11 0.7100415907120743 0.6257358607142857 0.7081681300309598 0.6744458380952381 0.7208139894736842 0.693180444047619 0.7404853263157896 0.6800662202380953 0.7685872359133127 0.6856866023809525 0.7812330953560371 0.6697621857142857 0.7746759832817337 0.6552428666666666 0.7470424383900929 0.6397868154761905 0.7578148371517027 0.6266725904761905 0.7817014606811146 0.6238623999999999 0.7826381913312693 0.6070012535714285 0.7751443486068111 0.5910768380952381 0.756878107120743 0.5826462654761905 0.7451689777089784 0.5803044392857143 0.7348649442724458 0.5742156928571429 0.7240925455108359 0.5746840571428571 0.7081681300309598 0.5887350130952381 0.7100415907120743 0.6257358607142857
