1 0.4724859374613003 0.55400625 0.4724859374613003 0.5484328119047619 0.4724859374613003 0.5414640619047619 0.4721468749226006 0.5386765630952381 0.4721468749226006 0.535192188095238 0.4718078123839009 0.531010936904762 0.4707874996904025 0.5254359380952381 0.46976874984520123 0.519860938095238 0.4680703126934984 0.5149828119047619 0.466032812383901 0.5114984369047619 0.46263593746130033 0.5080140630952381 0.45855937523219814 0.5059234369047619 0.45482343777089784 0.506620313095238 0.45414374984520123 0.5101046869047619 0.4524453126934984 0.5156796880952381 0.45142656222910216 0.5212546880952381 0.45074687492260057 0.5282234369047619 0.4500671876160991 0.5344953130952381 0.4493890625386997 0.5449484369047619 0.44870937523219817 0.553309375 0.44870937523219817 0.563065625 0.4493890625386997 0.5693374999999999 0.45074687492260057 0.57351875 0.4551624996904025 0.577003125 0.45890000000000003 0.5777 0.46331562476780186 0.578396875 0.4680703126934984 0.578396875 0.4694296873065016 0.5777 0.47112812507739943 0.575609375 0.4718078123839009 0.570034375 0.4724859374613003 0.560975 0.4724859374613003 0.55400625
1 0.5461953126934984 0.519860938095238 0.5455156247678019 0.5156796880952381 0.5444968749226006 0.5135890619047618 0.5431390625386997 0.5128921869047619 0.5387234377708978 0.5114984369047619 0.5339671876160991 0.5121953119047619 0.5298906247678019 0.5128921869047619 0.5288718749226006 0.5135890619047618 0.5275140625386997 0.5149828119047619 0.5271734377708978 0.5205578119047619 0.5258156247678019 0.5344953130952381 0.5247968749226006 0.5421609380952381 0.5234374996904024 0.55400625 0.5237765622291022 0.5637624999999999 0.5251359374613004 0.572125 0.5268343752321982 0.5777 0.5295515622291022 0.579790625 0.5315890625386998 0.58188125 0.5360046873065015 0.5825781250000001 0.5404218749226006 0.58188125 0.5444968749226006 0.5804875 0.5482343752321981 0.57630625 0.5489124996904025 0.5672468749999999 0.5485734377708978 0.554703125 0.5478937498452012 0.5414640619047619 0.5475546873065016 0.5344953130952381 0.546875 0.523345311904762 0.5461953126934984 0.519860938095238
11 0.2951390625386997 0.6067703130952381 0.30815937523219816 0.5416671869047619 0.29600625015479876 0.527778125 0.27256874984520124 0.5138890619047619 0.2621531250773994 0.5329859380952381 0.26128437523219816 0.5607640619047619 0.2638890625386997 0.5876734380952381 0.25 0.64149375 0.25520781238390094 0.668403125 0.27604218761609906 0.67100625 0.2951390625386997 0.6067703130952381
11 0.7313249999999999 0.658407813095238 0.7582343752321982 0.6670890619047619 0.7677828123839009 0.66014375 0.7686515622291021 0.6158734369047619 0.7408734377708979 0.5611859369047619 0.7278531250773993 0.5455609369047619 0.7165687498452012 0.571603125 0.7162156247678019 0.57136875 0.7078874996904024 0.5776796869047619 0.7000749999999999 0.610665625 0.7191718749226006 0.637575 0.7313249999999999 0.658407813095238
11 0.30121562476780184 0.4322921869047619 0.3064234377708978 0.394965625 0.3090281250773994 0.348090625 0.3107640625386997 0.316840625 0.29600625015479876 0.2873265630952381 0.28645781238390094 0.3072921869047619 0.2847218749226006 0.3072921869047619 0.27690937523219816 0.36024375000000003 0.27690937523219816 0.3984375 0.29253437523219816 0.4348953130952381 0.30121562476780184 0.4322921869047619
11 0.6946796873065016 0.39949375 0.6927078123839009 0.433159375 0.6979171876160991 0.4592015619047619 0.71875 0.45225624999999997 0.7309031250773994 0.4157984380952381 0.7170140625386997 0.3654515619047619 0.71875 0.31336875000000003 0.6970484377708978 0.3203125 0.6908781250773994 0.3272796880952381 0.6918406247678018 0.328125 0.6840281250773994 0.3541671869047619 0.6857640625386997 0.3732640619047619 0.6946796873065016 0.39949375
7 0.5791015622291021 0.77734375 0.5771484377708979 0.78125 0.5712890625386997 0.8095703119047618 0.5800781250773994 0.8271484380952382 0.5947265622291021 0.8271484380952382 0.604492187616099 0.810546875 0.5947265622291021 0.7861328119047618 0.5791015622291021 0.77734375
2 0.6281038761609907 0.5986419178571428 0.6387603287925697 0.601462744047619 0.6444019808049535 0.5961345166666666 0.6462825312693499 0.5892391654761905 0.6462825312693499 0.5823438130952381 0.6387603287925697 0.576702161904762 0.6168205727554179 0.578582711904762 0.6155668724458204 0.5867317642857143 0.6224622247678019 0.5930002666666667 0.6281038761609907 0.5986419178571428
2 0.6230890749226006 0.5227930464285715 0.6237159250773994 0.5278078476190476 0.6381334786377709 0.5403448511904761 0.6387603287925697 0.5403448511904761 0.6500436321981423 0.53533005 0.6531778829721362 0.5271809976190477 0.6437751306501548 0.5102560428571429 0.6375066284829721 0.5102560428571429 0.6281038761609907 0.5127634440476191 0.6230890749226006 0.5227930464285715
2 0.3761101052631579 0.5961345166666666 0.3830054575851393 0.5936271166666667 0.38551285820433434 0.5842243642857143 0.3842591578947368 0.578582711904762 0.3823786074303406 0.5754484607142857 0.3754832551083591 0.5666725583333333 0.367961053250774 0.5654188583333334 0.3591851504643963 0.5679262595238096 0.35793145015479877 0.5691799595238095 0.35793145015479877 0.576702161904762 0.3629462520123839 0.5879854642857143 0.3667073529411765 0.5980150678571429 0.3761101052631579 0.5961345166666666
