11 0.2865311151702786 0.32919083452380954 0.28084315294117645 0.35691965238095236 0.28937509659442723 0.3903364321428572 0.3043059981424149 0.4010013619047619 0.3135489374613003 0.3746945357142857 0.3192369003095975 0.3512316892857143 0.3320348160990712 0.3327458107142857 0.3256358582043344 0.30572798928571426 0.2971960452012384 0.3121269464285715 0.2865311151702786 0.32919083452380954
11 0.2772881758513932 0.5439114226190477 0.26520125572755415 0.5410674404761905 0.25880229783281733 0.5503103797619048 0.2680452371517028 0.5687962583333334 0.2815541479876161 0.5844381559523809 0.3092829653250774 0.6036350297619048 0.3235028718266254 0.5979470666666666 0.3242138674922601 0.573062230952381 0.326346853250774 0.5396454500000001 0.3256358582043344 0.5375124642857143 0.3227918767801858 0.5104946416666667 0.3035950030959752 0.5097836464285714 0.2843981294117647 0.5090726511904762 0.2609352835913313 0.519737580952381 0.2772881758513932 0.5439114226190477
11 0.7053073609907121 0.3604746285714286 0.7053073609907121 0.4002903666666666 0.7159722904024768 0.4145102738095238 0.7266372204334366 0.3917584226190476 0.7408571269349845 0.37113955833333334 0.7458340941176471 0.3547866666666667 0.7373021504643962 0.33558979285714285 0.7280592111455109 0.31070495595238096 0.7124173139318886 0.29435206428571425 0.7017523839009288 0.32279187619047617 0.7053073609907121 0.3604746285714286
11 0.7033900315789474 0.571981505952381 0.6995731863777089 0.6057878488095237 0.7039352947368421 0.6259626011904762 0.718657411764706 0.6265078654761905 0.7279268928792569 0.6183289107142858 0.7486469095975232 0.6090594297619047 0.7546448086687306 0.5959731035714286 0.7579163900928793 0.584522569047619 0.7486469095975232 0.5817962511904762 0.751373227244582 0.571981505952381 0.7622784990712075 0.571981505952381 0.7606427083591331 0.5561688619047619 0.744284800619195 0.5458088535714286 0.725745838390093 0.5392656904761904 0.7121142489164086 0.5294509464285714 0.7017542402476781 0.5409014809523809 0.7033900315789474 0.571981505952381
0 0.32764780433436536 0.5652043166666667 0.32764780433436536 0.5836967404761905 0.32575114551083595 0.5893867166666666 0.32812196904024765 0.5955508571428572 0.33144112198142417 0.591283375 0.3546751919504644 0.5770584345238096 0.36226182724458206 0.5642559869047619 0.36415848606811146 0.5566693523809524 0.3636843213622291 0.5505052107142857 0.35609768606811143 0.543866905952381 0.34898521547987615 0.5391252583333332 0.3323894513931888 0.5362802702380952 0.327173639628483 0.5395994238095237 0.32432865139318884 0.5457635642857143 0.32764780433436536 0.5652043166666667
0 0.3674776390092879 0.5860675630952381 0.3793317560371517 0.5964991869047619 0.38549589721362226 0.5988700107142857 0.3940308619195046 0.6002925047619048 0.4001950030959752 0.589860880952381 0.4077816377708979 0.5799034226190476 0.3992466736842105 0.5727909523809525 0.3940308619195046 0.5671009761904762 0.3793317560371517 0.5528760345238095 0.37316761547987615 0.5590401761904762 0.3665293095975232 0.572316786904762 0.36463265077399376 0.5808517523809524 0.3674776390092879 0.5860675630952381
0 0.6268457269349845 0.6126207869047618 0.6277940563467492 0.6202074214285714 0.6358548563467492 0.6292165511904763 0.6477089739938081 0.6277940571428571 0.6519764563467492 0.6258973976190476 0.652924785758514 0.5855933988095239 0.6358548563467492 0.5780067630952381 0.6211557510835913 0.5808517523809524 0.6296907151702786 0.5836967404761905 0.6273198916408669 0.5917575392857143 0.6268457269349845 0.6126207869047618
7 0.6358548563467492 0.7662501476190476 0.6325357034055727 0.7818975821428571 0.6358548563467492 0.7947000297619048 0.6401223386996905 0.8013383357142857 0.6458123151702786 0.808450805952381 0.6605114204334366 0.8136666166666667 0.6695205498452012 0.8103474642857142 0.6737880321981424 0.8046574880952381 0.679952173374613 0.7885358880952381 0.6804263380804954 0.7800009238095238 0.6804263380804954 0.7752592773809525 0.68137466749226 0.7709917940476191 0.6832713256965944 0.768146805952381 0.6970221021671826 0.7624568297619048 0.6970221021671826 0.7600860071428572 0.6932287845201239 0.7501285476190476 0.6856421492260062 0.7354294428571428 0.671891373374613 0.7287911369047619 0.6576664321981425 0.7297394666666666 0.6576664321981425 0.7321102892857142 0.6505539622291022 0.7468093952380952 0.6386998445820433 0.7610343357142857 0.6358548563467492 0.7662501476190476
7 0.307474773374613 0.6772704416666666 0.30372050278637774 0.6840281285714286 0.3055976383900929 0.6904103892857142 0.3086010544891641 0.6960417952380953 0.3123553256965944 0.7009223464285714 0.31873758575851396 0.7046766178571429 0.3266215541795666 0.7039257630952381 0.332252960371517 0.699420638095238 0.33450552260061917 0.6952909404761906 0.33525637708978323 0.688908680952381 0.33525637708978323 0.6840281285714286 0.3326283876160991 0.6814001392857143 0.3251198458204334 0.679898430952381 0.3157341690402477 0.6776458678571429 0.31423246068111454 0.6753933059523809 0.3093519089783282 0.674267025 0.307474773374613 0.6772704416666666
7 0.331502106501548 0.7076800345238096 0.3284986897832817 0.7144377214285714 0.3284986897832817 0.7193182738095238 0.3281232625386997 0.7257005333333333 0.3296249708978328 0.72870395 0.33187753312693496 0.7313319404761905 0.3356318043343653 0.7320827940476191 0.34088778328173375 0.7268268154761905 0.34651918947368426 0.7249496797619047 0.34952260557275544 0.7200691273809524 0.34802089721362234 0.7125605857142857 0.344266626625387 0.7031749095238096 0.34201406439628484 0.6964172226190476 0.3412632099071207 0.6952909404761906 0.33825979380804955 0.6952909404761906 0.3363826582043344 0.7005469202380953 0.331502106501548 0.7076800345238096
