1 0.39338626457231385 0.5046432131475072 0.3645325483231545 0.5496480259162836 0.2712334131078933 0.4898357889153853 0.30008706835565135 0.4448313620375684
2 0.4572015625 0.5219515625 0.4806390625 0.5219515625 0.4806390625 0.586759375 0.4572015625 0.586759375
1 0.37919831102283297 0.6375163376744545 0.38595754339121413 0.5848106321206278 0.4265332227672616 0.5900136862130463 0.41977421256342495 0.6427191909156476
1 0.6425398408372303 0.47562692706973647 0.6874744153200254 0.477813033079817 0.6838109778655053 0.5531077181265585 0.6388764044029358 0.5509216250342495
2 0.6963290644898734 0.5148445842944029 0.6729077642875154 0.4887484549193798 0.7096988791115564 0.4557308171639053 0.7331201077837477 0.4818268515671254
2 0.6006265083323115 0.5734832948701946 0.5962299762154544 0.531719395024862 0.6188851738522771 0.5293347008289969 0.623281776336853 0.5710985202369285
2 0.6822532383788484 0.5829113647760318 0.664025294006592 0.563643628938246 0.7011761190460675 0.5285010029690341 0.7194039919254465 0.5477686564079772
2 0.6186067590138009 0.60614213721099 0.6256057827765744 0.619578645127746 0.6035353031026034 0.6310736829781334 0.5965363160621564 0.6176372065219689
11 0.7173873103730557 0.4958593147403925 0.7805756337354524 0.4988209860831132 0.7757531855886555 0.6017005782627721 0.7125648638125313 0.598738932462947
2 0.37407138229150405 0.5087851980800828 0.39659156480388447 0.5103305681236842 0.393792945727796 0.5511105049609687 0.371272763753268 0.5495651400293143
2 0.4339972046996081 0.531677052220448 0.4310852917947159 0.5607944566760533 0.4006280544734864 0.5577487600301462 0.40354003281254336 0.5286314296874652
2 0.35332305468750747 0.5644147859375005 0.37740825921480337 0.5615392353540912 0.38175290961385144 0.5979257250268828 0.3576677067264882 0.6008012662651152
11 0.286322809163039 0.32111143663245306 0.31869629099094254 0.3252616982006704 0.3047664410273683 0.4339148373119615 0.2723929642256735 0.4297646022075159
11 0.26701548058781555 0.4824069015339168 0.3135394909035085 0.4970676823419179 0.2785809318763768 0.6079941439210624 0.23205698205504177 0.5933335042477372
2 0.30967337846482224 0.5201079375467448 0.34407501985197086 0.5368423811639823 0.32908714008908646 0.5676507364939328 0.2946855293535009 0.5509163404454998
2 0.6401902446282293 0.6116553007166439 0.6264603611169832 0.59855089565891 0.6570034259892736 0.5665534711046963 0.6707332504252008 0.5796578233175107
9 0.32187490469834756 0.34479165113751115 0.33261204099073893 0.3465999195729753 0.3159454664224768 0.4455582575338117 0.30520833281252635 0.4437499999999998
9 0.36228857847743257 0.36537029769361556 0.36720717088201127 0.3659162283797589 0.35908525918443956 0.4390875954187737 0.3541666671874282 0.43854166718749404
9 0.3925780587612735 0.6464843580576121 0.4022342728402464 0.6489542019809439 0.37986432902164324 0.7364004259083358 0.37020812360526634 0.7339306053639616
9 0.6488651707378494 0.37023074504958065 0.653967372398597 0.3691751752813213 0.6711178140560605 0.45206943811602895 0.6660156140945901 0.4531250022561673