0 0.2517824869511287 0.6110074690794032 0.22484489727753498 0.6006621360619587 0.24429251552760434 0.5500292901600654 0.27122987460813874 0.560374573992122
1 0.3261710626890135 0.4527352517324334 0.370788017661539 0.45440499901937387 0.36814146354834065 0.5251180103856941 0.32352450910025254 0.5234482719063629
2 0.31705088977696505 0.5948674533802721 0.2766466010230033 0.5930771136467505 0.27948251850489214 0.5290873132409771 0.3198863636723672 0.530877643115084
1 0.32591450691165846 0.5303248377368085 0.3765751969252733 0.532790041840123 0.37268665765031983 0.6126929986498835 0.32202596894046565 0.6102278117135802
1 0.37562561085655943 0.550622961710317 0.4093333551007845 0.5529728394980455 0.404443290936797 0.6231110691271218 0.3707355482119965 0.6207612060641147
1 0.4727406779453531 0.4478299581841761 0.5001459813147449 0.44853169437697404 0.49776232099679873 0.5416154914674428 0.4703570178054406 0.5409137602023575
1 0.499423843745717 0.4443222786855009 0.5240215626986355 0.44493738824680834 0.521561567904314 0.5433035706855003 0.4969638491262458 0.5426884656715397
1 0.5479919495707009 0.5535907637430734 0.5193542477176152 0.552039149410243 0.5246391207140277 0.4545093300164725 0.5532763924172741 0.4560609326424176
1 0.6698376623374998 0.5407671875 0.6236405097951092 0.5407671875 0.623640797806388 0.46062656249999995 0.6698373836991323 0.46062656249999995
1 0.66508125 0.45435468749999997 0.7051624999999999 0.45435468749999997 0.7051624999999999 0.5317078125 0.66508125 0.5317078125
1 0.6106286176748199 0.5594212263254009 0.6610858001259885 0.5532723116085018 0.6713862752811792 0.6377877981383661 0.620929101560364 0.6439366651217832
1 0.703953184445254 0.5411671668925363 0.7187658003635988 0.6079448783594892 0.6717261347719159 0.6183778476903925 0.6569138446316174 0.5516004184410476
2 0.6054804537850487 0.5544667971819763 0.5708207579682494 0.5553118491709499 0.5688788205636683 0.4756602827694952 0.6035380852472372 0.4748152360225596
2 0.6297921944334348 0.5520382682489685 0.5957873480599574 0.5498273780534026 0.60074371129474 0.47360535947573884 0.6347481509195632 0.47581623635594666
2 0.5825779876289516 0.5673782641982467 0.6159900452814782 0.5657452912295445 0.61949902981587 0.6375345134765749 0.5860869729540354 0.6391674756935201
2 0.5555454513832956 0.5691805587695375 0.5869080156587643 0.5680068877966857 0.5899604817913087 0.6495652822096578 0.5585979180034428 0.6507389443046088
2 0.32530865688841004 0.5034807320502863 0.28834055258960234 0.5019029325511928 0.2906765000230962 0.44717894418902365 0.3276443094644037 0.44875673735757976
0 0.3241953395790915 0.5849281698835637 0.3156709762946548 0.5856459416825965 0.31263464477706293 0.5495892755486375 0.3211589551220868 0.5488715059880628
11 0.21024011504766804 0.4997626246118624 0.2642630403919384 0.4936424112827018 0.2827162196933841 0.6565126324854027 0.22869330990761227 0.6626327574785826
3 0.7118437797716979 0.7014794923491398 0.6931272269621331 0.7035058716565172 0.6823434194175206 0.6039132666986226 0.7010596000000078 0.6018869078124982
9 0.27347835152647804 0.6611998427593896 0.26829626459277733 0.6595461745345511 0.2916930262772439 0.5862369825627505 0.29687504297646683 0.5878906387144057
9 0.3011508706828181 0.593625001981457 0.30639165027537274 0.5940386964943608 0.3007210336231765 0.6658669249692366 0.2954802543677033 0.6654532333231817
9 0.31484375000002274 0.6710937499999967 0.3102726228021311 0.669644541891102 0.3305852874050288 0.605582085974661 0.3351563594201252 0.6070312846902312
9 0.3460095095684892 0.603016929909605 0.35600958006398287 0.6042667753535262 0.34515631847546047 0.691093584733597 0.3351562500000682 0.6898437500000061
9 0.38132136447359244 0.6212538071121695 0.388987378732395 0.6221360997318552 0.3764160125306262 0.7313510327224914 0.36874999999997726 0.7304687500000039
9 0.6539064064119202 0.7148437281876067 0.6445740188048603 0.7161451744320604 0.6338633428509866 0.6393517533821269 0.6431955842958814 0.638050317436118
9 0.6549956111459778 0.6359414106004385 0.6607055823629935 0.6342082609184028 0.6778296595106212 0.6906172211801688 0.6721196927741175 0.6923503605457004
9 0.6390625 0.36953125 0.6455078125 0.36953125 0.6455078125 0.4703125 0.6390625 0.4703125
9 0.6585937279389782 0.4007812468485987 0.6655390582008067 0.40177337979923855 0.6567265775618125 0.46346088052665774 0.6497812481419487 0.4624687516551945