1 0.41292722113951186 0.5648926929547008 0.39018851833679946 0.6141532246916769 0.3339283033111542 0.5881858646653447 0.3566670729875341 0.5389256018022953
2 0.32912367927815467 0.4829167967461412 0.3100708405293062 0.4927600950292608 0.2932462153648885 0.4601962167791683 0.3122989715773201 0.4503529442699362
11 0.27084418406161603 0.49111126748962936 0.31345898060419586 0.4970979239861166 0.29726809542694355 0.6123391780471289 0.25465331058944685 0.606352580131683
7 0.2958489725774598 0.6335981304955499 0.2606308079532482 0.6584876440262085 0.2176107929618638 0.5976219593884936 0.2528286105165307 0.5727326199654089
2 0.3552951564522573 0.5392373725971483 0.34373798036619974 0.5526748352395213 0.3137693552841938 0.5269018748707809 0.325326502537564 0.5134644555872552
2 0.6217889430546393 0.6106719802682714 0.6090411224724903 0.5662308506475819 0.6577372378975497 0.5522639109676065 0.6704851771064568 0.5967048418657368
2 0.6733272890461421 0.5719331133255355 0.659618009180349 0.549086362459776 0.6927893689268103 0.5291835958141627 0.7064986455063718 0.5520302732037369
2 0.6039640380035962 0.5412753057853158 0.6215908814679096 0.5309432806559059 0.6325660190972258 0.5496656314288403 0.6149391893808343 0.5599976379375905
2 0.6525654687969791 0.5066132573659392 0.6720583556900692 0.5163588690322629 0.6561362881182049 0.5482030230011078 0.6366434194266049 0.5384574391366065
2 0.6753733185211104 0.4773313656241958 0.7001126713324766 0.4731738084752254 0.7070920308570976 0.514701139949842 0.6823526814088154 0.5188586838795509
11 0.7250705582299588 0.515529012070423 0.788842199898113 0.533890793329944 0.7604843228108393 0.6323697599876088 0.6967127469604293 0.614008143295813
9 0.3367187499999318 0.6804687499999836 0.3272086875451805 0.6763240904561993 0.3618774429127143 0.5967857091881781 0.3713873672564887 0.6009303343819692
9 0.3693812868685882 0.6053796543776997 0.3811257967096253 0.6074484159188518 0.3648695048151467 0.6997249923008264 0.35312499999997726 0.6976562499999911
9 0.6275473786339489 0.7345869847881439 0.6189332957949318 0.7356364583079102 0.6083479007418191 0.6487635813564642 0.6169618296875115 0.6477141171874947
7 0.4725786520477868 0.7524826869993364 0.4563861583886819 0.747423347292145 0.46982876352069525 0.704407483027367 0.48602110669776266 0.7094667974789004