2 0.3117940102202965 0.4592101499217827 0.35382295651231743 0.4621400857455694 0.3476690044685711 0.5504098741752741 0.30564006022518697 0.5474799582759643
1 0.3907841737692479 0.5642656210919363 0.34156398179845837 0.5582740249332123 0.3497420856564304 0.49110008118119297 0.39896174508419335 0.49709164444301646
1 0.4022475671634993 0.5795243438866642 0.39178143008916777 0.6457374161016746 0.33290160064041174 0.6364311541836217 0.3433680317062908 0.5702184469901775
1 0.6490686665219982 0.5825710271202782 0.7003622264796832 0.5800788667268322 0.7040764152145584 0.6565155110467642 0.6527828566247535 0.6590076534198863
1 0.6961615169002471 0.5632759138926263 0.6455725174292866 0.5738247185820022 0.6304450273220255 0.5012825507995895 0.6810334377777281 0.490733809543103
11 0.3344887990904226 0.4597487677606311 0.28657880895241306 0.4552922426398708 0.2999715129197966 0.311325692595065 0.34788068018474405 0.3157821787403884
2 0.7411933709863661 0.5861431843749999 0.699966055398022 0.5861431843749999 0.6999661834565813 0.5516378125 0.7411932520155915 0.5516378125
11 0.7361755495811622 0.5431792922665883 0.8160002323463686 0.5347776015430662 0.8276759339028104 0.6456975591042758 0.74785126566087 0.6540991653943261
2 0.5924626053878228 0.5237625787695438 0.6199826731245821 0.522539574354444 0.6222879910322945 0.5744092467418209 0.5947679236838894 0.5756322458553966
2 0.5677096876620453 0.5856103700665904 0.5493462828135307 0.5885095693701046 0.5433875289591015 0.5507703774594158 0.5617508150870663 0.5478711876768474
11 0.6600579116384324 0.31304895253607806 0.7104162682539936 0.2929683149037978 0.7650035354768079 0.42985754042805796 0.7146452742275642 0.4499380106687101
2 0.30228057437363987 0.6127183148418267 0.27797531072587844 0.5821915163089469 0.32216758469905926 0.5470095349399222 0.34647277202259374 0.5775361825141945
9 0.34941110987563206 0.39507858617057984 0.3530030636658239 0.39569181370234807 0.34446487223431177 0.4457012975992676 0.3408729189460473 0.44508807205147155
9 0.3554687215623744 0.3960937453313932 0.3604533110989223 0.3969120647786993 0.35185958886177104 0.4492558166522335 0.3468750000000682 0.4484375000000052
9 0.36588541718754186 0.422916667187502 0.3654653647009809 0.4229005121855835 0.3659861984442614 0.40935884502002756 0.3664062502085699 0.40937500000802135
9 0.36796875313302735 0.43984374961441725 0.3668913206514617 0.4399763492245538 0.36480798709033024 0.4230492666493794 0.36588541718754186 0.42291666718749477
9 0.3679687499999318 0.43984375000000653 0.3684825067075508 0.43975201348281784 0.3723887508554071 0.46162701466113926 0.37187499418462266 0.46171875103840004
9 0.37350215565720646 0.4593803876646272 0.3684913566899013 0.45896284485002753 0.37355604325750846 0.39818697521091534 0.37856680291019984 0.3986045163896689
9 0.553575566412178 0.4311705614788457 0.5613678765851091 0.4312772976947181 0.5601360601582428 0.5212004855188471 0.5523437499999773 0.5210937499999997
7 0.549344679565479 0.40065916993992845 0.5625807349181287 0.39647958277010587 0.5702672982575905 0.42082042079866583 0.5570312458921762 0.4250000012971297
9 0.6620590659963455 0.4750517181853179 0.6559707226107321 0.4749608525693977 0.6570084823725892 0.4054334306900878 0.6630967686465965 0.4055242958780308
9 0.6687499956898364 0.39843749980605375 0.6748314317011364 0.3987111490841246 0.6714616732781451 0.47359467195006905 0.6653802373556346 0.473321024041171
9 0.35175776834148564 0.6463281136922099 0.36023601454860454 0.6487991570073312 0.33713459189743844 0.7280498927263873 0.328656354552777 0.725578870764869
9 0.36566402598293735 0.6542968726869649 0.3713948750724967 0.654659871738983 0.36555624264053677 0.7468239396000891 0.3598253938853304 0.7464609441273229
9 0.6896208416037553 0.7478282777421938 0.6826610183817365 0.7485917441364731 0.6727744675613394 0.6584786499170703 0.6797341561533585 0.6577151909990763
9 0.6832708238102896 0.6465511844211096 0.6919741822905507 0.6439931505026243 0.7111239411351562 0.7091386332460798 0.7024205901652749 0.7116966491947372
7 0.6787966050128489 0.7304487133271328 0.6939870110567199 0.7268983095513225 0.701959758849398 0.7610040252571545 0.6867693576002694 0.7645544149183358
7 0.7280549307992032 0.7334254979030198 0.7043933295353781 0.7403161973574097 0.6862717153529729 0.6780984318683656 0.7099330078432331 0.6712077802007868
7 0.6526768154916454 0.7511092782443103 0.6695655021492257 0.7484195284726562 0.675915079043989 0.7882808410188888 0.6590263953978592 0.7909705780643956
7 0.3494752465645661 0.7881373821662648 0.33697463304031317 0.782048444085805 0.3567529766694406 0.7414508999111533 0.3692534787214754 0.7475398057054243
7 0.4083348067968018 0.8002502648274344 0.3946629958234098 0.7995834712830961 0.39720390368745484 0.7474970740617731 0.4108755463860234 0.7481638634870282
9 0.6126885896985641 0.5077613162504899 0.6075711642082524 0.5084435968233506 0.5954685784860203 0.4176744635262756 0.6005859375 0.4169921874999989