2 0.40376485582146415 0.46369289550702625 0.43748191420900184 0.4679819914194908 0.4299817826280332 0.5269370443674501 0.39626472792247114 0.5226479677141473
2 0.4752030841782471 0.5456453466360977 0.4752031698026258 0.4864108786679958 0.5016984268983151 0.4864109580749828 0.5016984647779736 0.5456453020315271
2 0.6057392234625922 0.5377182007170334 0.567042572017499 0.5399330588968235 0.5625806938901405 0.4619798139967395 0.6012768922161058 0.45976496870512257
11 0.7185106390625 0.49793337812500005 0.7907746390625 0.49793337812500005 0.7907746390625 0.6073617234375 0.7185106390625 0.6073617234375
2 0.675152237500015 0.5275272078124676 0.6786892562703315 0.5045391435400413 0.7191055162609246 0.5107571665973418 0.7155685804291352 0.5337451572272374
2 0.669756952771877 0.491609758156055 0.636487969446307 0.5011145285660945 0.624645299988174 0.45966490266783205 0.6579140887567974 0.4501601616886565
2 0.6974858688213317 0.4230538961563706 0.7221268216511589 0.44659001979099583 0.6868685707640907 0.4835009520075532 0.6622276986470297 0.4599649110834933
2 0.34045646439062693 0.5307567313316259 0.31845631310079625 0.5463684930422252 0.2814105783145351 0.4941675735764792 0.30341057408509187 0.4785558904081577
11 0.28765802647353667 0.6347207764765388 0.24292914898649087 0.6333009447410233 0.24779329420061913 0.4801005261852755 0.29252102080158693 0.4815203397708257
2 0.3298803932904093 0.436244606562821 0.3259977759425965 0.4684135434208055 0.2968638535116952 0.46489739945779623 0.30074652641076227 0.43272852760825836
2 0.36906699998860404 0.48595062498133756 0.3367131939041883 0.488261453132427 0.3345263057099146 0.4576439641613787 0.36687997003593864 0.45533314108160305