1 0.6583068130661331 0.6264648995777715 0.6130869779137811 0.627839849104081 0.6112303926204277 0.5667778754190103 0.6564497260307007 0.5654029335259193
11 0.289079709344378 0.6670232989319298 0.224609383529355 0.67475886717208 0.21133732069097277 0.5641547643142835 0.2758063433826692 0.5564192739978898
2 0.3072354630612608 0.5506992441927766 0.3343832622251739 0.5637289217726887 0.3242292190208218 0.5848831430983457 0.2970814367680532 0.571853491958295
2 0.34275057277272936 0.5548780756718004 0.3807957358810654 0.5499550945944687 0.38830614399591923 0.6079902964447219 0.3502609857605421 0.6129132520469733
2 0.37750314265690577 0.5485405462253078 0.3686477835141204 0.5298992540349078 0.388274736057042 0.5205764795223581 0.397130102577421 0.5392177387402878
2 0.42253724402144144 0.5550278301581602 0.3950320432110175 0.5534100272751652 0.3962973112340933 0.5319014463049271 0.42380241452406153 0.5335192463186135
2 0.6260203427065107 0.5078692785953887 0.6591153815883217 0.5101673506467813 0.6563967374581807 0.5493158543282126 0.623301699299418 0.5470177895440226
2 0.6828643352489507 0.531514164760034 0.6686005756138229 0.5250311661363296 0.6779789392494422 0.504398839294544 0.6922426548746898 0.5108818262948202
9 0.6414062985161308 0.6835937460128805 0.6376431463313565 0.6839030065324249 0.6329556408275039 0.6268717587364713 0.63671875 0.6265624999999962
9 0.6494006903974423 0.63225596215283 0.6505137294417409 0.6318386262659502 0.6606833400418282 0.6589576693823885 0.6595703016171228 0.6593750040805465
9 0.6601902171875054 0.6618546203124983 0.6608259199840631 0.6618310790139798 0.6615732012587614 0.6820077088069177 0.6609374984649321 0.6820312500568472