1 0.3617532364027056 0.5414640625 0.31929367574946355 0.5414640625 0.3192939008953317 0.4759578125 0.3617530269661984 0.4759578125
1 0.35930682280491055 0.57097774988964 0.3395019216113724 0.6337174108679422 0.29003451495566424 0.6181035682805497 0.3098395756056789 0.5553642002148137
1 0.7039890020093935 0.5241542444922843 0.661998575309326 0.5266113553358798 0.6580702362379043 0.4594804655961367 0.700060233710019 0.4570233674858467
1 0.566639029015505 0.4529264749592413 0.6015654831533084 0.45418515427713185 0.5986510158426199 0.5350514006561496 0.5637245621481952 0.5337927290394208
1 0.6254899855273379 0.534646240550714 0.5901233510172688 0.5319252936589192 0.5962047648406497 0.45288846818286366 0.631570982166977 0.45560939902192577
2 0.31871607843493166 0.5296868942070307 0.2871794134936181 0.5280697567365545 0.2890616514659996 0.49136784729451993 0.32059813786645464 0.49298498020144566
2 0.3552246793396989 0.49684382662133664 0.38052238073942135 0.4927139362049567 0.38859446254343766 0.5421556388007054 0.3632967651792569 0.546285512847824
2 0.38446199288068783 0.4729510257300993 0.40826959435025856 0.47044515315095836 0.4141446207364652 0.5262580438283242 0.39033702094855016 0.5287639057205493
2 0.438129157680919 0.5188810923530349 0.41741495542135 0.5236609430835281 0.4037070701447192 0.4642598324537431 0.42442109012176843 0.4594800036356668
2 0.5521550814604552 0.5084314954937478 0.5238235806239118 0.5124785704761939 0.5128812933633071 0.43588107500075535 0.5412124884387595 0.43183402195392545
2 0.6293077453107117 0.4664470281998162 0.6607456166299244 0.46810153559929885 0.6580712782425735 0.5189139145411931 0.6266334074140332 0.517259413442356
2 0.5650704594253284 0.5817750817646835 0.5905685390958979 0.5708485666941043 0.6137044655616819 0.6248327175084575 0.5882064203130994 0.635759173811572
2 0.5895991878211362 0.5690456625726756 0.6336698808648862 0.5581722531473707 0.6484609606220602 0.6181153298136922 0.60439028897963 0.6289886786105602
9 0.5804687409626013 0.35937499913106424 0.584622050932694 0.35977433747270965 0.5773735161357081 0.4351591119836718 0.573220206428573 0.43475977546898836
9 0.6164062397547241 0.35703124853644896 0.6247460938183167 0.35822260234850845 0.6135351422641406 0.43669920796902734 0.6051952894163151 0.43550785987128837
9 0.6828125332131094 0.45234375 0.676757784491997 0.45234375 0.6767578258878757 0.35390625000000003 0.6828124999999545 0.35390625000000003
9 0.2946048864225759 0.7027994422017583 0.28886133480318676 0.7017167473413451 0.30441282635911193 0.6192298205915601 0.3101562833811613 0.6203125062926144
9 0.3065205125808461 0.712956041778142 0.3008019442972909 0.711262017345394 0.32541440271404554 0.6281888219620225 0.33113287721891993 0.6298828316719894
9 0.6933593625981302 0.3789062471997184 0.6994440397907056 0.3802801386074557 0.6838634920208051 0.44927965621969146 0.6777788168485586 0.44790577092744543