2 0.5364458018946152 0.4865168144364626 0.5615544109971324 0.48939039375618354 0.5535811993440802 0.5590526389488334 0.5284725930015384 0.5561790757208765
1 0.6485518338290603 0.557132178280994 0.6158234188580991 0.5597870020213276 0.6100782904396738 0.488965538285578 0.6428063317420083 0.48631072990935503
11 0.29930242449563593 0.5499621542829445 0.35248929104022864 0.609708268945079 0.2720342677979488 0.6813214856141645 0.2188480333301186 0.6215759782114815
1 0.3215216097484017 0.5975460539163154 0.32032857034266726 0.546241294758225 0.37535955821772404 0.5449617084967913 0.3765528370014408 0.596266223124358
2 0.3720259334451157 0.5824940114301834 0.38572470546625937 0.5519386246368119 0.42136840843784285 0.5679170199994438 0.4076697589948708 0.5984723028176625
2 0.4190929599340052 0.5974239194780632 0.42243881493186564 0.5740058570771596 0.45669731144778325 0.5789000104562857 0.45335153718690435 0.602318000361429
2 0.46511234051843076 0.5856758333263936 0.48098304407983505 0.6033079649901252 0.45235330857519784 0.6290746702927796 0.4364826704193092 0.6114426013795018
2 0.6023214336345291 0.607637177581519 0.5760426058947132 0.6087796123909162 0.5747484097282722 0.5790113110721355 0.6010270960656499 0.5778688793417186
2 0.6266097356617593 0.5716283976794877 0.631479007217763 0.5973629094299443 0.6056923482507273 0.6022414557117528 0.6008231450639414 0.5765070037859864
2 0.6805906117455152 0.5460285187863358 0.6920398957565794 0.5744196952637707 0.6461917005814257 0.5929068739376441 0.6347425603041756 0.564515819298624
2 0.6343733067977837 0.4988908995207711 0.6659116662387987 0.4808704301553553 0.689553262157915 0.522243377624305 0.6580149513067681 0.5402637800723152
2 0.7429876068222256 0.5198340262599767 0.7120106826820347 0.5296154511667637 0.7004507459581646 0.4930087593709194 0.7314275000188672 0.48322736332747457
2 0.6071422020596628 0.5229607455325167 0.6140917596901545 0.5438075343741361 0.5930958367770245 0.550806151256704 0.5861463235598876 0.5299594001732165
2 0.45123321169785413 0.5328282526045869 0.44215042961059225 0.5561820402489391 0.42401813648848474 0.5491306067721542 0.43310093365892044 0.5257768564743304
2 0.40746780379595293 0.5562857329448405 0.3872812369646681 0.5457545211181007 0.4033977735419967 0.5148646606304131 0.4235842469809086 0.5253958429344986
2 0.35061791948032806 0.5182333551951325 0.3724963421806251 0.5036489653416368 0.3888379310764094 0.5281614148664009 0.36695953595346964 0.5427457705023163
2 0.2893753375610686 0.49665786143611595 0.30645952870565907 0.47482989330167197 0.34666444667197993 0.5062948548565678 0.3295803474065906 0.5281227381224521
9 0.6391909045772763 0.4988303123716421 0.6285896501107118 0.4996584841021285 0.6176874782177038 0.36010901243680404 0.628288532094075 0.35928084876597594
9 0.3250000000000455 0.6718750000000052 0.3230738633025112 0.6713247469380873 0.33722482752818905 0.6217963891820787 0.33915094577002947 0.6223466394398637
9 0.3445703346017126 0.629087003730836 0.34893294491405413 0.6291908608962032 0.3470709430956731 0.7073955235260557 0.3427083328125491 0.7072916671875