2 0.4694703126934985 0.5156796880952381 0.46845312507739933 0.5094078130952381 0.46845312507739933 0.5038328119047619 0.46811406253869975 0.4996515630952381 0.4565812501547988 0.4947734369047619 0.45285000000000003 0.4975609380952381 0.4501359374613003 0.502439061904762 0.4491187498452012 0.5080140630952381 0.4491187498452012 0.5156796880952381 0.4491187498452012 0.5240421880952382 0.4494578123839009 0.531010936904762 0.4497968749226006 0.5365859380952381 0.4511531250773994 0.540767188095238 0.45488437523219816 0.5456453130952381 0.4596343752321982 0.5491296869047619 0.46336562476780185 0.5526125 0.4664171876160991 0.553309375 0.4691312501547988 0.553309375 0.4708281250773994 0.5442515630952381 0.4711671876160991 0.5365859380952381 0.4708281250773994 0.5289203130952381 0.47014999999999996 0.5219515619047619 0.4694703126934985 0.5156796880952381
2 0.5485078123839009 0.523345311904762 0.5485078123839009 0.5114984369047619 0.5481687498452013 0.5003484369047619 0.5474890625386997 0.4968640630952381 0.5346 0.48919843690476195 0.5315468749226007 0.4905921869047619 0.5278156247678019 0.4940765630952381 0.5257796873065015 0.4996515630952381 0.5254406247678018 0.5073171869047619 0.5244234377708978 0.5163765619047619 0.5237453126934984 0.5261328130952381 0.5237453126934984 0.5344953130952381 0.5254406247678018 0.5435546880952381 0.5264593752321981 0.5484328119047619 0.5288328123839009 0.550521875 0.5349390625386997 0.5526125 0.5396874996904025 0.5526125 0.5420625003095975 0.5526125 0.5451156247678018 0.5526125 0.54715 0.5484328119047619 0.5478296873065016 0.5442515630952381 0.5485078123839009 0.535192188095238 0.5485078123839009 0.523345311904762
11 0.23016623467492262 0.5383660357142857 0.22623176904024767 0.5403332678571429 0.22492028049535606 0.5442677333333333 0.23082197894736842 0.557382619047619 0.2373794210526316 0.5672187833333333 0.2472155851393189 0.5731204809523809 0.25901898204334367 0.5842681333333334 0.26951088978328175 0.5914813202380953 0.28000279814241485 0.5927928083333334 0.2891832173374613 0.5829566452380952 0.28590449659442724 0.5645958059523809 0.28524875232198144 0.5449234785714285 0.2839372637770898 0.5219724285714286 0.2845930080495356 0.4977098916666666 0.27934705386996905 0.48984096071428573 0.27410109969040247 0.49443117023809524 0.2544287721362229 0.4977098916666666 0.2472155851393189 0.49639840357142856 0.23672367678018577 0.4937754261904762 0.23016623467492262 0.4957426583333333 0.22754325758513932 0.5029558452380952 0.22754325758513932 0.5095132880952381 0.22885474613003096 0.515414986904762 0.23410069969040248 0.5265626392857142 0.23016623467492262 0.5383660357142857
2 0.3219704303405573 0.5475464547619048 0.3232819188854489 0.5449234785714285 0.3278721287925697 0.5344315702380953 0.32656064024767806 0.5265626392857142 0.32459340743034054 0.524595405952381 0.3180359647058823 0.5232839178571429 0.3108227783281734 0.5219724285714286 0.297707892879257 0.5213166845238095 0.29442917151702785 0.5272183833333334 0.2970521486068111 0.5363988023809524 0.3055768241486068 0.5475464547619048 0.31738022043343656 0.5521366654761904 0.3219704303405573 0.5475464547619048
2 0.29967512569659444 0.44918481666666665 0.2924619386996904 0.4504963047619048 0.283281519504644 0.4577094916666667 0.2826257752321982 0.4701686321428571 0.28852747306501547 0.4786933083333333 0.3009866142414861 0.4865622392857143 0.31869170897832816 0.49508691428571433 0.32918361733746127 0.4924639369047619 0.33246233869969044 0.4806605404761905 0.3259048959752322 0.46754565595238096 0.31344575541795666 0.4583652357142857 0.3055768241486068 0.4557422595238095 0.29967512569659444 0.44918481666666665
2 0.33770829287925697 0.4937754261904762 0.3357410600619195 0.49508691428571433 0.33770829287925697 0.5023001011904762 0.33770829287925697 0.5134477535714286 0.3442657349845201 0.5200051964285715 0.35672487616099074 0.5219724285714286 0.3704955052631579 0.5206609404761905 0.37180699380804955 0.5147592416666666 0.37770869226006193 0.4931196821428571 0.37639720371517027 0.4819720297619048 0.37180699380804955 0.477381819047619 0.3659052959752322 0.477381819047619 0.35869210897832815 0.4786933083333333 0.3449214792569659 0.4826277738095238 0.33770829287925697 0.4937754261904762
2 0.3396755256965944 0.5396775238095238 0.33836403715170277 0.5429562452380952 0.33901978142414857 0.5534481535714286 0.3429542464396285 0.572464736904762 0.3600035975232198 0.5829566452380952 0.3770529479876161 0.573776225 0.38229890216718265 0.5593498511904762 0.37967592507739933 0.5508251761904762 0.373774226625387 0.5436119892857143 0.36328231888544893 0.5383660357142857 0.34754445634674924 0.5291856154761905 0.3396755256965944 0.5396775238095238
2 0.6282029987616099 0.4721358654761905 0.6249242773993808 0.477381819047619 0.6196783232198142 0.48328351785714285 0.6209898117647059 0.4911524488095238 0.6229570445820434 0.5003328690476191 0.6308259758513932 0.5042673345238096 0.6452523492260063 0.5016443571428572 0.6577114904024768 0.4904967047619047 0.6564000018575851 0.48131628452380953 0.6550885133126936 0.4741030988095238 0.6504983034055728 0.4655784226190476 0.6419736284829721 0.46164395714285716 0.6380391628482972 0.4622997011904762 0.6341046972136223 0.4636111904761905 0.6282029987616099 0.4721358654761905
2 0.664268933126935 0.4642669345238095 0.6623017003095976 0.4786933083333333 0.6885314705882353 0.4852507511904762 0.7009906111455109 0.45443077023809525 0.6904987034055728 0.4485290726190477 0.664268933126935 0.4642669345238095
2 0.5750877139318885 0.5744319702380952 0.5652515498452012 0.5777106904761905 0.5619728284829721 0.5823009011904762 0.555415386377709 0.5927928083333334 0.5573826191950464 0.5960715297619048 0.5619728284829721 0.6000059952380953 0.5711532482972136 0.5960715297619048 0.5763992024767802 0.5770549464285715 0.5750877139318885 0.5744319702380952
2 0.5809894123839009 0.5763992023809523 0.5875468551083591 0.5803336678571428 0.5934485529411765 0.5803336678571428 0.6059076941176471 0.5711532488095238 0.6078749269349845 0.5665630380952381 0.6045962055727554 0.5527924095238095 0.5993502513931889 0.5527924095238095 0.5927928086687306 0.5547596416666667 0.5790221795665634 0.5672187833333333 0.5809894123839009 0.5763992023809523
11 0.7019597281733746 0.5228579488095237 0.7044822885448917 0.5352414261904762 0.7102153801857586 0.5446436964285714 0.7157191479876162 0.5545046142857143 0.7198469739938079 0.5634482369047619 0.7264973603715171 0.575143744047619 0.7301665386996904 0.5911964000000001 0.7361289541795666 0.6042678488095238 0.7436966346749226 0.607249055952381 0.7496590501547988 0.6035798773809523 0.7574560544891641 0.5916550476190476 0.7629598222910215 0.5627602654761904 0.7615838804953561 0.5487715226190476 0.7572267306501549 0.526985775 0.7485124315789474 0.5045120559523809 0.7418620458204334 0.48341427857142855 0.7393394854489164 0.47217741904761906 0.7306251863777089 0.4648390619047619 0.728102626006192 0.4675909464285714 0.7235161529411765 0.47355336190476194 0.7205349448916408 0.4783691583333333 0.7170950904024768 0.4824969845238095 0.7104447040247678 0.48960601785714286 0.7060875541795666 0.49235790119047623 0.7021890520123839 0.49556843333333334 0.6992078445820433 0.49969625833333337 0.6985198736842105 0.5058879976190477 0.698978520743034 0.5129970309523809 0.7019597281733746 0.5228579488095237
