2 0.4477156777870732 0.49520475359954685 0.46913700347965914 0.49416259153061487 0.47200796024014835 0.5531694217385421 0.45058663491874995 0.5542115788793954
2 0.5237452643563074 0.5526125301715034 0.5237453782461898 0.48919839815500027 0.548507809249486 0.489198488523724 0.5485078202068507 0.5526124950894667
11 0.28968533890758863 0.5922714868048273 0.22768463152169716 0.5956096974983907 0.2221556545259773 0.4929202572406391 0.284155312184339 0.4895820748369688
2 0.2890263006798932 0.5411101290523495 0.2992782452248548 0.514750522326077 0.3307643000863436 0.5269952194912976 0.3205124407548965 0.5533547541160297
2 0.3400796060875564 0.4761209486066855 0.323029481140793 0.5016945629375638 0.2752104505495936 0.46981530327410426 0.2922605543443524 0.4442417941911497
2 0.3342079358404817 0.4807777063820859 0.37590768619566006 0.4763102171372988 0.3805441923799435 0.5195843811071859 0.33884444434727357 0.5240518555770686
2 0.38902963973316673 0.5520022171234881 0.3692162409613502 0.588023566605615 0.32612041656659585 0.5643209764242225 0.3459338249342636 0.5282997764390895
2 0.6236129485725996 0.5055788084878485 0.6164570429617697 0.46622368370480133 0.652465358667996 0.4596767825758722 0.6596213458051352 0.4990318019286073
2 0.6871258334753065 0.4887279413279344 0.658979786050395 0.4773504929054519 0.6734216982772523 0.4416260346351108 0.7015676090180705 0.45300345189879393
2 0.5691931819061438 0.5707482768480121 0.5819842764989289 0.5787418635042013 0.566806322830189 0.6030266038962037 0.5540152439666599 0.5950330376756701
2 0.5872529315111024 0.5848988670567762 0.5748082976293745 0.5680113502795402 0.6013820371412066 0.5484307450234363 0.6138266532703938 0.5653182136722423
11 0.7795988040647899 0.5955329909913152 0.7294952429299428 0.6118834332205818 0.6862337472282434 0.47932558942708375 0.7363362501974962 0.4629753340362539