11 0.2899644278637771 0.4205384714285714 0.29311621547987615 0.42459077023809527 0.30032030030959755 0.4299938333333333 0.3093254068111455 0.4389989404761905 0.31427821547987617 0.4344963869047619 0.3367909820433436 0.38812008809523807 0.3363407263157895 0.32283306666666667 0.33273868359133124 0.3133777047619048 0.322833066873065 0.31292745 0.3160792371517028 0.3246340880952381 0.3088751517027864 0.3448955773809524 0.30392234303405574 0.3539006845238095 0.2989695343653251 0.3651570666666667 0.29176544953560374 0.3912718761904762 0.2859121300309597 0.41333438690476193 0.2899644278637771 0.4205384714285714
2 0.3102259176470588 0.506987494047619 0.3097756625386997 0.5083382595238095 0.3102259176470588 0.5177936214285714 0.3129274495356037 0.5236469404761904 0.31968127925696593 0.52859975 0.3291366414860681 0.5349033238095238 0.3354402160990712 0.5317515369047618 0.3358904712074304 0.5263484726190476 0.33453970526315785 0.5195946428571429 0.33048740743034055 0.5119403023809523 0.3210320452012384 0.5024849404761905 0.3147284712074303 0.49978340833333335 0.3097756625386997 0.4984326428571429 0.3102259176470588 0.506987494047619
2 0.34129353498452014 0.521845919047619 0.34129353498452014 0.5231966857142857 0.34174379009287925 0.5276992392857143 0.3435448117647059 0.5389556214285715 0.34714685448916405 0.5479607285714285 0.35254991826625387 0.5475104726190476 0.3669580885448916 0.5412068988095238 0.3584032371517028 0.5204951535714286 0.34714685448916405 0.5195946428571429 0.34129353498452014 0.521845919047619
11 0.2368343003095975 0.6231533678571429 0.23908557647058823 0.6281061761904763 0.2575460452012384 0.6461163892857142 0.27195421547987614 0.6569225166666667 0.2818598321981424 0.6614250702380952 0.29446698142414857 0.6632260916666667 0.30392234303405574 0.6582732821428572 0.3115766835913313 0.6321584738095237 0.30752438575851393 0.6078446869047619 0.30437259876160994 0.5835308988095238 0.2976187684210526 0.5722745154761905 0.28906391764705885 0.5722745154761905 0.2787080452012384 0.5790283452380952 0.27015319380804953 0.5835308988095238 0.2629491089783282 0.5898344738095238 0.25304349164086687 0.5965883035714286 0.24088659814241487 0.6006406011904761 0.2350332786377709 0.6024416226190477 0.2368343003095975 0.6200015797619047 0.2368343003095975 0.6231533678571429
2 0.34534583281733744 0.6200015797619047 0.3462463436532508 0.6200015797619047 0.353000173374613 0.6136980059523809 0.3543509393188854 0.6046928988095238 0.35074889659442726 0.5974888142857143 0.34489557770897833 0.5929862607142857 0.3336391944272446 0.5848816654761905 0.3273356198142415 0.5835308988095238 0.3223828111455108 0.5871329416666666 0.3201315349845201 0.5929862607142857 0.3210320452012384 0.601090855952381 0.3268853647058823 0.6091954523809524 0.3372412371517028 0.6168497928571428 0.34534583281733744 0.6200015797619047
2 0.3714606414860681 0.6294569416666667 0.37416217337461305 0.634860005952381 0.38091600371517026 0.6452158785714286 0.3845180458204334 0.6474671547619048 0.39127187616099074 0.6465666440476191 0.3975754501547987 0.6420640904761905 0.39892621609907125 0.63440975 0.3957744291021672 0.6276559202380951 0.38992111021671827 0.6204518357142856 0.3791149820433437 0.6109964738095238 0.3723611523219814 0.6064939202380952 0.36740834365325076 0.6055934095238096 0.36425655665634676 0.6109964738095238 0.36380630092879257 0.6173000476190477 0.36785859938080495 0.6254046440476191 0.3714606414860681 0.6294569416666667
2 0.40568004643962846 0.63440975 0.40568004643962846 0.6411635797619047 0.40748106749226004 0.6470169 0.4115333653250774 0.6510691976190477 0.41918770588235293 0.652870219047619 0.42684204643962853 0.6515194523809524 0.42909332321981425 0.6474671547619048 0.4277425572755418 0.640713325 0.41738668482972135 0.6326087285714286 0.41603591888544894 0.6317082190476191 0.4083815783281734 0.6303574523809524 0.40568004643962846 0.63440975
2 0.5916354947368421 0.6537707297619048 0.5988395801857584 0.6515194523809524 0.6019913671826626 0.6452158785714286 0.6024416222910217 0.6362107714285714 0.6006406012383901 0.6258548988095238 0.5866826860681115 0.6290066869047619 0.5844314092879257 0.6303574523809524 0.5785780904024768 0.6339594952380952 0.5754263034055728 0.6384620488095238 0.5767770693498452 0.6456661333333333 0.5830806433436533 0.6537707297619048 0.5916354947368421 0.6537707297619048
2 0.6141482606811145 0.6335092392857142 0.6195513250773994 0.6366610273809523 0.6236036229102168 0.6389123035714286 0.6299071975232198 0.6398128142857143 0.6353102613003097 0.6357605166666667 0.639362559133127 0.6245041333333333 0.6420640910216718 0.6163995380952382 0.6398128142414861 0.6051431547619047 0.633509239628483 0.6046928988095238 0.6182005585139319 0.6087451976190476 0.6109964736842105 0.6150487714285715 0.6069441758513932 0.619551325 0.603342133126935 0.6249543880952381 0.606493920123839 0.6299071976190476 0.6141482606811145 0.6335092392857142
2 0.6483676656346749 0.6136980059523809 0.6591737931888545 0.6145985166666666 0.6663778786377709 0.6118969845238096 0.6812363040247679 0.6001903464285715 0.6884403894736841 0.5884837071428571 0.6852886018575851 0.5821801333333334 0.6641266018575852 0.5826303880952381 0.6591737931888545 0.5871329416666666 0.6470168996904025 0.5956877928571429 0.6416138359133128 0.6015411119047619 0.6411635801857586 0.6096457071428572 0.6483676656346749 0.6136980059523809
11 0.7064506024767802 0.6510691976190477 0.706000346749226 0.6605245595238096 0.7073511126934985 0.6771840059523809 0.7136546873065015 0.6947439642857143 0.7240105597523219 0.6978957511904762 0.7415705176470587 0.6776342619047618 0.7523766452012384 0.6546712404761905 0.7604812408668731 0.6303574523809524 0.7667848154798762 0.6028918773809524 0.7667848154798762 0.5808293666666666 0.7600309857585139 0.5700232392857143 0.748324347368421 0.5695729833333333 0.7447223046439628 0.5722745154761905 0.7375182191950465 0.5790283452380952 0.7280628575851393 0.5884837071428571 0.7177069851393189 0.5997400904761905 0.7100526445820433 0.603792388095238 0.7001470278637771 0.6105462178571429 0.6951942191950464 0.6209020904761905 0.696544985139319 0.6308077083333333 0.702848559752322 0.6447656226190476 0.7064506024767802 0.6510691976190477
2 0.6173000482972136 0.5358038345238095 0.62180260123839 0.5484109833333334 0.624504133126935 0.5524632821428571 0.6344097504643963 0.5511125154761904 0.6474671547987616 0.5448089416666667 0.6483676656346749 0.5403063880952381 0.6474671547987616 0.5290500047619048 0.6443153678018576 0.5249977071428571 0.6416138359133128 0.5200448988095238 0.6380117931888545 0.5200448988095238 0.615499026625387 0.5231966857142857 0.6173000482972136 0.5358038345238095
2 0.6533204743034056 0.5267987285714286 0.6542209845201239 0.5331023023809524 0.6587235380804953 0.5349033238095238 0.6654773678018576 0.5335525583333334 0.669979920743034 0.5304007702380953 0.6767337510835912 0.5267987285714286 0.6857388575851393 0.5186941321428572 0.6866393678018576 0.5114900476190476 0.6861891126934984 0.5078880047619048 0.6749327294117647 0.5006839190476191 0.6690794105263157 0.501134175 0.6641266018575852 0.5029351964285714 0.660974814241486 0.5060869833333334 0.6578230272445821 0.5087885154761905 0.6551214953560371 0.5168931107142858 0.6533204743034056 0.5267987285714286
