11 0.8059124802408633 0.6504841257875091 0.7194155720870867 0.6381288001179602 0.7351440915049352 0.5280338628630087 0.8216393020921942 0.5403890656871533
2 0.7195436153652963 0.5256109777194791 0.730175858441271 0.5532521714033577 0.6917272326735429 0.5680400380878946 0.6810951013335398 0.540398939029185
2 0.6722022622323038 0.5446012097259568 0.6787402126601592 0.5668278217478402 0.6318521654279721 0.5806184366887626 0.6253143238079701 0.5583919174962108
2 0.3602135589239879 0.5477057421187279 0.3563848269790242 0.5772397785217398 0.31516346296155007 0.5718963121502856 0.31899228321390183 0.5423623801220009
2 0.30627515319758913 0.5266578428900426 0.3130560534881397 0.5575454116661438 0.2681688369031008 0.5673986776682808 0.2613880724975388 0.5365112271762436
11 0.1989626515043028 0.6386711014420164 0.17719660957618544 0.5334773601858737 0.2551426919436608 0.5173508608713244 0.27690927612491123 0.6225438760565952
2 0.25594745414753106 0.5015414414032909 0.2664081912342908 0.4780066952562591 0.30182416385503075 0.4937472408011758 0.29136350825376667 0.5172819177642258
2 0.34668321603749064 0.49765647864140017 0.3440478997434866 0.5226906483136147 0.3031130398842379 0.5183817213846057 0.3057484262220669 0.4933476313323724
7 0.2705094134951196 0.6756953216556649 0.27967168453903923 0.6757411262563109 0.2795044704914744 0.7091840392346943 0.27034219944869164 0.7091382347956369
7 0.3177612671272527 0.7249485425698119 0.33278550054330935 0.7013728026356656 0.3594757104497148 0.7183791554464924 0.3444515704489959 0.7419548132663878
7 0.71026671108757 0.3411980682343674 0.7258871006256413 0.34964810643939714 0.705883552581895 0.38662435072242923 0.6902631767246703 0.37817433214035995
7 0.4250891230724392 0.37473891295188716 0.4156824421197598 0.35000402370262484 0.4429745248405652 0.339625240018589 0.4523812222507786 0.36436009015392673