1 0.7098067842931641 0.5254984820775173 0.6696638885782704 0.5237252968066598 0.6728978480693968 0.450522420777484 0.713040311433133 0.45229559654852497
1 0.3656584046126454 0.6270616552569241 0.3142880239796568 0.6092354734769782 0.33171974900210444 0.5590079687032601 0.3830896792389922 0.5768340652566005
2 0.451226975476402 0.6601283850068907 0.423024248905449 0.6551455712566264 0.4315317204411713 0.607000064752089 0.45973418642176966 0.6119828549052065
2 0.7369852554398904 0.5851635138663441 0.6874871171324912 0.619527528436148 0.6578209455559545 0.5768002817275345 0.7073187610476452 0.5424364240952129
9 0.91875 0.8609375 0.928125 0.8609375 0.928125 0.8765625 0.91875 0.8765625
2 0.3445293800956506 0.5071427232110536 0.3128268852461815 0.5170490124439069 0.3003635041139887 0.4771659129208535 0.3320658135993426 0.46725965486167387
11 0.7211597280327169 0.6229658930831053 0.717356660104997 0.5202720714708319 0.7903784339816866 0.5175682576766208 0.7941821294871261 0.6202614196457739
7 0.68359375 0.3750000000000159 0.6710239046847164 0.3602446419732228 0.6929393983107275 0.34157594033189437 0.7055092289712093 0.35633127536395254
9 0.4370703121853694 0.7103906139905058 0.4378811577579427 0.7387647820840783 0.43241239047790714 0.7389210259940172 0.4316015624999636 0.7105468749999805
9 0.7288377420775305 0.6534026173900432 0.7236382654592717 0.6554821647870349 0.7062458773983735 0.6120014130951656 0.7114453125000182 0.6099218749999925
9 0.7016034141635146 0.6437067333176517 0.6967894164112067 0.6439600716612336 0.6950688447446964 0.6112689625537842 0.69988281250005 0.6110156249999991
7 0.7354500470170251 0.6815129621601369 0.7361821481234756 0.6881306454745305 0.7251993263108716 0.6893454672504687 0.7244672335436917 0.6827277915630662
7 0.7400028726975734 0.6903945995613767 0.7375391786212049 0.7034893400219246 0.7200753497053256 0.700204090755555 0.7225390625000045 0.6871093749999818
7 0.7219549872544349 0.6941632205037868 0.7228344550026122 0.7047149640367757 0.7062310288741855 0.7060986044061163 0.7053515812499427 0.6955468796875142
9 0.31495479002796856 0.6725202382938217 0.3096008123699221 0.6700606072250267 0.3344866660097523 0.6158975986793866 0.33984058995667965 0.6183572153816372
7 0.3187455077215873 0.7471102361966299 0.2876084856388843 0.730363205445453 0.3189880398548439 0.672030170850176 0.3501246973146408 0.6887770806043401
9 0.6880078125 0.398828125 0.6936328125 0.398828125 0.6936328125 0.415703125 0.6880078125 0.415703125
7 0.3162706796875 0.33494458125 0.3561873796875 0.33494458125 0.3561873796875 0.4096401875 0.3162706796875 0.4096401875
6 0.6270734622929695 0.5408791472040518 0.6034198000882043 0.5380295129332539 0.6142143065192158 0.44843714953738334 0.6378676468750655 0.4512867640625021