11 0.7454940738909954 0.4039876349949519 0.695735858711032 0.4074100548194313 0.6830950638400282 0.22362629429414346 0.7328523977927262 0.2202039050612414
11 0.7328168341633727 0.45909884527345174 0.8106726958923218 0.44837710420801963 0.8271167228059539 0.5677764120489034 0.7492608821022486 0.5784980522959812
2 0.6253779402849204 0.5157044906018386 0.6694174598065956 0.4922187817887544 0.6868624308040125 0.5249283505502438 0.6428229594956747 0.5484139901434787
11 0.5939315278238837 0.5216105179581407 0.561308599692893 0.5210690888295334 0.5638982620013167 0.36506790039890863 0.5965204750000339 0.3656093234375003
2 0.6532487208105522 0.612115110283671 0.6343565350254039 0.599413025878412 0.6707324788717415 0.5453157355318432 0.6896245065386211 0.5580177468840688
2 0.401023189763805 0.6049559850845591 0.4262467489940036 0.6198590477024156 0.41201265926360975 0.643947475389737 0.38678912952548217 0.6290444524298391
2 0.3424725017179071 0.5762127472491427 0.3682621061605005 0.5547238619994262 0.40823595951326297 0.602693049268748 0.3824464662916398 0.624181813754739
2 0.3478164753838655 0.5177571046995005 0.3350874289164949 0.5424177900147448 0.2978656772966133 0.5232066461970335 0.31059473486232037 0.4985460430388016
2 0.373154007664084 0.5297947320767384 0.39461319742019896 0.5196971800275798 0.4105304047043319 0.5535212844320406 0.38907123470278293 0.5636188053049995
2 0.41077434581347916 0.5514631295142748 0.4307938924608834 0.5498617186057287 0.4332987856247428 0.5811728648876461 0.4132792395147362 0.58277427146141
11 0.28711350521223267 0.6206022609492128 0.21364501814889536 0.6212824617619204 0.2126070102980293 0.5090993342530332 0.28607408092216247 0.5084191399924604
10 0.36078264135903737 0.43274958446491635 0.3833840775197359 0.4331054864389587 0.38190581535695856 0.5269757326767255 0.3593043792567414 0.5266198331483141
10 0.36429225510755714 0.5178766242522612 0.34615363756961415 0.5187268146779986 0.3422589131141649 0.4356370687848 0.3603973110602965 0.4347868835265003
10 0.3663713843700407 0.4207325112083362 0.3928091741773869 0.4257462267443837 0.375368975947481 0.5177041193649271 0.3489311955083849 0.5126904372404975