11 0.29140669037212774 0.6726562950724 0.20972553109902492 0.6642961635248815 0.21997446586567548 0.5641823929763263 0.3016541146923828 0.5725424474251625
11 0.7653362090187557 0.7058815374147993 0.7104343512091873 0.6979880707136271 0.7309528531720844 0.5552986254742843 0.7858532444856792 0.5631919864951285
11 0.689843749999909 0.3664062500000062 0.738013781971631 0.3591291934242704 0.7597331115715633 0.5028912698674949 0.7115630955065626 0.5101682556804715
1 0.28798466222053776 0.6193047428883917 0.30790030487571585 0.5808679148129207 0.36460732493071646 0.6102467603379531 0.34469194964765393 0.648683359832982
2 0.39105726611944647 0.623182225375946 0.38735677884415054 0.6666592711829707 0.3525555544525787 0.663697451509826 0.35625617609218807 0.6202205539330776
2 0.6607985456797678 0.6116999403972437 0.6862655460477072 0.6414077032036163 0.6493477001853307 0.6730514089409212 0.6238808489783878 0.6433437872172301
2 0.687522596294798 0.6397225849581075 0.6706773598664313 0.6246711181192497 0.7099493566136061 0.5807239561653865 0.7267944864016727 0.595775340238797
2 0.6191111500481838 0.6068114330245087 0.5942028124212584 0.6051510554716062 0.5959685017903666 0.5786669059936491 0.6208767200040484 0.580327279542994
2 0.6490647440223256 0.5967798413501421 0.6241758088527831 0.6105467421623461 0.6087213855360005 0.5826098037548657 0.633610205594664 0.5688429425615139
2 0.7055711186876579 0.5774236119041071 0.6927847463915668 0.5636549481125769 0.7286420482193989 0.5303589727372768 0.7414283728783175 0.5441275791572673
9 0.29861111093748605 0.7499999999999994 0.29032302771167906 0.7487569702518516 0.3033440866258843 0.6619514365722166 0.31163201600577395 0.6631944545868761
9 0.3159721734341474 0.6736111029975821 0.31773215848534164 0.6738995811440534 0.30905165184003636 0.7268509764956033 0.30729166718754186 0.7265625000000084