1 0.30282865755793864 0.553210845032426 0.34028596326572824 0.5349882993140201 0.3755251014528085 0.6074169107006805 0.33806788018910083 0.6256393263615408
2 0.3111213037014977 0.5227858566500029 0.31975634631669436 0.5063055067981888 0.3547779593835685 0.5246539049362905 0.3461429774760063 0.5411342027393083
1 0.7334015598496535 0.48708827379922814 0.7373857414777376 0.5530033480292752 0.691282859777516 0.5557895641644999 0.6872989338735351 0.4898747332292812
2 0.3989047519118003 0.601416323911302 0.38284970470317603 0.6354459499428662 0.3524461042926532 0.6211031722865823 0.36850117613084876 0.5870736519528239
2 0.4080169289765081 0.5543547265716232 0.42355966155469105 0.5729154487046442 0.40660193313442505 0.587114387637704 0.3910592385132077 0.5685537011112781
1 0.6866116490072045 0.6202974771815756 0.6664096965764656 0.5994011368549549 0.7186870937474623 0.5488663901381338 0.7388889192244505 0.5697625928044525
11 0.7239697308291397 0.556079760508157 0.7953571152395398 0.5461898506596864 0.8083049987358208 0.6396407367667417 0.7369176331420704 0.6495305621023464
11 0.2230438234375 0.5273586765625 0.31153894375 0.5273586765625 0.31153894375 0.6221748765624999 0.2230438234375 0.6221748765624999
9 0.29600694375005787 0.6718750000000021 0.29189322874594836 0.670555671745224 0.3066502648441656 0.6245487517306472 0.31076394336093927 0.6258680736643536
9 0.32291661118392767 0.6380208180211004 0.32963784434127774 0.6397959970101748 0.31748511899093046 0.6858029486114248 0.31076388906251395 0.6840277781250111
9 0.714824331318141 0.6758784168800782 0.7142547808506379 0.6760029894919506 0.7086318415312007 0.6502981832156453 0.709201389062514 0.6501736109375037
9 0.7256944597925212 0.6979166588186623 0.7247747757276102 0.6983964251248678 0.7161855813906186 0.6819338341188093 0.7171052625000129 0.6814540687499796
9 0.7205082240993761 0.6417418303448355 0.7225761046630623 0.6411337100812999 0.733882928812136 0.6795769310706868 0.7318150492809536 0.680185048884641
9 0.6997715964655526 0.47205496484747256 0.6971972237051887 0.4724912735046953 0.6883978673039337 0.42057519613693845 0.6909722218749721 0.4201388890625056
9 0.7049047175511305 0.42843098295257176 0.7025566914627461 0.4286444289221121 0.6999089263501901 0.39951900181972094 0.7022569437500579 0.3993055562499987
9 0.7048980499999971 0.4284315890625039 0.7061592884905394 0.4283345766662279 0.7087265108569909 0.46170854451429433 0.7074652723919144 0.4618055566909824