2 0.6255028584088222 0.6900450041064988 0.6221413256137112 0.6250536888857369 0.668644643806374 0.6226487136356422 0.6720064609814926 0.6876397305871795
11 0.2204988462589199 0.5776125536942376 0.28303960592245403 0.5632919492108578 0.304952033212885 0.6589770726342125 0.24241131822452644 0.6732975449111651
2 0.2905772925595329 0.6232650464410767 0.2968686596880161 0.5988891152413609 0.33863656266146336 0.6096680525912922 0.33234531021844305 0.634043885077636
2 0.3356833145259088 0.6266914567800986 0.36400605407607145 0.6128331244926871 0.3825493352558169 0.6507260679703434 0.35422663283281963 0.664584343304119
2 0.40350948208606496 0.6608757363296768 0.3773241545878818 0.6540878196111932 0.3826346955416966 0.6336044814144968 0.40881991940568696 0.6403923840447663
2 0.3780316604786549 0.5575818017488121 0.39662103557395767 0.5845335566369076 0.3672166798644412 0.6048123674783686 0.34862740008509263 0.577860697643425
2 0.34384976924377497 0.5832453701106628 0.30984466009692824 0.571557268598832 0.31908071740315336 0.5446889484146726 0.35308567440665684 0.5563770214180972
2 0.5669300120076741 0.5934886418698063 0.5761867942356957 0.5779389903832222 0.5967367619039123 0.5901711951715307 0.5874800181378532 0.605720813238766
2 0.5970082946685125 0.6074405247177003 0.5911532890023636 0.5876819191847096 0.6125856296049506 0.5813316166995101 0.6184406584238786 0.6010901823908629
2 0.6540635587710995 0.5765662661281848 0.6605794917099956 0.600672449879837 0.6285374520302867 0.6093324292207809 0.6220216030516212 0.5852263173429983
2 0.6887287618308164 0.552995305066389 0.7043372831294619 0.5751050637230596 0.6730172534367966 0.5972133041622836 0.6574088146395525 0.5751036195149434
11 0.7659572449533698 0.7106894803430007 0.7234805445978054 0.7162412941321341 0.7064332447459947 0.5858262624015236 0.7489088777097095 0.5802745183288778
2 0.6243171136638921 0.6632668277846773 0.6022707540475949 0.668777696397817 0.5965264306719291 0.6458002167221513 0.6185726910869107 0.6402893610802051
2 0.7130142405488868 0.6302714735551422 0.6703880025584112 0.6515820971560007 0.6581150908352811 0.6270361701323742 0.7007411419401706 0.6057256024404505