1 0.33106514039968715 0.4684070868143617 0.3770648758650168 0.4721427124437141 0.37245053540800654 0.5289585553409303 0.3264508020261019 0.5252229459034004
1 0.6318622845444679 0.5405351656438493 0.5916561715309854 0.5462403452792406 0.5806220311873176 0.4684838306028691 0.6208276603573495 0.4627786860741377
1 0.6677458384091324 0.4626289924359087 0.6781816210391298 0.5280941859439311 0.6237644815289514 0.536767861901773 0.6133290067716644 0.4713029423697441
1 0.7199205976663734 0.5142287981676088 0.6721924975665843 0.5237964017061004 0.6603114039502316 0.46453078984455237 0.7080390826989742 0.45496323006367534
1 0.39267673375763934 0.5676711251441092 0.3829156606138895 0.6270575107307474 0.32925484354825585 0.6182382002318417 0.3390161484226155 0.558852104973461
11 0.30543316984665125 0.38344662622234743 0.25994169402110856 0.37252902006486943 0.2814558304335151 0.28288825342886853 0.32694691148424226 0.29380581099017644
2 0.2954258547961217 0.48721251570826946 0.3092928981686782 0.47621535584867986 0.3255682752985649 0.4967365628201392 0.31170125122389436 0.5077337010741035
2 0.39162907147476744 0.5286962143717838 0.3665716756256643 0.5254281230173693 0.3707327043132409 0.49352739569225784 0.39578997640762736 0.49679547887983183
2 0.39655888261199834 0.5206442692935962 0.3916193153868335 0.48977408784036686 0.4175333523089648 0.48562787803322527 0.4224729692693927 0.5164979974974577
2 0.29700179531250004 0.5580481484375001 0.329509453125 0.5580481484375001 0.329509453125 0.5895707265625 0.29700179531250004 0.5895707265625
11 0.2863526688906859 0.5762025985552073 0.31101717910439675 0.6771956117856626 0.24988101561586973 0.6921238154192809 0.22521720731947426 0.591131400807965
2 0.6314767863905217 0.5993846921256952 0.6265565317050914 0.573965686112005 0.6624716314047419 0.5670144367648162 0.6673919482223027 0.5924333604862039
2 0.7123401159226432 0.5767174352013714 0.6830904784253562 0.5896404442861206 0.6714575403370873 0.5633131993457313 0.7007070511649545 0.5503902224784724
2 0.567221677104385 0.5115065919414477 0.5891856323544289 0.5075134739529118 0.5936176851357686 0.5318897830612739 0.5716537319941608 0.5358828931942147
11 0.7284126240259639 0.5622989691640481 0.7900503659399192 0.5559453406770697 0.8030836033477726 0.6823691964298719 0.7414458729742819 0.6887227486969547
9 0.3532774788345705 0.36619828236212437 0.35735533220235993 0.3663864812366266 0.3539042423714136 0.4411604198844751 0.34982638906251395 0.4409722218749982
9 0.6076389047505018 0.47482638926890974 0.6025242424499311 0.4747590949606513 0.6038256888514297 0.3758521487353016 0.6089402843840617 0.3759194425988872
9 0.6510417761530789 0.4583333146524615 0.6454110784043223 0.45927171782890736 0.6306540873545146 0.3707300649473217 0.6362847218749721 0.3697916671875077
9 0.6597222119270327 0.39322916536562 0.6651768443323363 0.39422812938558144 0.6543093806789102 0.45356447302995556 0.6488547493165697 0.45256551290327185
9 0.67029381700263 0.3608511959031324 0.6738770929625844 0.3601942953546266 0.6876110229906089 0.4351069970933773 0.684027747848404 0.43576389461290455
9 0.690972221875 0.3619791671875 0.6944444437499999 0.3619791671875 0.6944444437499999 0.4270833328125 0.690972221875 0.4270833328125
9 0.36138612502918477 0.7190823725442139 0.3523007511913647 0.7175808601313408 0.3659147945759287 0.6352172530590849 0.3750000166656946 0.6367187527543025
9 0.3403862843749721 0.6953124999999896 0.33429748707521867 0.6936365297926799 0.35230980747007834 0.6282068781496339 0.35839852662900284 0.6298828370333145
9 0.344726576225753 0.45019531271115404 0.3402204025572928 0.4501259905197121 0.341196987790795 0.3866494280890653 0.345703125 0.38671875000000067