1 0.34781942172082836 0.5218324746950878 0.39602769487032674 0.46639293929053116 0.48761436255529134 0.5460269316168981 0.4394066641035579 0.6014659191851327
1 0.62894370895674 0.5963661860152936 0.5971934744488863 0.5954020837236327 0.5995743652629244 0.5170083699420543 0.6313241763458564 0.517972465786023
1 0.4052328125 0.595203125 0.44271562500000006 0.595203125 0.44271562500000006 0.672965625 0.4052328125 0.672965625
11 0.29567739953972705 0.6339422966747074 0.2542645383399531 0.6203656766495669 0.2912966983329852 0.5074193366272407 0.3327087652451155 0.5209958153690152
2 0.37033273607073625 0.5705624943310874 0.41011439275337125 0.5686683300691013 0.41205510148108715 0.6094232763846761 0.3722734453247085 0.6113174336903949
2 0.3751593773803279 0.5494828512761826 0.3507717766956375 0.571545881579197 0.3232821209096528 0.5411625559224286 0.34766962770845566 0.5190996004080471
2 0.7087589898678743 0.5445453283171812 0.7264167567846016 0.5528540285734144 0.7063102017607434 0.5955805552562777 0.6886524562499972 0.5872718890625184
2 0.6323539882899922 0.5769206211765137 0.625246578207566 0.5484933695502312 0.663809043572428 0.5388528249608714 0.6709165171002951 0.5672799811307162
2 0.6898386140547927 0.5146254772619664 0.708690715102648 0.5269960650302239 0.6846332732401379 0.5636550362142617 0.6657812077187373 0.5512844929202853
9 0.3793402781249142 0.4270833328125129 0.38272573963661216 0.42595491581670586 0.3975694590154717 0.4704861632100752 0.39418399920896263 0.47161457657570416
9 0.40104168638163173 0.4748263892688775 0.39563207584535576 0.47476822464707913 0.396500168661305 0.3940390575597179 0.4019097218750858 0.3940972218750003
9 0.6201172352423328 0.5185546843052367 0.6124045790481887 0.5190707907945221 0.6086068537574647 0.46232166049723694 0.6163194437499442 0.4618055562500006
9 0.4010416671874282 0.7421874999999876 0.39669017079449986 0.7410619055770434 0.4146108214480364 0.6717922941432742 0.418962255219526 0.6729178801505225