1 0.41522174532087774 0.5395909297050795 0.4138197423474139 0.5941794395996582 0.36732316631366757 0.5929851925977162 0.3687253826619781 0.5383969028286578
1 0.3607011217940226 0.5991822607581218 0.41237229275236587 0.6019777997567466 0.4088331537924432 0.6673854284112051 0.3571619842838345 0.6645899070997079
1 0.6121572829640627 0.6990073334696338 0.579340838445205 0.7025542664848023 0.5714654391682643 0.6296982520783431 0.604281400495438 0.6261513454293038
1 0.6444966901809721 0.6876514972924427 0.6017428842043273 0.6915048974975468 0.5949087318418833 0.6156856149602283 0.637661896716736 0.6118322437871095
11 0.34637871771235496 0.49838005688631365 0.30057397647692596 0.5017314241978736 0.29118555290949644 0.37341809900002815 0.33698952414908945 0.3700667597440781
2 0.39958900413205356 0.5361025757001895 0.3829350348087246 0.5418448461342752 0.37502643565278504 0.518909898250875 0.39168034531246576 0.513167639062499
11 0.6764410795062759 0.6109242689181084 0.7460313718630687 0.5990806350496097 0.7609146095303458 0.6865202496314624 0.6913243451469953 0.698363779849367
11 0.6680839830453351 0.37528128715762515 0.7110014323257019 0.3794343571286837 0.6976892453168375 0.5169935029804821 0.6547718013479198 0.5128404719205438
9 0.3315972218749721 0.7239583328125142 0.32654574512810086 0.7213499644012289 0.35041742056125713 0.6751260732874215 0.35546885162648323 0.6777344274758048
9 0.37280115350813503 0.6779761820733105 0.3767758253923148 0.6790690398099538 0.35553716811409686 0.7563011809750745 0.3515625 0.7552083328125048
9 0.5980903181305166 0.7725694427861662 0.5947768517885379 0.7726492724443037 0.5930407546082961 0.700600661821088 0.5963541671875419 0.7005208328124989
9 0.6388955115729686 0.7719047699116238 0.6347718121661501 0.7726926508198315 0.6191402646435336 0.6908920407029998 0.623263889062514 0.6901041671875019
9 0.6562500203892796 0.7499999929433345 0.6526397003025295 0.7512495146748064 0.632061961745876 0.6918025148334969 0.6356722359986406 0.6905530017765948