2 0.33219244595841246 0.5245057738153553 0.2978796071581655 0.5508776590450326 0.24931557348315891 0.4876951552619061 0.28362812499995016 0.46132343750003485
2 0.3632299970229269 0.5714420664880702 0.31575900105224264 0.5768823988423466 0.3057588596508367 0.48962838366282974 0.3532291800996745 0.48418809070806745
2 0.6354188539810366 0.473583249463408 0.683706895836508 0.47123399886178086 0.6880576879422051 0.5606560327660639 0.6397696471898371 0.5630052667367155
2 0.7037711858927196 0.5424627144441945 0.6638214945335221 0.5199479687900038 0.7018058266809248 0.4525550307475158 0.7417551457336913 0.4750696447096064
2 0.31766537786529625 0.6366753479585896 0.26322595215117417 0.6200001312861929 0.284000889687718 0.5521849770086186 0.3384396669473517 0.5688600876147785
2 0.33240490053049143 0.5845267653602485 0.3817808834489824 0.5965557571198233 0.3670555531003856 0.6569925235308829 0.3176795951810618 0.6449636024342265
2 0.6748624678588158 0.652567024472185 0.6235443897119239 0.6619483740611379 0.610228580825833 0.589114693200534 0.6615459546834472 0.5797334097951813
2 0.7037163075019635 0.5466121389597769 0.7324240380122546 0.5937407260355065 0.6734027751206213 0.6296885654304826 0.6446953777514182 0.5825602689160205
11 0.2960215190207691 0.45317184814557604 0.24981369660997643 0.45369394904967786 0.24814894990777248 0.30632617670156004 0.2943560069496698 0.3058040800375589
11 0.27500240221831973 0.6704458640625 0.2026323688088496 0.6704458640625 0.20263305778075846 0.557240278125 0.2750015874174778 0.557240278125
11 0.731959252155093 0.5329449841742039 0.8043052078444362 0.5481740459816834 0.7809188449085696 0.6592595869453255 0.7085729370544414 0.6440306831535431
11 0.7045578851012806 0.3134211464342515 0.7509710966775174 0.3147285016021397 0.7471203852203416 0.4514292327017698 0.7007071740428046 0.45012188807136916