2 0.296875 0.377003125 0.29619531269349847 0.37351874999999995 0.28804374984520126 0.368640625 0.28396718761609907 0.361671875 0.27955156222910216 0.360975 0.2764953126934985 0.3637625 0.2747968749226006 0.37003437499999997 0.2747968749226006 0.3777 0.27513593746130033 0.38257812500000005 0.27955156222910216 0.38745625 0.28260937523219815 0.3916375 0.2846468749226006 0.3972125 0.28736406253869967 0.399303125 0.29279843777089787 0.397909375 0.29551562476780185 0.39303125 0.29857343777089784 0.39024375 0.3006109374613003 0.386759375 0.29993281238390096 0.38048750000000003 0.29857343777089784 0.3777 0.296875 0.377003125
2 0.7180703126934985 0.3554 0.7105984377708978 0.35121875 0.7044843752321981 0.3554 0.701426562229102 0.36515624999999996 0.6970109374613003 0.3749125 0.6939531250773994 0.37630624999999995 0.6898781250773994 0.37979062500000005 0.6898781250773994 0.39024375 0.6925953126934985 0.403484375 0.6980296873065015 0.40836249999999996 0.704823437770898 0.410453125 0.7089 0.410453125 0.712975 0.403484375 0.7173906247678019 0.39024375 0.7197687498452012 0.38048750000000003 0.7211281250773994 0.374215625 0.7201093752321981 0.36794374999999996 0.7180703126934985 0.3554
2 0.3100327052631579 0.40932165952380956 0.306108240247678 0.4254119654761905 0.30689313374613003 0.4426796095238095 0.3225909919504644 0.45680768214285716 0.33789640371517027 0.46740373690476195 0.3508471374613003 0.46426416428571426 0.35359426253869974 0.44738896666666667 0.3512395839009288 0.433260894047619 0.34103597585139317 0.4285515369047619 0.3245532241486068 0.42031016071428573 0.3182740811145511 0.3979407130952381 0.3100327052631579 0.40932165952380956
2 0.35163203034055723 0.4536681107142857 0.3543791554179566 0.46426416428571426 0.35751872693498454 0.4772148976190477 0.3661525492260062 0.4779997904761905 0.37949572879256965 0.48427893452380955 0.3873446582043344 0.48427893452380955 0.3940162482972136 0.48153180952380953 0.40068783777089784 0.4752526654761905 0.40068783777089784 0.45680768214285716 0.39558603405572756 0.45484545 0.3928389089783282 0.4556303428571429 0.3830277473684211 0.45602278928571427 0.3696845671826625 0.4544530035714286 0.36026585263157895 0.44738896666666667 0.35163203034055723 0.4536681107142857
2 0.4077518743034056 0.46858107619047623 0.4002953913312693 0.4768224511904762 0.4085367671826625 0.4838864880952381 0.408929213622291 0.49683722142857145 0.4258044117647059 0.4897731845238095 0.4281590904024768 0.4713282011904762 0.4301213226006192 0.4462116273809524 0.4258044117647059 0.44542673452380954 0.4203101609907121 0.4572001285714286 0.41285367801857586 0.463086825 0.4077518743034056 0.46858107619047623
2 0.2983446074303406 0.4733770738095238 0.2972557585139319 0.48589883571428566 0.3005223052631579 0.49542626428571424 0.3046054885448916 0.5049536928571429 0.3103219455108359 0.5139366964285714 0.32066601052631577 0.5095813 0.32692689226006194 0.5098535130952381 0.3386320179566564 0.5125756345238095 0.3438040501547988 0.503864844047619 0.3356376835913312 0.49515405238095234 0.33155449969040246 0.48725989761904764 0.3214826470588235 0.47773246904761907 0.3103219455108359 0.4741937095238095 0.3059665498452013 0.46929388928571425 0.29752797089783284 0.4676606166666667 0.2983446074303406 0.4733770738095238
2 0.34734280928792566 0.5125756345238095 0.34652617275541797 0.5169310309523809 0.3489760829721362 0.5278195202380953 0.35414811517027867 0.5362580988095238 0.3598645721362229 0.5381635845238095 0.3688475758513932 0.5378913726190476 0.3783750037151703 0.5381635845238095 0.3933466767801857 0.5327193404761904 0.38681358328173376 0.5316304916666666 0.3805527021671827 0.5286361571428572 0.3783750037151703 0.522375275 0.3658532414860681 0.5188365166666666 0.36204226996904026 0.5120312107142857 0.3522426297213622 0.5103979369047619 0.34734280928792566 0.5125756345238095
2 0.40287410526315787 0.5329915523809523 0.39851870897832814 0.5327193404761904 0.3914411913312693 0.5278195202380953 0.38844685634674925 0.5313582785714286 0.38980791764705885 0.5414301321428572 0.3933466767801857 0.5482354369047618 0.40287410526315787 0.5528630452380953 0.4107682594427245 0.5572184416666667 0.41539586749226004 0.5618460488095238 0.4143070185758514 0.5550407428571429 0.41349038204334365 0.5463299523809524 0.41022383529411766 0.5373469476190477 0.40559622724458205 0.5343526130952381 0.40287410526315787 0.5332637642857142 0.40287410526315787 0.5329915523809523
2 0.6115102334365325 0.57747645 0.622854827244582 0.5899189083333334 0.6309058297213622 0.5866253166666666 0.6422504241486069 0.576012630952381 0.6455440160990712 0.5650339916666667 0.6437142433436532 0.5503958047619048 0.6382249232198143 0.5342937999999999 0.6345653764705882 0.5240470702380953 0.6279781925696595 0.5317321178571429 0.6151697795665635 0.5361235738095238 0.6049230495356037 0.544540530952381 0.600165639009288 0.5474681678571429 0.5924805907120743 0.5540553523809524 0.5990677746130031 0.5628382630952381 0.6115102334365325 0.57747645
2 0.6451780619195046 0.5335618904761904 0.6415185151702787 0.5525915333333333 0.6492035628482973 0.5664978107142857 0.6605481572755418 0.573084994047619 0.6729906154798762 0.5683275833333333 0.6806756637770898 0.566131855952381 0.6905564390092879 0.5577148988095239 0.7004372148606812 0.541612894047619 0.69787553250774 0.5229492059523809 0.6934840767801858 0.49952810833333333 0.6883607114551085 0.4929409238095238 0.6836033009287925 0.49623451547619046 0.6755522984520124 0.5009919261904762 0.6638417492260061 0.5053833821428572 0.6535950185758514 0.5105067476190476 0.6422504241486069 0.5207534785714286 0.6451780619195046 0.5335618904761904
2 0.5965060922600619 0.4976983345238095 0.6027273213622291 0.4918430595238095 0.6107783238390093 0.48159632976190475 0.6089485504643963 0.47281341785714287 0.6023613665634675 0.47244746309523805 0.5950422736842106 0.47061769047619045 0.5892428229102167 0.4716411226190476 0.58918699876161 0.4717155535714286 0.5890154575851393 0.47168124523809524 0.5888210445820433 0.4717155535714286 0.5888820365325077 0.47165456190476196 0.5836976792569659 0.47061769047619045 0.5836976792569659 0.4801325107142857 0.5858934068111455 0.49477069761904763 0.5965060922600619 0.4976983345238095
2 0.615535734365325 0.4651283702380952 0.6107783238390093 0.46586027976190475 0.6104123690402476 0.4753751 0.6085825956656347 0.48818351309523805 0.6166335981424148 0.4907451964285714 0.6257824650154798 0.4911111511904762 0.6349313312693499 0.48854946785714287 0.6382249232198143 0.48781755833333335 0.6426163789473684 0.4863537404761905 0.6506673814241487 0.4848899214285714 0.6572545653250773 0.4731793726190476 0.6517652458204334 0.4563454583333333 0.6433482885448917 0.4578092773809524 0.6327356030959753 0.4625666869047619 0.6221229182662539 0.4632985964285714 0.6126080972136223 0.46476241547619046 0.615535734365325 0.4651283702380952
2 0.654828705882353 0.46715194285714284 0.6585686414860681 0.47429182023809524 0.6684284712074304 0.4783717488095238 0.6793082835913312 0.47667177857142856 0.6878081374613003 0.46715194285714284 0.6956280024767801 0.4542321654761905 0.705827826625387 0.44097239404761907 0.6966479845201239 0.43621247619047615 0.686448160371517 0.4406324 0.6769283250773994 0.4447123297619048 0.6704684365325078 0.4508322238095238 0.6612885944272446 0.4576321071428572 0.654828705882353 0.46715194285714284
11 0.7104546421052631 0.5263692285714285 0.6939157182662539 0.5378745666666667 0.7003874712074304 0.5846150035714286 0.7068592241486068 0.6378271940476191 0.7198027294117648 0.6378271940476191 0.7356225696594427 0.61337835 0.757195079256966 0.5860531714285715 0.773014919504644 0.5616043273809523 0.7708576687306501 0.5443463202380953 0.7449706569659442 0.5630424952380952 0.7478469919504643 0.5457844869047619 0.7643859157894737 0.5227738107142857 0.7658240829721362 0.504796719047619 0.7500042427244582 0.4961677154761905 0.7349034860681115 0.502639469047619 0.7104546421052631 0.5263692285714285
11 0.673062292879257 0.3214303892857143 0.6816912965944273 0.3825525 0.6975111368421052 0.4192257654761905 0.7147691442724458 0.4285738535714285 0.717645478637771 0.39190058690476187 0.7269935659442724 0.3760807464285714 0.7219599808049536 0.34228381547619047 0.7061401405572755 0.30704871666666667 0.7047019727554179 0.27756628690476187 0.6989493040247678 0.26965636666666665 0.6824103801857585 0.2948242952380952 0.673062292879257 0.3214303892857143
11 0.2337021851393189 0.5083921380952381 0.2459266068111455 0.5206165595238095 0.23873577027863777 0.5364364 0.2135678427244582 0.5436272369047619 0.22363501362229102 0.5616043273809523 0.2581510291021672 0.5630424952380952 0.27037545077399383 0.5745478333333334 0.2912288767801858 0.5623234107142857 0.28763345820433434 0.5198974761904762 0.27828537089783284 0.4580562821428571 0.23657851950464398 0.47171887142857144 0.21212967554179568 0.4875387119047619 0.2142869263157895 0.517740225 0.2337021851393189 0.5083921380952381
