0 0.6519720424051911 0.5611181679381175 0.6240445778934145 0.5638417953324117 0.6165524919578047 0.4870245383259703 0.6444796119197918 0.48430092794524277
1 0.5871393290499327 0.6101871167879162 0.5527033167010131 0.6113837616324316 0.550289970245899 0.5419355995595414 0.5847255639815785 0.5407389619841415
1 0.5763930434471831 0.5303933840155043 0.613423234751167 0.5283884511114162 0.6170697264523142 0.5957311770135109 0.5800395361515029 0.5977360983145319
1 0.5855618933072719 0.6098061856900346 0.6448483319900333 0.5857268314266929 0.6719397929474553 0.6524217615716876 0.6126534492436804 0.6765009486702115
1 0.650792953775067 0.6392107383695012 0.6277038287472578 0.5853188075788609 0.688925944662742 0.5590919921874848 0.7120151759489772 0.6129835991138217
11 0.7270725302457777 0.7184449370090015 0.6698857984576989 0.6909140630164496 0.721379410196505 0.5839677953005935 0.7785650265342383 0.6114983544653526
9 0.5899957862471865 0.44273507606000717 0.5961092464452804 0.44259291331159034 0.5981273467365327 0.5293717272930701 0.592013886573227 0.5295138891203857
9 0.6440975117809558 0.7682291009334914 0.6358240741993768 0.7701198807821666 0.6149906169024462 0.6789740929131969 0.623263889062514 0.6770833328124934
9 0.6641138601885359 0.7545445485619598 0.6579862336550377 0.7560762298493771 0.6353655463669838 0.6655941661234244 0.6414930562499421 0.664062500000013
10 0.37084928138438045 0.5271752120785618 0.35826456431482256 0.5280740565161942 0.35257709421273375 0.4484487001705444 0.36516166401338523 0.44754986097794536
10 0.3558324720315795 0.5084353100768318 0.3436095603873355 0.5086424643487101 0.34242812885577223 0.438934825333996 0.3546509186566027 0.4387276720886848