11 0.2941178743034056 0.3221291 0.2776406823529412 0.3460210285714286 0.30070875108359135 0.39050944642857144 0.3180098024767802 0.3839185702380952 0.32624839876160994 0.3377824333333333 0.335310853869969 0.30894734761904763 0.34766874798761616 0.2685782273809524 0.3344869944272446 0.24798173690476188 0.3147143640866873 0.28835085714285713 0.2941178743034056 0.3221291
11 0.26116546811145513 0.6014175023809524 0.28670511517027863 0.6063606595238096 0.30812546439628485 0.5915311869047619 0.3073016049535604 0.5412757523809524 0.29247213250773996 0.5017304916666667 0.2858812557275542 0.48113400119047617 0.2751710811145511 0.4819578619047619 0.2751710811145511 0.47948628214285716 0.27105178328173374 0.48278172142857145 0.25787002972136225 0.5412757523809524 0.26116546811145513 0.6014175023809524
11 0.7538315269349846 0.533037155952381 0.7563031052631579 0.5849403107142856 0.7546553863777089 0.6088322380952381 0.7925529275541796 0.5940027654761905 0.8147971368421052 0.5890596083333334 0.8304504687306502 0.5742301357142857 0.8049108216718266 0.5429234714285714 0.833745907120743 0.5429234714285714 0.8312743281733745 0.5231508404761905 0.8156209962848296 0.5017304916666667 0.7933767869969041 0.48360558095238093 0.7719564377708977 0.4778385630952381 0.7703087188854489 0.4778385630952381 0.7563031052631579 0.48937259761904767 0.7538315269349846 0.533037155952381
11 0.7151101256965945 0.28835085714285713 0.7126385473684211 0.32542453928571424 0.7249964408668731 0.3657936583333334 0.7546553863777089 0.3311915559523809 0.7612462631578947 0.29988489166666665 0.753007666873065 0.26033963095238094 0.7365304755417957 0.22738524761904763 0.728291879256966 0.20596489761904763 0.7217010024767803 0.22161822976190476 0.7225248625386997 0.2224420892857143 0.7118146873065015 0.24715787738095238 0.7151101256965945 0.28835085714285713
2 0.698632934365325 0.5124406666666667 0.7118146873065015 0.5231508404761905 0.7208771430340557 0.5272701392857143 0.7422974922600619 0.5124406666666667 0.7538315269349846 0.49266803571428575 0.7464167907120743 0.48031014166666663 0.7258203009287925 0.48772487857142854 0.7052238105263158 0.49596347500000004 0.698632934365325 0.5124406666666667
2 0.6533206563467492 0.5519859261904762 0.672269427244582 0.5462189095238096 0.6945136359133126 0.5322132964285714 0.6994567938080496 0.5116168071428572 0.686275040247678 0.5149122452380953 0.6665024099071207 0.5239747 0.6467297795665634 0.5322132964285714 0.6533206563467492 0.5519859261904762
2 0.664731144891641 0.4837505321428571 0.6630277975232197 0.5012098380952381 0.6681378383900929 0.505042369047619 0.6830421244582043 0.4990806547619048 0.7022047777089783 0.4888605726190476 0.7085923287925696 0.47864049166666667 0.704333960990712 0.46629122619047625 0.690707185758514 0.46842040952380953 0.6715445325077399 0.4803438380952381 0.664731144891641 0.4837505321428571
2 0.29978906191950466 0.4177458380952381 0.3006407356037152 0.43563098095238095 0.30617661300309595 0.44329604166666664 0.31682253126934984 0.45649698095238095 0.32832012321981424 0.4658653892857143 0.3359851845201239 0.46927208333333337 0.3393918786377709 0.45607114404761906 0.33215265386996906 0.44712857261904765 0.32661677647058823 0.43648265476190473 0.31810004148606813 0.42668840952380954 0.3053249399380805 0.4190233476190476 0.29978906191950466 0.4177458380952381
2 0.3547220012383901 0.4484060833333333 0.3410952253869969 0.44287020476190475 0.3427985721362229 0.4586261642857143 0.3440760823529412 0.47651130714285717 0.3547220012383901 0.484176369047619 0.37388465386996905 0.4897122464285715 0.3866597560371517 0.4824730214285714 0.38325306253869973 0.4748079607142857 0.3806980421052632 0.46543955238095236 0.3628128990712074 0.459903675 0.35131530712074305 0.4475544095238095 0.3547220012383901 0.4484060833333333
2 0.3555736743034056 0.5369801238095239 0.3538703275541796 0.5548652666666667 0.36153538885448916 0.5625303285714286 0.37218130712074304 0.5429418380952381 0.37047796037151703 0.5344251035714286 0.3828272253869969 0.5322959202380952 0.386233919504644 0.5259083690476191 0.3781430216718266 0.5203724916666667 0.36153538885448916 0.5144107773809524 0.3551478377708978 0.5067457154761905 0.34790861300309595 0.5058940416666666 0.3423727356037152 0.5101524095238096 0.3483344501547988 0.5229275119047619 0.3555736743034056 0.5369801238095239
2 0.298928466873065 0.4809912238095238 0.3038182452012384 0.4919117297619047 0.31066393498452016 0.4979424571428571 0.3191395517027864 0.5033212130952381 0.32891910897832816 0.5070700428571429 0.33739472507739937 0.5049511392857142 0.34016559938080493 0.49924639761904765 0.33755771764705883 0.4943566190476191 0.3336458947368421 0.48734793571428575 0.32517027863777087 0.4857180095238095 0.3212584557275542 0.4822951654761905 0.31718364024767803 0.4785463345238095 0.31213086873065016 0.47398254166666665 0.30558943157894736 0.47211355952380957 0.3059371492260062 0.47202662976190474 0.3007213851393189 0.4710486738095238 0.298928466873065 0.4809912238095238
