2 0.4035294742428732 0.6196893493846658 0.36119894702710553 0.6151139639910579 0.37014993995205714 0.5323129974311124 0.4124798474036879 0.5368883487997116
2 0.638551572878896 0.6264961614710931 0.6041980761216337 0.6301517789201255 0.5961285345260876 0.5543248464261799 0.6304815610250216 0.5506692543198656
11 0.2797093611297896 0.3709593475839648 0.22629443123219062 0.36428269965026494 0.24703128955241027 0.19839068854318212 0.3004454229701423 0.20506728482881753
11 0.271288801632636 0.6449586449924434 0.19365608664122647 0.6552462458666273 0.17881961545833747 0.5432936198372381 0.2564507866253507 0.533006121667146
2 0.2504849182596445 0.44792936772220543 0.26332772344312616 0.4337115121403466 0.29854545736293403 0.4655212599159504 0.28570270121349495 0.47973906843063036
2 0.3464596775007749 0.48010917035403855 0.3343092525783504 0.5016314460763579 0.2961773324744854 0.4801054662311973 0.30832775937494716 0.4585832593749977
2 0.282016081475831 0.5382630005390997 0.2755701494645564 0.5149602043930013 0.3070867092588969 0.5062429221666466 0.31353267846145627 0.5295456577929225
2 0.32332975289784827 0.5778612364509427 0.3092973451857688 0.5395943976980183 0.3559732632251098 0.5224799382588163 0.3700057416888285 0.5607466181305069
2 0.6614891295733969 0.5895109335850405 0.6372045089145786 0.5687698511703081 0.6618291384927488 0.5399410868313075 0.686113663150536 0.5606821013219753
11 0.7750917374850133 0.6678460154139237 0.7238563006948198 0.6639461435728623 0.735319469888509 0.5133712745759506 0.7865535491437186 0.5172710952497241
11 0.7707561015588453 0.3807733527769596 0.7222848401399915 0.38505798771768607 0.7088900059020489 0.2335255228547746 0.7573605798108929 0.22924091851888675
2 0.6924806826838221 0.4670811319516801 0.7124097008321542 0.4927022628980327 0.6816425724422288 0.5166321667347089 0.6617136359130882 0.4910111107645699
2 0.7424074941486651 0.44535255063641127 0.7581038226189776 0.4709605832224656 0.7198684001608626 0.4943951287064114 0.7041721657006974 0.4687871782479459
9 0.3757811012488901 0.5893228987402157 0.3849598614195884 0.5904611969513559 0.367095214834535 0.7344959577888036 0.35791645769859315 0.7333576762178844
9 0.6318020198285694 0.7048138976455887 0.6236377203172196 0.7053451091855524 0.6160546343168107 0.5888124556151405 0.6242187500000682 0.588281249999997