11 0.3039062501547988 0.54140625 0.2820312501547988 0.48359375 0.2726562501547988 0.4828125 0.25 0.51015625 0.23203125015479878 0.5265625 0.234375 0.56015625 0.23281250030959752 0.6 0.2484374996904025 0.60078125 0.26796874984520125 0.57890625 0.2960937498452012 0.56171875 0.3039062501547988 0.54140625
11 0.2929687498452012 0.3390625 0.278125 0.36796875 0.265625 0.39921875 0.275 0.44296875 0.28281250030959754 0.46015625 0.3015625003095975 0.44296875 0.3015625003095975 0.38515625 0.29921874984520125 0.3140625 0.2929687498452012 0.3390625
11 0.75625 0.41328125 0.7445312501547988 0.353125 0.7375 0.31484375 0.7304687498452012 0.3265625 0.7210937498452011 0.37578125 0.7257812501547988 0.44765625 0.7273437498452012 0.4703125 0.7304687498452012 0.49921875 0.7445312501547988 0.496875 0.7695312501547988 0.4734375 0.75625 0.41328125
11 0.7820312501547988 0.64921875 0.7835937498452011 0.60546875 0.7648437498452012 0.5578125 0.7664062501547988 0.5390625 0.7609374996904025 0.515625 0.7546874996904025 0.5046875 0.7398437498452012 0.51875 0.7125 0.5375 0.7140625003095975 0.55234375 0.7179687498452012 0.58046875 0.7273437498452012 0.6046875 0.7367187498452011 0.64140625 0.765625 0.66640625 0.7820312501547988 0.64921875
2 0.6453997337461301 0.5468103559523809 0.6434760383900928 0.5525814416666667 0.6434760383900928 0.5607571452380953 0.6631939145510836 0.559314375 0.6675222284829722 0.5602762214285715 0.6805071708978327 0.5448866607142857 0.6819499424148607 0.531420794047619 0.6785834755417957 0.5251687845238096 0.6704077715170278 0.5256497083333334 0.6540563622291021 0.5362300321428571 0.6497280482972136 0.5386346511904762 0.6453997337461301 0.5468103559523809
2 0.6684840761609907 0.5641236119047619 0.6728123900928793 0.5660473071428571 0.6718505424148606 0.5660473071428571 0.6742551616099072 0.5785513261904762 0.6886828755417956 0.5809559452380952 0.6963776563467492 0.5670091547619047 0.7011868941176471 0.5468103559523809 0.6973395040247679 0.5444057369047619 0.684354561609907 0.5482531273809523 0.6776216284829722 0.5545051369047619 0.6675222284829722 0.5626808404761905 0.6684840761609907 0.5641236119047619
2 0.621834468111455 0.5939408880952382 0.635300334365325 0.596826430952381 0.6463615814241486 0.5977882785714286 0.6569419052631579 0.5732611642857143 0.6449188099071207 0.5650854595238095 0.6328957151702786 0.5679710023809523 0.6280864773993807 0.5694137738095238 0.6189489250773994 0.5722993166666667 0.6136587634674923 0.5799940976190476 0.616544305882353 0.591536269047619 0.621834468111455 0.5939408880952382
2 0.34130390154798756 0.5011881380952381 0.33738836904024766 0.5018407273809524 0.3334728371517028 0.5031459047619048 0.33216765944272447 0.5077140261904762 0.33608319195046443 0.5161976797619048 0.34326166811145514 0.5227235666666668 0.35305049845201236 0.5272916869047619 0.35892379690402476 0.5285968654761904 0.3647970953560371 0.5292494535714286 0.3693652167182662 0.5246813321428572 0.3706703944272446 0.5175028571428572 0.3687126278637771 0.5142399130952381 0.3576186198142415 0.5024933154761905 0.3537030873065016 0.5011881380952381 0.3491349665634675 0.5011881380952381 0.34130390154798756 0.5011881380952381
2 0.30606411083591334 0.5279442761904761 0.3119374092879257 0.5396908726190476 0.3171581188854489 0.5449115833333333 0.33738836904024766 0.5586159464285714 0.34456684520123837 0.5403434619047619 0.3419564904024768 0.5318598083333334 0.33412542600619194 0.5233761547619048 0.3249891839009288 0.5194606226190476 0.317810707739938 0.5188080345238095 0.3041063442724458 0.5214183892857143 0.30606411083591334 0.5279442761904761
2 0.34652461114551086 0.5488271154761905 0.3458720229102167 0.554047825 0.3647970953560371 0.5697099547619048 0.381111813622291 0.5690573654761905 0.3863325232198142 0.5605737119047619 0.38176440247678023 0.5553530023809524 0.37197557151702787 0.5527426476190477 0.36088156346749223 0.5507848809523809 0.35305049845201236 0.5481745261904762 0.34652461114551086 0.5488271154761905
