1 0.6131109375 0.5581875000000001 0.668478125 0.5581875000000001 0.668478125 0.639721875 0.6131109375 0.639721875
1 0.3656635530958283 0.5328665514805946 0.31936218199928135 0.5314521853647897 0.32153824258466557 0.46022987311593894 0.3678391146604554 0.4616442316009563
1 0.53125 0.46341406249999995 0.55570625 0.46341406249999995 0.55570625 0.5421609375 0.53125 0.5421609375
1 0.6061521936471763 0.4618595836355966 0.6853528779392946 0.4548457073379364 0.6928036658813426 0.5389739257423778 0.6136029875279974 0.5459877570076119
1 0.6868203125 0.45574843749999994 0.7282609375 0.45574843749999994 0.7282609375 0.5198609375000001 0.6868203125 0.5198609375000001
2 0.5788781898826301 0.5133272687204318 0.5821440235608861 0.495911051299304 0.6110287790337452 0.5013269956251564 0.6077629902571289 0.518743173540474
2 0.7112476688339484 0.5616931296484625 0.7081946309086788 0.5910005031496882 0.6684737286516338 0.5868629422295664 0.6715268565724273 0.5575556704314271
11 0.7203215404899765 0.573776842271254 0.7758090690477957 0.5853354134392365 0.7555949677987428 0.6823629284563858 0.7001074730619621 0.6708044667074854
2 0.3538246581116482 0.6281919005467644 0.3293859597744131 0.599922521665894 0.3862250532707776 0.5507907215580573 0.41066362898811803 0.5790599149565784
9 0.3273437500000682 0.39140624999999624 0.3337714899088269 0.3907151357526879 0.34158395353745163 0.46337139291763424 0.33515621414960606 0.4640625038546308
9 0.34609381332711564 0.45703124650969984 0.3407274247596206 0.45732701749294447 0.33525867892683436 0.3581082690927179 0.3406249999999318 0.35781250000000225
9 0.34375 0.37968750000000273 0.35017488265168595 0.37927301445756634 0.35527686889997767 0.45835412780888624 0.34885198645179116 0.458768611246857
9 0.5492187664387984 0.46562499943317875 0.5431107092789489 0.4658356099910172 0.5400915310061691 0.3782780858277047 0.5461995178925463 0.3780674765002574
9 0.6258874783953843 0.38667528177286803 0.6352075324010684 0.3869534759073143 0.6327575539485224 0.4690281926379789 0.6234375000000227 0.46875000000000006
9 0.6570312499999318 0.39609375000000085 0.6603139858196982 0.39598055808324867 0.6617957626680209 0.4389520917970474 0.6585130268651938 0.43906528340441275
9 0.6578397439382115 0.336055039922346 0.6626885204486825 0.33590811444547564 0.6657862657975784 0.43813432572873484 0.6609374893267841 0.43828125032341175
9 0.672978926295059 0.38971460880210146 0.6769398577351922 0.39012718312224026 0.6711484312131688 0.4457250728527733 0.6671875000000682 0.44531250000000416
9 0.6984375082929546 0.435937499815721 0.6944984644626402 0.43602502961978723 0.6934210775713154 0.3875420295742614 0.6973600977478327 0.38745450003090387
9 0.7048348616131079 0.42650259241925353 0.7022247433119446 0.4266709791479985 0.6989523978262469 0.3759496362076999 0.701562499999909 0.3757812500000023
9 0.712499986202829 0.3820312486648549 0.7167694841270986 0.38244440444516026 0.7120819977459405 0.43088190453488334 0.7078124999999318 0.43046874999999846