2 0.4773686922918614 0.5283437092405336 0.4773687902901429 0.6061046989629103 0.45438434159234475 0.6061046235345539 0.454384397866761 0.5283437876489757
2 0.5562235296575864 0.6024703124999999 0.5325312091455316 0.6024703124999999 0.5325313697484262 0.5196218749999999 0.5562233545597337 0.5196218749999999
2 0.29013514888299596 0.5744211010925883 0.31824381267006174 0.5272461774011481 0.3726921588544201 0.5596856020143687 0.34458379228567537 0.6068602673795237
2 0.3357252800436754 0.6010777180894539 0.36393677605485664 0.556608955309419 0.4138625979542212 0.5882792146028089 0.38565137323894305 0.6327477394227804
1 0.6552112187472403 0.5768913944508698 0.6816575384273165 0.6201691804206861 0.6273711208355053 0.6533385579133726 0.6009250965465753 0.6100610297244596
2 0.6408158276548193 0.5455517626217561 0.6291650035803968 0.5113300301963166 0.6706906709116538 0.4971937202656943 0.6823415543738065 0.5314153341950142
2 0.7146818694521926 0.4827505326128073 0.7159363689829661 0.5195411417673683 0.6759398130642467 0.5209047136700914 0.6746854296789024 0.48411421606342037
2 0.6909405414911589 0.6074111808061117 0.6563031180182861 0.5910388017529993 0.6815026027423983 0.5377325540953006 0.716139721692457 0.554104848409301
11 0.21190149148651471 0.5609175194845885 0.2926120676163464 0.5489956300435624 0.30629311832728945 0.6416059480151399 0.2255825631185644 0.6535277354893732
2 0.3355229251900482 0.4778710623336261 0.34170447384781255 0.5062006935065189 0.3073750050637045 0.513690758588601 0.30119354261375975 0.4853612023411621
2 0.3300378784770146 0.4994669182479083 0.3515192225103192 0.4873846475537319 0.3709577920611764 0.5219422565098439 0.3494764747352974 0.5340244900171731
9 0.6648440362769179 0.7429686966339084 0.6539409846327544 0.7450011798962449 0.6358396654129592 0.6479127003994607 0.6467424954873877 0.6458802382886598
9 0.6498003982848104 0.6474430730998776 0.6554412890881167 0.6445159505446204 0.6900156746916082 0.7111355042658517 0.6843747993407305 0.7140626041238081