2 0.43444210780887715 0.6034844147940411 0.43444224418283284 0.5261327647406331 0.46399528021606784 0.5261328918521297 0.4639953410533053 0.6034843434842482
11 0.712018814484054 0.325175062548308 0.7607428277801773 0.32392579053024106 0.7645610365572111 0.4728367558461237 0.7158370236985547 0.47408601664796124
2 0.6545534201871988 0.5786505002956797 0.6598952469528285 0.5496553995892823 0.6950708227201403 0.556135236217529 0.6897290976229442 0.5851302472778973
2 0.7177368525657357 0.5057070795027916 0.7447260389800476 0.5172728715144743 0.7277762192784394 0.5568224758836527 0.7007870564719951 0.5452567242284204
11 0.7291642881260714 0.5679946026937284 0.7798071739875923 0.5631830093109687 0.7958371948074046 0.7318819384223908 0.7451943201145923 0.736693452157848
2 0.6639555512241486 0.6084824363855221 0.6803296908776701 0.6432731579449225 0.6419710209528375 0.661324156307846 0.6255970484082809 0.6265335767610126
2 0.7157993719795286 0.5806473286205779 0.7332187884539962 0.610731987951655 0.6934678658478788 0.6337455462944125 0.6760485965268117 0.603661014445359
2 0.35570115303414696 0.6798629341493745 0.3151573927124218 0.6519511166245607 0.34019673579439313 0.6155848283544734 0.38074024243792337 0.6434965236496691
2 0.294959229361325 0.6132406728505682 0.32388138462476945 0.6328306755306828 0.3028498520186531 0.6638771620142413 0.2739277553895363 0.6442872309634846
11 0.27086098734366715 0.7477046642052023 0.1874482682649159 0.7438701724539518 0.19330508816506153 0.6165046452275319 0.2767156186483817 0.6203390868737493
2 0.31763476903995524 0.5616114893630392 0.34571926291584987 0.581052539837011 0.3207913114465555 0.6170595219408893 0.29270688005919965 0.59761854765032
2 0.26536706930960463 0.583665738569107 0.2475511542447748 0.5569444358499769 0.2676736200826326 0.5435294870151243 0.285489523821866 0.5702507343008021
11 0.2465727216946334 0.34989434017224136 0.3035406955672215 0.3671872515893645 0.2615162275278635 0.5056208862630178 0.20454832138898382 0.4883281374251091