1 0.49151406253869967 0.53415625 0.49186718761609904 0.537790625 0.49434218761609905 0.5436046869047618 0.4992921876160991 0.54433125 0.503182812383901 0.5450578119047619 0.5084859374613003 0.54433125 0.5102546873065016 0.5399703130952381 0.5116687498452012 0.5327031249999999 0.5123765622291022 0.5385171880952381 0.5116687498452012 0.54433125 0.5127296873065016 0.5472390630952381 0.5173265622291021 0.5486921880952381 0.5219234377708978 0.5515984380952381 0.5297031250773994 0.5530515619047619 0.5350078123839009 0.550871875 0.5378359374613003 0.5465109369047619 0.5385437498452013 0.53924375 0.5396046873065016 0.5254359380952381 0.5406640625386997 0.5123546869047618 0.5410187498452013 0.500726561904762 0.5403109374613003 0.48691875 0.5388968749226006 0.47165625000000005 0.5357140625386997 0.46075625000000003 0.5321781250773994 0.4534890630952381 0.5265203126934984 0.452034375 0.523692187616099 0.45130781190476194 0.5205093752321982 0.45494218809523806 0.5159125003095975 0.46075625000000003 0.5141437498452013 0.46802343809523805 0.5137906247678018 0.475290625 0.513082812383901 0.48183125 0.5123765622291022 0.4876453130952381 0.5116687498452012 0.4912796869047619 0.5095468749226005 0.49200625000000003 0.508132812383901 0.4840109369047619 0.5070718749226006 0.47456406190476186 0.505657812383901 0.467296875 0.5028281250773994 0.46148281190476187 0.4996468749226006 0.45857499999999995 0.4961109374613003 0.4600296869047619 0.49363437523219816 0.46293593809523814 0.4929281250773994 0.46802343809523805 0.4929281250773994 0.4738375 0.49186718761609904 0.4796515619047619 0.4908062501547988 0.4840109369047619 0.4904531250773994 0.47674374999999997 0.48727031269349846 0.4643890630952381 0.4837343752321981 0.4563953130952381 0.47949062476780185 0.45130781190476194 0.47454062476780184 0.45058125 0.4695890625386997 0.4527609369047619 0.4660531250773994 0.4578484380952381 0.4635781250773994 0.46584374999999995 0.463225 0.47601718809523813 0.4635781250773994 0.4876453130952381 0.4635781250773994 0.500726561904762 0.46463906253869963 0.5094484380952381 0.4657 0.519621875 0.4671140625386997 0.533429688095238 0.4692359374613003 0.537790625 0.47383281238390096 0.5399703130952381 0.4777234377708979 0.5399703130952381 0.48055156222910217 0.53924375 0.48479531269349846 0.5370640619047619 0.4858562501547987 0.5254359380952381 0.48727031269349846 0.519621875 0.4904531250773994 0.521075 0.49186718761609904 0.527615625 0.49151406253869967 0.53415625
6 0.6914062501547988 0.6536458333333334 0.734375 0.5833333333333334 0.7148437498452012 0.546875 0.6653645832817336 0.5625 0.6914062501547988 0.6536458333333334
6 0.32421874984520127 0.62109375 0.3580729164086688 0.6171875 0.3619791665634675 0.5533854166666666 0.3255208334365325 0.5494791666666666 0.32421874984520127 0.62109375
6 0.6875 0.50390625 0.7200520835913313 0.4973958333333333 0.7317708334365325 0.4114583333333333 0.7018229164086687 0.4114583333333333 0.6875 0.50390625
11 0.26692708359133127 0.6419270833333334 0.3007812501547988 0.6341145833333334 0.30598958328173376 0.5872395833333334 0.2890625003095975 0.5481770833333334 0.2473958334365325 0.609375 0.26692708359133127 0.6419270833333334
13 0.42968749969040243 0.6432291666666666 0.473958333126935 0.6770833333333334 0.5117187498452013 0.703125 0.5533854167182662 0.703125 0.6432291665634675 0.6471354166666666 0.6588541665634675 0.6627604166666666 0.6809895832817336 0.6536458333333334 0.6966145832817336 0.6236979166666666 0.6640625003095975 0.5924479166666666 0.6367187498452012 0.62109375 0.5768229164086688 0.640625 0.4856770835913312 0.6315104166666666 0.416666666873065 0.6223958333333334 0.354166666873065 0.5963541666666666 0.32161458328173376 0.58984375 0.30338541671826624 0.5872395833333334 0.31901041671826624 0.6354166666666666 0.3893229164086688 0.6393229166666666 0.42968749969040243 0.6432291666666666
11 0.7617187498452012 0.21885833333333335 0.7473958334365325 0.18891041666666666 0.7317708334365325 0.20844166666666666 0.697916666873065 0.3424479166666667 0.7473958334365325 0.3528645833333333 0.7617187498452012 0.21885833333333335
11 0.322916666873065 0.32693125 0.3255208334365325 0.24750416666666666 0.296875 0.23448333333333335 0.2773437498452012 0.3100041666666667 0.30208333312693497 0.3490666666666667 0.322916666873065 0.32693125
13 0.3880208334365325 0.4427083333333333 0.38964201857585135 0.4427499023809524 0.3619791665634675 0.4140625 0.30598958328173376 0.4283854166666667 0.30729166687306503 0.4544270833333333 0.364583333126935 0.4322916666666667 0.3880208334365325 0.4427083333333333
13 0.6627604167182664 0.4309895833333333 0.5507812501547987 0.4479166666666667 0.519953547368421 0.45112788571428575 0.5598958334365325 0.453125 0.6002604167182662 0.453125 0.6848958334365325 0.4635416666666667 0.6953125003095975 0.4075520833333333 0.6627604167182664 0.4309895833333333
