2 0.46739062476780185 0.526829686904762 0.46297499999999997 0.5240421880952382 0.45822031269349844 0.523345311904762 0.45550312507739943 0.5261328130952381 0.45414374984520123 0.5317078130952381 0.4534640625386997 0.5358890630952381 0.4524453126934984 0.5421609380952381 0.45210625015479877 0.5491296869047619 0.45210625015479877 0.5581875 0.453125 0.56794375 0.45550312507739943 0.5749124999999999 0.45822031269349844 0.5790937500000001 0.46229687492260063 0.5825781250000001 0.4653531250773994 0.583971875 0.4680703126934984 0.585365625 0.47010937523219815 0.583971875 0.4721468749226006 0.5777 0.4735046873065015 0.57073125 0.47418437523219814 0.5637624999999999 0.47418437523219814 0.557490625 0.4735046873065015 0.5491296869047619 0.4724859374613003 0.5414640619047619 0.47010937523219815 0.5337984369047619 0.46739062476780185 0.526829686904762
11 0.23984860185758516 0.5552659416666667 0.24039620185758515 0.5799079214285714 0.24587219690402476 0.6182398892857143 0.2661333801857585 0.6352154761904762 0.2858469640866873 0.6489054642857143 0.3011797517027864 0.6280966821428572 0.30282254984520124 0.6040023011904763 0.30172735108359133 0.5810031202380952 0.29789415417956655 0.5623847357142857 0.2885849616099071 0.5508851452380952 0.27051417647058823 0.5459567488095238 0.25244339133126936 0.5415759535714286 0.23984860185758516 0.5552659416666667
2 0.3050129479876161 0.5048867833333334 0.3121317424148607 0.5125531773809524 0.31760773808049536 0.5202195702380953 0.32417893250773994 0.5295287630952381 0.33567852321981423 0.5273383642857142 0.3395117195046439 0.515291175 0.33732132136222914 0.5026963845238096 0.3345833238390093 0.4988631880952381 0.3247265318885449 0.4922919940476191 0.30915036718266253 0.4845039107142857 0.30884614489164086 0.4857207988095238 0.30775094613003096 0.48353040119047613 0.3050129479876161 0.49502999166666667 0.3050129479876161 0.5048867833333334
2 0.3384165207430341 0.5278859642857143 0.3438925164086687 0.5355523583333334 0.355392106501548 0.5465043488095238 0.3674392965944272 0.5470519488095238 0.38003408606811145 0.5339095595238096 0.3729152922600619 0.5246003666666667 0.3575825046439629 0.5158387738095238 0.3444401157894737 0.5174815726190476 0.3384165207430341 0.5278859642857143
2 0.38058168606811144 0.537742755952381 0.37674848916408665 0.5492423464285714 0.38277208421052633 0.5563611404761905 0.38770047987616096 0.5601943380952381 0.3937240749226006 0.5607419369047619 0.40412846625386994 0.5465043488095238 0.4057712650154799 0.5360999571428571 0.3937240749226006 0.5355523583333334 0.3860576811145511 0.5404807535714286 0.38058168606811144 0.537742755952381
2 0.34005931950464396 0.5705987285714286 0.3433449164086687 0.5552659416666667 0.3291073281733746 0.5508851452380952 0.31158414303405574 0.5437663511904762 0.30172735108359133 0.5481471476190476 0.30282254984520124 0.5651227333333334 0.3132269411764706 0.5777175226190476 0.32746452941176474 0.5810031202380952 0.34005931950464396 0.5705987285714286
2 0.387152880495356 0.5985263059523809 0.38989087801857586 0.5842887178571429 0.3772960885448916 0.5766223238095238 0.3499161114551083 0.568955930952381 0.34279731702786376 0.5799079214285714 0.34882091207430344 0.5952407083333333 0.3575825046439629 0.6050975 0.3844148829721362 0.6072878988095238 0.387152880495356 0.5985263059523809
2 0.6193350885448916 0.5459567488095238 0.6198826885448916 0.5536231428571429 0.630287079876161 0.559646738095238 0.6439770687306502 0.5580039392857142 0.6483578650154799 0.5432187511904761 0.6472626656346749 0.5295287630952381 0.6434294687306502 0.5213147702380952 0.6341202767801858 0.5240527678571428 0.6231682854489164 0.5311715619047619 0.6193350885448916 0.5459567488095238
2 0.6532862606811146 0.5300763619047619 0.6571194575851393 0.54486155 0.6669762495356037 0.5497899464285714 0.6801186383900929 0.5421235523809523 0.693808627244582 0.5300763619047619 0.6872374328173374 0.5174815726190476 0.6768330414860682 0.5131007761904762 0.6587622563467492 0.5202195702380953 0.6532862606811146 0.5300763619047619
2 0.6417866699690403 0.5952407083333333 0.6417866699690403 0.582098319047619 0.6319298786377708 0.5793603214285714 0.6198826885448916 0.5837411178571429 0.613859093498452 0.5837411178571429 0.5979787065015479 0.5837411178571429 0.5946931089783282 0.5935979095238095 0.6034547021671827 0.6078354988095238 0.6122162947368421 0.6122162952380953 0.6308346792569659 0.6100258964285714 0.6417866699690403 0.5952407083333333
2 0.6861422334365326 0.5799079214285714 0.6899754303405573 0.5793603214285714 0.6757378421052631 0.5651227333333334 0.6636906520123839 0.5705987285714286 0.6554766588235295 0.5782651226190476 0.6478102650154799 0.5935979095238095 0.6489054643962848 0.6072878988095238 0.6604050551083591 0.6144066928571429 0.6686190482972136 0.6056451 0.6855946340557275 0.5799079214285714 0.6861422334365326 0.5799079214285714
