1 0.3258167230135314 0.4534661825766871 0.37314970521515534 0.4590356722214181 0.3652149487039651 0.5264653568387095 0.31788197155083253 0.5208958954288508
1 0.453125 0.4703828125 0.477921875 0.4703828125 0.477921875 0.553309375 0.453125 0.553309375
1 0.7135247700613263 0.44370889393643387 0.7258645964132029 0.5219032891147409 0.6128414101749513 0.5397371577367511 0.6005023332252222 0.4615434246243178
1 0.3410329794436393 0.6348438330195743 0.2773840914499033 0.6031917178549182 0.3134138461097109 0.530748273476397 0.37706197988381973 0.5624001660977281
1 0.7068228130892749 0.5275628562470926 0.7435783385365085 0.5837524800854826 0.6775413010858529 0.6269447122150951 0.640786217521736 0.5707554781525399
2 0.28062580422545125 0.490049004048203 0.28363029257843664 0.46075809451263156 0.3251111584899036 0.46501265985522633 0.322106766788238 0.49430348012544095
2 0.5316061826140412 0.5013327151291441 0.5528916759344611 0.5025151462756051 0.5511638117799293 0.5336167299257635 0.5298783187112122 0.5324343016827252
2 0.6483402631563422 0.6285438682419867 0.6143292120890465 0.6233355153932814 0.6245566257443897 0.5565580871567606 0.6585672751892844 0.5617664090059237
11 0.754699972183289 0.6696870451566623 0.6984054573565572 0.6463221417627655 0.7555662547187012 0.5086179396467361 0.811859478533961 0.5319825433673611
11 0.3112148377773565 0.613131745972124 0.24159852377624702 0.6272193791632471 0.222431063130216 0.5325075246326028 0.2920462208525123 0.5184200132347303
9 0.3398437613225269 0.43437499985102634 0.3363903931444838 0.4344204367267618 0.33560915700059013 0.3750454367105068 0.3390624999999545 0.3750000000000002
9 0.350000041203657 0.43359375 0.34140623216137556 0.43359375 0.3414062748908009 0.35312499999999997 0.35000000000002274 0.35312499999999997
9 0.35546875 0.36640625 0.35625 0.36640625 0.35625 0.4008213140625 0.35546875 0.4008213140625
9 0.3559695431202954 0.4008213128398597 0.3606504109601474 0.4014992162607949 0.3562433675574539 0.43192790209442916 0.3515625 0.431250000000004
9 0.46796875668064786 0.46874999999999994 0.46328123788941866 0.46874999999999994 0.4632812621106268 0.396875 0.46796873548714757 0.396875
9 0.3242187845753506 0.6132811877710356 0.2953247306580806 0.6652845687302578 0.2812621917777278 0.6574720511459453 0.31015624999997726 0.605468750000039
9 0.322083582645746 0.6134998741052773 0.33291226360256587 0.6141123288714369 0.3304600916792424 0.657463413132316 0.319631410937518 0.6568509609375002
9 0.7210939519801514 0.6898436776953536 0.7118776617988942 0.6931429147056106 0.6892213234096971 0.6298617146570284 0.6984375000000682 0.6265624999999859
9 0.737784694479501 0.6558010817605205 0.7321969097010879 0.658482904804692 0.7069122678411759 0.6058068081917769 0.712500000000091 0.6031249999999778
9 0.62109375 0.38281250000000033 0.6293484919764296 0.382562370643753 0.6317445526017309 0.46163274620062406 0.6234898106832816 0.46188287427343805