2 0.3239782976904735 0.5830602018627069 0.3040399287174296 0.5841998590826492 0.3012783324711563 0.5358890410202957 0.3212165367646094 0.5347493885309568
2 0.3337133107729642 0.5166542129139563 0.2933935995851016 0.5140419454044935 0.29741550367873515 0.4519722100469545 0.3377348453026343 0.454584465531517
2 0.3327549380811661 0.5241329042264006 0.33500444934225015 0.4640155903687143 0.3806555456328624 0.4657236958667194 0.37840624860064054 0.5258408028587397
2 0.3787528033910803 0.48372518574927975 0.4099283192792882 0.4858889205417503 0.40624672527280836 0.5389299353003608 0.3750712102860234 0.5367662094454584
2 0.4041634265313405 0.47624999728211403 0.436875308732283 0.4774726745309715 0.43413636781792775 0.550745462147215 0.4014244860150029 0.549522791898154
2 0.5847453125000001 0.46947656249999997 0.6158187500000001 0.46947656249999997 0.6158187500000001 0.5436046875 0.5847453125000001 0.5436046875
2 0.610875 0.47092968749999997 0.6451265625 0.47092968749999997 0.6451265625 0.5370640625 0.610875 0.5370640625
2 0.6955878665007731 0.5030849452197234 0.6664382285072179 0.47161506782506507 0.7141623167582338 0.42741264187771233 0.7433118352396377 0.45888237420475925
2 0.30544297695837486 0.5200459350863347 0.35286870022810035 0.5241126844215158 0.3469626967013255 0.5929811448214631 0.2995369766148315 0.5889144193044921
2 0.3511230492172217 0.5341749283099141 0.40485295838493585 0.5401996498891709 0.39715839740586034 0.6088149498375438 0.3434284941865826 0.6027902643302209
2 0.3983533510354391 0.5509260512349021 0.4289611326694285 0.5519883558160943 0.42692410691506666 0.6106745399520448 0.3963163255737072 0.6096122408782727
2 0.6266601397470595 0.6020094877174784 0.5960539060617975 0.6073199193129187 0.5866156662056028 0.5529282135293042 0.617221609043213 0.5476178077515003
2 0.6113217829804398 0.5372187672760484 0.6625408542452078 0.5263985571680033 0.6771365782776684 0.5954831272779083 0.625917527760862 0.6063032715280716
2 0.6519522493547356 0.5157649719527501 0.7078304160959306 0.49931138432577993 0.7267335834110327 0.5635031868023083 0.670855454373168 0.5799566843345944
9 0.39559661602618235 0.48508522656249997 0.38849431700282366 0.48508522656249997 0.3884943855783831 0.3735795453125 0.3955965791004701 0.3735795453125
9 0.3508522734375674 0.6562500000000184 0.3480957500412387 0.6552959385412981 0.36138651309920533 0.616900436349355 0.36414301649313074 0.6178544940176399