1 0.341926308279767 0.4897011470089619 0.39334766513411523 0.49684001242556497 0.3835339540272571 0.5675224801022904 0.3321126053737089 0.5603836555345217
1 0.6931989868130586 0.4926838690511489 0.7158311672241098 0.541735262044687 0.6592591005303348 0.5678349490096304 0.636627210961592 0.5187838033982899
2 0.2965032543996813 0.5296227110761254 0.35339361422745696 0.5406784623892901 0.33701013400389 0.6249757323111895 0.2801197980792267 0.613920064439051
11 0.7455339981673887 0.4185616907901112 0.7123687377261376 0.4218780714746164 0.6961514083175189 0.25970139302966455 0.7293160882296661 0.2563850424542344
11 0.7194477172821507 0.5061904838746917 0.8050575841205045 0.4945358564083295 0.8214229214373745 0.6147377639609657 0.7358130791404847 0.6263922704704303
2 0.7239970760008418 0.45186816995114654 0.7536412925260265 0.4590541128222872 0.7340313711064255 0.5399451609283412 0.7043871699469264 0.5327592630992757
2 0.6582095181067871 0.5730654095683632 0.6305233845481553 0.5741839398539469 0.6285997762823854 0.5265723880405094 0.6562856874984391 0.5254538622742407
2 0.6090488523632303 0.5907651296144907 0.5954048000410239 0.5621803082915996 0.6268675156250083 0.5471640812500449 0.640511586774096 0.5757488158471977
2 0.7112233585638705 0.5917871117731315 0.6749145311752045 0.581954407864821 0.6898932998292366 0.5266490083195281 0.726201791125618 0.5364816641362878
2 0.6354474536070711 0.6368225101942646 0.6103233221331266 0.6151552751864049 0.6534091011507144 0.5652010311782801 0.6785330543489181 0.5868681373755197
2 0.338294012527399 0.5285925813247069 0.3097760767194586 0.541867151333489 0.2854745297812542 0.48966375481138924 0.3139922471435739 0.47638924432706803
2 0.4025434667718173 0.5766746395783848 0.3772224270692277 0.5718520490306593 0.3852573918707094 0.5296689300222985 0.41057825096640954 0.5344915027631578
2 0.33715843740606033 0.5826307237965066 0.3579012272465434 0.5545700795244454 0.4038193582147187 0.5885099007243366 0.38307672647613344 0.6165704018114103
11 0.3056295442837609 0.6167130856226019 0.23537499795304484 0.6294853928704229 0.21652603639984136 0.5258130893127143 0.2867793313862421 0.5130408983012202