2 0.28634519675415504 0.5721250607236286 0.2863453888185177 0.5031359075289195 0.33186090081812836 0.5031360777948578 0.33186096577446733 0.5721249739939149
11 0.2606299120046742 0.37664290120818467 0.2905983012501565 0.3740876120090772 0.30092532593960186 0.4951962292064275 0.2709569392757203 0.4977514977608122
11 0.263556505374936 0.6035602437335439 0.31376308012340814 0.6185134636252958 0.27961462964458406 0.7331542619405913 0.22940813158675155 0.7182012238451043
2 0.2903816850077874 0.6395823264388162 0.3093952565982363 0.6033707677511205 0.35246818949985936 0.6259843478691843 0.3334548155768289 0.6621957372172289
2 0.33879584865451307 0.647346211507674 0.3511894219258238 0.6214358408775734 0.3944120699187579 0.642107726207099 0.3820186397342695 0.6680179750438535
2 0.6088243062500851 0.7019763593750251 0.5879210836254742 0.6835459518215443 0.6289945339517544 0.6369681083073355 0.6498976058438757 0.6553984018564009
2 0.6640993624574776 0.6715184503616138 0.6412145611695905 0.6486365548008425 0.6721555985345731 0.6176955811012423 0.6950403016020346 0.6405773785769968
11 0.750973803139459 0.741873506791305 0.7076780780743093 0.7481001357239788 0.6875701077966596 0.6082994665259525 0.7308646122262417 0.6020729259271334
2 0.6876651081165619 0.5769233735810712 0.6632110194138932 0.5596281668098589 0.6917849875263755 0.5192306462842919 0.7162389334552017 0.5365257813233532
11 0.7347163366072209 0.4987971615883645 0.6972436044509323 0.499962046294058 0.693320256039101 0.37375082773160395 0.7307923496917965 0.3725859530620617
6 0.3247767859375017 0.5636160718749554 0.3500736672908715 0.46806043708755674 0.388019738914295 0.478105410152071 0.36272320637499433 0.5736607431011478
10 0.5884058632885854 0.7114387535906743 0.6148259067606432 0.705182425994574 0.6268664125599344 0.7560205058510616 0.6004463818178465 0.7622767969030833