11 0.23850625015479876 0.615084375 0.2570609374613003 0.62094375 0.2638968749226006 0.57406875 0.26194374984520125 0.52719375 0.2570609374613003 0.5066859380952381 0.24534218761609908 0.505709375 0.23362343777089783 0.5047328130952381 0.21311562476780185 0.50375625 0.19749062476780185 0.505709375 0.19411093746130031 0.5048078130952381 0.1875 0.51141875 0.18149062476780184 0.528846875 0.18674843777089783 0.548678125 0.21311562476780185 0.5828578130952381 0.23850625015479876 0.615084375
7 0.6808890625386996 0.756610938095238 0.6706734377708978 0.72235625 0.6556484377708979 0.712740625 0.6442312501547988 0.70733125 0.6382218749226005 0.709735938095238 0.6322109374613003 0.7115390619047619 0.6213937498452012 0.707932813095238 0.6159859374613003 0.7115390619047619 0.6117781250773994 0.7289656250000001 0.6189906247678019 0.76201875 0.6280046873065016 0.7806484380952381 0.6622593752321981 0.7884609380952381 0.6790859374613002 0.778245313095238 0.6808890625386996 0.756610938095238
2 0.7049572210526316 0.4654642773809524 0.7063322996904025 0.47142295238095233 0.7111450767801858 0.47531901071428573 0.7196247312693499 0.47211049285714285 0.7255834074303406 0.4682144345238095 0.7400217380804954 0.45583872261904756 0.7420843566563468 0.43933777380952377 0.7397925578947369 0.42994140000000003 0.7381882990712074 0.4283371404761905 0.7290211052631579 0.43108729880952384 0.7242083281733747 0.4340666369047619 0.7182496520123839 0.43933777380952377 0.7074781993808049 0.4475882488095238 0.7047280408668731 0.45675544285714287 0.7049572210526316 0.4654642773809524
2 0.6570586321981424 0.4693603345238095 0.656829452012384 0.4744022904761905 0.6586628910216719 0.47967342738095237 0.6708094229102168 0.48746554285714283 0.6767680990712074 0.4856321035714286 0.6884562718266254 0.47990260714285715 0.6939565882352942 0.4679852547619048 0.6905188904024768 0.45629708333333335 0.6863936526315789 0.4510259464285714 0.6806641566563468 0.44896332738095235 0.6712677826625387 0.44919250714285713 0.6607255095975232 0.454463644047619 0.6566002724458204 0.4588180607142857 0.6570586321981424 0.4693603345238095
2 0.6983110049535604 0.5197799011904762 0.7035821417956657 0.5184048226190476 0.7138952352941176 0.5161130238095238 0.7232916086687305 0.5078625488095238 0.7232916086687305 0.4989245345238095 0.7200830910216718 0.4943409380952381 0.715041134365325 0.4906740607142857 0.7074781993808049 0.48929898095238095 0.6957900266253869 0.4902157011904762 0.6861644730650155 0.49227831904761904 0.6779139981424148 0.5016746928571428 0.6783723578947368 0.5092376285714286 0.6811225164086687 0.5135920452380953 0.6902897102167183 0.520009080952381 0.6983110049535604 0.5197799011904762
2 0.6643923869969041 0.5071750095238096 0.6604963300309598 0.5064874702380953 0.654996013622291 0.5071750095238096 0.6478914377708977 0.5083209083333333 0.6400993232198142 0.5096959880952381 0.6332239275541796 0.5147379452380952 0.6293278699690402 0.5243634988095238 0.6316196687306502 0.5355933107142857 0.6417035820433437 0.5488857428571429 0.6485789777089783 0.5587404761904762 0.654537653869969 0.5527818 0.6559127325077398 0.5408644476190476 0.6577461715170279 0.5333015130952381 0.6698927034055727 0.5126753261904762 0.6676009052631579 0.5085500892857143 0.6643923869969041 0.5074041892857143 0.6643923869969041 0.5071750095238096
2 0.5988469498452013 0.5424687071428571 0.6006803888544892 0.5472814833333334 0.6112226619195046 0.5550735988095238 0.6171813380804954 0.5534693392857143 0.6180980575851392 0.5470523035714285 0.6130561009287926 0.5358224904761905 0.6091600433436533 0.5333015130952381 0.603430546749226 0.5339890523809524 0.5986177702786377 0.5371975702380952 0.5988469498452013 0.5424687071428571
2 0.5798250222910217 0.5706578285714285 0.5791374829721363 0.5727204464285715 0.5793666625386996 0.5740955261904762 0.5798250222910217 0.5775332238095238 0.5821168210526315 0.5809709214285714 0.5857836984520124 0.580512561904762 0.5905964755417956 0.5786791226190476 0.5951800724458205 0.5697411083333334 0.5928882736842105 0.5658450511904762 0.5901381157894736 0.5649283321428572 0.585096159133127 0.5653866916666667 0.5825751808049535 0.5672201309523809 0.5802833820433436 0.5699702892857142 0.5798250222910217 0.5706578285714285
2 0.4072525944272446 0.5756997845238095 0.41229455170278634 0.5745538857142858 0.4177948681114551 0.5754706047619048 0.4228368247678019 0.5784499428571428 0.4370459752321981 0.5750122452380952 0.43246237832817336 0.561032275 0.4260453424148607 0.556907036904762 0.4221492848297213 0.554844419047619 0.41756568792569665 0.5534693392857143 0.4143571702786378 0.5550735988095238 0.41091947244582044 0.5582821166666666 0.40816931393188854 0.5624073535714286 0.4063358755417957 0.5695119285714285 0.4047316160990712 0.5766165047619047 0.4072525944272446 0.5756997845238095
2 0.3710421783281734 0.5571362166666667 0.37814675356037153 0.5557611380952381 0.3850221492260062 0.5557611380952381 0.39464770278637773 0.5534693392857143 0.3976270408668731 0.5534693392857143 0.4090860334365325 0.5514067202380952 0.40518997585139316 0.5438437857142857 0.40289817770897834 0.5406352678571429 0.3976270408668731 0.5351349511904762 0.3930434439628483 0.5335306928571428 0.3827303504643963 0.5321556130952381 0.3774592142414861 0.5307805345238096 0.37562577523219814 0.5316972535714286 0.37402151640866876 0.5358224904761905 0.3728756173374613 0.5420103464285714 0.3719588978328173 0.5484273833333334 0.37264643715170276 0.5564486773809524 0.3710421783281734 0.5571362166666667
2 0.3317397411764706 0.5336970678571429 0.33262261424148604 0.5365664071428571 0.33505051702786376 0.5405393380952381 0.33637482724458206 0.5471608904761904 0.3394648848297213 0.5608454297619048 0.3500593671826625 0.5652597976190477 0.35778451083591334 0.5522374130952381 0.36661324643962845 0.5425258035714285 0.3692618674922601 0.5343592238095238 0.3692618674922601 0.521336838095238 0.3672754018575851 0.5142738499999999 0.36241959690402475 0.5105216369047619 0.35535660866873064 0.5080937345238096 0.3487350569659443 0.506769425 0.3412306315789474 0.506548705952381 0.3339469250773994 0.5091973273809524 0.3277668099071207 0.5144945678571429 0.3275460916408669 0.517805344047619 0.3301947120743034 0.5283998273809524 0.3317397411764706 0.5336970678571429
2 0.2814159479876161 0.518026063095238 0.2875960625386997 0.5173639071428572 0.29686623529411765 0.5186882178571428 0.3026049133126935 0.5191296547619048 0.314523706501548 0.5149360047619047 0.3138615510835914 0.506548705952381 0.30966790216718265 0.4941884761904762 0.3012806030959752 0.48933267142857145 0.296204079876161 0.48734620595238093 0.2900239653250774 0.48668405119047614 0.2829609764705882 0.48491830357142857 0.2767808619195047 0.48535974047619046 0.2732493671826625 0.48602189642857146 0.27104218328173374 0.4917605738095238 0.2717043386996904 0.5005893095238095 0.27347008606811146 0.5091973273809524 0.27545655108359135 0.5147152869047619 0.2814159479876161 0.518026063095238
2 0.3900093962848297 0.5169224702380952 0.39398232693498453 0.5189089357142858 0.40192818885448917 0.5162603154761904 0.4072254303405573 0.5144945678571429 0.41274339009287925 0.5091973273809524 0.41163979814241486 0.49948571785714285 0.40523896470588233 0.48734620595238093 0.4006038786377709 0.4816075285714286 0.3966309479876161 0.47895890714285716 0.39045083281733745 0.4767517238095238 0.3860364650154799 0.47719316071428575 0.38206353374613 0.4813868095238095 0.38007706873065017 0.4972785333333334 0.38007706873065017 0.5034586488095238 0.38095994179566567 0.5087558904761904 0.3849328730650155 0.5144945678571429 0.3900093962848297 0.5169224702380952
2 0.30856431021671826 0.4560041952380952 0.30657784458204335 0.4617428726190476 0.30657784458204335 0.468364425 0.30856431021671826 0.47895890714285716 0.3120958043343653 0.4913191369047619 0.31518586191950465 0.49529206785714286 0.3222488501547987 0.5003685916666667 0.33505051702786376 0.49860284404761906 0.3449828445820433 0.4926434476190476 0.34983864891640865 0.4818282464285714 0.3463071547987616 0.4663779595238095 0.33747841919504645 0.45357629285714285 0.32688393622291023 0.45269341904761906 0.31275795913312693 0.45423844761904764 0.30856431021671826 0.4560041952380952
2 0.26949715479876163 0.42245499999999997 0.26640709721362227 0.4233378726190476 0.2622134476780186 0.42620721190476185 0.25868195356037155 0.4387881607142857 0.26596566068111455 0.45092767142857143 0.27148362043343655 0.4599771261904762 0.2794294823529412 0.4659365226190476 0.29134827554179565 0.46792298809523813 0.2966455170278638 0.46726083214285713 0.2995148557275542 0.4562249130952381 0.29576264334365326 0.4480583321428571 0.2909068383900929 0.4359188214285714 0.28274025820433435 0.4273108035714286 0.27302864891640866 0.4200270976190476 0.26949715479876163 0.42245499999999997
