2 0.45210625000000004 0.46898906250000005 0.47758124999999996 0.46898906250000005 0.47758124999999996 0.5449484375 0.45210625000000004 0.5449484375
1 0.31298666456405044 0.4803649405269303 0.36600334985473637 0.48854858098425297 0.35439209349533485 0.563764566066853 0.30137541994270123 0.5555809751134358
1 0.6892317933760523 0.5026161621345123 0.714683896414158 0.554143308367632 0.6562559661418845 0.5830011465485858 0.6308041858306979 0.5314742750413978
2 0.6175974442455754 0.4965892553071965 0.6283541448783581 0.481053012527797 0.6497539975209747 0.4958683634665875 0.6389973312321899 0.5114045756096951
2 0.6800897742435836 0.5003407970397539 0.6672463579194527 0.4840736310864387 0.6870629443170628 0.46842897311632525 0.6999063457412831 0.48469610883194997
11 0.7885510959155226 0.5435921906254042 0.7788818823865995 0.6411617862741917 0.6937053995959559 0.6327209084333867 0.7033752736073211 0.5351520511418383
2 0.6027190899661719 0.5498766709739984 0.6335832080352475 0.5280923159121692 0.6534743103163692 0.556271542663779 0.6226102456611216 0.5780558342876717
2 0.3520267305297011 0.5253572193279377 0.37574470250115155 0.5011764792997802 0.4199441983420229 0.5445264209282396 0.3962263488338067 0.5687070392641392
11 0.21376439784989998 0.5007939671964692 0.28633988852004677 0.4879877229146081 0.3043532980342434 0.5900644962365266 0.2317778349845412 0.6028706301619087
2 0.38934350575561893 0.48650431738150984 0.35683329050095836 0.4922410276397363 0.3507037967601718 0.4575068537258189 0.38321385014330644 0.4517701581310474
9 0.2935267859375017 0.6272321421874922 0.28638754946314293 0.6241727956947253 0.31450122026421923 0.5585745615202878 0.3216403757833177 0.5616338881446754
9 0.332389469458235 0.5656601635095444 0.33953582154970263 0.5670676160922196 0.3241106350400287 0.6453806563074826 0.3169642859375017 0.6439732140624959
9 0.6897324120241137 0.6741070901915065 0.6800194704137539 0.6759787186984489 0.6611205706318515 0.5779132779538472 0.6708333328125491 0.5760416671874992
9 0.712563092352184 0.6554142187359474 0.7004982346315956 0.6590921232454218 0.6743936664353214 0.573469540241378 0.6864583328125491 0.5697916671874927