2 0.5210325875450508 0.4886722455501281 0.5477481267406574 0.48827836341212705 0.5490726615595349 0.5781090666191648 0.5223571224332773 0.5785029458759368
2 0.6862448852593843 0.4108083519770984 0.7131889270710872 0.4183653752295667 0.6963208188159342 0.4785039109850978 0.6693767897410225 0.4709469195604742
2 0.6285038782153833 0.4606873279470089 0.6675621432061689 0.4570636252963378 0.6718812957067257 0.5036146342878194 0.6328230324754713 0.5072383245068326
2 0.6245411480518896 0.4641385618612768 0.6452041831524866 0.47016482732551673 0.6266131827829895 0.5339054382807549 0.6059501601323518 0.5278792032430452
2 0.5967629613860481 0.5205993512275742 0.5977918645093041 0.5411749584139576 0.5714597890133746 0.5424915518028106 0.5704309318115293 0.5219159884297853
11 0.7096445075999327 0.49100810846213105 0.7845012694328943 0.49926364366450665 0.7728166392884077 0.6052043120985339 0.6979598880985804 0.5969488499772315
2 0.6613379597224593 0.5405317032584779 0.6439287028113085 0.520474766999469 0.6843081129558186 0.4854286056099209 0.7017173132811649 0.5054854586932399
2 0.6339155740909064 0.5931521889527142 0.5967901719858446 0.5812732362846135 0.6162674222655369 0.5204072559498131 0.6533924532425317 0.5322861448093613
2 0.5809619777060107 0.5650645087098697 0.6015391824347489 0.5802250700300015 0.5818495475975851 0.6069466850986058 0.5612723811319711 0.5917861685685657
2 0.5444039974894395 0.6369062414246742 0.5288900079059431 0.6307469591508666 0.5473283661082178 0.5843099918803676 0.5628422281747589 0.590469245858094
2 0.4067324515257269 0.5192021695063154 0.42213059238599726 0.5469163874416929 0.402863198122418 0.5576204342761115 0.387465115126588 0.5299062661893966
2 0.3568036101364669 0.523478740568852 0.37619856447111033 0.5035613373439349 0.3963634837408563 0.5231957307410832 0.37696857503090087 0.5431130890188971
2 0.3134301363937766 0.4940233817796035 0.33531042143101786 0.4736033624962457 0.3652602045253843 0.5056925390832129 0.34337998566411443 0.5261124902585846
2 0.27471633134769036 0.4387820910160829 0.2960242985009245 0.42744878705212835 0.32107840348271566 0.4745506045491025 0.2997704654168274 0.4858838663690933
2 0.2827515429146388 0.5053273361492572 0.3177211786336329 0.495865775147195 0.3305987154348031 0.5434568926134153 0.2956290944775901 0.5529184162945443
2 0.369195816471688 0.5841254184917841 0.3413353193797093 0.592697037964313 0.3266076458940006 0.5448317465265319 0.35446791881054196 0.5362601640624663
2 0.3968442995743544 0.6047683210320449 0.37080846996400396 0.5993821727914079 0.376251359244975 0.5730751328261805 0.402287067790553 0.5784612681738586
2 0.39671867192703303 0.5936251459671049 0.4126041124893618 0.5851970994918432 0.431980485835993 0.6217142627199796 0.4160950673327761 0.6301422770471047
11 0.2751098258225966 0.6128975958472588 0.1878428565340755 0.6031451194763534 0.20012361508736376 0.493271712353292 0.2873890117201654 0.5030241014381048