11 0.6977392766932553 0.2976308783403923 0.73880027515861 0.2965211763917229 0.7435270418112623 0.4714129250306495 0.7024660438889896 0.472522615448678
11 0.7776134535822621 0.6049713093187276 0.7199468455254419 0.6257008556051242 0.6799493833941597 0.5144431750414404 0.7376149406077275 0.4937138356999454
2 0.6662313931090011 0.5855411348348005 0.6499934318172791 0.5702067596404374 0.685043925482546 0.533094515694371 0.7012818101616176 0.5484288238992211
2 0.6464068661500733 0.5674618715372031 0.6582076509384933 0.5956282646776195 0.6145251431348697 0.6139276770386706 0.6027244992727674 0.5857614030921335
2 0.5823995973273668 0.6128696854676293 0.5747027241254727 0.5946789924243261 0.6011475180270054 0.5834908444357244 0.608844407120614 0.6016814899450216
2 0.5584879736614994 0.6420849354408477 0.5394062096530661 0.631280833282428 0.5607299533538708 0.593624222863646 0.5798115943857738 0.6044282813706019
2 0.6000357643412144 0.5503654356443974 0.597140926404677 0.5746803038080036 0.5718330138205374 0.5716674726412246 0.5747278972778531 0.5473526573090484
2 0.628901185958398 0.5413083891045466 0.630221005978683 0.562422978995954 0.6033808286465501 0.5641004731569048 0.6020610590704791 0.5429859308535278
2 0.6521410075021095 0.5116897587448428 0.6692019982497186 0.5266168237893591 0.6425677901213476 0.5570558864684378 0.6255068457419384 0.5421288706174073
2 0.42139094874312377 0.5608591534052273 0.403199456299717 0.5715590300880479 0.3891817323401483 0.5477288303428057 0.4073731587535576 0.5370289784422567
2 0.39664871573154414 0.5529762221899718 0.37908141107106985 0.5637108394254768 0.3651992038804792 0.5409944944919984 0.38276644897939605 0.5302599009506125
2 0.362349561759288 0.551698226034056 0.32513619822509554 0.5416073409811331 0.3349160989204165 0.5055442966167132 0.372129250810076 0.515635151422985
2 0.3278164514971422 0.514229343037268 0.30544207580658167 0.5285478542443574 0.27863688203512993 0.48666460320829585 0.3010111303101439 0.47234614634659666
2 0.33806276377981703 0.5513367708673783 0.3270787524871821 0.5701648576757095 0.29123306388851233 0.5492548986591151 0.30221707422776944 0.5304268773219594
2 0.3782934686673798 0.5724426174187303 0.3672828281665943 0.5998180332825109 0.32597077961690957 0.5832035306112685 0.33698146035737864 0.5558282219668208
2 0.3739345140625119 0.5924676718750448 0.38578549624617153 0.5761743749406596 0.41094787359440943 0.5944743799434967 0.39909694226480497 0.6107676310106795
2 0.4142184806298701 0.5930820780923962 0.4293511949309732 0.6135534466266309 0.4156577359149196 0.6236746615359995 0.4005250571212855 0.6032033251663748
11 0.2567313285913997 0.49146924869237063 0.30589872734833534 0.5026773515026736 0.2785774076805865 0.6225188558602588 0.22941004703147883 0.6113108697081433