2 0.3681212689472204 0.522467437011301 0.34089252277249216 0.519159261549841 0.34489059156157964 0.4862554269688108 0.37211920006575383 0.4895635939515131
2 0.6562639266630867 0.5558168178951248 0.6752460143010239 0.5517820651547557 0.683568344595642 0.5909318482631384 0.6645862613663667 0.5949665868884179
2 0.6372193463479334 0.563982074623612 0.6402077083728273 0.5770243515377116 0.6243759315751731 0.5806514816351483 0.6213875908083537 0.5676092231333832
2 0.6059328125000001 0.529796875 0.620409375 0.529796875 0.620409375 0.5515984375 0.6059328125000001 0.5515984375
2 0.587125241000308 0.5937573902459647 0.5832619754963844 0.5821222415392787 0.6050864444548552 0.574876518304522 0.6089497221752254 0.5865116432239378
2 0.44138437474714465 0.5821218749888305 0.4453572857926247 0.5822973604463066 0.4450041610372182 0.5902911103321034 0.4410312500000373 0.5901156250000019
2 0.4411296900807429 0.5790495521750221 0.43531535930799237 0.5864647788423555 0.4245895634290946 0.5780554600099015 0.43040388988447376 0.5706402422858484
2 0.4000703125 0.561046875 0.4166671875 0.561046875 0.4166671875 0.5799421875 0.4000703125 0.5799421875
2 0.38872836131236 0.5624519950850879 0.3802307598898551 0.5717698349626323 0.348429685562337 0.5427708288609159 0.3569272602808269 0.5334530228105792
11 0.2783260336894955 0.2942451289784128 0.31893017163190507 0.3010465579984674 0.29557150438154167 0.4404910357331143 0.25496738009951514 0.43368966110168766
11 0.25593531769879974 0.48285621086833336 0.3082454499515279 0.4884603960179271 0.2924027627848318 0.6363248971945594 0.2400926406068038 0.63072078187306
2 0.3428699661724295 0.5291535457591575 0.3284314802001518 0.5466845985716013 0.30011775512753047 0.5233674543647546 0.3145562115557823 0.5058364528036862
2 0.3279878156114364 0.4851257255492046 0.30843616627839765 0.4939549211968477 0.2907272809022743 0.4547423518163051 0.31027882769660664 0.44591318285866255
2 0.7309278254697347 0.512154441369059 0.7467511832492164 0.5304375547515081 0.711623143548195 0.5608368329402804 0.6957998591587966 0.5425537890511821
11 0.7664861946417432 0.4810641291995607 0.8470986412509092 0.5151663218559295 0.8071178826011192 0.6096661153743586 0.7265056036372926 0.5755642152803697