1 0.6123710684495336 0.5550028863337112 0.6396549666142164 0.5559496815157271 0.6377275432639635 0.6114868041947314 0.6104436453480275 0.6105400136949917
2 0.6947381770711445 0.49214893954831823 0.7205342498853042 0.49923293561245546 0.700043866101737 0.5738414941209526 0.6742478109557624 0.5667575425703575
1 0.7212609565862067 0.649052977297469 0.6721891313442256 0.6514371882397573 0.6684539495411173 0.5745611027618235 0.7175250729004574 0.5721769088872223
11 0.31127281628653236 0.5630774724490397 0.3251872985256341 0.6704246106947553 0.25388597518406186 0.6796649752199155 0.23997229267320108 0.5723185519581705
11 0.703895203350271 0.3446974390876935 0.7386646893088482 0.34829423011620225 0.7234098542589891 0.4957523762763596 0.688640373616181 0.4921556195088404
11 0.29560183136175056 0.367914368033186 0.33129187473196 0.3692869848879407 0.326165575648929 0.5025710886022193 0.290475533062704 0.5011984838713195
2 0.3534684583099761 0.5505105004852276 0.3379988576954247 0.5681123390180648 0.30281052077430104 0.5371893307368744 0.31828007334104313 0.5195875602196773
2 0.31465717656250003 0.5833861312499999 0.35179063125 0.5833861312499999 0.35179063125 0.614656409375 0.31465717656250003 0.614656409375
2 0.6246257051516295 0.6620030916828509 0.596913181733953 0.6664722804657874 0.5931298316180573 0.6430151705257715 0.6208422265617628 0.6385459923108746
2 0.6630275873048959 0.6087931747913157 0.6709131645208117 0.6220280312069625 0.6414268341667366 0.6395943774981793 0.6335413065282864 0.6263595642373629
2 0.6692287080903725 0.5557619829482977 0.683661621152055 0.5653829460522132 0.6662227573418704 0.5915412741917473 0.6517898656250054 0.5819203374999935
9 0.6249999902032641 0.4765624996232318 0.6318151178126072 0.4768245985757808 0.6288180541872634 0.5547484912749459 0.6220029266686424 0.5544863939307973