2 0.21753593746130032 0.5674078130952381 0.22669531269349846 0.5773921869047619 0.23178281238390094 0.5773921869047619 0.2355140625386997 0.5711515619047619 0.23755 0.5636625 0.2395859374613003 0.554925 0.23653281238390095 0.549309375 0.23110468730650152 0.5468125 0.2294078123839009 0.5411953119047619 0.22499843777089784 0.5387 0.22058906253869967 0.54244375 0.2171968749226006 0.548684375 0.21346406253869968 0.5518046869047619 0.21244687492260061 0.561790625 0.21753593746130032 0.5674078130952381
0 0.2629921876160991 0.5393234369047619 0.25892187492260066 0.548684375 0.25484999999999997 0.55929375 0.25349374984520123 0.571776563095238 0.25281562476780184 0.5811375 0.25586874984520125 0.5836328119047619 0.2626531250773994 0.5836328119047619 0.27147343777089783 0.5836328119047619 0.27520468730650155 0.5836328119047619 0.27825781238390096 0.5792640619047619 0.2779187498452012 0.5724 0.2769 0.5624140630952381 0.27350781238390093 0.5518046869047619 0.27215156222910214 0.5461890619047619 0.26774062476780186 0.5449406250000001 0.2629921876160991 0.5393234369047619
0 0.3098046873065015 0.5449406250000001 0.3067531250773994 0.565534375 0.30471718761609906 0.5736484380952381 0.30505625015479876 0.591746875 0.3067531250773994 0.599859375 0.3179468749226006 0.604228125 0.31930312507739933 0.6011078130952381 0.32439218761609906 0.599859375 0.3267671876160991 0.5948671869047619 0.32982031269349843 0.578640625 0.3304984377708979 0.5580468749999999 0.3284624996904025 0.5511812500000001 0.32540937523219815 0.5436921880952381 0.3199828123839009 0.5393234369047619 0.31489374984520124 0.5418203119047619 0.3098046873065015 0.5449406250000001
9 0.32405312507739936 0.5206015630952381 0.3216781250773994 0.493765625 0.32066093746130037 0.5243453130952381 0.3179468749226006 0.5468125 0.3220171876160991 0.5474375 0.32405312507739936 0.5206015630952381
0 0.34374374984520123 0.5941 0.34170468730650155 0.5875359380952381 0.33915468730650156 0.5847234369047619 0.33533281238390095 0.5842546869047619 0.33150937523219814 0.6067609380952381 0.3325296873065015 0.605353125 0.33431250030959747 0.605353125 0.3381359374613003 0.6020718749999999 0.3427234377708978 0.5983203130952381 0.34374374984520123 0.5941
2 0.4706671876160991 0.63770625 0.4699015622291022 0.622701563095238 0.4676078123839009 0.610510936904762 0.46531406253869967 0.610042188095238 0.4635312501547988 0.61473125 0.46149218761609906 0.622701563095238 0.4625109374613003 0.63864375 0.4650593752321981 0.6489593749999999 0.46913749969040247 0.6527109369047619 0.4706671876160991 0.63770625
2 0.47805781238390094 0.6442703130952381 0.4793328123839009 0.63583125 0.4793328123839009 0.626453125 0.47729374984520123 0.61660625 0.47423437523219814 0.61379375 0.47194062476780185 0.6152000000000001 0.4706671876160991 0.6241093750000001 0.4709218749226006 0.6419265630952381 0.4727062501547988 0.6536484369047619 0.47678437523219813 0.6503656250000001 0.47805781238390094 0.6442703130952381
2 0.4864687498452012 0.6006640630952381 0.4811171876160991 0.6025406249999999 0.4790781250773994 0.6086359380952381 0.47856718761609907 0.6123859380952381 0.4790781250773994 0.6189515630952381 0.484175 0.6217640630952381 0.49003750030959753 0.618482811904762 0.49105625015479876 0.6119171869047619 0.4864687498452012 0.6006640630952381
2 0.5193468749226006 0.6231703119047619 0.5252078123839009 0.6208265619047619 0.5272468749226006 0.61566875 0.5280125003095976 0.605353125 0.5264828123839009 0.5955078119047619 0.5190921876160991 0.595976563095238 0.5116999999999999 0.6006640630952381 0.5091515622291022 0.6081671869047619 0.5101718749226006 0.61285625 0.5124656247678019 0.6170749999999999 0.5145046873065016 0.6203578130952381 0.5193468749226006 0.6231703119047619
2 0.531325 0.5964453130952381 0.5300515622291022 0.603946875 0.5303062501547988 0.6119171869047619 0.5272468749226006 0.6203578130952381 0.5297968749226006 0.630673438095238 0.5348937498452012 0.632079686904762 0.5387171876160991 0.6348921880952381 0.5433046873065015 0.6302046880952381 0.5412656247678019 0.61660625 0.5410109374613004 0.604884375 0.5410109374613004 0.5983203130952381 0.5371875003095975 0.59269375 0.5343843752321982 0.5931625 0.531325 0.5964453130952381
0 0.5282671876160991 0.6189515630952381 0.5305609374613003 0.61285625 0.5305609374613003 0.605821875 0.5318343752321981 0.5964453130952381 0.5297968749226006 0.5931625 0.5262281250773994 0.58988125 0.5218953126934985 0.5912875000000001 0.5196015622291021 0.5964453130952381 0.5241890625386997 0.5983203130952381 0.5262281250773994 0.601603125 0.5267375003095975 0.610510936904762 0.5254640625386997 0.6203578130952381 0.5246984377708979 0.624578125 0.520875 0.627390625 0.5175625003095975 0.626921875 0.516032812383901 0.6297359369047619 0.517307812383901 0.633485936904762 0.52215 0.6372375 0.5257187498452013 0.63583125 0.5308156247678019 0.633954688095238 0.531325 0.6297359369047619 0.5290312501547987 0.6250468749999999 0.5282671876160991 0.6189515630952381
9 0.517307812383901 0.489540625 0.5180718749226005 0.47781875 0.5137390625386997 0.49188437500000004 0.5167984377708978 0.52095625 0.5188374996904025 0.562685938095238 0.5206203126934984 0.5880046869047619 0.5272468749226006 0.580971875 0.5277578123839008 0.5617484380952381 0.5252078123839009 0.5472125 0.5216406247678018 0.5068890619047619 0.5213859374613002 0.49657343809523813 0.517307812383901 0.489540625
2 0.5415203126934984 0.6072296880952381 0.5435593752321981 0.6203578130952381 0.5453437498452012 0.6292656249999999 0.5468718749226006 0.627859375 0.5491656247678018 0.6250468749999999 0.5504406247678019 0.6212953130952381 0.5529890625386996 0.61566875 0.555792187616099 0.6123859380952381 0.5565578123839009 0.605821875 0.5550281250773994 0.595976563095238 0.5529890625386996 0.5889421869047619 0.5486562501547988 0.592225 0.5445781250773993 0.595976563095238 0.5412656247678019 0.59363125 0.5415203126934984 0.6072296880952381
1 0.5738875003095976 0.5931625 0.5789859374613003 0.627390625 0.5884156247678018 0.63676875 0.5965718749226007 0.63864375 0.6034531250773995 0.63583125 0.612882812383901 0.6259843749999999 0.6123734377708978 0.607698438095238 0.6095687498452013 0.5870671869047619 0.6052374996904025 0.581909375 0.6024328123839009 0.577220311904762 0.5988656247678019 0.5776890619047619 0.5942781250773994 0.580503125 0.5884156247678018 0.5837859369047619 0.5835734377708978 0.581440625 0.5769468749226005 0.582846875 0.5738875003095976 0.5931625
2 0.5917281250773994 0.6180125 0.6031984377708979 0.61660625 0.6029437498452013 0.59035 0.5975906247678019 0.582378125 0.5960609374613003 0.5744078119047619 0.5914734377708978 0.57065625 0.5904546873065015 0.5645609380952381 0.5871406247678019 0.5645609380952381 0.5835734377708978 0.559403125 0.5828078123839009 0.579096875 0.5886703126934985 0.5851921880952381 0.5833187498452013 0.5978515619047619 0.5917281250773994 0.6180125
9 0.5973359374613003 0.5701875 0.5952968749226006 0.559871875 0.5924937498452012 0.535959375 0.5873953126934984 0.509234375 0.5868859374613004 0.4825078119047619 0.5820437498452012 0.512046875 0.5817890625386997 0.537834375 0.5822984377708978 0.557528125 0.5881609374613003 0.560340625 0.5868859374613004 0.52095625 0.5909640625386997 0.5631546869047619 0.5973359374613003 0.5701875
8 0.6187453126934984 0.4857890619047619 0.6238421876160991 0.4811015619047619 0.6276656247678019 0.4735984380952381 0.6269 0.464221875 0.6261359374613003 0.4515609380952381 0.6238421876160991 0.445934375 0.619 0.4496859369047619 0.612882812383901 0.4585953119047619 0.6082953126934985 0.4717234380952381 0.6070203126934984 0.4928234369047619 0.6103343752321981 0.4946984380952381 0.6149218749226006 0.489540625 0.6187453126934984 0.4857890619047619
2 0.6778734377708978 0.592225 0.6773640625386996 0.579096875 0.6763453126934984 0.562217188095238 0.6727765622291021 0.5519015619047619 0.6684437498452013 0.5429921869047619 0.6615624996904025 0.546275 0.6592687498452013 0.555184375 0.6574843752321982 0.5669062500000001 0.6477999999999999 0.5734703130952381 0.6462703126934984 0.581440625 0.6444859374613003 0.6020718749999999 0.6437218749226007 0.61473125 0.6475453126934985 0.61660625 0.652132812383901 0.6161375000000001 0.6551906247678019 0.6180125 0.6592687498452013 0.6198890619047619 0.6625812501547989 0.6212953130952381 0.6658953126934984 0.6208265619047619 0.6694640625386997 0.6203578130952381 0.6727765622291021 0.613325 0.6771093752321982 0.6170749999999999 0.6801671876160991 0.61473125 0.685775 0.61285625 0.6885781250773994 0.604415625 0.6875593752321981 0.5964453130952381 0.6837359374613003 0.5950375 0.6778734377708978 0.592225
9 0.6485640625386997 0.46890937499999996 0.6460156247678018 0.4731296880952381 0.6585046873065015 0.559871875 0.6615624996904025 0.54580625 0.6554453126934985 0.5195484380952381 0.652132812383901 0.4928234369047619 0.6485640625386997 0.46890937499999996
9 0.6643656247678018 0.5373656250000001 0.6684437498452013 0.537834375 0.6679343752321981 0.5134531250000001 0.6653859374613004 0.464690625 0.664875 0.5073578130952381 0.6643656247678018 0.5373656250000001
9 0.6763453126934984 0.512984375 0.6776187498452012 0.489071875 0.6737953126934983 0.512046875 0.6699734377708979 0.5312703119047619 0.6699734377708979 0.5415859369047619 0.6763453126934984 0.512984375
0 0.6887156247678019 0.5659796869047619 0.6856312501547988 0.5737171869047619 0.6859109374613003 0.583515625 0.6887156247678019 0.5881578119047619 0.6915187498452013 0.592284375 0.6946031250773994 0.5917687500000001 0.6934812501547988 0.580421875 0.6929203126934985 0.5737171869047619 0.6887156247678019 0.5659796869047619
2 0.7142265622291021 0.5706218750000001 0.7105828123839009 0.5757796880952382 0.7066578123839009 0.5830000000000001 0.7044156247678018 0.5938312499999999 0.7105828123839009 0.5995046869047619 0.717592187616099 0.5891890630952381 0.7246 0.586610936904762 0.7279640625386997 0.577842188095238 0.73245 0.5670125 0.7313281250773994 0.5530859380952381 0.7254406247678018 0.551023436904762 0.7201140625386997 0.5525703130952381 0.7170312501547987 0.5628859369047619 0.7142265622291021 0.5706218750000001
2 0.6068515622291022 0.689248436904762 0.6127390625386997 0.6866687499999999 0.6158234377708979 0.6959531250000001 0.6200281250773994 0.6990484380952381 0.6267562501547987 0.6964687500000001 0.6287187498452013 0.6897640630952381 0.6273171876160991 0.672228125 0.6222718749226006 0.6639750000000001 0.6155421876160991 0.6613968750000001 0.6099359374613004 0.6629437499999999 0.6046093752321982 0.664492186904762 0.6001234377708978 0.669648436904762 0.5992828123839009 0.67480625 0.6012453126934985 0.6856375 0.6068515622291022 0.689248436904762
2 0.3472437498452013 0.650565625 0.33771249969040246 0.6572703119047619 0.33126406253869967 0.658301563095238 0.3236937498452012 0.6629437499999999 0.32117187492260063 0.676354688095238 0.3242546873065016 0.688732811904762 0.3304234377708979 0.6877015630952381 0.3351890625386997 0.684090625 0.33883281238390095 0.6784171869047619 0.34752500000000003 0.679448438095238 0.3536921876160991 0.676354688095238 0.35621562476780183 0.665007811904762 0.35088906253869967 0.6567546869047619 0.3472437498452013 0.650565625
2 0.26033437523219816 0.6670703130952381 0.2589328123839009 0.6804796880952381 0.26538125015479874 0.6861531249999999 0.26930625015479875 0.688217186904762 0.27491249969040243 0.6825437500000001 0.2779968749226006 0.6773859369047619 0.27995937523219816 0.668101561904762 0.2813609374613003 0.6572703119047619 0.2788374996904025 0.649534375 0.27210937523219814 0.6417984369047619 0.2645390625386997 0.636125 0.2538859374613003 0.6237453130952381 0.25136250030959756 0.62735625 0.24407343777089785 0.622714063095238 0.24127031269349844 0.6304515630952381 0.24435468730650153 0.6417984369047619 0.25304531269349845 0.654692188095238 0.26005468730650155 0.65881875 0.26033437523219816 0.6670703130952381
2 0.21884218761609908 0.58196875 0.21547812507739936 0.579390625 0.2109921876160991 0.5742328130952381 0.20258125015479878 0.5706218750000001 0.19781562476780187 0.5664953130952382 0.19360937523219815 0.5639171869047619 0.19220781238390092 0.5737171869047619 0.19108750030959754 0.587126563095238 0.20454374984520127 0.607757811904762 0.2109921876160991 0.605178125 0.21828125015479877 0.611367186904762 0.22220625015479875 0.6093046869047619 0.22444843777089782 0.6026 0.22332812507739938 0.593315625 0.21968281238390092 0.587642188095238 0.21884218761609908 0.58196875
13 0.29119318204334366 0.734375 0.3110795455108359 0.75 0.375 0.7329545452380952 0.4545454544891641 0.755681817857143 0.5383522724458205 0.7457386369047618 0.6051136365325077 0.734375 0.6477272724458205 0.75 0.6931818179566563 0.740056817857143 0.7386363634674923 0.6860795452380952 0.734375 0.6690340904761906 0.6051136365325077 0.7215909095238094 0.46022727244582046 0.7357954547619048 0.4275568179566564 0.7315340904761906 0.33096590897832817 0.713068182142857 0.296875 0.7002840904761906 0.24147727244582043 0.6846590904761906 0.1747159089783282 0.6051136369047619 0.16477272755417957 0.6434659095238094 0.25 0.71875 0.29119318204334366 0.734375
13 0.2215909089783282 0.5184659095238096 0.3536931820433436 0.5667613630952381 0.4701704544891641 0.5880681821428572 0.5369318179566563 0.5852272726190476 0.6193181820433437 0.5681818178571428 0.71875 0.5383522726190476 0.7144886365325077 0.5170454547619048 0.6363636365325077 0.5497159095238096 0.5823863634674923 0.5639204547619048 0.4900568179566564 0.5696022726190476 0.41335227244582046 0.5596590904761904 0.36647727244582046 0.5539772726190476 0.27272727244582046 0.5369318178571428 0.2215909089783282 0.5184659095238096
6 0.30255681795665634 0.7727272726190476 0.3267045455108359 0.7258522726190476 0.3323863634674923 0.6704545452380952 0.2826704544891641 0.666193182142857 0.25710227244582046 0.740056817857143 0.30255681795665634 0.7727272726190476
6 0.6377840910216718 0.786931817857143 0.7002840910216718 0.759943182142857 0.6761363634674923 0.6548295452380952 0.6235795455108359 0.6761363630952382 0.6377840910216718 0.786931817857143
6 0.6193181820433437 0.6065340904761904 0.6434659089783282 0.6051136369047619 0.6448863634674923 0.5213068178571428 0.6434659089783282 0.5241477273809524 0.5994318179566563 0.5326704547619048 0.6193181820433437 0.6065340904761904
10 0.6221590910216718 0.4914772726190476 0.6306818179566563 0.47869318214285717 0.625 0.4389204547619047 0.609375 0.4801136369047619 0.6221590910216718 0.4914772726190476
