1 0.3339900350568996 0.47571909439863136 0.294114826066334 0.4705573844258844 0.306829927912986 0.3723384661498167 0.3467046297118941 0.3775001427363709
1 0.3709680734258427 0.4932081088326604 0.3319895022438004 0.4912073363029746 0.336975836752913 0.39407670262331884 0.375953894793156 0.39607746192397403
1 0.677309375 0.397909375 0.7245250000000001 0.397909375 0.7245250000000001 0.47665468750000006 0.677309375 0.47665468750000006
1 0.681434085191313 0.5055791239810102 0.6346474104383333 0.5071526119044208 0.6310492941363464 0.40016206210387906 0.6778352826225955 0.3985885856846337
1 0.641124493834127 0.5181629752169042 0.6062041951215633 0.519923171877562 0.6021142351322624 0.4387848393177543 0.6370341171826794 0.4370246532444916
2 0.6304525771208773 0.6086371928902637 0.5941735098798517 0.6118462277709615 0.5875849785091987 0.5373657884551596 0.6238635794195488 0.5341567741898408
1 0.39850242970203453 0.4330959472800759 0.42490787943302166 0.43408566919190417 0.42192803868522333 0.5135816684523197 0.39552258926664763 0.5125919521726046
2 0.6759515791978856 0.5763062803981809 0.6468528201969548 0.523332449313265 0.7052572593613604 0.49125335285924454 0.7343560399675653 0.5442269046229751
1 0.4143818351428763 0.5193426876764139 0.4195482708439613 0.4282888060889834 0.5359350885302092 0.4348921359512957 0.5307694653679391 0.5259452417073008
3 0.3261137257145492 0.2582934811296701 0.34377292478939125 0.2600303998634575 0.3350931088203879 0.3482755356879922 0.31743391080033234 0.34653862399848423
3 0.3577994848775461 0.2785362393190138 0.3768038807585299 0.28029584734264484 0.3689444944246816 0.3651775485892073 0.34994009954868943 0.36341794783010734
3 0.3867844040747741 0.30008928697123527 0.40151208475992917 0.30091318044653503 0.39605647252631115 0.39843272826291143 0.3813287921875599 0.3976088390625023
3 0.6934865243806598 0.2871123430531624 0.7160183501224537 0.2875817384656855 0.7137769677862025 0.395168594142394 0.6912451421271726 0.3946992013490268
3 0.6469024810587598 0.6688817766730675 0.6702668967958516 0.6657141935121862 0.6828020340841476 0.7581608774469352 0.6594376248366416 0.7613284286348339
11 0.7950649458445014 0.6397434596984602 0.7426578436335376 0.6481651387311321 0.7211206163921133 0.5141519545009279 0.7735264803739028 0.5057303774974935
7 0.7434457358218651 0.6667206627037214 0.7172573506260278 0.6420318116776884 0.7428677534958297 0.6148694139728973 0.7690560356163587 0.6395581750150968
3 0.3746544827515663 0.6393413074892295 0.39674556478360046 0.6408646298382148 0.39145471940503285 0.717581610627453 0.36936363857580545 0.7160583003018931
3 0.3466960262987868 0.6358859584833888 0.3662606863753126 0.6379750940861297 0.3580031683195557 0.7152959352185259 0.33843851090125554 0.7132068162922466
3 0.3080685317682992 0.6029878876141505 0.32682975595082553 0.6047218948409551 0.31992278755137704 0.6794432399295598 0.3011615651507782 0.6777092454266361
9 0.4162946851020024 0.43526785699151116 0.4065681151848821 0.4354539340450568 0.40489940628833665 0.3482284913146817 0.4146258749427716 0.34804241523017004
9 0.7069142590835327 0.6617968450051566 0.7002183807478559 0.6628185065846672 0.685230628986119 0.5646014201342859 0.691926385646525 0.5635797679779156
9 0.7008203125000136 0.5585156249999895 0.7091650474450262 0.5559780717867199 0.7332944074559009 0.6353190484284287 0.7249496808394724 0.6378565824993414
9 0.6081551229349316 0.6028879539640453 0.6126073568980246 0.6023782834731796 0.6216698599449728 0.6815342885324741 0.6172176266626366 0.6820439550586442
7 0.6106151959749013 0.6787977478800116 0.6273551772612791 0.6775103165761934 0.6294267452874465 0.7044422477987572 0.6126867644197773 0.7057296754391753
7 0.4628502207109477 0.6800791938444769 0.4790103006350819 0.6808486069133121 0.4770723717896317 0.7215451613535496 0.46091229211253903 0.7207757516325314