1 0.3119920886598493 0.48173818809693275 0.3531388085806384 0.4829893255175376 0.35091927065354866 0.5559785006129809 0.3097725510606324 0.5547273703936584
1 0.6139183329155458 0.5912069015626621 0.6722274079916133 0.5802764734181579 0.6857421396038035 0.6523635218167745 0.6274330855899279 0.6632938740242432
11 0.2764239896340541 0.44668105350662857 0.2294990127707024 0.44400000960707875 0.23770479110146425 0.3003928292272685 0.28462898765144473 0.30307385050790314
11 0.257675181198465 0.5634765740496657 0.3147849183252447 0.6038651233300102 0.2453744108876208 0.7019999584622297 0.1882650686955003 0.6616118775709425
11 0.7986218977762292 0.7076411060131756 0.7482218130195406 0.7193395433599952 0.7118073916303729 0.5624737552625748 0.7622059452903613 0.5507755045487274
11 0.721590618631808 0.3345171873862985 0.7704291099250895 0.33538917657993517 0.7681272764335745 0.4643046753481186 0.719288785460094 0.4634326930659444
3 0.6675947805032365 0.7719068538315933 0.6436623939471247 0.7734436685724558 0.6358698146015058 0.6521055439725804 0.6598015624999789 0.6505687500000004
3 0.3387782115449909 0.48366405730805634 0.3190908117398976 0.48484512943912633 0.3133958169003108 0.38991790165093504 0.3330829723234956 0.38873683678800147
2 0.712178793701014 0.5815241582356956 0.6996325595206372 0.6094015873251902 0.6743534506816786 0.5980258756106339 0.6868997040518252 0.5701485158913513
2 0.3160538195351137 0.5957181802935916 0.28289307365992045 0.5798602771527411 0.2979994106037793 0.5482745148818857 0.3311599850701441 0.5641323697187315
2 0.34531638750002003 0.5710300546874814 0.37595118983119846 0.5588559772320839 0.39509294170352405 0.6070192671771671 0.36445817018920934 0.6191932880498462