1 0.6963313932778874 0.55121875 0.6501358281835792 0.55121875 0.650136133129422 0.4773515625 0.6963311596221047 0.4773515625
11 0.22666248661698774 0.5829241750930889 0.29263967355711884 0.5653298018820287 0.31972312810876247 0.6668787412698574 0.25374600954251036 0.6844729387281184
11 0.7099243832442426 0.5578355866774655 0.777842712934671 0.5584800158625728 0.7767772061924916 0.6707646499503922 0.7088588764931956 0.67012022752863
11 0.6436594211204465 0.33630215492214477 0.6936315893348137 0.32496912412158535 0.7265989725092368 0.4703298157351918 0.6766268401393063 0.48166274201245024
11 0.3153320238119477 0.49204796675562495 0.2829825215882238 0.4878285432228789 0.30089480237847965 0.35050939672304904 0.3332437284830121 0.35472878182389334
2 0.6109668662671766 0.5340131514462041 0.6380499546958163 0.553033950796454 0.6117688408169215 0.5904510982217149 0.5846858138279458 0.5714303730776213
2 0.6562771294643426 0.5663125057661808 0.6217115027814089 0.5741302286801435 0.6078726150149123 0.5129472041280747 0.6424379006340359 0.5051295211397224
2 0.6389696620785799 0.6185127389249437 0.6066820932794599 0.6031393861664823 0.6236253404927083 0.5675587865235627 0.6559127144815875 0.5829320846721624
2 0.33640355407283096 0.5898264426290432 0.35948487476912305 0.570259682807973 0.38730069324492433 0.6030682951158534 0.3642194433648456 0.6226349785698443
2 0.39182263603845513 0.5864531154682612 0.38235320087267155 0.5641344882559236 0.40487303635643457 0.5545806316252806 0.4143424870853778 0.5768992113370888
9 0.6439732140624983 0.417410714062504 0.6514586066612083 0.41619992135809986 0.6637353283972516 0.4920927957430484 0.6562499373588935 0.49330358200740054
9 0.6495535718750034 0.4006696421874879 0.6509477483722321 0.4002398550740211 0.6623724525732086 0.43729823621114516 0.6609782765415275 0.43772802225745283
9 0.6695943398203781 0.46714867764365264 0.6653085970066286 0.4683986069056373 0.656724836610465 0.43896853230528954 0.6610105623744857 0.43771860569152937