1 0.372150387865986 0.5935576856874247 0.3271990397763602 0.5961304846157564 0.32308517485637367 0.5242559376783036 0.36803597209188865 0.5216831545752229
11 0.683001203982144 0.36832141195815754 0.7238032245619479 0.36159618236727453 0.7481837971406549 0.509505426663563 0.7073817929164079 0.5162305892936904
2 0.5990219910576116 0.546062057622086 0.6377404489029459 0.5434810869312583 0.6418750299704925 0.6054999984369152 0.6031565735358981 0.608080955109604
2 0.639336086008143 0.6016225350488046 0.6303343696674801 0.574169853665899 0.6701044064765256 0.561130592446069 0.679106175888478 0.5885831726425207
2 0.6384420858155408 0.6605475653987702 0.6151535869004192 0.651815457446232 0.6286598436809072 0.6157990943606728 0.6519481851493083 0.6245311695617229
2 0.6541614989496338 0.6373518976439618 0.6615060671726951 0.6094464357981143 0.705827981597281 0.6211103089248475 0.6984835558605482 0.6490156483714814
11 0.705896333915689 0.6270869230861046 0.779836176356639 0.6167527316492291 0.7947593100977883 0.7235118145246606 0.7208194922853863 0.7338458915943311
11 0.30241212575037935 0.6909280156772378 0.22636259611829246 0.7027784292040544 0.21075313880351132 0.6026131487790048 0.2868011908161634 0.5907628517118833
2 0.386049234206439 0.6285310140575201 0.3774632896137291 0.6485626654290968 0.3426075499040735 0.6336245664279048 0.35119351792320685 0.6135929880712363
2 0.29684974562030675 0.6157554354386986 0.3112612005631945 0.5888572913744101 0.34918302722530825 0.6091727269498802 0.334771698219015 0.6360707628007388
9 0.6224522984293799 0.5413712997423388 0.6169253732700781 0.5411502395162853 0.6207674997043569 0.4450985718071543 0.6262943445818792 0.44531963041840045