0 0.720338870040564 0.537808802645092 0.693582976604489 0.5290145439941674 0.7213865925873506 0.4444311177519407 0.748142158996302 0.45322531838643265
2 0.6297924140435498 0.44086083597296977 0.6066912884647309 0.4258661698096454 0.6256522775091753 0.3966560889644331 0.6487533266254104 0.41165072169720807
2 0.6913379363353442 0.37600718698531455 0.7128882427401777 0.4014744401069616 0.6728462292960558 0.43535607243575214 0.6512960099374823 0.40988890120966504
2 0.6846562334078499 0.46744777042447333 0.6947762006665243 0.49611871399381163 0.6570008365004014 0.5094511870452668 0.6468809700232896 0.4807803290398129
2 0.6401142245827032 0.5386696778990743 0.6036246205267162 0.5434288115615792 0.5965329931227643 0.48905845699627537 0.6330222926195574 0.48429934324478113
11 0.7344734959809784 0.4174778746822307 0.8178136137895535 0.44365606574055666 0.7750923086202874 0.5796523793297024 0.6917523178589136 0.5534744705692292
2 0.3185103387147592 0.4857891320566298 0.35008206092550154 0.499252491966534 0.33738143239725105 0.5290332568112871 0.305809729843304 0.5155699305996176
2 0.40230700983818224 0.5123976536849895 0.3979119175434107 0.5349211239379864 0.3572279549450741 0.5269828491752253 0.3616231026767309 0.5044594523206902
11 0.3146361239593034 0.5702249725638249 0.24752235583378024 0.5811301113746605 0.22785458214275423 0.4600948336389694 0.2949670932028994 0.4491897985275492
2 0.3348583003210024 0.43651760839155346 0.304607450813819 0.4445840672905522 0.2931960565732652 0.4017911075563679 0.32344674477417357 0.39372467125916366
2 0.3376758341474897 0.42673997717715223 0.3687966285084485 0.4051472268945155 0.3908382644910944 0.43691326785328327 0.35971751563238286 0.45850596336660726