11 0.20054819133126936 0.6092887869047618 0.213588320123839 0.6151343619047619 0.21988355479876162 0.6164833404761905 0.2387692588235294 0.60524185 0.26035292074303407 0.5778126130952381 0.26979577275541794 0.5733160178571429 0.27339304953560367 0.5580275904761904 0.26484951702786375 0.5391418857142857 0.26350053808049534 0.5332963107142857 0.25810462291021674 0.5189072035714286 0.2545073455108359 0.5054174142857143 0.253608026625387 0.49822286071428573 0.2437155145510836 0.4887800083333333 0.23697062043343656 0.49237728571428574 0.23337334365325077 0.4964242226190476 0.2293264068111455 0.5009208178571428 0.22393049164086687 0.5148602666666666 0.22078287430340557 0.5247527785714285 0.21718559690402475 0.535994269047619 0.21178968173374615 0.5485847380952381 0.20864206439628483 0.5571282714285715 0.1965012544891641 0.5746649964285714 0.19380329659442724 0.5881547845238095 0.19245431826625387 0.6061411702380952 0.20054819133126936 0.6092887869047618
2 0.28373522105263155 0.5472357595238095 0.28373522105263155 0.5517323559523809 0.28463454055727555 0.5584772499999999 0.28598351950464396 0.5656718035714285 0.292728413622291 0.5733160178571429 0.3008222866873065 0.5773629535714285 0.30756718080495354 0.576913294047619 0.3179093523219814 0.5733160178571429 0.32285560804953556 0.5701684 0.32285560804953556 0.5629738464285714 0.3192583312693499 0.552631675 0.3147617349845201 0.5472357595238095 0.3017216061919505 0.5413901845238096 0.29587603095975235 0.5364439285714286 0.2913794346749226 0.5355446095238094 0.28463454055727555 0.5373432476190476 0.28373522105263155 0.5472357595238095
2 0.2751916885448916 0.46719634642857144 0.27339304953560367 0.4689949857142857 0.27294339009287927 0.4829344333333333 0.27609100743034054 0.4914779666666667 0.28103726315789473 0.4995718392857143 0.2886814767801858 0.5063167333333334 0.30127194613003094 0.5081153726190476 0.30846650030959755 0.5031691166666666 0.30846650030959755 0.49372626428571426 0.30486922352941176 0.4847330714285714 0.29812432879256967 0.4743909011904762 0.2931780730650155 0.4689949857142857 0.2850842 0.4658473678571428 0.2787889653250774 0.4658473678571428 0.2751916885448916 0.46719634642857144
2 0.3170100328173375 0.4973235416666667 0.30981547925696595 0.5049677547619047 0.308916159752322 0.5171085642857143 0.3170100328173375 0.5238534595238095 0.34443926996904023 0.5270010761904762 0.35028484520123837 0.5234037988095238 0.3520834835913313 0.5166589047619047 0.34983518575851397 0.5054174142857143 0.3462379083591331 0.49912217976190476 0.33769437585139317 0.4977732011904762 0.32600322538699694 0.4941759238095238 0.3170100328173375 0.4973235416666667
2 0.3939018284829721 0.5153099261904762 0.3925528495356037 0.5175582238095238 0.39075421114551084 0.5252024380952381 0.3889555727554179 0.5323969916666667 0.3871569343653251 0.5517323559523809 0.3952508074303406 0.5647724845238096 0.40199570154798764 0.5611752071428572 0.41188821300309597 0.5535309940476191 0.4150358303405573 0.547685419047619 0.4132371919504644 0.5274507357142857 0.4100895746130031 0.5166589047619047 0.4015460421052631 0.5085650321428572 0.3939018284829721 0.5153099261904762
2 0.3736671455108359 0.5913024023809524 0.37096918761609904 0.5850071678571429 0.36737191083591336 0.5814098904761904 0.3606270160990712 0.576913294047619 0.35163382414860683 0.5724166976190476 0.3430902910216718 0.5692690809523809 0.3372447157894737 0.5697187404761904 0.332748120123839 0.5742153369047619 0.33634539690402476 0.5890541035714286 0.3439896105263158 0.5922017214285714 0.35298280309597524 0.5944500190476191 0.35702973931888543 0.5953493392857142 0.36782157027863777 0.5962486583333334 0.3696202086687307 0.5948996797619047 0.3736671455108359 0.5913024023809524
2 0.6466105356037151 0.49912217976190476 0.6452615566563468 0.5031691166666666 0.6434629182662538 0.5108133297619047 0.6434629182662538 0.5162092452380952 0.6448118972136223 0.5207058416666667 0.6470601950464396 0.529249375 0.6493084934984521 0.53509495 0.6574023665634674 0.5310480130952381 0.6717914743034056 0.5243031190476191 0.681683986377709 0.5144106071428571 0.6834826247678019 0.5085650321428572 0.6785363690402477 0.5000214988095238 0.6762880705882353 0.4995718392857143 0.6632479417956657 0.4973235416666667 0.6497581529411764 0.49237728571428574 0.6466105356037151 0.49912217976190476
2 0.7019186693498453 0.4770888583333333 0.6987710520123839 0.4797868166666666 0.6956234346749226 0.49912217976190476 0.6978717325077399 0.4986725202380952 0.705515946130031 0.4959745619047619 0.728448586996904 0.4707936238095238 0.7244016501547987 0.46404872976190475 0.7181064154798762 0.4631494095238095 0.7068649250773993 0.46989430476190475 0.7019186693498453 0.4770888583333333
2 0.6376173430340557 0.588604444047619 0.6439125777089784 0.5944500190476191 0.6488588340557275 0.5957989988095238 0.656952707120743 0.5944500190476191 0.6609996433436532 0.5922017214285714 0.6681941975232197 0.5899534238095239 0.671341814860681 0.5859064869047619 0.673140453250774 0.5787119333333334 0.6717914743034056 0.5701684 0.6695431764705883 0.5674704428571429 0.6668452185758514 0.5661214630952381 0.6596506643962847 0.568369761904762 0.6488588340557275 0.5733160178571429 0.6403153009287925 0.576013975 0.6349193857585139 0.5850071678571429 0.6376173430340557 0.588604444047619
2 0.6920261572755417 0.5449874607142857 0.6879792210526317 0.5490343976190476 0.6848316037151703 0.5544303130952382 0.6780867089783281 0.5629738464285714 0.6812343263157894 0.5715173785714286 0.6924758173374613 0.5697187404761904 0.6983213919504645 0.5665711226190476 0.7136098191950464 0.5598262285714286 0.7217036922600619 0.5463364404761905 0.7226030117647059 0.5323969916666667 0.7136098191950464 0.5279003952380952 0.7091132229102168 0.5305983535714286 0.6996703708978328 0.5364439285714286 0.6956234346749226 0.5422895035714286 0.6920261572755417 0.5449874607142857
11 0.7376439374613003 0.5229168 0.7341713095975232 0.525810655952381 0.7289623684210526 0.5330452964285715 0.7269366693498452 0.5434631785714286 0.7272260551083591 0.5547492178571429 0.7327243814241486 0.5712441976190477 0.7469042767801858 0.5894754916666667 0.7648461851393189 0.6181246678571429 0.786550106501548 0.6218896904761905 0.7934953609907122 0.5972919130952381 0.7920484328173374 0.5660382666666667 0.7796048513931888 0.5434661880952381 0.7741065250773993 0.5055566726190476 0.7703445120743034 0.49398124761904766 0.7602160154798762 0.49137677738095237 0.7512450613003097 0.5049779011904763 0.7483512049535603 0.5101868428571428 0.7454573486068111 0.5180002535714285 0.7376439374613003 0.5229168
