11 0.31670625015479875 0.3912265630952381 0.31610625015479876 0.37079375 0.3125 0.356971875 0.30889374984520124 0.318509375 0.3046874996904025 0.3034859369047619 0.2950718749226006 0.278846875 0.27764374984520124 0.2644234369047619 0.27103437523219814 0.2722359369047619 0.2734374996904025 0.3197109369047619 0.26802812507739937 0.3599765630952381 0.26802812507739937 0.400840625 0.27704374984520125 0.408653125 0.29086562476780187 0.4128609369047619 0.30949531269349845 0.4092546869047619 0.31670625015479875 0.3912265630952381
11 0.28725937523219813 0.5853359369047619 0.28425468730650155 0.5594953130952381 0.26862968730650155 0.518028125 0.25540937523219814 0.52704375 0.24098593746130031 0.552284375 0.22475937523219816 0.5889421869047619 0.22235625015479876 0.60516875 0.21394218761609907 0.634014061904762 0.24338906253869969 0.641826561904762 0.2734374996904025 0.643629686904762 0.2902640625386997 0.629807813095238 0.29086562476780187 0.61298125 0.28725937523219813 0.5853359369047619
11 0.8125 0.612379686904762 0.8118984377708979 0.5853359369047619 0.8064906247678019 0.55829375 0.8022843752321982 0.533653125 0.7884609374613002 0.50360625 0.7794468749226006 0.513221875 0.7608171876160991 0.541465625 0.7584140625386998 0.5534859369047619 0.7475968749226005 0.5871390630952381 0.7548078123839009 0.62079375 0.7680281250773995 0.631009375 0.7776437498452012 0.63701875 0.78125 0.637620313095238 0.7938703126934984 0.638821875 0.8088937498452012 0.629807813095238 0.8125 0.612379686904762
11 0.7758406247678018 0.4092546869047619 0.7806484377708979 0.3984375 0.7878609374613004 0.3816109369047619 0.7890625003095975 0.37079375 0.7872593752321981 0.356971875 0.7830531250773994 0.3431484369047619 0.7734374996904025 0.322115625 0.7674281250773994 0.3131015630952381 0.7614187498452012 0.3040859369047619 0.7572109374613002 0.291465625 0.7512015622291022 0.26923125 0.7397843752321982 0.287259375 0.7331734377708978 0.314303125 0.7307687498452012 0.3467546869047619 0.7349765622291021 0.3900234369047619 0.7367781250773995 0.41045625 0.7475968749226005 0.432090625 0.7572109374613002 0.4308890630952381 0.7686296873065016 0.4230765630952381 0.7758406247678018 0.4092546869047619
2 0.2979550600619195 0.4418825035714286 0.29606127801857585 0.4437762869047619 0.29606127801857585 0.4519826761904762 0.29732379938080494 0.4627141083333333 0.29858632074303404 0.4734455404761905 0.30111136346749223 0.4816519297619048 0.31058027430340557 0.48922705833333335 0.3282555746130031 0.49553966547619044 0.33141187801857586 0.4930146226190476 0.3282555746130031 0.487648905952381 0.3074239708978328 0.4437762869047619 0.30111136346749223 0.4305198107142857 0.2979550600619195 0.4418825035714286
2 0.3434058315789474 0.49048957976190477 0.3370932247678019 0.5119524440476191 0.35034969969040247 0.525208919047619 0.3642374352941177 0.5321527869047619 0.3825439962848297 0.534046569047619 0.39138164643962847 0.5081648797619047 0.3699187820433436 0.48543949404761905 0.3415120495356037 0.4753393226190476 0.3434058315789474 0.49048957976190477
2 0.3187866637770898 0.5643470833333334 0.3276243139318885 0.5757097773809523 0.3301493566563467 0.5769722988095238 0.3364619640866873 0.5744472559523809 0.34529961424148603 0.5712909523809524 0.35350600309597524 0.567503386904762 0.35350600309597524 0.5668721261904762 0.34719339628482976 0.5580344761904762 0.3434058315789474 0.5529843904761905 0.3364619640866873 0.5447780011904761 0.3238367492260062 0.5378341333333333 0.31689288173374613 0.5397279154761905 0.31563036037151704 0.5504593476190476 0.31815540309597523 0.5693971702380952 0.3187866637770898 0.5643470833333334
2 0.3648686965944272 0.6072728130952382 0.3667624786377709 0.6079040738095238 0.3730750854489164 0.6110603773809523 0.3844377783281734 0.6148479416666667 0.39327542848297214 0.6192667666666667 0.40842568606811147 0.6161104630952381 0.41600081486068113 0.6135854202380953 0.4166320755417957 0.605379030952381 0.4128445108359133 0.5990664238095238 0.39895677523219814 0.5889662523809523 0.3882253430340557 0.5845474273809523 0.3699187820433436 0.5788660809523809 0.36044987120743033 0.5744472559523809 0.3547685244582044 0.592122555952381 0.3585560891640867 0.6041165095238096 0.3648686965944272 0.6072728130952382
2 0.6596674526315789 0.5327840476190476 0.6615612346749226 0.5409904369047619 0.6659800600619195 0.5454092619047619 0.6748177102167182 0.5447780011904761 0.6830240990712074 0.5441467404761905 0.6994368780185759 0.5359403511904761 0.7006993993808049 0.5302590047619048 0.6943867919504644 0.5207900940476191 0.6861804030959752 0.5087961404761905 0.6804990563467491 0.5012210119047619 0.6678738421052631 0.49806470833333333 0.6659800600619195 0.49806470833333333 0.6584049312693498 0.5106899226190477 0.655248627863777 0.5214213547619048 0.6596674526315789 0.5327840476190476
2 0.6571424099071208 0.6464109773809524 0.6621924953560372 0.6464109773809524 0.6760802315789474 0.645148455952381 0.6817615777089783 0.6249481130952381 0.6817615777089783 0.605379030952381 0.6817615777089783 0.5914912952380953 0.6773427529411764 0.5845474273809523 0.6691363634674923 0.5794973416666667 0.660929973993808 0.5801286023809523 0.6489360204334365 0.5933850773809524 0.6400983702786377 0.5971726416666667 0.6325232414860681 0.6034852488095238 0.6363108061919505 0.6192667666666667 0.642623413003096 0.6262106345238095 0.6527235845201238 0.6375733273809524 0.6571424099071208 0.6464109773809524
2 0.7379437820433437 0.5580344761904762 0.7354187393188855 0.5498280869047619 0.724687307120743 0.5397279154761905 0.723424785139319 0.5397279154761905 0.7145871356037152 0.5416216976190475 0.7032244421052631 0.5479343047619047 0.6943867919504644 0.5555094333333334 0.6880741851393188 0.567503386904762 0.6861804030959752 0.5712909523809524 0.6887054458204335 0.5788660809523809 0.7038557027863777 0.5914912952380953 0.7278436105263159 0.5738159952380952 0.7347874786377708 0.5567719547619048 0.7379437820433437 0.5580344761904762
