11 0.2812692722719703 0.6857295442393093 0.20008998635114494 0.6898498305106472 0.1946794961714886 0.5832488008740502 0.2758571224545676 0.579128556605298
2 0.3416836472564455 0.5811584076179928 0.3087284902163674 0.5852774097724134 0.30230120676321803 0.5338579264653178 0.33525607928038426 0.5297389422102547
2 0.38576866909556884 0.5649934925410756 0.38919383307768385 0.6006103087358743 0.35373472732942446 0.604019836700262 0.3503096857859873 0.568403133794394
2 0.3242569212093258 0.6379062984454889 0.28235741476567 0.6433708158627469 0.2773557291297948 0.6050235087047877 0.3192549342467146 0.5995590111225192
2 0.3233456515196167 0.6410810011561162 0.34080886589981674 0.6076143245092767 0.38261995640277746 0.6294291033923227 0.3651569196819082 0.6628956279709938
2 0.6607540968120702 0.615626848908776 0.6441155471969751 0.5917113866519758 0.6763848008148443 0.5692633251891157 0.6930233275620594 0.5931787029116656
2 0.7400859497549845 0.5701957502434161 0.711401213247882 0.5898202690368216 0.6936684094720249 0.5639030573796538 0.7223530343966331 0.5442785916179672
2 0.7342309021116762 0.6115070062578082 0.7378485000251658 0.641046384159473 0.698824151407166 0.6458248629347214 0.6952066756575732 0.6162855958875302
2 0.6356486919214603 0.6431877867275115 0.6826561383041962 0.6257518763776055 0.6969814103453018 0.6643681346440732 0.64997400085565 0.6818039735950624
2 0.6127925996388512 0.6905773998954418 0.6159362957046142 0.6497162942011331 0.6477338169206632 0.6521623490989716 0.644590263066334 0.6930233219580234
11 0.730074630256695 0.5895386849453007 0.8095942259914182 0.5831779410291826 0.8190545091561034 0.7014327880521393 0.7395349232133412 0.7077934585523563