1 0.6616843417742757 0.5212546239505159 0.6616844894998621 0.5818813007455526 0.6083561716258146 0.5818811990879416 0.6083562956969217 0.5212547958861299
1 0.6676528827019865 0.5032348975325229 0.6186406814845213 0.5105803108040395 0.6090382800088037 0.44651128685387725 0.6580500305723262 0.43916590786438386
2 0.3289373553634505 0.45840848780387683 0.30949351480853693 0.47490530947209864 0.2821227331734235 0.4426469068899107 0.30156650536321195 0.42615013302295685
2 0.3398442382541589 0.4470292180422387 0.3723321154932364 0.4569738182026651 0.358353746105081 0.5026364408399053 0.32586588379376735 0.492691875077856
2 0.3149688199349612 0.5430281844701687 0.29490287675525906 0.5028995047406918 0.32639936639679945 0.4871513051114434 0.3464653279435197 0.527279873169846
2 0.3973852424277311 0.545886626769171 0.38822720308178305 0.5642011790738934 0.34214822647402343 0.5411617230952955 0.3513062793206245 0.5228472484502611
2 0.5901239587166174 0.48809189945977843 0.5875398616460643 0.5126393266482226 0.5651362231606072 0.5102810392579534 0.5677203571666496 0.48573365382504496
2 0.5895814432316229 0.47469976734533764 0.6176613575960346 0.4822763365417435 0.6096457038636345 0.5119813709831907 0.581565796329869 0.5044048193124285
2 0.6990754789086395 0.48621538782071727 0.664573177319312 0.48705685278565225 0.6635596558110137 0.445498138768056 0.6980617555005892 0.4446566762535762
2 0.6851884789221003 0.4915181049168117 0.7072784340346061 0.5125544238828481 0.6741672575875555 0.5473210878646004 0.6520773805995077 0.5262848487311561
11 0.7196375060602804 0.48195154960587305 0.8135513996903683 0.49334749047674753 0.8014031030846809 0.5934530515411502 0.7074892260241086 0.5820572044624045
9 0.6350446518715671 0.4319196424602802 0.630646693614267 0.43179576164189853 0.6333788363948543 0.3348059431976614 0.6377767459648567 0.3349298233403965
9 0.6439732140624983 0.4363839281250003 0.6383595066110956 0.4352770485107579 0.6561894846278165 0.34485413972887485 0.6618031345351483 0.3459610136449532
9 0.655134001883539 0.68638391665292 0.6469974485811463 0.6876494394615922 0.6340055632316535 0.6041298472863043 0.6421419835552342 0.6028643350175914
9 0.6584821421874949 0.6104910718749831 0.6664313680956866 0.6068427238501917 0.697681148972265 0.6749231997473304 0.6897319396074408 0.6785715210999026