2 0.49626415344505403 0.55958125 0.46535303795110394 0.55958125 0.4653532877504176 0.4675953125000001 0.4962639566424514 0.4675953125000001
2 0.4975747777801871 0.46719957974882603 0.5277778429233422 0.4681221907014864 0.524967824011469 0.5601052887054486 0.4947647591769737 0.559182684415939
1 0.5733703125 0.45435468749999997 0.612771875 0.45435468749999997 0.612771875 0.5324046874999999 0.5733703125 0.5324046874999999
1 0.6228167759181815 0.6251693704921848 0.5846181785228737 0.6278241464096865 0.5797767499725524 0.558166248012931 0.617974874237234 0.5555114884583138
2 0.28571316494560506 0.46341731158756805 0.29040439246057304 0.43339569676528683 0.31917640638880584 0.43789138710460934 0.3144852459811318 0.467912942121781
2 0.36474316239537075 0.468799443098582 0.34650201922681845 0.495457869148704 0.3117303604674362 0.47166673074884297 0.3299714838719865 0.44500838491282374
2 0.3016200672071818 0.5417930321395166 0.3016201893184416 0.500167446837737 0.3372991982532767 0.500167557308133 0.337299193866329 0.5417930250258876
2 0.34237173545488986 0.5620455129858387 0.3408702970576769 0.5325180850418998 0.37757425923700794 0.530651879735059 0.379075782965856 0.5601792175826464
11 0.27184548344826 0.4751131748661126 0.32441964890881536 0.4994081517913008 0.2674190727827863 0.6227458580169365 0.21484507475167902 0.59845115549951
2 0.6527911933394535 0.5306046448453968 0.66163286844494 0.5644943439637032 0.6188805864488813 0.5756470203490868 0.6100390577238386 0.5417574468331283
2 0.6966601812092676 0.5488842236082541 0.6568434795630083 0.5459350773115109 0.6605502098544775 0.4958968826405154 0.7003665953125164 0.4988460171875028
2 0.6551517325493705 0.498238891525147 0.631924038733132 0.46985142307316036 0.6650436513639306 0.44275357112000285 0.6882712963880522 0.471140952922862
2 0.7190336292763959 0.4601537767777042 0.6907880204923913 0.46307555793279825 0.6872073575630111 0.42846179601814344 0.715452834243024 0.4255400217541914
9 0.589339926092407 0.444414131525661 0.5857876393937431 0.444549022235831 0.5823852522711377 0.3549525977790402 0.5859375 0.35481770781250177
9 0.6168177776997936 0.7338022797439845 0.609434129132751 0.7344249136888826 0.6000383943594443 0.6230184596887854 0.607421875 0.6223958328124954
9 0.5940031044236775 0.45311972724478017 0.5897731302238753 0.4532078474684107 0.5877839639664444 0.3577270087798385 0.592013889062514 0.35763888906249935