1 0.6205680115397172 0.6089081540950012 0.5839739958638575 0.6096857581811482 0.5825607522148175 0.5431749668795001 0.6191543403911055 0.5423973673401323
2 0.6550626301486773 0.5997936531988997 0.6177418761780018 0.596401204079265 0.6224095900093971 0.5450577683438541 0.6597300110960305 0.5484502022612516
2 0.6625868024902957 0.591879616213408 0.6508949360006682 0.5568073664719014 0.6847036217761797 0.5455378357295467 0.696395543442577 0.5806099773488583
2 0.6839541919041494 0.6075161634837192 0.6930879846659082 0.6318699827059739 0.6516510190615463 0.6474087187085565 0.6425173477045973 0.6230550023446231
2 0.5700361268627603 0.6707063253478833 0.5629394550993538 0.6410706674352339 0.5991926990718639 0.6323904180056589 0.60628944502389 0.6620259666709393
2 0.6026199335017282 0.6594826978746484 0.5959960779355242 0.6311839559791278 0.6406605676863819 0.6207306646118724 0.6472845099062852 0.649029279500624
11 0.7734159303225852 0.7014207513991504 0.7150359759673393 0.7242224931157832 0.6733119456930581 0.6174081449026465 0.7316907013336049 0.5946066642865878
11 0.2531269648796979 0.5752244763198409 0.3087808259463145 0.588707204848962 0.27911149660917545 0.7111611251201152 0.22345769263233706 0.697678561571505
2 0.3355625020260504 0.6098411518481254 0.32397333508117754 0.6321256609696518 0.284941007352586 0.611828914325339 0.29653018581188917 0.5895444963592819
1 0.32606206407797345 0.6446216043083364 0.3352064894961586 0.6151603591268738 0.3922637139934295 0.6328680093984584 0.3831194891523637 0.6623290839164839
2 0.35539494750025824 0.5724344213363769 0.3422436536037594 0.5892121159693892 0.30586693451255087 0.5607007354189427 0.31901819631741546 0.5439231076888118
9 0.6074219173368647 0.5514322918026487 0.5963846685597218 0.5515326227379722 0.5954198197515552 0.44538609318490674 0.6064568878775844 0.44528576307912465
9 0.3578085875577699 0.6876756888726009 0.36597601493826915 0.6889566428637043 0.3543002374003663 0.7633903183183163 0.34613281249994543 0.762109374999998
9 0.32747395781245814 0.7591145828125031 0.3214995481820324 0.7576212180145621 0.33589920561666986 0.7000230541344853 0.3418735404928839 0.7015164091865297
7 0.33194789755509646 0.7818972961081609 0.3061747181326382 0.7761371882815635 0.32490431505709694 0.6923485615320966 0.35067701137040785 0.6981086130180822
7 0.3410506789094825 0.7205501163960588 0.3635753883150983 0.7220030716662577 0.35990663700965797 0.7788689878673214 0.3373819285036461 0.7774160420604692
7 0.4182189707563566 0.7701082356569096 0.43049074010502864 0.7767251469932799 0.41209415670402905 0.8108370895478865 0.3998224088496727 0.8042202090978897
7 0.5980152632399722 0.45795191560297743 0.5993622600474282 0.4314631964603132 0.6113254917040649 0.4320715183157643 0.6099785174540102 0.45856021586393664
7 0.5778839482302374 0.4465862883080302 0.5976938385654194 0.4486354456882781 0.5942925301862942 0.481514910407723 0.5744826406250922 0.4794657578125036