1 0.3642351590923454 0.6626328351900005 0.30554990303164686 0.6306633809433247 0.3367564885621732 0.5733859224348511 0.3954411672526703 0.605355182651813
1 0.3463527669780433 0.49438562416670834 0.40241726270403433 0.5070968780205943 0.3839404552149972 0.5885838837992525 0.3278759890342826 0.5758727177793311
2 0.6800843750000001 0.49345937500000003 0.7291671875 0.49345937500000003 0.7291671875 0.5828484375 0.6800843750000001 0.5828484375
11 0.30195278266478454 0.4803312749890196 0.26678215361721414 0.4777735648628868 0.27618790258281933 0.34844883344945715 0.3113579346112374 0.3510065212085535
2 0.26529421837881273 0.5687041209192324 0.2883085613981393 0.542623934672167 0.33463650549106205 0.5835018351110933 0.3116223108054328 0.6095818802614743
11 0.2850293841864868 0.6544176642021695 0.21261140913225063 0.6743048925760186 0.1867162926621404 0.5800178606462129 0.25913300877027723 0.5601308146558251
2 0.6369532676885683 0.6267048247502807 0.6621984315631835 0.6246581786030417 0.6655870425747707 0.6664511238581933 0.6403418796815004 0.6684977615728118
2 0.7123832988646654 0.5971558836185329 0.7123833750224549 0.6384426171875789 0.6793539642019368 0.6384425499763685 0.6793540159821987 0.59715594374022
2 0.7386258580004323 0.5479220592514276 0.7657707301904111 0.5663786768581471 0.7270817050938376 0.623274142991415 0.6999369248653693 0.6048176384316521
11 0.8121601276064894 0.6976712889056246 0.7669680400224479 0.7018374727318375 0.753191973752223 0.5524151353707175 0.7983828377103919 0.5482490064984475
2 0.7522243762383596 0.4593974399352805 0.7769674461503655 0.46951887223212707 0.7501047996280477 0.5351829939690071 0.7253617601410269 0.5250616160263454
2 0.6696630433353903 0.5300917192867671 0.6928390959469652 0.5353444597111976 0.681879541945591 0.5836955159457689 0.6587034966020155 0.578442797604519
2 0.6527808132972268 0.5711079493171871 0.6418202095746892 0.5930270307300544 0.6208014787523553 0.5825176711054485 0.6317620901999135 0.5605986348560296
9 0.7048613673522368 0.4991318717780941 0.6959676211007491 0.5016282169125025 0.668189707136321 0.4026699379582538 0.6770833328124581 0.40017361093750536
9 0.6987847218749721 0.4114583328125006 0.7088981476207437 0.41112856846343604 0.711502300840607 0.4909896816625209 0.7013888751924924 0.49131944420225054
9 0.33420130609772514 0.6605902580152825 0.34399023223704717 0.6629629808400676 0.33010142099203676 0.7202546519274428 0.3203125 0.7178819437500041
9 0.3524305418183076 0.6623263862696709 0.35858446136933253 0.6635172986476513 0.34570725821811266 0.7300493925824276 0.33955334109032265 0.7288584887253637