1 0.7009827826832407 0.5043379479667864 0.6472526702128789 0.514801332113731 0.6310794363110972 0.4317547808702969 0.6848089135543205 0.42129146063306094
1 0.6074294510121945 0.5281962752950519 0.6658924639003772 0.5198308968105746 0.6771488531697969 0.5984910038629798 0.618685852642102 0.6068563252920423
11 0.23333268518547357 0.4749999569142501 0.28882036725906346 0.4937780643358162 0.23871518686155468 0.6418210190194203 0.1832276240356805 0.6230431603308505
11 0.7364577838766309 0.47604217945018834 0.8235781063369814 0.5005431830575922 0.7975821821859199 0.5929711085013583 0.7104619350786834 0.5684702968432093
11 0.7815238000816862 0.42837703575164404 0.7346364049468548 0.44031170875194436 0.6937384287670056 0.2796423735379864 0.740624999999909 0.26770781250001024
11 0.25923206526954345 0.2635782586723763 0.30189402984046865 0.272752305358399 0.2656938423878046 0.44108768849070473 0.22303190529453332 0.431913727470205
2 0.25843085158533086 0.43228829971765265 0.2861570546214125 0.4167355470291308 0.31519751788505346 0.46850350915969613 0.2874713605673378 0.48405619852350157
2 0.3164663331015163 0.46388392456838784 0.359025257942335 0.4521443388585321 0.3699246016307143 0.4916545265666798 0.3273656909422016 0.5033940772072368
2 0.2724475781209321 0.5087662185746862 0.2961215303383824 0.477035910062847 0.35400262829659823 0.5202175730454549 0.3303288744079964 0.551947701566558
2 0.3399488826812558 0.5161601775337422 0.3854389972558465 0.5329181919388372 0.37100218101409155 0.5721038013476957 0.32551209592543273 0.5553458448335861
2 0.5897609352826976 0.49092929319456513 0.6166338455627738 0.48968910474155214 0.6186989225737989 0.5344325456008442 0.59182601258658 0.535672729723704
2 0.6459304334073295 0.4982522114391849 0.6449292686621675 0.5162726102083283 0.6141062767746917 0.5145602401039696 0.6151074818491225 0.4965398841140114
2 0.7044419134892905 0.48076833462790736 0.6774249598749975 0.448950252298588 0.7211403241245762 0.41183356283851263 0.748157198767899 0.4436515211202237
2 0.6837657785340525 0.5392832726269126 0.6655123035396855 0.5146827393213045 0.7062050045683463 0.48449141096402487 0.7244584407437742 0.5090918454628562