2 0.3089262121457068 0.5590716039982159 0.3568395344907458 0.5654483332417437 0.34854075420651043 0.6277969674083154 0.3006274389900909 0.6214202743690513
1 0.6280578945550133 0.5749125 0.5934108473198876 0.5749125 0.5934110817945566 0.49337968749999994 0.6280576712828179 0.49337968749999994
2 0.6538504206070002 0.5084473468925454 0.6682926826787252 0.5308075884920649 0.639580034379037 0.5493511593673654 0.6251378423048664 0.5269909793934768
2 0.7004975656446959 0.473226679663732 0.7101599434804484 0.5167036792238479 0.674147328078675 0.5247064208050585 0.6644850900999018 0.4812295423988225
11 0.7562717917780901 0.6828431047432608 0.6872956143878355 0.6743733688654461 0.7018586176734516 0.5557946968004243 0.7708332784856111 0.564264339365562
2 0.674193478494999 0.556983586342699 0.6960690710391191 0.5807589217120716 0.6674840606312955 0.6070570780386737 0.6456085524240507 0.5832818243393665
2 0.6344020394400331 0.5850562766074754 0.6467950672602001 0.6066068754373727 0.6150411517463681 0.6248653538414907 0.6026482077762694 0.6033148275834169
2 0.3488191829188736 0.5904976876727329 0.3669329400264587 0.577325515619772 0.39154904101781085 0.6111727777054785 0.3734353269112489 0.6243448992096698
9 0.60546875 0.4404296875 0.6064453125 0.4404296875 0.6064453125 0.4599609375 0.60546875 0.4599609375
9 0.33007809997286586 0.637369789482237 0.3347740710544258 0.6378773930876539 0.32956576287210737 0.6860544761279396 0.3248697921874282 0.6855468749999968
9 0.3138020828125 0.6334635421875 0.3170572921875 0.6334635421875 0.3170572921875 0.6764322921875 0.3138020828125 0.6764322921875