1 0.6119914260794985 0.6668213472223506 0.5863487480748972 0.669316574572512 0.5793764927772145 0.5976720636612407 0.6050188180574878 0.5951768535862277
11 0.2731271624999181 0.4941470611601109 0.32274845638858096 0.5142619298614713 0.2780998377453443 0.6243949627874197 0.2284786537816217 0.6042802983798914
2 0.4621297753996032 0.5020567439159482 0.478946620509646 0.5009357104580161 0.48098630963283995 0.5315310526826763 0.46416946478632326 0.5326520834433615
2 0.41088588396212344 0.4992741436990558 0.4347295389454757 0.5015093088115837 0.4313610638425871 0.5374396764157315 0.4075174097181389 0.535204517652477
2 0.404756876581132 0.5186224774144184 0.3705381703848616 0.5142074946461163 0.3772887598164516 0.4618914431112627 0.41150719959944126 0.4663064084701871
2 0.37469773896566494 0.49127777700129155 0.34488163518358306 0.4984331339417561 0.33554929431295477 0.45954797835528705 0.3653652314519604 0.4523926423668048
2 0.5574821660245561 0.5324896218866112 0.5449941175776303 0.5308887205080379 0.5491387521728939 0.4985608595442848 0.5616267374755353 0.5001617568250016
2 0.6869918508708679 0.4898779573555122 0.6578389977273673 0.5079867954954831 0.6413939357279332 0.4815142138270496 0.6705466866369534 0.46340541740349384
2 0.7184359671060747 0.47527736741983273 0.6933347741742182 0.4715391302052907 0.699051850211049 0.4331534740990773 0.7241529105785958 0.43689170127969906
2 0.6156023073499455 0.6371603383980153 0.5949125318768438 0.631168879086949 0.6100814682168902 0.5787936540895785 0.6307710490116278 0.5847850835659951
9 0.6035156921363978 0.7513020833172113 0.5937700223346383 0.7512288183020902 0.5944211765414593 0.6646402778387235 0.6041666671875419 0.6647135421875005