2 0.31182031269349847 0.6125437499999999 0.31861406253869967 0.613240625 0.32302968730650156 0.613240625 0.3277859374613003 0.611846875 0.3315218749226006 0.60696875 0.33457812507739937 0.602090625 0.33661718761609905 0.595121875 0.3396734377708978 0.58885 0.34137187492260057 0.58188125 0.34205156222910216 0.577003125 0.34273125015479877 0.570034375 0.34273125015479877 0.563065625 0.3389953126934985 0.556096875 0.33593749969040243 0.5498265619047619 0.33322031269349844 0.5491296869047619 0.3301624996904025 0.5477359369047619 0.3250671876160991 0.5463421869047619 0.32167187492260063 0.5456453130952381 0.31861406253869967 0.5442515630952381 0.31521718761609907 0.5442515630952381 0.3121609374613003 0.5435546880952381 0.30842343777089787 0.540767188095238 0.30570625015479874 0.540767188095238 0.30095156222910213 0.540767188095238 0.29891250030959754 0.5428578119047619 0.2931390625386997 0.550521875 0.29008125015479874 0.558884375 0.28838281238390095 0.565853125 0.287025 0.57630625 0.287025 0.585365625 0.28838281238390095 0.59303125 0.29177968730650156 0.59860625 0.29619531269349847 0.603484375 0.30265 0.609059375 0.31182031269349847 0.6125437499999999
2 0.7082203126934985 0.590940625 0.7105984377708978 0.583971875 0.7109374996904025 0.5777 0.7109374996904025 0.5693374999999999 0.7109374996904025 0.558884375 0.7095781250773994 0.5526125 0.708559375232198 0.5477359369047619 0.7065218749226007 0.5428578119047619 0.7034640625386996 0.5421609380952381 0.7010875003095975 0.5421609380952381 0.6980296873065015 0.540767188095238 0.6939531250773994 0.5386765630952381 0.6912359374613003 0.5386765630952381 0.6888593752321981 0.540767188095238 0.685801562229102 0.5456453130952381 0.67765 0.553309375 0.6756109374613003 0.553309375 0.6722140625386996 0.551915625 0.6688171876160991 0.550521875 0.6671203126934984 0.550521875 0.6627031250773994 0.5526125 0.6593078123839009 0.5581875 0.657948437770898 0.56794375 0.6576093752321981 0.579790625 0.6589671876160991 0.58885 0.6606656247678018 0.597909375 0.6630437498452012 0.603484375 0.6708562501547988 0.609059375 0.6779890625386997 0.60975625 0.6861406247678019 0.607665625 0.6912359374613003 0.604878125 0.7000671876160991 0.59860625 0.7034640625386996 0.59581875 0.7082203126934985 0.590940625
2 0.6565890625386996 0.61533125 0.6589671876160991 0.609059375 0.6596468749226007 0.603484375 0.6596468749226007 0.596515625 0.6599859374613003 0.5846687500000001 0.6596468749226007 0.58188125 0.6582874996904025 0.5749124999999999 0.65625 0.56794375 0.654551562229102 0.56236875 0.6525140625386997 0.561671875 0.650475 0.561671875 0.6477578123839008 0.561671875 0.6464 0.560278125 0.6440218749226007 0.55958125 0.6413046873065015 0.55958125 0.6396062501547988 0.55958125 0.6355296873065015 0.560278125 0.6331515622291022 0.5637624999999999 0.6304343752321981 0.565853125 0.6290765622291022 0.570034375 0.6277171876160991 0.5728218749999999 0.6253390625386998 0.57351875 0.6229625003095975 0.574215625 0.6202453126934985 0.5749124999999999 0.6161687498452012 0.5749124999999999 0.6107343752321981 0.5749124999999999 0.6076765622291022 0.5749124999999999 0.6049593752321982 0.581184375 0.6025812501547988 0.5916375 0.602242187616099 0.600696875 0.6032609374613004 0.6083625 0.6066578123839009 0.614634375 0.6086953126934984 0.618815625 0.6107343752321981 0.622996875 0.6134515622291022 0.6271781249999999 0.6222828123839009 0.6292687499999999 0.6277171876160991 0.628571875 0.6362093752321982 0.624390625 0.642323437770898 0.6216031249999999 0.6480984377708978 0.620209375 0.6531921876160991 0.6181187499999999 0.6565890625386996 0.61533125
13 0.44401041671826624 0.6614583333333334 0.5390625003095976 0.6692708333333334 0.604166666873065 0.6536458333333334 0.7200520835913313 0.5950520833333334 0.6940104167182664 0.5833333333333334 0.5651041665634675 0.6549479166666666 0.520833333126935 0.66015625 0.4544270835913312 0.6497395833333334 0.4088541665634675 0.6393229166666666 0.28776041671826624 0.5846354166666666 0.29166666687306503 0.6041666666666666 0.401041666873065 0.6471354166666666 0.44401041671826624 0.6614583333333334
13 0.2851562501547988 0.4388020833333333 0.354166666873065 0.48046875 0.3932291665634675 0.4934895833333333 0.42968749969040243 0.5104166666666666 0.46223958328173376 0.5182291666666666 0.5065104167182662 0.515625 0.5598958334365325 0.5078125 0.5898437498452013 0.49609375 0.6419270835913313 0.4752604166666667 0.703125 0.4270833333333333 0.703125 0.421875 0.6640625003095975 0.4505208333333333 0.614583333126935 0.4752604166666667 0.5130208334365325 0.5143229166666666 0.46223958328173376 0.5065104166666666 0.4388020835913312 0.50390625 0.3919270835913312 0.4765625 0.338541666873065 0.4661458333333333 0.2942708334365325 0.4322916666666667 0.2851562501547988 0.4388020833333333
11 0.30338541671826624 0.28515625 0.26432291640866873 0.2708333333333333 0.24609374984520122 0.40234375 0.3007812501547988 0.4205729166666667 0.30338541671826624 0.28515625
11 0.6888020835913313 0.3098958333333333 0.6653645832817336 0.3424479166666667 0.708333333126935 0.4375 0.760416666873065 0.3671875 0.6888020835913313 0.3098958333333333
11 0.7408854167182664 0.65625 0.7773437498452012 0.65234375 0.7903645832817336 0.6223958333333334 0.7903645832817336 0.5963541666666666 0.7773437498452012 0.55859375 0.7382812501547988 0.5091145833333334 0.7109374996904025 0.5924479166666666 0.7408854167182664 0.65625
11 0.21875 0.6080729166666666 0.2890625003095975 0.6510416666666666 0.2994791665634675 0.6471354166666666 0.29166666687306503 0.5286458333333334 0.21744791640866873 0.5455729166666666 0.21875 0.6080729166666666
4 0.41406249969040243 0.6380208333333334 0.44531250030959757 0.71484375 0.5286458334365325 0.7005208333333334 0.5611979164086688 0.6549479166666666 0.557291666873065 0.6119791666666666 0.4388020835913312 0.6106770833333334 0.41406249969040243 0.6380208333333334
4 0.546875 0.58203125 0.5794270835913312 0.5846354166666666 0.6315104167182662 0.5403645833333334 0.6367187498452012 0.46875 0.5429687498452013 0.4986979166666667 0.546875 0.58203125
4 0.37890625015479873 0.671875 0.42578125015479873 0.7044270833333334 0.4518229164086688 0.6458333333333334 0.43359374984520127 0.5846354166666666 0.38411458328173376 0.5755208333333334 0.37890625015479873 0.671875
