1 0.36753602970031807 0.5406002209304073 0.3990698698801225 0.5423074138777577 0.3955345580100129 0.6076023451800969 0.36400071861817196 0.6058951619991185
1 0.39497297103775963 0.5417500792517952 0.42797367791592933 0.5426959294058679 0.4261169728264349 0.6074700039574596 0.39311626618814444 0.6065241591748745
2 0.3299372350423937 0.5676577661539408 0.3077668221884551 0.5812051022385897 0.2786432067600799 0.5335481630687413 0.3008134598758261 0.5200008905817582
2 0.3336352242089333 0.5942610458829644 0.32152434660895324 0.5546292410548749 0.3498647997309945 0.5459697079683954 0.36197573443871534 0.5856014102021587
2 0.3835922733095458 0.6715770497613188 0.3659489095318804 0.6447143516262375 0.3977175488184912 0.6238514738360951 0.4153608944222924 0.6507140712854527
11 0.24599217615275393 0.5987835473520637 0.2916180963691204 0.6005050473682277 0.28609892869803843 0.7467638168137091 0.24047300975473718 0.745042342414962
2 0.5835489111374272 0.6548703507883082 0.6017150016505184 0.6279380915403275 0.628543242441765 0.6460317621608425 0.6103772496632018 0.6729639347116911
2 0.6549598684541706 0.6204724841772663 0.6642240279971929 0.6428984824642852 0.6176937730076588 0.662117494734545 0.6084297433834536 0.6396916065272821
11 0.7675064494542312 0.741062474620113 0.71815982130272 0.7454374659939087 0.7049140418187108 0.5960482949620592 0.7542591843375703 0.5916733694640711
2 0.5997735530692125 0.6027959799748949 0.5740600954989077 0.6005273837467054 0.5770820998872068 0.5662789111435583 0.6027954009049381 0.5685475004240477
2 0.5988898959600419 0.5743954875317412 0.621692775597694 0.5690306647577115 0.6276937315855093 0.5945347811225515 0.6048908562187307 0.5998995913837298
2 0.6397174757485118 0.5980337977498595 0.6286219712004595 0.5660556323088902 0.6671024800326677 0.5527053346653364 0.6781980397074676 0.5846833860091734
2 0.7036818197296952 0.5343382910551564 0.7215259777342453 0.5581282325931778 0.6885999132533698 0.582822689147833 0.6707558466490582 0.5590328307218181
11 0.7405289804190716 0.49725934914449665 0.696212154693967 0.5009867307821474 0.6838230774211524 0.35368997398546737 0.7281390439445659 0.3499626290763171
9 0.37405031893888463 0.46414099925384705 0.38112349190464556 0.4639199806280284 0.383635671332172 0.5443102327970187 0.3765624984320084 0.5445312500489956
9 0.4005872566723383 0.4656826712844157 0.40999291233811164 0.4654689238012416 0.41177198954733285 0.5437487901161876 0.40236633392873955 0.5439625363040043
7 0.40807698606352005 0.46985654565230456 0.39290185665765875 0.47080493056199446 0.39127859312588953 0.44483217857987195 0.4064536677655042 0.4438837953844535
7 0.38829731656187505 0.8005585909360902 0.36847212107340965 0.7965579136951222 0.3777748114970336 0.7504680886793763 0.39759979236760046 0.7544687435305045