1 0.35652244904406416 0.48835026761610484 0.42794508189990665 0.4933233711656186 0.4233992433539697 0.5586043983453304 0.35197661297786453 0.5536313207580462
1 0.6080094191117951 0.4877705845710224 0.6615776280514183 0.475485266174527 0.678552043733248 0.5494937665432594 0.6249838595816755 0.5617790111298441
11 0.7184460189347419 0.44970775568173665 0.6641800560061029 0.45309924137656127 0.6555165722948004 0.3144777722832252 0.7097816593750395 0.3110863140624982
2 0.6847191923394575 0.46611374677328976 0.7124258594568573 0.4840402824153413 0.6807140239262708 0.5330493219690186 0.6530074202454443 0.5151228658865022
2 0.6587170427087585 0.5902437321427907 0.6478751299259784 0.5631414685948074 0.6931242663234798 0.5450418668626485 0.7039662226720793 0.5721440168053695
2 0.6524328114750233 0.6239072830237795 0.601421448950191 0.6262614031487556 0.5989725303359137 0.5731978062745077 0.6499834003996057 0.5708436975208373
3 0.626509831928729 0.6575248193683324 0.6509816567277085 0.6542790198016987 0.6626433245745602 0.7421899387826355 0.6381715058494137 0.7454357077209995
2 0.4043923081687808 0.5766536829406975 0.40060601711513755 0.6059954686717889 0.35919850799200503 0.6006526275379889 0.3629848919250662 0.5713109508793883
2 0.3101648906447281 0.5857309106379845 0.3082367661177159 0.5601844044201426 0.3521045878650284 0.5568737641950237 0.3540328019962544 0.5824201727595945
11 0.3082039837490811 0.6711333846458198 0.2421798856451005 0.6681130194942692 0.2472260498424248 0.5578321330819853 0.31324880866338844 0.5608524679038518
2 0.35011853452806463 0.5367418965221993 0.33132476421144474 0.5463919602139051 0.31493374250317174 0.5144725894101512 0.3337274238314194 0.504822553280469
9 0.380208338846046 0.49375000011383435 0.3762449740190732 0.49367522433886923 0.37810986904719357 0.39483783942874906 0.3820731798369934 0.3949126146873735
9 0.3693181957252136 0.4801136355354339 0.36576978028244866 0.48021219673126603 0.36352029049044177 0.3992298605055145 0.3670686676432524 0.39913129984000595