1 0.29316593517899037 0.5777832496755065 0.32898648627929106 0.545324531610085 0.372431455462106 0.5932644233898962 0.3366110838583154 0.6257229542078757
2 0.3036546500846953 0.5207289060205752 0.29919414486744245 0.4880204298059513 0.3370811340510045 0.4828541142048027 0.3415417190528842 0.5155624945099165
11 0.2746520252190976 0.5465985491204806 0.3249692503601409 0.5654247265031813 0.2821685436168764 0.6798064397158247 0.23185142869942865 0.6609804767862127
2 0.39744952393834865 0.6187775856031404 0.36767149498552953 0.6279390260233013 0.35415841102030754 0.5840211044202128 0.3839362043424899 0.5748597030309652
2 0.393096517154504 0.6196734325644667 0.4150596473950827 0.6075573224222586 0.43361158884727047 0.6411828366052645 0.41164849027893524 0.6532989020540748
2 0.6197988382727999 0.5356792057435236 0.5762043647043811 0.5538880969688932 0.5572983547241392 0.5086279747755248 0.6008925234375511 0.4904191562499991
2 0.6013650769494916 0.49193277491161197 0.6294831032415686 0.48231421715506395 0.6440671376064984 0.5249446127506766 0.6159491274938773 0.534563136919393
1 0.7002593798027874 0.5092205324607334 0.6541199476610018 0.5065066361058341 0.6585004022294925 0.43204245086406395 0.7046393441614782 0.43475633280529297
2 0.5816032072787038 0.6027146178272543 0.6056462223972403 0.6093062704888563 0.5916715230575846 0.6602727750334854 0.5676285212397261 0.653681155938595
2 0.629031891615341 0.6291451872928879 0.6002483253063247 0.6036856384417405 0.6349387236873554 0.5644704363501447 0.6637221309674715 0.5899298643446151
2 0.6797333325387171 0.5368502220174736 0.696618763080437 0.5537340094641232 0.6661311468684517 0.5842216146951633 0.6492457786803243 0.5673378895363554
9 0.6724824227575255 0.43036880298835434 0.6668134237944514 0.4306387430050337 0.6633651419078888 0.35822448411561164 0.6690340906250185 0.3579545453125015
9 0.296875 0.6860795453125081 0.29423071021074065 0.6853584719688388 0.30891605976273695 0.6315123079970283 0.3115603214280327 0.6322333772818325
9 0.3224430939560534 0.6349431609518968 0.3346340425287053 0.6377778714761702 0.3204295784793203 0.6988574190324821 0.30823863593752776 0.696022726562494