1 0.5879749999999999 0.56794375 0.626359375 0.56794375 0.626359375 0.628571875 0.5879749999999999 0.628571875
1 0.5963641967243802 0.45724834441488854 0.6283939982483844 0.45077489261918113 0.6425037906609532 0.520583435551362 0.6104739992184705 0.527056852986153
1 0.3977088765308281 0.6109580038535299 0.363039403262178 0.6016658449191054 0.3758590620893756 0.5538407621909943 0.41052824782286734 0.5631328805736846
1 0.3332203125 0.43066250000000006 0.37533906250000004 0.43066250000000006 0.37533906250000004 0.5010453125 0.3332203125 0.5010453125
1 0.38925412192099884 0.5574843834076839 0.3625185087274758 0.5965745205453412 0.3083395100971984 0.5595222606860255 0.3350750679973089 0.5204323439196877
11 0.1888963241269721 0.5236813968623117 0.23411740910535173 0.4626400673432374 0.3200781482466937 0.5263172331222775 0.27485764776372434 0.5873580348677669
11 0.2966512551034839 0.43065143739244044 0.25129210029297155 0.4246030998876393 0.272334995959568 0.26680305626512907 0.3176933556317181 0.2728513383769685
11 0.656034547635727 0.26697183833061533 0.7017731443064577 0.24852848560329965 0.7602275378164904 0.3934880617371761 0.7144890205649972 0.4119312669094826
11 0.7155445830543385 0.4820935422536916 0.7853601326119133 0.47667050304504077 0.7951374352545599 0.6025317663844596 0.7253218922351152 0.6079547492009528
2 0.7022835497512006 0.49563553154984846 0.7150899062685312 0.513832506198394 0.6734522444014601 0.5431330373954218 0.6606459697131868 0.5249361360704762
2 0.6676141548840633 0.4546310976093856 0.6733796355169943 0.4877807277728382 0.6400594484665589 0.4935753917576413 0.6342940592193145 0.46042584255829105
9 0.38068179622496245 0.6534090855063863 0.38289203050680953 0.6539113415147934 0.3710456044991588 0.706035664879876 0.36883537113692455 0.7055334116513924
9 0.35795454531250004 0.33806818125000004 0.36221590937500003 0.33806818125000004 0.36221590937500003 0.39630681874999996 0.35795454531250004 0.39630681874999996
9 0.6123060188062937 0.6543027990804533 0.6176414346965657 0.6531596642597587 0.6317558324610673 0.7190273355413322 0.6264204190988494 0.7201704623124658
9 0.6619319591792419 0.6917613343600727 0.6572516554209642 0.6927512736151408 0.6416265829250278 0.6188876584110162 0.646306818749963 0.617897726562496
2 0.33463228814650847 0.4474938463071692 0.3254287903545219 0.4653699127841195 0.29527880736623047 0.44984809386247077 0.30448231093748745 0.4319720687499664
2 0.4140312787783387 0.49129676062103883 0.41895825793210406 0.4914401667453005 0.418431460395027 0.5095378903014716 0.4135044812500155 0.509394484375001
2 0.5909779615207071 0.47548482567592565 0.6178948940890905 0.4831992991232409 0.603353987905507 0.5339307616375243 0.5764370681301898 0.5262163195335415
2 0.6850273489463916 0.4233208319625537 0.7093874943278706 0.4310682043308786 0.6970781354339124 0.46977032902436755 0.6727179997413941 0.46202297801798314
1 0.6287846281177281 0.6005607724598817 0.6061792815440867 0.5619774968208692 0.6636507082554317 0.5283091632914918 0.6862560497021377 0.5668922171276813
2 0.6470492115128081 0.6094747558876051 0.6379173769747695 0.5902876122628594 0.6634464772574802 0.5781387304817641 0.6725783226640942 0.5973258248659786
2 0.2888296894592486 0.5142583400939302 0.29817751124699043 0.49438320752225845 0.3382139119760268 0.5132119278058886 0.32886617120459505 0.5330869913957441