11 0.28472161411662 0.49305581319822867 0.3324484460919166 0.5729651577442842 0.24256629210026404 0.6266423626612917 0.19484028165322798 0.5467337346343858
11 0.7718873975001088 0.6327748822415089 0.722047123410448 0.6476741149619194 0.6784593753644685 0.5018787283348934 0.7282984375000296 0.48697968749999504
1 0.36370850094306206 0.5042681804239232 0.34364569643321374 0.5387488347544935 0.29261078122397066 0.5090559814962553 0.3126735841599384 0.4745754838366324
9 0.2989207110321104 0.6372089533693647 0.29270759219241427 0.6356937176823134 0.31196883733798586 0.556723423514817 0.31818186781970326 0.5582386479045462
9 0.32670440431616043 0.5553977005354038 0.33405872223579536 0.5567552643420299 0.3170134053845004 0.6490848255396745 0.3096590906250185 0.647727273437499
9 0.6944749604618892 0.65761991444439 0.6857587132527669 0.6599701045378976 0.6620397968857787 0.5720129590996855 0.6707559031249275 0.5696627890625056
9 0.712443811174694 0.6504121904176999 0.7068361932387006 0.6521601284246947 0.6783254828103509 0.5607043134179359 0.6839330093749822 0.5589563906250028
7 0.7206658404776363 0.6644155366272743 0.7010297344204446 0.6667715670369688 0.6947631031474657 0.6145485788084919 0.7143990080968479 0.6121925606732771
7 0.6705094378432932 0.6257420873182294 0.6934983693665799 0.6193114972742039 0.708437270813647 0.6727103649841458 0.6854483533174971 0.6791409197212775
7 0.6409378051249632 0.684640916515423 0.659211229919606 0.6931638361995426 0.6475565726609602 0.7181480599801371 0.6292831634468712 0.7096251653807532
2 0.31785266611973384 0.5177190774093998 0.33596812306791435 0.5207607461248556 0.32970668478617426 0.5580491369501493 0.31159123014435863 0.5550074776635857
2 0.35299924985849884 0.512388555143072 0.3776600365486047 0.5039287484653177 0.3911704002625811 0.5433089293530162 0.3665096274020243 0.551768707692527
2 0.38361645462828164 0.47172416477072904 0.3776275719073965 0.4930570413624444 0.3472613813029284 0.48453273538887753 0.35325029374996575 0.4631999078124834
2 0.6066202205594209 0.5002428876292303 0.609998892187491 0.4751301890624548 0.6393340529980378 0.47907667918700814 0.6359554430148364 0.5041893217045543
2 0.6378525009614577 0.5246423371850004 0.6320989283232166 0.5660919178413639 0.5975348796371236 0.5612944470341574 0.6032885519185811 0.51984498592262
2 0.6834457217593126 0.5747245654374895 0.6516344687557876 0.5747601394068285 0.6515557255083877 0.5041532503239662 0.6833666078124452 0.5041176765624998