11 0.35036697680254747 0.6009416584416947 0.2945988886141322 0.7124661573260351 0.22416044388580758 0.6772471545134071 0.2799286798253888 0.5657235172734679
11 0.7802959749550382 0.6814270931822792 0.7249591399490782 0.686014057376707 0.7144755374836222 0.5595494569226147 0.769811048108977 0.5549625480225447
9 0.4080097202346451 0.8093072143969876 0.397475394059029 0.8067572097395189 0.4269812123699239 0.6848876353874646 0.43751525513494016 0.6874376045534935
2 0.6248017444628431 0.6187084624958545 0.6001511923027465 0.6166094182537463 0.6042211787095084 0.5688191309171282 0.6288715180108966 0.5709181660430054
2 0.6346967227117375 0.5544754709703215 0.6618241776624245 0.5621465454389769 0.645913952293995 0.6184045366482313 0.6187865135742641 0.610733502273536
2 0.6791811138735966 0.5869425327834528 0.6551029863259146 0.5909577421076256 0.6510435664845318 0.5666167160571762 0.6751215915126068 0.5626015154758207
2 0.5994871920646574 0.6471925381624429 0.6099431506665951 0.6336211652746453 0.6314211134232437 0.6501665984364238 0.6209651945582664 0.6637379349530522
2 0.6670311529578612 0.6101450640374079 0.6719049895070839 0.6330261869997376 0.625431360620496 0.6429240396669046 0.6205576428349104 0.6200430201085307
2 0.3940736066131194 0.5670726334426542 0.4072465007247956 0.566683648346451 0.408072791514428 0.5946629543836246 0.39489989744447485 0.5950519385147368
2 0.4415552747074116 0.6058059150782221 0.4134842261956919 0.615167931311817 0.40119193019359045 0.5783143825347651 0.429262797262254 0.5689523991284082
2 0.42058894869296637 0.6409372649561869 0.40303459386620943 0.6611009490231484 0.3765420990395114 0.6380395728844688 0.3940964062500143 0.6178759578125109
2 0.4381928329700031 0.6393654118016749 0.4375307277369984 0.6594831261395355 0.4188683042257253 0.6588689569700864 0.41953044531248906 0.6387512796874931