1 0.6686340878452484 0.5294023531137911 0.6480751609415165 0.5795025092303652 0.5948462039630158 0.5576614224619567 0.6154052163758479 0.5075615049853545
9 0.91875 0.896875 0.9265625 0.896875 0.9265625 0.9203125 0.91875 0.9203125
11 0.3174718478626346 0.45815035799426207 0.2775713513320852 0.45530046138745595 0.28877137931260677 0.29850431874353534 0.32867121163667434 0.3013541928619861
11 0.7402680045146326 0.43644190593411963 0.6802163617245469 0.4595376376958625 0.625462571398657 0.31717675223671915 0.6855132480841348 0.2940812298534597
11 0.7594158999762612 0.6870905096298806 0.7124732635913915 0.6969720530345831 0.6836460407639606 0.5600413614385276 0.7305875003071378 0.5501599440327396
7 0.6992032603212692 0.697350059178521 0.7132930401614885 0.6837320284103373 0.7305008195564824 0.7015332968020851 0.7164110750748023 0.7151512916966912
7 0.34518403953165944 0.7123040493099417 0.36643165151906487 0.7345362276749057 0.3341849439075304 0.7653496303818149 0.31293744551476266 0.7431175635566603
7 0.6105528012608374 0.760708273917953 0.6209726940533074 0.760688467621755 0.6210229426442311 0.7871189718907157 0.6106030498519885 0.7871387781252814
2 0.6620088226152347 0.6149189868317642 0.6421534864949763 0.6054178758590592 0.6620432926127933 0.5638569553913347 0.6818984888474233 0.5733580268252233
2 0.6329187344310867 0.6272146443282612 0.6005558052429478 0.6278963185856641 0.5998835576060628 0.5959800675317428 0.6322462937499722 0.5952983953125005
2 0.31458627861672994 0.5648630578895799 0.33549098207799943 0.5548804583724393 0.35396313594037565 0.5935593996495535 0.33305845668769507 0.6035419613273315
2 0.37956899055666327 0.5325763668738893 0.3686859435383667 0.5586325821525147 0.34378437118800775 0.5482326777652243 0.3546674382379251 0.5221765201817383
2 0.36248215156249997 0.5831356359375001 0.39456188124999997 0.5831356359375001 0.39456188124999997 0.6259045953125 0.36248215156249997 0.6259045953125