1 0.6020103965981889 0.5632959090237339 0.630508285885071 0.5600309073656471 0.6377412039178125 0.6231553676605786 0.6092433178364445 0.6264203505881809
11 0.29308986121941416 0.27581942430240103 0.3401377870000033 0.27480403960395117 0.3433009136097098 0.4213628125946601 0.2962529881984892 0.4223781893667568
11 0.305599876463134 0.500729824960041 0.3416476690174477 0.5922816525193331 0.26930609245164305 0.6207621569951896 0.23325900483018813 0.5292109207458595
11 0.7139121232927437 0.49898047358874786 0.7819079817600141 0.49138942066780855 0.7934395214305141 0.5946729006498502 0.725443674731423 0.6022638884039198
11 0.6591523975431528 0.31614754369651815 0.7204695102524283 0.2982640799485706 0.7571248282872602 0.4239396751823821 0.6958077742006026 0.4418230068246154
9 0.6264204546874907 0.6321022734375007 0.6330169815719273 0.6306889207195471 0.6494803835249741 0.7075181845790443 0.6428838602229234 0.708931525963912
2 0.30489360749493244 0.45946983493267674 0.3155225088989937 0.45459548923778853 0.33644166944566223 0.5002082731068829 0.3258127790204526 0.5050826009272318
2 0.3620251168978257 0.5266046752226591 0.3546337682929561 0.5480516508261339 0.3273130110377451 0.5386367593712965 0.3347043842676385 0.5171898338261661
2 0.6965010282831372 0.5249720279211675 0.6802684355913016 0.5137277824370904 0.7060644749109315 0.4764906541455324 0.7222969879876473 0.48773486101178676
2 0.6600316188066699 0.5283559123386277 0.6345931430766996 0.5377827800852173 0.6223483816643238 0.5047427831402641 0.6477867294029238 0.49531594168183657
2 0.7153387452731295 0.5645849437763113 0.6841441335719765 0.5681666464060596 0.6793467625560652 0.5263871416212947 0.7105411578124858 0.5228054515624981