0 0.27219192866721187 0.5133386546885178 0.29697090605031917 0.5049022088531073 0.3184643618131986 0.5680259355356987 0.29368540694088097 0.5764623348357857
0 0.7398755692181567 0.5478927302521345 0.7127664834268899 0.5365862449147193 0.7351117987212774 0.48301459040857603 0.7622206648701422 0.4943210235339918
1 0.371439249066043 0.5316660762385883 0.35681828227120604 0.5893668884161397 0.3022558912689419 0.5755422169754854 0.3168770365089131 0.5178416774181672
1 0.605375 0.46220937500000003 0.6372 0.46220937500000003 0.6372 0.519621875 0.605375 0.519621875
11 0.7870442607120367 0.6086782500755912 0.7379809395160919 0.6187840627335573 0.7099772001495239 0.48283693143167034 0.7590394281257886 0.4727312346427048
9 0.30956721718746394 0.6611632109374886 0.3025251564741893 0.6587935597921779 0.32464574586731487 0.5930643936848673 0.3316877215212344 0.5954340293545516
9 0.33769689740211106 0.5958771428825156 0.3466319100796227 0.5967370758054557 0.3383200700410498 0.683089677100226 0.32938505838478704 0.6822297514354593
9 0.6245586572704269 0.3744055453358808 0.6286954107606562 0.3745581854414211 0.6270687550309049 0.4186407021988936 0.6229320015625035 0.41848806250000153
7 0.34113280886481334 0.6850781054768552 0.3457385168385372 0.6910238294488109 0.3252565153879914 0.706887333102811 0.3206508252022786 0.7009416254498675
7 0.3747810455442959 0.7402253604350761 0.3615617339924029 0.736031455517028 0.3716425303947517 0.7042617921909943 0.3848617513831414 0.7084556815837982
7 0.7755247800820371 0.6037734389681342 0.7647117441339333 0.6276735517769796 0.7238235688067789 0.6091766505913785 0.734636631250055 0.5852766374999581
7 0.7742195812380714 0.5753897972255658 0.7878238618999376 0.5789252672549053 0.7804515622210602 0.6072904392817399 0.7668472850861008 0.6037549785977829
7 0.7376023997451284 0.6743184836867939 0.7427485161930463 0.6786435770204585 0.7325962203872223 0.6907213427402777 0.7274501104833462 0.6863962564991551
7 0.27564298902098017 0.6205700839386467 0.2655510952415625 0.6392160680191237 0.24418261833227461 0.6276519946413242 0.25427451553150604 0.6090060536395447
7 0.7095844093749974 0.3422310687500035 0.7168185553449575 0.34137161000175625 0.7213689409628614 0.3796711566894047 0.7141347953136119 0.38053061361367385
2 0.4036520748967405 0.511088174096149 0.387456113559665 0.5105737099874137 0.3880574805011747 0.4916440783940991 0.40425339489911494 0.49215854175543133
2 0.4334249937471668 0.509847201090468 0.41404576875004295 0.5101203609374999 0.4137542636484568 0.4894391151058001 0.43313342778174047 0.4891659556871567
2 0.2962926723332657 0.5229744338983823 0.3080427245105284 0.5264888248317501 0.3011048881339775 0.5496828336168859 0.2893548389163243 0.5461684496457634
2 0.30128166811209667 0.49206646310669466 0.30222152464523333 0.47443501578008324 0.32835296368546096 0.4758278669758701 0.3274131428494229 0.49345928020655383
2 0.3633534374783949 0.5345155000523428 0.3866927321645335 0.5355094206439557 0.38523636171669295 0.5697048567944277 0.3618970671874422 0.5687109390624978
2 0.32478989153071325 0.5492680373238622 0.3486124193377691 0.5500531814448748 0.3470579613317568 0.5972132721589571 0.3232354336746539 0.5964281312817746
2 0.41447127758999613 0.5782639000473719 0.4169532970779528 0.5641917223953709 0.4373203904802949 0.5677836644777208 0.43483839971725047 0.5818558167119084
2 0.7152760985671875 0.5604658265625001 0.6860689402593607 0.5604658265625001 0.6860690282650239 0.5183049890625 0.7152759858227 0.5183049890625
2 0.7173411498148425 0.477138875014442 0.7167554416200801 0.4970661389098789 0.6870895674317126 0.49619420254052116 0.6876753181642243 0.47626698261095923