1 0.4763079476315397 0.5784890624999999 0.45367806776653197 0.5784890624999999 0.45367821817262666 0.49636562500000014 0.4763077868935852 0.49636562500000014
1 0.6996163690747608 0.5594470340097922 0.6465099771828591 0.5641489658482759 0.6402459955749009 0.4934023239583822 0.693351776851614 0.4887004195777354
11 0.29797379053457007 0.6194802558853963 0.22432857710089138 0.6225168701272705 0.21994028736310156 0.516083756182765 0.2935841409365594 0.5130471700751539
2 0.3477788798985557 0.5633151959744576 0.3783263014439626 0.5538239760741173 0.39358908283270466 0.6029421942121244 0.3630416806986432 0.6124333707285247
11 0.7621667033615722 0.6426855277473288 0.6990100403701263 0.6126139822201391 0.7621628004469585 0.47999524424247925 0.8253181395919 0.5100664192685452
9 0.6590909093749815 0.3991477265624988 0.6657342887742743 0.39831735150477277 0.6755026355638165 0.47646420871540796 0.6688592569955745 0.47729457940617864
7 0.6528503950250979 0.372038604925293 0.6786286104155579 0.3704275384604313 0.6801181528518327 0.39426023650512004 0.6543399376702155 0.39587130072558646
2 0.3628674086146475 0.5169576252068248 0.3530169666205438 0.5371623930888126 0.3309424628123452 0.5264012561027656 0.3407929126669842 0.5061965275668522
2 0.33016564794218084 0.5065157225699931 0.3198255440121329 0.5166461785551436 0.2945008144253052 0.4907992736837055 0.3048408892863108 0.48066884537468524
2 0.3009359668196794 0.5287301185214159 0.3201741374748508 0.5163989146710573 0.34132696651772676 0.5493970309289569 0.32208882724546584 0.561728194952209
2 0.7076649367076016 0.5779732457998619 0.687461734654903 0.5682872423574337 0.7080987012890319 0.5252466056328938 0.7283017648825307 0.534932569761747
2 0.6771784287858509 0.5665626165462619 0.6940327072321679 0.5881729023069411 0.6640830613498565 0.611528620938475 0.6472288622996984 0.5899184083752919
2 0.7211934038697336 0.48553261878045434 0.7304896749653835 0.4936855488629555 0.7095252127897993 0.5175881502837181 0.7002289603315148 0.5094352400004277