1 0.32846405355019215 0.46480781159121015 0.3771444330417353 0.46975097661655546 0.36970704231009677 0.5429889901069935 0.3210266675071125 0.5380458531927731
1 0.2870842232061932 0.44561116739493367 0.3261484718925658 0.4433270276280264 0.33018025412718544 0.5122754672662048 0.2911160063920306 0.5145595954712883
1 0.2807899054614609 0.5509093546861239 0.3130260899447421 0.5068321289620945 0.36681399438145945 0.5461668304766731 0.3345780785889474 0.5902438134588099
1 0.3821329077784412 0.6243906621530801 0.3298852375534125 0.6040170506972066 0.35672464371486967 0.5351958551947843 0.40897171679932853 0.5555693380657214
1 0.6059780341388432 0.5470390919319431 0.6059781693631976 0.4864109291855607 0.6392656160830938 0.4864110473302187 0.6392656400477108 0.5470390502949
11 0.7790610149476151 0.620146297896192 0.7308267591405411 0.6299557714518711 0.7031317323713893 0.49378686953595524 0.7513649071343025 0.48397750790754096
7 0.719182401723856 0.6190087384727957 0.7334524749311413 0.6105774478201168 0.7491776281931379 0.6371893262618684 0.7349075735151018 0.6456205919625897
9 0.6207386366538685 0.490056828152096 0.6148202542678973 0.41238272278227756 0.6210347119312019 0.4119092615981942 0.626953125 0.48958333281250105
9 0.3082385836959247 0.5767045386441269 0.3211746014368373 0.578355753966529 0.3126519251533182 0.6451171144229761 0.2997159093749815 0.6434659093749968
9 0.35446252356337027 0.6114464660124435 0.3616373881424124 0.6145326991599506 0.3344403227079056 0.6777524841120399 0.3272654702929003 0.6746662717944858
9 0.359375 0.6917613640625017 0.35191122505750627 0.6905570927851474 0.36363636406247224 0.6178977265624992 0.3711000324556153 0.6191019891224551
9 0.318359375 0.456380207812501 0.3121786087365308 0.45601893612310196 0.3176829449853358 0.36185463995890244 0.3238636371152097 0.3622159094438364
9 0.3508522734375674 0.3607954546874995 0.3566911540796127 0.36070563067732236 0.3581115993708863 0.4530351766276956 0.35227271874146027 0.45312500012031687
7 0.36174785823141065 0.7097831538251644 0.3464016610124645 0.7084828207212479 0.34848275490639935 0.6839264394688058 0.3638288723476535 0.6852267691766704
7 0.2949017639043632 0.6032092186737019 0.3285830152867675 0.6120425903890612 0.3136022623725694 0.6691565665125218 0.2799210300128152 0.660323245339988
7 0.3283504166668081 0.6433581743802897 0.34957525064658057 0.6454387486272468 0.34373758035110313 0.7049832104535404 0.32251274823966014 0.7029026490326957
7 0.6112181500000133 0.41795521718750805 0.6070294915846262 0.3961308234342034 0.6307104033014639 0.39158607097955445 0.6348990862269375 0.4134104325081866