1 0.6470240007263328 0.5381410028195358 0.6625676806417005 0.5957159117558603 0.6050815896032873 0.6112337171340225 0.5895382575807844 0.5536591056587039
0 0.6834234375 0.5442515625000001 0.6990484375 0.5442515625000001 0.6990484375 0.58466875 0.6834234375 0.58466875
11 0.7063433677606099 0.5169509609459397 0.7950120790893607 0.5262391773040063 0.7843299826964767 0.6282047301160987 0.6956612830384756 0.6189165956125349
11 0.294583878712956 0.6244522718658609 0.22879056152078192 0.6187591933725392 0.23787133189819087 0.5138316997375812 0.30366347185520226 0.5195247275286714
9 0.6359375951773245 0.7031249948091713 0.6289695901588175 0.7035050193930175 0.6242821134953829 0.617567521378449 0.6312500000000227 0.6171874999999988
9 0.6680375437450721 0.6918656797795385 0.6557149939719693 0.695540372507969 0.630646398412182 0.6114871614291372 0.642968749999909 0.6078125000000144
7 0.6606124966923517 0.7377413894187248 0.6365894850541736 0.7419800616760565 0.6291336550820006 0.6997296428867914 0.6531564440335842 0.6954909908587692
2 0.6427967207425809 0.5965113007162902 0.648422840034641 0.6117835084567642 0.6241949062499543 0.6207077624999725 0.6185688300413403 0.6054355912735788
2 0.34782478124998306 0.5908833109375163 0.3342042636633096 0.5476791590589624 0.38839001794099204 0.5305982263784749 0.40201064926634444 0.5738021669055493
2 0.3944770046874737 0.5988504171875412 0.38951238866422955 0.5686912648706859 0.41989676924947616 0.5636900777997914 0.4248614507878301 0.5938491481501569
1 0.6161971019979546 0.5348082611869251 0.5891022445471208 0.5365026842508264 0.5858074518803278 0.48381936792747543 0.6129020865035955 0.48212495188397747