1 0.32396718761609905 0.4362921869047619 0.31329218761609906 0.43704375 0.30866718761609907 0.4558515630952381 0.30688749969040247 0.470896875 0.3054640625386997 0.49120781190476187 0.30688749969040247 0.49948125000000004 0.31009062476780186 0.502490625 0.3150718749226006 0.50775625 0.32112031269349844 0.5017390619047619 0.32859374984520123 0.502490625 0.332507812383901 0.50775625 0.33784531269349843 0.5130234369047619 0.34709687492260066 0.51151875 0.3552812501547988 0.5062531250000001 0.3559921876160991 0.4881984369047619 0.3542140625386997 0.4663828130952381 0.3503 0.45359375 0.339625 0.446071875 0.33357499999999995 0.44080624999999996 0.32396718761609905 0.4362921869047619
1 0.38517187492260063 0.4385484369047619 0.37769843777089784 0.4445671880952381 0.37805468730650155 0.4656296880952381 0.3769874996904025 0.4761625 0.3773421876160991 0.497225 0.3787656247678019 0.50775625 0.3833921876160991 0.5175359369047619 0.39193281238390093 0.5273156250000001 0.39727031269349844 0.5228015630952382 0.403675 0.5122703130952382 0.4075890625386997 0.497225 0.4111468749226006 0.4791703119047619 0.41043593746130025 0.46036406190476187 0.4072328123839009 0.4528421880952381 0.40189531269349843 0.4498328119047619 0.3958468749226006 0.4430625 0.38517187492260063 0.4385484369047619
0 0.6246484377708978 0.46186875 0.6253609374613003 0.4739046869047619 0.6299859374613003 0.4844375 0.634967187616099 0.4844375 0.6374593752321982 0.4746578119047619 0.6363906247678018 0.46186875 0.6321218749226006 0.45359375 0.6285624996904025 0.45133749999999995 0.6246484377708978 0.46186875
2 0.6577406247678019 0.46036406190476187 0.6595203126934984 0.475409375 0.6570296873065016 0.4769140630952381 0.6580968749226006 0.4844375 0.664857812383901 0.485940625 0.6698390625386996 0.497225 0.6748218749226007 0.494215625 0.6808703126934985 0.4904546880952381 0.6869203126934984 0.4739046869047619 0.6876312501547988 0.464125 0.6858531250773994 0.44908125 0.6808703126934985 0.4332828119047619 0.6783796873065016 0.4430625 0.6744656247678018 0.4438140619047619 0.6705515622291022 0.4385484369047619 0.6652140625386997 0.4393015630952381 0.6605875003095976 0.446071875 0.6577406247678019 0.46036406190476187
2 0.7089531250773995 0.44066875 0.7100531250773994 0.4585140630952381 0.7155593752321981 0.4561859380952381 0.7203312501547987 0.4499796880952381 0.7229 0.43834218690476195 0.7192296873065016 0.425928125 0.7162937498452012 0.42360000000000003 0.7104203126934985 0.43058281190476194 0.7089531250773995 0.44066875
2 0.6741453126934984 0.513953125 0.6692609374613003 0.5261578119047619 0.6741453126934984 0.5374234380952382 0.6803640625386997 0.55244375 0.6848046873065016 0.5693421880952381 0.6919109374613003 0.581546875 0.70035 0.5740359369047618 0.7065687498452012 0.56183125 0.7056796873065015 0.5468109380952381 0.709232812383901 0.5393 0.7105656247678018 0.52521875 0.7083453126934984 0.5083203119047619 0.7021265622291022 0.4923609380952381 0.6963531250773993 0.495178125 0.6879140625386997 0.5017484380952381 0.6803640625386997 0.5101984380952381 0.6741453126934984 0.513953125
9 0.7234453126934984 0.6078328119047619 0.7163390625386997 0.5853015630952382 0.7110093752321981 0.5721578119047619 0.7074562501547988 0.563709375 0.7034593752321981 0.574975 0.7136750000000001 0.5956281250000001 0.7194484377708978 0.612526561904762 0.7256656247678019 0.632240625 0.7367703126934985 0.6575890630952381 0.7234453126934984 0.6078328119047619
9 0.6923562501547987 0.5956281250000001 0.6932437498452012 0.608771875 0.6982281250773994 0.625559375 0.6967968749226007 0.6134656249999999 0.6981296873065015 0.5853015630952382 0.6923562501547987 0.5956281250000001
2 0.6688156247678019 0.545871875 0.6661515622291022 0.5280359369047619 0.664375 0.5242796869047619 0.6572687498452012 0.52521875 0.6452765622291022 0.523340625 0.6377265622291022 0.5299125 0.6323968749226007 0.5355453130952381 0.6270671876160991 0.5327296869047619 0.6212937498452012 0.5355453130952381 0.6172953126934985 0.5468109380952381 0.6186281250773994 0.5646484380952381 0.6221812501547987 0.588117188095238 0.6279546873065016 0.587179688095238 0.6319531250773993 0.587179688095238 0.6350609374613002 0.6031390630952381 0.6377265622291022 0.622853125 0.6403906247678018 0.6256703130952381 0.6426124996904025 0.621914061904762 0.6443890625386997 0.612526561904762 0.6474968749226007 0.605954686904762 0.6506062501547988 0.59750625 0.6679184371517028 0.629402969047619 0.6581562501547988 0.57966875 0.6554921876160991 0.5655875 0.6621546873065016 0.566525 0.6670390625386997 0.5599546869047619 0.6688156247678019 0.545871875
9 0.6409015622291022 0.630517186904762 0.6370406247678019 0.623521875 0.6375921876160991 0.6351812499999999 0.6362140625386997 0.655582811904762 0.64035 0.690557811904762 0.6409015622291022 0.630517186904762
9 0.6833718749226005 0.679482811904762 0.6698593752321982 0.62876875 0.6668250000000001 0.6351812499999999 0.6833718749226005 0.679482811904762
9 0.6458656247678018 0.621773438095238 0.6433843752321982 0.627603125 0.6469687498452013 0.6864765630952381 0.6458656247678018 0.621773438095238
0 0.6094640625386997 0.5506578119047619 0.6067062501547987 0.5564875 0.6078093752321981 0.568728125 0.6089125003095975 0.5792203130952381 0.6141515622291022 0.5879640630952381 0.6191156247678018 0.584467188095238 0.6196671876160991 0.573975 0.6174609374613004 0.5628984369047618 0.6169093752321981 0.5518234369047619 0.6138765622291021 0.5494921880952381 0.6094640625386997 0.5506578119047619
2 0.3385468984520124 0.5871455595238095 0.3452979801857585 0.5829757738095238 0.35006344953560375 0.5750333238095238 0.3514533783281734 0.5666937523809524 0.3510609374613003 0.5617328130952381 0.3527156247678018 0.551240625 0.3502328123839009 0.546576563095238 0.3460968749226006 0.5419140619047619 0.34002968730650157 0.5407484380952381 0.3350656247678019 0.5378328130952381 0.3320328123839009 0.5331703119047619 0.323482812383901 0.53725 0.32320781238390095 0.54774375 0.3254418569659443 0.5674879976190476 0.33020732693498456 0.5811887226190476 0.3385468984520124 0.5871455595238095
2 0.2804625003095975 0.5191796869047619 0.2749468749226006 0.5255921880952381 0.2732921876160991 0.5355015619047618 0.2721890625386997 0.551240625 0.27274062476780186 0.5570703119047619 0.27604999999999996 0.566396875 0.2801859374613003 0.5803859369047619 0.2898390625386997 0.583884375 0.29949062476780186 0.5821359380952381 0.3028 0.5768890630952381 0.3052812501547988 0.56348125 0.3127281250773994 0.5436624999999999 0.3113484377708978 0.5331703119047619 0.3069359374613003 0.527923436904762 0.30197187492260064 0.5261750000000001 0.29535468730650155 0.525009375 0.2898390625386997 0.5220953130952382 0.284875 0.5168484380952381 0.2804625003095975 0.5191796869047619
9 0.28750937523219816 0.6488437499999999 0.2926468749226006 0.6201374999999999 0.2981531250773994 0.5836718750000001 0.2930140625386997 0.586 0.28604062476780184 0.5797921880952381 0.2775984377708978 0.5751375 0.27612968730650156 0.5797921880952381 0.27612968730650156 0.5929828130952381 0.2537390625386997 0.6728953119047619 0.25961249969040245 0.655826561904762 0.26585156222910217 0.641860938095238 0.27245937523219815 0.622465625 0.27796562476780184 0.60384375 0.28493906253869966 0.5991890619047618 0.2893437498452013 0.606171875 0.28824218761609904 0.6278968749999999 0.2798 0.6868609380952381 0.28750937523219816 0.6488437499999999
11 0.24101562476780186 0.619676561904762 0.24412499999999998 0.6478390630952381 0.24723281238390094 0.6600437499999999 0.25123125015479875 0.6544109369047619 0.2552281250773994 0.6450234369047619 0.25789218761609906 0.627185938095238 0.25789218761609906 0.6121656249999999 0.2583375003095975 0.58775625 0.26189062476780184 0.5699203130952382 0.2649984377708979 0.54645 0.26544374984520125 0.5248578119047619 0.2601140625386997 0.512653125 0.2525624996904025 0.50608125 0.24456874984520122 0.507959375 0.24101562476780186 0.504204686904762 0.23390937523219815 0.5070203130952381 0.22946718761609908 0.507959375 0.22102968730650155 0.507959375 0.21303437523219815 0.512653125 0.21259062476780186 0.521103125 0.2117015622291022 0.5408171869047619 0.21436718761609908 0.553960938095238 0.22014062476780186 0.567103125 0.2241375003095975 0.5840015630952381 0.22547031269349843 0.598084375 0.22680312507739936 0.6121656249999999 0.22502656222910217 0.624370313095238 0.22547031269349843 0.644084375 0.22991250030959753 0.6459625000000001 0.23346562476780186 0.64220625 0.23746249969040248 0.630003125 0.24012656222910217 0.6065328119047619 0.24101562476780186 0.619676561904762
9 0.3471689486068112 0.43722951309523805 0.3471689486068112 0.4299665642857143 0.3442637690402477 0.3885677559523809 0.3464426538699691 0.3711366797619048 0.3464426538699691 0.35443189761904764 0.3435374743034056 0.336274525 0.33845340990712075 0.32610639761904764 0.3348219356037152 0.32538010238095233 0.3340956408668731 0.3290115761904762 0.32828528173374616 0.33554823095238095 0.32538010216718266 0.34862153809523805 0.3195697436532508 0.3653263202380952 0.31054976470588236 0.4277008904761905 0.31094688730650155 0.42968650357142857 0.31392530588235296 0.4328634833333333 0.3190878978328173 0.43484909523809523 0.32762603095975235 0.4382246357142857 0.3323915003095975 0.4404088095238095 0.3357670414860681 0.4423944226190476 0.3391425820433437 0.44438003452380953 0.34172387801857584 0.44596852380952384 0.34887208235294115 0.45073399404761905 0.3471689486068112 0.43722951309523805
9 0.4074514229102167 0.3653263202380952 0.40309365386996904 0.35297930714285713 0.39219923034055726 0.3297378714285714 0.390020346130031 0.3297378714285714 0.3827573975232198 0.34571635833333336 0.3856625764705882 0.37622074285714285 0.3783996278637771 0.429240269047619 0.37912592260061917 0.4335980380952381 0.3827573975232198 0.43650321785714286 0.38929405077399376 0.4401346916666667 0.3980095894736842 0.44376616666666663 0.4020515783281734 0.44730290714285714 0.40672512817337464 0.43795580714285715 0.40890401238390095 0.4074514226190476 0.4096303077399381 0.3827573976190476 0.4074514229102167 0.3653263202380952
11 0.7327949318885449 0.5898758333333334 0.7349360421052632 0.5979049952380953 0.7349360421052632 0.6182455416666666 0.7386829851393188 0.6407271976190475 0.7488532582043345 0.6567855238095238 0.7509943678018576 0.6123574892857143 0.7568824210526316 0.6337685904761905 0.7563471430340557 0.6514327488095238 0.7590235306501548 0.6503621928571429 0.7627704736842106 0.630556925 0.7622351962848297 0.6096811011904761 0.7665174160990712 0.5663236214285714 0.7745465789473683 0.5422361333333333 0.7734760241486068 0.5144017023809524 0.7665174160990712 0.5117253142857143 0.7509943678018576 0.5069078166666667 0.7402888173374613 0.5031608738095238 0.7242304916408668 0.511190036904762 0.7199482718266254 0.5186839226190476 0.7162013287925697 0.5491947404761904 0.7290479894736842 0.5850583357142857 0.7327949318885449 0.5898758333333334
