2 0.24380468730650157 0.48111875 0.24005156222910215 0.49025 0.24117812507739939 0.50546875 0.24643125015479875 0.5107953119047619 0.25130781238390093 0.510034375 0.25243437523219814 0.4963375 0.2535593752321982 0.482640625 0.24830625015479876 0.47655312499999997 0.24380468730650157 0.48111875
2 0.28245156222910217 0.5001421880952381 0.2802 0.4970984369047619 0.2738218749226006 0.500903125 0.2651921876160991 0.488728125 0.2610640625386997 0.4894890630952381 0.2573124996904025 0.5001421880952381 0.26181406253869965 0.5168828119047619 0.2666921876160991 0.519165625 0.2787 0.522209375 0.28095156222910217 0.5107953119047619 0.28245156222910217 0.5001421880952381
2 0.29370937523219814 0.5450375 0.29933749969040246 0.5488421880952381 0.3038390625386997 0.5442765619047619 0.30083749969040247 0.52981875 0.2970859374613003 0.521448436904762 0.2922078123839009 0.522209375 0.28995625015479876 0.535145313095238 0.29370937523219814 0.5450375
2 0.3192234377708978 0.5625390619047619 0.3256031250773994 0.5579734380952381 0.3252281250773994 0.5412328119047619 0.32184999999999997 0.5305796880952381 0.31434531269349847 0.5275359369047619 0.3117187498452012 0.53590625 0.31021874984520126 0.552646875 0.3192234377708978 0.5625390619047619
2 0.2745718749226006 0.5579734380952381 0.26856874984520124 0.5678656249999999 0.27232031269349843 0.575475 0.2813265622291022 0.583084375 0.29483437523219813 0.5899328130952382 0.2922078123839009 0.6097187500000001 0.29558437523219816 0.616567188095238 0.3000875003095975 0.616567188095238 0.3042156247678019 0.616567188095238 0.30946874984520123 0.610479686904762 0.31134374984520125 0.5899328130952382 0.3019640625386997 0.579279686904762 0.29933749969040246 0.56634375 0.29183281238390096 0.56634375 0.28995625015479876 0.5610171869047619 0.28320312507739936 0.56025625 0.2745718749226006 0.5579734380952381
2 0.6130234377708978 0.575475 0.6212781250773994 0.5640609380952382 0.6257812501547988 0.5678656249999999 0.6302828123839009 0.555690625 0.6269062501547987 0.5328625 0.6205281250773994 0.5260140619047619 0.6145234377708978 0.5328625 0.6130234377708978 0.5450375 0.6088953126934985 0.5480812500000001 0.6055187498452013 0.551125 0.5998906247678019 0.546559375 0.6010156247678018 0.5716703130952381 0.6077703126934985 0.5693875 0.6130234377708978 0.575475
2 0.6325343752321981 0.5244921880952381 0.6284078123839009 0.5199265630952381 0.6250296873065015 0.531340625 0.6272812501547987 0.546559375 0.6299078123839009 0.56025625 0.6362874996904024 0.5594953130952381 0.6374125003095975 0.553407811904762 0.6464187498452012 0.5503640630952381 0.6512953126934985 0.551125 0.6557984377708979 0.5518859369047618 0.659175 0.5480812500000001 0.6587999999999999 0.5336234380952382 0.6535468749226006 0.5138390630952381 0.6494203126934984 0.5138390630952381 0.6456671876160991 0.5275359369047619 0.6426656247678019 0.5381890619047619 0.6366625003095975 0.5336234380952382 0.6325343752321981 0.5244921880952381
0 0.671182812383901 0.513078125 0.6689312501547988 0.503946875 0.6651796873065016 0.49938125 0.6603015622291022 0.49862031309523813 0.6595515622291022 0.51764375 0.6614265622291021 0.531340625 0.6633031250773994 0.540471875 0.6670546873065015 0.53590625 0.670432812383901 0.5260140619047619 0.671182812383901 0.513078125
2 0.6798124996904025 0.5374281249999999 0.6835656247678018 0.5374281249999999 0.6854406247678019 0.5305796880952381 0.70045 0.521448436904762 0.7038265622291022 0.5115562499999999 0.6981984377708979 0.47655312499999997 0.6933203126934985 0.4712265619047619 0.6873171876160992 0.4727484380952381 0.6846906247678018 0.48340156309523813 0.685817187616099 0.5092734380952381 0.6738093752321981 0.5107953119047619 0.6745593752321982 0.532101563095238 0.6798124996904025 0.5336234380952382 0.6798124996904025 0.5374281249999999
2 0.7030765622291022 0.478075 0.7042015622291021 0.510034375 0.7098312501547988 0.5107953119047619 0.7188359374613004 0.506229688095238 0.7274656247678019 0.4970984369047619 0.7342203126934984 0.4925328119047619 0.7372218749226006 0.4925328119047619 0.741725 0.485684375 0.742475 0.4757921869047619 0.7357203126934984 0.4697046880952381 0.7330937498452013 0.4757921869047619 0.7278406247678019 0.4742703130952381 0.7210874996904024 0.4712265619047619 0.7177109374613003 0.47503125 0.713207812383901 0.482640625 0.7090796873065015 0.478075 0.7030765622291022 0.478075
2 0.7119421876160991 0.54751875 0.7054187498452013 0.5456296869047619 0.7028562501547988 0.55224375 0.6960999999999999 0.549409375 0.690042187616099 0.556496875 0.6856156247678019 0.5706718749999999 0.6916734377708978 0.5791765619047619 0.6988953126934985 0.590515625 0.7100781250773994 0.5697265619047619 0.7154374996904025 0.56641875 0.7214953126934985 0.5550796869047618 0.7205625003095975 0.5418499999999999 0.7173015622291022 0.5451578130952381 0.7119421876160991 0.54751875
2 0.6278359374613004 0.6042171880952381 0.6313296873065015 0.617920313095238 0.6359906247678019 0.633039063095238 0.6394843752321981 0.63445625 0.6455421876160992 0.6311500000000001 0.6488046873065016 0.621226561904762 0.6504343752321982 0.603273438095238 0.6641812501547987 0.5947671880952381 0.6679093752321982 0.598075 0.6753640625386996 0.5872078119047619 0.6718687498452013 0.5772859380952381 0.6606859374613003 0.5824828119047619 0.6541625003095975 0.5843734380952381 0.6492703126934984 0.5801203130952381 0.6425140625386996 0.5890984380952381 0.6306312501547988 0.58531875 0.6278359374613004 0.598075 0.6278359374613004 0.6042171880952381
2 0.6213125003095975 0.6235890630952381 0.6248062501547987 0.636346875 0.6324953126934985 0.63209375 0.6315624996904025 0.6216999999999999 0.6301656247678019 0.6065796880952381 0.6255062501547988 0.5994921880952381 0.6168859374613004 0.603273438095238 0.6054687498452013 0.607053125 0.5996437498452013 0.6117781250000001 0.6043046873065016 0.632567186904762 0.6091968749226006 0.62973125 0.6119921876160991 0.6235890630952381 0.6213125003095975 0.6235890630952381
0 0.35873906253869975 0.63681875 0.36106874984520126 0.6354015630952381 0.36153437523219817 0.62973125 0.35897187492260063 0.6231171869047619 0.35524374984520124 0.6207546880952381 0.3557109374613003 0.633039063095238 0.35873906253869975 0.63681875
6 0.3431899009287926 0.6862213666666666 0.3525633207430341 0.6440580785714286 0.3135073052631579 0.6284420285714286 0.2994471157894737 0.6659205130952381 0.3431899009287926 0.6862213666666666
