2 0.3285390625386997 0.48805 0.33094374984520125 0.47350625 0.32974062476780186 0.4565375 0.3249328123839009 0.4565375 0.3189234377708979 0.4589625 0.3111109374613003 0.4674453130952381 0.30750468730650155 0.494109375 0.31351562476780187 0.515925 0.3189234377708979 0.5122890619047619 0.32553437523219814 0.506229688095238 0.3285390625386997 0.5001703119047619 0.3285390625386997 0.48805
2 0.36940468730650156 0.50380625 0.36219374984520125 0.506229688095238 0.3585874996904025 0.4868375 0.35137500000000005 0.496534375 0.34777031269349845 0.466234375 0.33935625015479876 0.46138593690476193 0.3327453126934985 0.47229374999999996 0.33094374984520125 0.494109375 0.32974062476780186 0.5171375 0.3363515622291022 0.523196875 0.3441640625386997 0.520773438095238 0.3489718749226006 0.520773438095238 0.3501734377708979 0.5328937499999999 0.3561828123839009 0.5292578130952381 0.3645968749226006 0.53168125 0.3736109374613003 0.53168125 0.3802218749226006 0.525621875 0.3844281250773994 0.520773438095238 0.38563125015479877 0.4916859369047619 0.382025 0.47350625 0.3754140625386997 0.4892625 0.36940468730650156 0.50380625
2 0.27325 0.5644046880952381 0.2792593752321981 0.588645313095238 0.2894765622291022 0.599553125 0.29969218761609906 0.5959171880952381 0.30870781238390094 0.586220311904762 0.30269843777089783 0.5777359369047619 0.3032984377708978 0.5631921869047619 0.3123124996904025 0.566828125 0.319525 0.570464061904762 0.33094374984520125 0.570464061904762 0.3369531250773994 0.56198125 0.33575000000000005 0.5450125 0.32974062476780186 0.536529688095238 0.3207265622291022 0.5328937499999999 0.3045 0.5268328119047619 0.2948859374613003 0.5268328119047619 0.2816640625386997 0.5280453130952381 0.28527031269349845 0.552284375 0.27745781238390094 0.555920311904762 0.27325 0.5644046880952381
2 0.2714468749226006 0.466234375 0.2744531250773994 0.4916859369047619 0.2900781250773994 0.50259375 0.3057031250773994 0.506229688095238 0.30690468730650156 0.47835468690476185 0.31471718761609907 0.46138593690476193 0.31351562476780187 0.449265625 0.30089531269349845 0.463809375 0.2858703126934985 0.46138593690476193 0.2714468749226006 0.466234375
0 0.3123124996904025 0.5947046880952381 0.3219281250773994 0.599553125 0.3279375003095975 0.586220311904762 0.3273374996904025 0.576525 0.3189234377708979 0.569253125 0.30690468730650156 0.570464061904762 0.3045 0.5753125 0.30870781238390094 0.586220311904762 0.3123124996904025 0.5947046880952381
1 0.382025 0.582584375 0.38082343777089783 0.5656171880952381 0.37240937523219814 0.5644046880952381 0.35498125015479876 0.5631921869047619 0.34536562476780186 0.56076875 0.33515 0.5656171880952381 0.3279375003095975 0.582584375 0.3291406247678018 0.6056125 0.33515 0.616520311904762 0.3501734377708979 0.6177328119047619 0.36099062476780186 0.62136875 0.3742124996904025 0.614096875 0.3760156247678018 0.5983406250000001 0.382025 0.582584375
2 0.3970484377708979 0.6395484369047619 0.40245781238390094 0.623792186904762 0.40786562476780186 0.616520311904762 0.413275 0.6056125 0.41087187492260063 0.58985625 0.39464531269349845 0.5801609380952382 0.37841874984520124 0.5741 0.37240937523219814 0.6177328119047619 0.3814234377708979 0.625004688095238 0.38683281238390094 0.646820311904762 0.39224062476780186 0.65045625 0.3970484377708979 0.6395484369047619
9 0.31851250030959755 0.7169 0.32699374984520124 0.692271875 0.33445625015479874 0.660117188095238 0.3470078123839009 0.625226563095238 0.3409015622291022 0.6170171880952381 0.31851250030959755 0.7169
9 0.3534531250773994 0.64711875 0.3524359374613003 0.679957811904762 0.3429374996904025 0.720321875 0.3531140625386997 0.6915875 0.3568453126934984 0.669010936904762 0.35820312507739943 0.625910938095238 0.35413281238390093 0.6231734380952381 0.3534531250773994 0.64711875
9 0.36023906253869964 0.6669593749999999 0.3629515622291022 0.638225 0.36363125015479875 0.621121875 0.35922031269349847 0.625226563095238 0.35989843777089786 0.6587484369047619 0.35582812507739936 0.686114061904762 0.3520968749226006 0.70048125 0.34599062476780185 0.7237421869047619 0.35548906253869966 0.6950078130952381 0.36023906253869964 0.6669593749999999
9 0.37143281238390097 0.74495 0.37346874984520123 0.74358125 0.37855625015479877 0.724426561904762 0.39678954798761606 0.6465944452380952 0.3871285851393189 0.6486646523809523 0.37143281238390097 0.74495
0 0.40770781238390097 0.618665625 0.40230000000000005 0.6429046869047619 0.4089109374613003 0.6441171869047619 0.4167234377708978 0.6380578130952381 0.4221312501547988 0.631996875 0.41912656222910216 0.6174531249999999 0.41311718761609906 0.602909375 0.40770781238390097 0.618665625
0 0.40770781238390097 0.515646875 0.4065062501547988 0.53625 0.4101124996904025 0.547157811904762 0.41552031269349843 0.5398859380952381 0.4209296873065015 0.527767188095238 0.42152968730650153 0.5095875 0.4101124996904025 0.4986796869047619 0.40770781238390097 0.515646875
2 0.4629968749226006 0.58109375 0.47201093746130035 0.5762468749999999 0.4714109374613003 0.5544296869047619 0.47201093746130035 0.527767188095238 0.4674435616099071 0.49761770833333335 0.45107792260061924 0.5196090357142857 0.4551843752321981 0.538675 0.45458281238390097 0.5653390630952381 0.4629968749226006 0.58109375
2 0.5002562501547988 0.5350390630952381 0.49725156222910216 0.5410984380952382 0.4894390625386997 0.5459468749999999 0.48222812507739937 0.5410984380952382 0.4810265622291022 0.5241312499999999 0.4762187498452013 0.530190625 0.4714109374613003 0.549582813095238 0.47561718761609906 0.5726109369047618 0.4852328123839009 0.58230625 0.49785312507739937 0.575034375 0.5032609374613003 0.560490625 0.5002562501547988 0.5350390630952381
9 0.4690062501547988 0.4914078119047619 0.4708093752321981 0.38838906190476186 0.4641984377708978 0.485346875 0.4690062501547988 0.4914078119047619
2 0.5190976092879257 0.5180747571428571 0.5236937498452012 0.55079375 0.5248968749226006 0.5641265619047618 0.5291031250773993 0.58109375 0.5303046873065015 0.5253421880952381 0.5190976092879257 0.5180747571428571
2 0.5092703126934984 0.5701859369047619 0.5128765622291022 0.558065625 0.511675 0.543521875 0.5092703126934984 0.5398859380952381 0.5062656247678018 0.55321875 0.5068671876160991 0.5786703119047619 0.5092703126934984 0.5701859369047619
2 0.5519390625386996 0.5786703119047619 0.5513390625386997 0.5629140619047619 0.5537421876160991 0.55079375 0.5513390625386997 0.5350390630952381 0.5477328123839009 0.52291875 0.5369156247678019 0.5253421880952381 0.5333093752321981 0.55079375 0.5351124996904024 0.5762468749999999 0.5399203126934985 0.5859421880952381 0.5453281250773994 0.5859421880952381 0.5519390625386996 0.5786703119047619
9 0.5513390625386997 0.413840625 0.5393187498452012 0.52170625 0.5465312501547988 0.5180703119047619 0.5513390625386997 0.413840625
0 0.5621562501547988 0.558065625 0.5561468749226006 0.5483703119047619 0.5579484377708979 0.5786703119047619 0.5627562501547988 0.5713984380952382 0.5621562501547988 0.558065625
2 0.6030218749226006 0.538675 0.604825 0.5204953130952381 0.6018187498452012 0.519282813095238 0.5958093752321981 0.5035265619047619 0.5879968749226007 0.4914078119047619 0.5831890625386996 0.5035265619047619 0.5837906247678019 0.5326140619047619 0.5783812501547988 0.5459468749999999 0.5783812501547988 0.5701859369047619 0.5873968749226006 0.573821875 0.5952093752321982 0.5762468749999999 0.6018187498452012 0.5713984380952382 0.6042234377708978 0.5544296869047619 0.6030218749226006 0.538675
9 0.5903343752321981 0.490975 0.5907859374613003 0.40173749999999997 0.5858203126934984 0.486421875 0.5903343752321981 0.490975
9 0.5957531250773994 0.500990625 0.599817187616099 0.413575 0.5916890625386997 0.490975 0.5957531250773994 0.500990625
10 0.6124593752321982 0.5164703119047619 0.6160703126934984 0.5237546869047619 0.6219406247678019 0.542878125 0.6260046873065015 0.5264875 0.6273593752321981 0.508275 0.6269078123839009 0.4855109369047619 0.6278109374613003 0.46547812499999996 0.6278109374613003 0.450909375 0.6287140625386997 0.432696875 0.6251015622291022 0.42632343690476193 0.6210375003095975 0.4290546880952381 0.6124593752321982 0.45181875000000005 0.6129109374613003 0.48186875 0.6083953126934984 0.509185938095238 0.6124593752321982 0.5164703119047619
2 0.6232953126934985 0.58294375 0.6287140625386997 0.5966015619047619 0.6372921876160991 0.599332811904762 0.6436125003095975 0.60024375 0.6503859374613004 0.5984234369047619 0.6589640625386998 0.5947812499999999 0.6661890625386997 0.590228125 0.6675437498452012 0.5793 0.6625765622291022 0.5701953130952381 0.6558046873065015 0.566553125 0.6481281250773994 0.56473125 0.6409046873065015 0.559267186904762 0.6350343752321982 0.549251563095238 0.6314218749226006 0.54105625 0.6237468749226006 0.551071875 0.6219406247678019 0.5711046869047619 0.6232953126934985 0.58294375
2 0.6865062501547987 0.5446984380952381 0.6851531250773993 0.557446875 0.6833468749226007 0.569284375 0.681992187616099 0.585675 0.6779281250773994 0.5966015619047619 0.6865062501547987 0.6011546869047619 0.6887640625386997 0.6011546869047619 0.6946343752321981 0.6011546869047619 0.701857812383901 0.5966015619047619 0.7099859374613003 0.58840625 0.7158546873065015 0.581121875 0.7181124996904025 0.572015625 0.7158546873065015 0.5610890619047619 0.7108890625386997 0.54105625 0.706825 0.5374140630952381 0.701857812383901 0.5283078130952381 0.6973437498452013 0.519201561904762 0.6928281250773993 0.5210234369047619 0.6874093752321981 0.5301296880952381 0.6865062501547987 0.5446984380952381
9 0.6872437498452013 0.5281296880952381 0.6897921876160991 0.522521875 0.6870109374613004 0.48 0.6870109374613004 0.5094390619047618 0.6872437498452013 0.5281296880952381
9 0.6951203126934984 0.46645 0.6937312501547988 0.4823375 0.6914140625386996 0.5173828119047619 0.6955843752321982 0.5183171869047619 0.6958156247678019 0.487009375 0.696975 0.43981562500000004 0.6951203126934984 0.46645
9 0.7023031250773993 0.5211203119047619 0.7029984377708978 0.5057 0.7046203126934985 0.49215000000000003 0.7053156247678019 0.472990625 0.7048515622291022 0.45243125 0.7034625003095976 0.48420625 0.7011453126934984 0.5019625 0.6976687498452012 0.522521875 0.7023031250773993 0.5211203119047619
2 0.5373343752321982 0.671582813095238 0.5340906247678019 0.683264061904762 0.5345546873065016 0.693076563095238 0.5377984377708979 0.6991515619047619 0.5422 0.700553125 0.5472984377708978 0.6954125 0.548225 0.690740625 0.5470656247678019 0.6809281250000001 0.5454437498452013 0.672984375 0.5405781250773994 0.666442188095238 0.5373343752321982 0.671582813095238
7 0.32523467801857586 0.7167881583333333 0.3234177244582043 0.7255701 0.3249318520123839 0.7358661702380952 0.33068553808049533 0.7455565892857142 0.3370448755417957 0.7522187523809524 0.3427985616099071 0.7494933214285714 0.34491834055727555 0.747979194047619 0.347038120123839 0.7443452869047619 0.34491834055727555 0.7395000773809524 0.34158725944272444 0.7298096583333333 0.3403759572755418 0.7195135892857143 0.3403759572755418 0.7107316464285715 0.33977030588235296 0.7074005654761905 0.3379533523219814 0.7040694845238095 0.3312911894736842 0.709520344047619 0.32523467801857586 0.7167881583333333
2 0.4251010080495356 0.676204825 0.4228182458204334 0.6848285928571429 0.42332552631578946 0.6893941166666666 0.42763741052631576 0.6949742011904761 0.43144201362229107 0.6929450797619047 0.4357538972136223 0.6876186357142857 0.4367684582043344 0.684321313095238 0.43727573869969044 0.6769657464285713 0.4347393362229102 0.670878380952381 0.4322029343653251 0.6652982964285714 0.431188373374613 0.6645373750000001 0.42713013003095973 0.6645373750000001 0.42611556904024767 0.6696101797619047 0.4251010080495356 0.676204825
6 0.6290542458204335 0.62036 0.620360000619195 0.6224057047619047 0.6111543287925696 0.625474263095238 0.6024600829721363 0.6295656726190476 0.6091086235294118 0.6357027869047618 0.6178028693498452 0.6418399011904763 0.6438856061919505 0.6377484916666667 0.6761054582043344 0.6300770988095238 0.6735483269349845 0.6213828523809524 0.667411212383901 0.6188257214285715 0.6576941139318885 0.6193371476190476 0.635702786996904 0.6193371476190476 0.6290542458204335 0.62036
6 0.39482103900928794 0.49557200357142855 0.3886839244582044 0.5017091178571429 0.3881724984520124 0.5088690857142857 0.39021820309597527 0.5114262166666667 0.39788959628482967 0.5150062 0.3994238749226006 0.5119376428571428 0.4035152848297214 0.509380511904762 0.4055609894736842 0.5052891011904762 0.41118667801857584 0.4986405607142857 0.4009581535603715 0.49557200357142855 0.39482103900928794 0.49557200357142855
