2 0.26419531269349844 0.5106765630952381 0.26518906253869967 0.4914890630952381 0.2567468749226006 0.4823515619047619 0.24880000000000002 0.4814375 0.24383281238390092 0.4713875 0.23340312507739938 0.4686453119047619 0.22893281238390092 0.4777828119047619 0.22793906253869967 0.497884375 0.2378734377708978 0.51433125 0.24681250030959753 0.516159375 0.2557531250773994 0.5179859380952381 0.26419531269349844 0.5106765630952381
0 0.2786 0.4987984369047619 0.28257187492260066 0.48966093690476187 0.28853281238390094 0.49331562500000004 0.29101562476780185 0.48600625 0.2875390625386997 0.4704734380952381 0.28257187492260066 0.4613359369047619 0.2776062501547988 0.46681875 0.2761156247678019 0.47869687499999997 0.2736328123839009 0.49331562500000004 0.27710937523219814 0.506107811904762 0.2786 0.4987984369047619
2 0.3083984377708978 0.45311250000000003 0.30442656222910214 0.445803125 0.29896250030959753 0.4448890619047619 0.29647968730650154 0.4494578130952381 0.2930031250773994 0.4613359369047619 0.2944921876160991 0.47504218809523807 0.29250625015479875 0.4823515619047619 0.2930031250773994 0.49697031190476193 0.2900218749226006 0.49057500000000004 0.27710937523219814 0.492403125 0.2786 0.5179859380952381 0.2840625003095975 0.526209375 0.2880359374613003 0.5316921880952381 0.2944921876160991 0.5216406250000001 0.2930031250773994 0.53351875 0.2994593752321981 0.53351875 0.3093921876160991 0.5380874999999999 0.3272718749226006 0.5326062500000001 0.33124531269349844 0.5243828119047619 0.32776874984520127 0.4960578119047619 0.33074843777089785 0.4887484369047619 0.3322390625386997 0.4777828119047619 0.3272718749226006 0.47230156309523813 0.3208156247678019 0.47230156309523813 0.3118765622291022 0.4713875 0.3083984377708978 0.45311250000000003
2 0.34195156222910217 0.47879687499999996 0.3338203126934985 0.4855015619047619 0.33045625015479874 0.493753125 0.3298953126934985 0.5081953130952381 0.33045625015479874 0.5241843749999999 0.32793281238390093 0.5324359380952381 0.3262515622291021 0.5345 0.32737187492260056 0.5417203130952382 0.3296156247678019 0.548940625 0.3312968749226006 0.5515203119047619 0.3363437498452012 0.557709375 0.34167031269349846 0.55925625 0.34615625015479873 0.556676563095238 0.34727812507739936 0.54945625 0.35092187492260063 0.5453296880952381 0.3554078123839009 0.538109375 0.3570906247678019 0.5298578119047619 0.3587718749226006 0.512321875 0.35793125015479876 0.501490625 0.3551281250773994 0.48859687500000004 0.3506421876160991 0.47725 0.34195156222910217 0.47879687499999996
2 0.3773421876160991 0.482234375 0.3765218749226006 0.4769484369047619 0.3711859374613003 0.4746828130952381 0.37077499999999997 0.486009375 0.3695437498452013 0.49205 0.36584843777089787 0.4996015630952381 0.35969218761609906 0.5048875 0.35681874984520123 0.5162140630952381 0.3564078123839009 0.54264375 0.35681874984520123 0.55095 0.3605125003095975 0.557746875 0.3650281250773994 0.5592578130952381 0.3720062501547987 0.552460936904762 0.3773421876160991 0.5486859369047619 0.3826781250773994 0.5418890630952381 0.38473125015479875 0.5313171880952381 0.3843203126934985 0.519990625 0.38555156222910214 0.5056421880952381 0.38596249969040247 0.4973359380952381 0.3871937498452012 0.489784375 0.38555156222910214 0.481478125 0.38390937523219815 0.473171875 0.37939531269349847 0.473171875 0.3773421876160991 0.482234375
2 0.4527484377708978 0.5195625 0.4494343752321981 0.5172171880952381 0.44255312507739936 0.5144046880952381 0.43975 0.5256578119047619 0.43975 0.5359734380952381 0.4412781250773994 0.5472265630952381 0.4453562501547988 0.5514453130952381 0.4473953126934984 0.5523828119047619 0.44994374984520125 0.560823438095238 0.4527484377708978 0.56598125 0.4547875003095975 0.56598125 0.4555515622291022 0.5556656249999999 0.4560609374613003 0.543475 0.4560609374613003 0.5359734380952381 0.4550421876160991 0.5289390630952381 0.4527484377708978 0.5195625
2 0.4601390625386997 0.5673875 0.4652359374613003 0.56598125 0.4670203126934984 0.5622296880952381 0.46829531269349844 0.556134375 0.46829531269349844 0.5472265630952381 0.46905937523219815 0.534565625 0.4644718749226006 0.5294078130952381 0.4601390625386997 0.529876561904762 0.45784531269349843 0.5369109369047619 0.456825 0.5519140630952382 0.456825 0.56598125 0.4601390625386997 0.5673875
2 0.5019375003095975 0.54535 0.500917187616099 0.5378484369047619 0.4978593752321982 0.5378484369047619 0.4953109374613003 0.54300625 0.49429062476780183 0.5551968749999999 0.49429062476780183 0.5678562500000001 0.49734999999999996 0.56645 0.5006624996904024 0.5636359369047619 0.500917187616099 0.557071875 0.5019375003095975 0.54535
2 0.5179359374613003 0.542253125 0.5173031250773994 0.552328125 0.5189890625386997 0.559303125 0.5196203126934985 0.565115625 0.5221484377708978 0.567828125 0.5257296873065016 0.567828125 0.5284671876160991 0.567828125 0.5293093752321981 0.558140625 0.5282562501547987 0.5469031249999999 0.5280453126934984 0.5379906250000001 0.5263609374613003 0.531790625 0.5213062501547987 0.533340625 0.5189890625386997 0.533728125 0.5179359374613003 0.542253125
2 0.5758593752321981 0.511253125 0.574175 0.534503125 0.5663812501547988 0.5348906250000001 0.5659609374613004 0.527140625 0.5668031250773994 0.517453125 0.5653281250773994 0.510865625 0.563432812383901 0.510478125 0.5600624996904024 0.518228125 0.5564812501547988 0.524428125 0.5560609374613003 0.5290781250000001 0.5575343752321982 0.536828125 0.5581671876160991 0.5465156250000001 0.5600624996904024 0.555815625 0.5646968749226007 0.559303125 0.5705937498452013 0.561628125 0.57565 0.559303125 0.5794406247678019 0.556590625 0.5832328123839009 0.5519406250000001 0.5853390625386997 0.5441906249999999 0.5842859374613003 0.5356656249999999 0.5836531250773994 0.525203125 0.5817578123839009 0.516290625 0.5792296873065016 0.510865625 0.5758593752321981 0.511253125
2 0.58855 0.5367671869047619 0.5891656247678019 0.546978125 0.5956421876160991 0.549815625 0.5996515622291022 0.558892186904762 0.6045859374613003 0.564565625 0.6101359374613003 0.5634312499999999 0.6135281250773994 0.5605953119047619 0.6156875003095975 0.553220311904762 0.6156875003095975 0.5401703130952381 0.6153796873065016 0.529390625 0.6138374996904025 0.5129375 0.6089031250773994 0.4998890619047619 0.6018093752321981 0.494215625 0.5941 0.4981875 0.5919421876160991 0.511235936904762 0.5919421876160991 0.52825625 0.58855 0.5367671869047619
2 0.6193874996904025 0.5362 0.6233968749226005 0.53846875 0.6270984377708978 0.5390359380952381 0.6341906247678019 0.5379015619047619 0.636967187616099 0.5316609369047619 0.637275 0.5237171869047619 0.636657812383901 0.5072640619047619 0.6341906247678019 0.49194687499999995 0.6286406247678018 0.48400312500000003 0.6224718749226006 0.4896765619047619 0.6181546873065016 0.5010234369047619 0.6159953126934985 0.506696875 0.6153796873065016 0.5191796869047619 0.6159953126934985 0.5322281249999999 0.6193874996904025 0.5362
0 0.6357328123839009 0.52088125 0.637275 0.5327953119047619 0.6422093752321982 0.5305265619047619 0.6406671876160991 0.5237171869047619 0.6428265622291022 0.501590625 0.6446765622291022 0.4902453119047619 0.6412843752321982 0.4806 0.63635 0.4800328119047619 0.6338828123839009 0.48684062499999997 0.63635 0.4987546869047619 0.6375828123839009 0.510101561904762 0.6357328123839009 0.52088125
2 0.6789078123839009 0.487975 0.6773656247678019 0.4913796880952381 0.6748984377708978 0.501590625 0.6733562501547988 0.487975 0.6733562501547988 0.4771953119047619 0.6721234377708979 0.471521875 0.6702718749226007 0.4584734369047619 0.6690390625386997 0.4272703119047619 0.6650296873065015 0.425 0.6600953126934985 0.469253125 0.6557781250773994 0.473225 0.6545453126934985 0.4800328119047619 0.6530031250773993 0.48627343690476194 0.645292187616099 0.487975 0.6409750000000001 0.52825625 0.6449843752321981 0.5322281249999999 0.6471437498452013 0.535064061904762 0.6526937498452012 0.539603125 0.6582453126934985 0.5362 0.6625625003095975 0.5390359380952381 0.6659546873065015 0.535064061904762 0.6724312501547988 0.537334375 0.6801406247678018 0.534496875 0.6897015622291022 0.529390625 0.6937093752321981 0.521448436904762 0.6921687498452013 0.4976203119047619 0.6890843752321982 0.49081250000000004 0.6875421876160991 0.48400312500000003 0.6819906247678018 0.481734375 0.6789078123839009 0.487975
2 0.7165312501547988 0.5917984369047619 0.7128296873065015 0.5844234369047618 0.7109796873065016 0.5759125 0.7072796873065016 0.5611625 0.7041953126934984 0.55605625 0.7020359374613003 0.5407375 0.6977187498452012 0.5418734369047619 0.6924765622291021 0.5430078119047619 0.6881593752321982 0.546410936904762 0.683842187616099 0.549815625 0.6801406247678018 0.546978125 0.6764406247678019 0.546410936904762 0.6742812501547988 0.5543546869047619 0.6727390625386998 0.5679703119047619 0.6745906247678018 0.578182811904762 0.6773656247678019 0.586692188095238 0.6801406247678018 0.59860625 0.6847671876160991 0.604279686904762 0.6887765622291022 0.6048484380952381 0.6915515622291022 0.6048484380952381 0.6974109374613002 0.613925 0.7011109374613003 0.61619375 0.7060453126934984 0.617329688095238 0.7109796873065016 0.61903125 0.7143718749226006 0.6218671880952381 0.7193062501547988 0.6218671880952381 0.7208484377708979 0.613925 0.7180734377708978 0.603145311904762 0.7165312501547988 0.5917984369047619
9 0.7186890625386997 0.654773438095238 0.7621633919504645 0.7063270785714286 0.7121717399380805 0.5298657511904762 0.667647786996904 0.5571938392857143 0.7129527888544892 0.6750949785714286 0.7371921876160992 0.7018625 0.7257828123839009 0.6769000000000001 0.7186890625386997 0.654773438095238
2 0.6724312501547988 0.605415625 0.677982812383901 0.6082515619047619 0.68045 0.6037125 0.6715062501547988 0.5679703119047619 0.6650296873065015 0.5691046869047619 0.6554703126934984 0.5719421880952381 0.6462187498452012 0.569671875 0.63635 0.571375 0.6295656247678019 0.5685375 0.6227812501547987 0.579884375 0.6196968749226006 0.5883953119047619 0.6224718749226006 0.602578125 0.6252468749226006 0.615059375 0.6289484377708978 0.61619375 0.6323406247678018 0.6156265619047618 0.63635 0.61903125 0.638507812383901 0.6275406250000001 0.6412843752321982 0.63661875 0.6434421876160992 0.6445609369047619 0.6486859374613002 0.64683125 0.6508437498452012 0.64399375 0.6557781250773994 0.642859375 0.6613296873065015 0.643426563095238 0.6656468749226006 0.6383203119047619 0.6637968749226005 0.630945313095238 0.6653374996904025 0.6167625 0.6678046873065016 0.609385936904762 0.6724312501547988 0.605415625
9 0.6597874996904025 0.7500874999999999 0.6530031250773993 0.708671875 0.6505359374613002 0.6751984369047619 0.6598365839009288 0.6501092619047619 0.6926437325077399 0.7359975392857143 0.6692101232198142 0.5650018642857143 0.6192183517027864 0.5884259404761905 0.6443671876160991 0.6706593750000001 0.6468343752321981 0.697892188095238 0.6523859374613002 0.722854686904762 0.6597874996904025 0.7500874999999999
2 0.6159343752321982 0.584628125 0.6108359374613003 0.580365625 0.6043484377708979 0.5807921869047619 0.5999468749226007 0.5812171869047619 0.5939218749226006 0.5876109380952381 0.5918375003095975 0.5922999999999999 0.5962390625386997 0.59869375 0.6029593752321981 0.599120313095238 0.6066656247678018 0.599120313095238 0.6073609374613004 0.6076453119047619 0.6082874996904025 0.614465625 0.608982812383901 0.6183015619047619 0.6119953126934985 0.62426875 0.6136171876160991 0.6289578130952381 0.6163968749226006 0.636204688095238 0.6198734377708979 0.6336468749999999 0.6217265622291022 0.631515625 0.6224218749226006 0.6255484369047619 0.6240437498452013 0.62000625 0.6245062501547988 0.614892186904762 0.6245062501547988 0.6055140630952381 0.6221890625386997 0.5948578130952381 0.6194093752321982 0.5854796869047619 0.6159343752321982 0.584628125
0 0.5992515622291021 0.61531875 0.5985562501547987 0.6076453119047619 0.59485 0.604235938095238 0.5909109374613003 0.6025312500000001 0.5899843752321982 0.6084984380952381 0.5909109374613003 0.614465625 0.5934593752321982 0.6217125 0.59485 0.6221375 0.5971656247678019 0.62000625 0.5992515622291021 0.61531875
0 0.5892890625386996 0.6012515619047619 0.5892890625386996 0.59826875 0.5865078123839009 0.597842188095238 0.5811796873065015 0.60679375 0.5809468749226007 0.6131875 0.5844234377708978 0.62000625 0.5902156247678019 0.623417188095238 0.5897515622291022 0.61745 0.5895203126934985 0.608925 0.5892890625386996 0.6012515619047619
2 0.3819562501547987 0.590096875 0.3788734377708978 0.5942234380952381 0.3785921876160991 0.6091796880952381 0.3783124996904025 0.620010938095238 0.37971406253869966 0.6272312499999999 0.3819562501547987 0.63496875 0.3853203126934985 0.63496875 0.3864421876160991 0.641157813095238 0.38896562476780183 0.6488937499999999 0.39232968730650153 0.644767188095238 0.3993390625386997 0.6401265619047619 0.40354374984520125 0.624653125 0.4085906247678019 0.612275 0.4085906247678019 0.6004125 0.4038234377708978 0.5937078119047619 0.3998984377708978 0.589065625 0.3942921876160991 0.590096875 0.38700312507739937 0.5875171880952381 0.3819562501547987 0.590096875
9 0.37316545572755416 0.7383399702380952 0.3848296873065016 0.7811625000000001 0.3989424495356037 0.780503319047619 0.4012857746130031 0.7555176023809523 0.4020669424148607 0.7164774761904762 0.406753652631579 0.6782182000000001 0.4153459640866873 0.6040419607142857 0.40597254427244583 0.5931106833333333 0.37941444210526315 0.5899874916666666 0.37863333374613006 0.6829030035714285 0.37941444210526315 0.7125734630952381 0.37316545572755416 0.7383399702380952
9 0.35988643405572757 0.7508327988095238 0.3637920359133127 0.7211623392857144 0.38332004334365327 0.5876450892857142 0.35051295479876166 0.5829602571428572 0.33957731826625387 0.7141351035714285 0.33645282476780186 0.7570792428571428 0.33410944024767797 0.774256875 0.3417484377708978 0.7948921880952381 0.36222975913312694 0.7758185154761904 0.35988643405572757 0.7508327988095238
2 0.37770625015479875 0.630759375 0.37974218761609907 0.6245187499999999 0.38177656222910217 0.6151578130952381 0.3821156247678018 0.5964359380952381 0.37736718761609905 0.588946875 0.36752968730650154 0.5814578119047619 0.35904843777089784 0.5814578119047619 0.3573531250773994 0.584578125 0.3526031250773993 0.5852015630952381 0.34887187492260063 0.589570311904762 0.3464968749226006 0.5964359380952381 0.3464968749226006 0.6095406250000001 0.3512468749226006 0.618901563095238 0.3522640625386997 0.632007811904762 0.351925 0.6457375 0.351925 0.6694531250000001 0.3522640625386997 0.693167186904762 0.3549781250773994 0.6906703130952381 0.35803125015479875 0.68380625 0.36074531269349847 0.6731968749999999 0.3624406247678018 0.663210938095238 0.3648156247678019 0.6588437500000001 0.3658328123839009 0.6532265619047619 0.3716 0.6463609380952381 0.3760109374613003 0.6457375 0.37872343777089784 0.639496875 0.37770625015479875 0.630759375
2 0.30884374984520124 0.642617186904762 0.3149484377708978 0.6469859369047618 0.3200375003095975 0.647609375 0.32512656222910213 0.64199375 0.33225 0.630759375 0.3359812501547988 0.619526561904762 0.34005156222910216 0.618278125 0.34446250030959746 0.613909375 0.34853281238390094 0.6089171869047619 0.35022968730650156 0.5908187500000001 0.35022968730650156 0.575840625 0.3464968749226006 0.5683515630952382 0.34005156222910216 0.5671046869047619 0.33462499999999995 0.570225 0.32546562476780183 0.5683515630952382 0.3176624996904025 0.563359375 0.3068078123839009 0.5608625 0.2962921876160991 0.5646078119047618 0.2908640625386997 0.5777125 0.2901859374613003 0.5958109380952381 0.28950781238390094 0.613285938095238 0.2956125003095975 0.6213984369047619 0.29866562476780184 0.6295109380952381 0.30137968730650155 0.637 0.3047718749226006 0.642617186904762 0.30884374984520124 0.642617186904762
2 0.25965468730650154 0.5814578119047619 0.25965468730650154 0.592690625 0.26711874984520123 0.5983078119047619 0.2742421876160991 0.59893125 0.28238281238390095 0.5983078119047619 0.2874718749226006 0.59893125 0.2932390625386997 0.5783375 0.2935781250773994 0.5639828130952381 0.2847578123839009 0.558367186904762 0.2759374996904025 0.5564953119047619 0.2705109374613003 0.5564953119047619 0.2657609374613003 0.553375 0.2630468749226006 0.5483812499999999 0.26033281238390094 0.5683515630952382 0.25965468730650154 0.5814578119047619
9 0.2755254173374613 0.6930533999999999 0.2700575987616099 0.7500520083333333 0.30520801300309597 0.6594789273809524 0.3105390625386997 0.6994078119047619 0.3074859374613003 0.719378125 0.3051109374613003 0.735604688095238 0.30137968730650155 0.7474625 0.2979874996904025 0.75931875 0.3068078123839009 0.74246875 0.3139312501547988 0.7231234369047619 0.3200375003095975 0.6887984380952381 0.3217343752321981 0.668828125 0.3227515622291022 0.651354688095238 0.3489507380804953 0.5704674285714285 0.2981779182662539 0.5626594035714285 0.2872422216718266 0.6087267642857143 0.2755254173374613 0.6930533999999999
9 0.5895357566563467 0.5501665452380953 0.5848490464396284 0.5040992142857142 0.5809434452012384 0.3986908738095238 0.5707889170278638 0.3346650607142857 0.5567287275541796 0.4088413 0.5536042346749226 0.5259616785714286 0.5646484198142415 0.5548828130952381 0.5895357566563467 0.5501665452380953
9 0.4590886891640867 0.567344205952381 0.4590886891640867 0.49629118928571425 0.4544019795665635 0.3940060404761905 0.4426851746130031 0.37917081071428577 0.43096837027863777 0.47677112619047624 0.43096837027863777 0.5314273023809524 0.43096837027863777 0.5587553904761905 0.4416015448916409 0.5685546880952381 0.4590886891640867 0.567344205952381
9 0.3575430495356037 0.4939487869047619 0.35598083281733744 0.5470433523809524 0.3684787455108359 0.5696866083333333 0.38332004334365327 0.551728155952381 0.39503684829721364 0.5267424690476191 0.3887878619195046 0.47677112619047624 0.3887878619195046 0.3908828488095238 0.3801955504643963 0.36902038333333337 0.3684787455108359 0.3705819654761905 0.3673827944272446 0.47089843809523807 0.3575430495356037 0.4939487869047619
9 0.33489054860681117 0.5525089761904761 0.3520752309597523 0.5564129892857143 0.36066754241486065 0.4931679666666667 0.3536374476780185 0.3955676511904762 0.34192064334365324 0.3604315380952381 0.3356717164086687 0.3651163714285714 0.33957731826625387 0.45568945119047616 0.32636716965944274 0.5187500011904762 0.33489054860681117 0.5525089761904761
9 0.33176611517027865 0.5322080928571429 0.3223926359133127 0.4697438916666667 0.3169248173374613 0.35965074761904764 0.3028646278637771 0.33934987857142856 0.29739680990712075 0.40571807857142855 0.2763065256965944 0.37917081071428577 0.27864991021671826 0.45568945119047616 0.2775390445820433 0.5255859380952381 0.33176611517027865 0.5322080928571429
9 0.6223429046439629 0.551728155952381 0.6129693659442724 0.4931679666666667 0.6106261003095975 0.4111837023809524 0.6051581628482972 0.36902038333333337 0.5910980922600619 0.36277393928571433 0.5895357566563467 0.4314845857142857 0.5910980922600619 0.505660825 0.5919921696594428 0.5519531261904762 0.6223429046439629 0.551728155952381
9 0.638746359752322 0.46662069880952384 0.6356219263157895 0.40415649761904765 0.6231239535603715 0.3737051869047619 0.6137505337461301 0.45022382857142856 0.6271484198142415 0.5382812511904762 0.6442141777089784 0.5368929261904761 0.638746359752322 0.46662069880952384
9 0.6949869981424148 0.5329889130952381 0.690300347368421 0.49629118928571425 0.6817079764705882 0.45100464880952384 0.6918625640866872 0.3924444595238095 0.6793645919504644 0.38541722500000003 0.6809269275541795 0.34325389166666664 0.667647786996904 0.33544586666666665 0.6590555349845201 0.38229400238095235 0.6489009473684211 0.37760920000000003 0.6489009473684211 0.4759903047619048 0.6434331294117648 0.5306464821428571 0.6543687659442724 0.5462625321428571 0.6671874823529411 0.5382812511904762 0.6856135783281733 0.5368929261904761 0.6949869981424148 0.5329889130952381
