2 0.32572369342517504 0.5156653833527134 0.3000600636132731 0.5518475474769519 0.2361223789862379 0.5065006880820062 0.261785937500008 0.47031875000000495
2 0.7120503955641198 0.6915802034835731 0.6652260758559123 0.6880090865389943 0.6724811130261514 0.5928996574686851 0.7193045653139052 0.5964707412553808
9 0.7548251634533472 0.7496140486766426 0.7491402811182297 0.7513536282006466 0.7306102406943182 0.690807659118131 0.7362950504478931 0.6890680913894274
9 0.7376638118274741 0.7603243439644585 0.7285828093679356 0.7637012655131655 0.7012894515860353 0.690317517473958 0.7103703125000038 0.6869406249999919
2 0.3319194155911873 0.6495456362990095 0.3161575365227236 0.6182228074905469 0.3559358353237485 0.598208476973604 0.37169773612083645 0.6295311726149255
0 0.3295882672933885 0.6430183962667526 0.3394973139177182 0.6447208017816307 0.33276231519141675 0.6839174548068264 0.3228532702968323 0.6822150561240161
0 0.31259917529587256 0.6549487736218449 0.3242610411983833 0.6554019553099346 0.322837986366153 0.6920168814199786 0.31117612056084454 0.6915637014339666
1 0.3267042227054162 0.6604764474859081 0.2694396547433371 0.6519233378030829 0.2802415585218796 0.5796139221467344 0.33750534848923053 0.5881669727482128
9 0.29635943666403364 0.6777883817448443 0.31247663702970385 0.6844672543773268 0.2784687259728571 0.7665209948094244 0.26235156250004366 0.759842187500005
9 0.2519093200106681 0.7186952786298971 0.25497179278306703 0.7205815775537128 0.23764371743470747 0.7487097294607791 0.23458125000001928 0.7468234374999925
10 0.6167353700088825 0.4082759230922195 0.6475881476641234 0.4117496479833098 0.6355935735253979 0.5182758424032499 0.6047408000107453 0.5148021439177324
2 0.21665775554959055 0.5782650226305476 0.24249230760699447 0.5484639440031023 0.29827123804523126 0.5968137771066239 0.2724368933952519 0.6266146592575788
0 0.20734408755470213 0.5456330084917088 0.1837539918111588 0.5601814437094981 0.1565655537406201 0.5160993954202443 0.180155497954388 0.5015510213580362
6 0.2781236700776617 0.4553591227741567 0.24986858322972694 0.5146008265214521 0.1726377006432358 0.47776811321881046 0.2008928578125051 0.4185267859374559
6 0.6339285718750034 0.6785714281249675 0.6359725887565446 0.6285096100608442 0.6906597993820469 0.6307421812630251 0.688616065543215 0.6808037269727086