2 0.28410156222910216 0.467678125 0.2782843752321981 0.4445046880952381 0.26883125015479875 0.4358140619047619 0.26083281238390094 0.47781562499999997 0.27246718761609906 0.499540625 0.28482812507739935 0.5009890619047619 0.29573593746130034 0.5024375 0.3066437498452012 0.4951953130952381 0.30373437523219815 0.4662296880952381 0.28410156222910216 0.467678125
9 0.3214828123839009 0.6220781249999999 0.31532656222910216 0.6163546869047619 0.2931609374613003 0.7054671880952381 0.3214828123839009 0.6220781249999999
9 0.3104 0.735715625 0.3259984377708978 0.68339375 0.3305140625386997 0.6515093750000001 0.33379687492260063 0.6245312500000001 0.32928125015479875 0.6269828119047619 0.32394531269349847 0.6703125 0.3104 0.735715625
9 0.3362593752321982 0.6506921869047619 0.34036406253869966 0.6269828119047619 0.3354390625386997 0.631889061904762 0.3313343752321981 0.655596875 0.32640937523219815 0.6923859369047619 0.3108109374613003 0.748796875 0.3247671876160991 0.712825 0.3325656247678018 0.6809406250000001 0.3362593752321982 0.6506921869047619
9 0.3621187498452012 0.659684375 0.358425 0.6539625 0.3461109374613003 0.7381687499999999 0.3621187498452012 0.659684375
9 0.3785374996904025 0.6294359380952381 0.38059062476780187 0.7013796869047619 0.3830531250773994 0.62861875 0.3785374996904025 0.6294359380952381
9 0.3900312501547988 0.6294359380952381 0.3900312501547988 0.684210938095238 0.38592656222910215 0.7430734369047619 0.3933140625386997 0.694839063095238 0.3941359374613003 0.6744 0.3900312501547988 0.6294359380952381
9 0.3666343752321981 0.6613203130952381 0.358425 0.697292186904762 0.34898437523219816 0.740621875 0.35924531269349846 0.7111890619047619 0.3629406247678018 0.685028125 0.3666343752321981 0.6613203130952381
1 0.40070312507739936 0.609814061904762 0.4015234377708978 0.5803828130952381 0.39865156222910214 0.5525875 0.3916734377708978 0.549317186904762 0.3752546873065016 0.563215625 0.3649921876160991 0.562396875 0.3530890625386997 0.5697546869047618 0.3518578123839009 0.59428125 0.35555156222910217 0.61145 0.3690968749226006 0.6163546869047619 0.3900312501547988 0.6245312500000001 0.40070312507739936 0.609814061904762
1 0.4171218749226006 0.5959171880952381 0.4236890625386997 0.59428125 0.4286140625386997 0.59019375 0.4323093752321981 0.56485 0.4282046873065015 0.5509515619047619 0.4187640625386997 0.54768125 0.4068593752321982 0.550134375 0.39741874984520126 0.554221875 0.393725 0.572207813095238 0.3924937498452012 0.587740625 0.3957781250773994 0.6106328130952381 0.4035765622291022 0.6155375000000001 0.411375 0.6122671869047619 0.4171218749226006 0.5959171880952381
9 0.411375 0.6457859369047619 0.4142484377708978 0.67930625 0.41506874984520126 0.734898436904762 0.4179421876160991 0.673582811904762 0.4179421876160991 0.6310703119047619 0.4183531250773994 0.6000046880952381 0.4080921876160991 0.617990625 0.411375 0.6457859369047619
2 0.6391843752321982 0.572207813095238 0.6346687498452013 0.554221875 0.6104515622291021 0.53950625 0.6079890625386997 0.5607625 0.6137343752321981 0.573025 0.6178390625386997 0.58201875 0.6260484377708978 0.588559375 0.6334374996904025 0.5852890619047619 0.6391843752321982 0.572207813095238
10 0.280914413003096 0.71627095 0.28213049287925696 0.735728225 0.2967234495356037 0.7491051023809524 0.3173968043343653 0.7454568630952381 0.33320584086687305 0.7174870297619048 0.34779879752321985 0.6724920797619047 0.3550952755417957 0.6420900869047619 0.35995959442724457 0.6226328119047619 0.3137485653250774 0.6104720142857142 0.2906430507739938 0.671276 0.280914413003096 0.71627095
25 0.3676820891640867 0.6178990035714286 0.36225133622291017 0.6524949107142858 0.36486614303405573 0.6565176916666667 0.36748095046439627 0.6579256642857143 0.3711014520123839 0.6325821500000001 0.3729117034055727 0.6269502583333334 0.3725094253869969 0.6231286178571429 0.37150373003095977 0.6195081154761904 0.36969347925696594 0.6185024202380952 0.3676820891640867 0.6178990035714286
13 0.3650739386996904 0.6233129547619048 0.46011113993808045 0.604960944047619 0.5564591993808049 0.6141369488095239 0.6423203950464397 0.6292118154761904 0.6528072588235294 0.5879197904761905 0.4909163021671827 0.5407289035714286 0.3513099306501548 0.6010283702380952 0.24316414984520124 0.5630134892857143 0.2307109987616099 0.5990620833333333 0.3014973281733746 0.6167586654761904 0.3650739386996904 0.6233129547619048
2 0.22481213808049536 0.43192769404761905 0.2189132773993808 0.4397928416666667 0.21694699071207432 0.450279705952381 0.21498070340557274 0.46797628809523806 0.22481213808049536 0.47518600714285714 0.23333271517027865 0.47911858095238097 0.24775215232198144 0.47584143571428567 0.25823901609907124 0.4660100011904762 0.2569281578947369 0.45683399523809526 0.2490630105263158 0.44634713214285715 0.24578586563467492 0.4424145583333333 0.2320218569659443 0.4332385523809524 0.22481213808049536 0.43192769404761905
6 0.6536458334365325 0.5651041666666666 0.640625 0.5833333333333334 0.6380208334365325 0.6171875 0.651041666873065 0.6302083333333334 0.6796874996904025 0.6302083333333334 0.713541666873065 0.5963541666666666 0.7109375003095975 0.5807291666666666 0.7005208334365325 0.5703125 0.6953124996904025 0.5651041666666666 0.671875 0.5625 0.6536458334365325 0.5651041666666666
