2 0.26883122531955905 0.435814057800378 0.31623295028578013 0.4448402525786495 0.30464927912726125 0.5056686833173389 0.2572475652616504 0.49664252884891086
9 0.3584248921362132 0.6539624842287082 0.36286064377736693 0.6546110568724084 0.3505466878733614 0.7388173168239036 0.3461109374999296 0.7381687499999932
9 0.380590628160121 0.701379687606936 0.3761077295208679 0.7012279893793334 0.3785702912381339 0.6284670528578514 0.3830531250000604 0.6286187500000011
9 0.3900312025638186 0.6294359357868171 0.3957525855869335 0.6296425663640796 0.3916479453902184 0.7432800656219934 0.38592656249988977 0.7430734374999981
9 0.36627921820820575 0.6612429432967788 0.3699530191722715 0.662043263152095 0.35265817376728137 0.7414221879069708 0.34898437499998636 0.7406218749999927
1 0.4002851351053778 0.6248170173628079 0.35104482153417393 0.6234447300950208 0.3531412042644888 0.5482433184487366 0.40238085943246915 0.5496155965648014
1 0.42447466204612283 0.6185842889678235 0.38774361879620756 0.6132291723063054 0.39774799492477086 0.5446172427246678 0.4344785968473843 0.5499723268384958
9 0.41759973316572996 0.7349125713528254 0.4074393161521357 0.7348558322004992 0.40819298215785693 0.599947949104825 0.41835312499995325 0.6000046875
2 0.6003154463702458 0.5442027882458429 0.6247744148531638 0.5328697940871605 0.6463027225302085 0.5793280137544807 0.6218437849712473 0.5906609580335845
10 0.6705421639554743 0.6495547753139864 0.6744430595975928 0.6287529313284752 0.6985938640228824 0.6332812786241655 0.694693025090487 0.6540830727085515
10 0.3329015656260026 0.5994735515610625 0.35588125731419495 0.6039661317463869 0.3257114934406218 0.758264654377381 0.30273182278665445 0.7537721475328519
10 0.3089886374884827 0.595764989413404 0.33547999076836277 0.6013718790581873 0.3077719298426018 0.7322696215778449 0.28128060011761136 0.7266628078578055