0 0.2525546875 0.330534375 0.280375 0.330534375 0.280375 0.40644375000000005 0.2525546875 0.40644375000000005
2 0.3066056285236982 0.4340402981737374 0.28858131878200766 0.4399414463808858 0.2761891332856976 0.40209302825522275 0.2942133580712607 0.3961918951449558
2 0.32048750021203887 0.4502125019040447 0.3174234088679668 0.4226963190470816 0.34443325578763506 0.41968877952111355 0.3474973902735883 0.44720491300689486
2 0.39350411637769867 0.46830735871998774 0.3756174760828799 0.4692472709101611 0.3728785571657909 0.4171272644494302 0.39076507106653935 0.4161873556001502
0 0.33762056366481374 0.40428853535033876 0.35420908607750334 0.4023273023222527 0.35960033573110195 0.4479251726463324 0.34301181435228045 0.44988639982082046
0 0.3578049562227079 0.3719363285019058 0.382841017705573 0.3741988951428611 0.3738824483402823 0.473323346648422 0.3488463888207889 0.47106079452811683
0 0.5791360465525486 0.41504215208333933 0.5972594236118312 0.41332788037728063 0.6022100644415787 0.46566330778101744 0.5840866882473392 0.46737757340199587
2 0.6678743143372685 0.4531194195816236 0.635528763497291 0.4760718603742468 0.602129627361478 0.429007038225521 0.6344749999999522 0.40605468750000745
2 0.6907638888892507 0.388702224672183 0.7173464091035839 0.4000195477524092 0.6985803615551731 0.44409555810807005 0.6719978608022075 0.43277826935997254
1 0.7006976304872978 0.5529366133497592 0.6648876043739165 0.5597851045121525 0.6489375250334888 0.4763896387540142 0.6847470785338601 0.46954119456066984
9 0.7285610125586572 0.6174687241766196 0.7244147275802106 0.6188952226731995 0.7089709348682618 0.5740108674675494 0.7131171874999609 0.5725843750000104
9 0.7088170299804233 0.6451464543972338 0.701637910939553 0.6469301074930213 0.6794750163265917 0.5577354654602676 0.6866540193270794 0.5559518274964516
9 0.648034374999952 0.5399406250000143 0.653614430598509 0.5382919967096426 0.6778697183817712 0.6203799820617608 0.6722896680952317 0.6220285979543304
9 0.6381531512997753 0.6033953097387026 0.6344270230994198 0.6037865274377205 0.6299676495566473 0.5613177787380902 0.6336937500000204 0.5609265624999992
7 0.6576009269475662 0.6039340553667438 0.6800724618414051 0.597057358856525 0.6953877832863782 0.6470986250588453 0.6729162633032502 0.6539752871970476
1 0.33171874371259946 0.48806093711620974 0.3690229902020974 0.4903380396364651 0.3663450114246416 0.5342061416473165 0.3290407657027572 0.531929046927941
9 0.3228936704769012 0.5813281015388647 0.326822046478469 0.582487062140842 0.3108268109375558 0.6366980170408396 0.30689843749996726 0.6355390624999903
9 0.34605936697846573 0.6046453119209588 0.34905248021573243 0.604861372386628 0.34656967566161256 0.6392519972617214 0.3435765624999476 0.6390359374999981
9 0.3074314487536185 0.5340050551046329 0.3154985960910608 0.5363227988963655 0.28766401375912665 0.6331942855913655 0.2795968750000384 0.6308765624999997
9 0.28262960944789484 0.5486843370790487 0.2862719413826653 0.5504539341547166 0.26531263967490304 0.5935899022150194 0.2616703124999731 0.5918203124999805
7 0.35627102223566 0.7059069963098115 0.35956582762992184 0.7267705218902659 0.3392469096684181 0.7299787672810082 0.3359521569085473 0.7091152886501181
10 0.2784087423084429 0.4623577584308467 0.296861563395737 0.4727548696786113 0.24074127846995452 0.5723492283778315 0.2222885243473911 0.561952211217687
10 0.2642042756218643 0.43465890735381485 0.28699205917087056 0.45014457618610143 0.22982615355238067 0.5342604653547246 0.2070384652104167 0.5187749131806886
10 0.6846575945768336 0.6229219236675272 0.6663718347854228 0.6282733379431612 0.6355499115890098 0.5229654156313813 0.6538353400273991 0.5176140532330379
10 0.6171875 0.5376420453124999 0.6369102041996939 0.5332827451166439 0.6606530613391897 0.6406912618321273 0.6409303712699739 0.6450505188773688
10 0.714090601575549 0.46074285934203985 0.7342506475085884 0.4518731760134953 0.776705890840276 0.5483632265223973 0.7565458875725426 0.5572328378745268
10 0.7692248413638936 0.5778631599839228 0.7450378394139534 0.5895947442917373 0.6903105120177315 0.47677298165840604 0.7144970957482428 0.4650415182853291
10 0.6262475934476015 0.4217506216124816 0.5917867672364991 0.4224398087794176 0.5884149313010312 0.253828282431666 0.6228751628497093 0.2531391011910621
10 0.28802729166920926 0.6378479626679628 0.2693707388193616 0.631079422746656 0.31668154668841453 0.5006877984432961 0.33533769065149954 0.5074562565731601
10 0.26761359461170287 0.6032665719937281 0.2485789083381178 0.5937500450063767 0.3039772206146836 0.48295474231700647 0.3230115806793492 0.49247117158244447