0 0.27325781238390096 0.343528125 0.26678906253869966 0.33463750000000003 0.26161249969040246 0.330534375 0.2541718749226006 0.3366890619047619 0.25255468730650155 0.34763125 0.2567609374613003 0.36404374999999994 0.25255468730650155 0.3866125 0.25805468730650155 0.40644375 0.27293437523219816 0.403025 0.2781109374613003 0.3927671880952381 0.280375 0.37224999999999997 0.2774640625386997 0.36062500000000003 0.27325781238390096 0.343528125
2 0.29169687492260066 0.403025 0.29072656222910215 0.40986406190476193 0.285875 0.39892187500000004 0.28457968730650157 0.403025 0.27972812507739936 0.4091796880952381 0.2826390625386997 0.42012187500000003 0.28522656222910214 0.4296953119047619 0.29202031269349843 0.4379015619047619 0.3010781250773994 0.43584999999999996 0.3049593752321981 0.4290125 0.30043125015479877 0.42285781309523807 0.2991375003095975 0.415334375 0.29622656222910215 0.40234062499999995 0.29169687492260066 0.403025
2 0.3276046873065016 0.423540625 0.3208109374613003 0.4385859380952381 0.32048749969040247 0.45021249999999996 0.3327796873065016 0.44884375 0.3408671876160991 0.444740625 0.34604218761609906 0.4385859380952381 0.3453953126934985 0.42832812499999995 0.34054374984520125 0.42012187500000003 0.3363374996904025 0.4208046869047619 0.3305156247678019 0.4269609369047619 0.3276046873065016 0.423540625
2 0.39133125015479875 0.4269609369047619 0.38615468730650154 0.418753125 0.38097968730650156 0.4167015630952381 0.3748328123839009 0.4214890630952381 0.3748328123839009 0.45431562500000006 0.3780687498452013 0.45978593690476194 0.38130312507739933 0.4645734380952381 0.3864781250773994 0.4686765619047619 0.39133125015479875 0.4645734380952381 0.39294843777089783 0.45773437499999997 0.3890671876160991 0.4556828130952381 0.38389062476780184 0.45294687499999997 0.3880968749226006 0.4433734380952381 0.39133125015479875 0.4269609369047619
0 0.3563937498452013 0.4208046869047619 0.35445312507739934 0.410546875 0.3483078123839009 0.403025 0.3431312501547988 0.4043921869047619 0.33892656222910217 0.415334375 0.3424843752321981 0.418753125 0.34571874984520123 0.42490937500000003 0.3450718749226006 0.436534375 0.34280781238390096 0.44816093690476194 0.34604218761609906 0.449528125 0.3486312501547988 0.4474765630952381 0.3512187498452013 0.444740625 0.35445312507739934 0.436534375 0.3563937498452013 0.4208046869047619
0 0.37430937523219815 0.4354171869047619 0.37864687492260063 0.42060625 0.3796484377708978 0.4065 0.37530937523219815 0.39098281309523814 0.37130625015479873 0.37828593809523814 0.36563281238390094 0.37264375000000005 0.36029374984520124 0.37546562499999997 0.35595625015479876 0.3923921880952381 0.3552890625386997 0.41143593809523804 0.3536203126934985 0.4347125 0.3502828123839009 0.4551671880952381 0.35395312507739934 0.46856875000000003 0.36029374984520124 0.4720953130952381 0.36363125015479875 0.4699796869047619 0.3683031250773994 0.4650421880952381 0.3733078123839009 0.4544609369047619 0.37430937523219815 0.4354171869047619
0 0.5845328123839009 0.4622203130952381 0.5868687498452012 0.465746875 0.5938765622291021 0.4664515630952381 0.60055 0.456578125 0.599882812383901 0.4410609380952381 0.5948781250773993 0.413553125 0.5811968749226006 0.436828125 0.5825312501547988 0.450934375 0.5845328123839009 0.4622203130952381
10 0.6233718749226006 0.3149921869047619 0.6171546873065016 0.286828125 0.610492187616099 0.2915234369047619 0.6073828123839009 0.30185 0.599832812383901 0.2755625 0.5931703126934984 0.2877671869047619 0.5927265622291021 0.317809375 0.5913937498452012 0.3628703119047619 0.5882843752321981 0.3788296869047619 0.5936140625386996 0.39760625000000005 0.60605 0.413565625 0.6140453126934985 0.418259375 0.6242609374613003 0.4116875 0.6247046873065015 0.39760625000000005 0.6251484377708978 0.3694421869047619 0.6242609374613003 0.33940156309523806 0.6233718749226006 0.3149921869047619
2 0.6393609374613003 0.418259375 0.634475 0.4060546880952381 0.6282578123839009 0.4173203119047619 0.6224843752321981 0.42107656190476195 0.6215953126934984 0.44830156309523805 0.6242609374613003 0.4558109380952381 0.6291453126934984 0.46707656190476193 0.6429140625386998 0.47083125 0.6522406247678019 0.46144375 0.6628999999999999 0.45111718690476194 0.6589031250773993 0.4417296869047619 0.6517968749226006 0.4304640619047619 0.6446906247678019 0.4332796869047619 0.6393609374613003 0.418259375
2 0.6824421876160991 0.4173203119047619 0.6757812501547988 0.4238921869047619 0.6735593752321982 0.4332796869047619 0.6819984377708979 0.4370359369047619 0.6895484377708978 0.43421875 0.6966546873065016 0.429525 0.705982812383901 0.426709375 0.7064265622291022 0.413565625 0.7006531250773994 0.3929125 0.6891046873065015 0.39666718690476194 0.683775 0.4051171869047619 0.6824421876160991 0.4173203119047619
2 0.6908812501547987 0.5102609380952381 0.6873281250773994 0.4830359369047619 0.6780015622291021 0.47083125 0.674892187616099 0.4783421869047619 0.668675 0.490546875 0.6562390625386997 0.4989953130952381 0.6575703126934985 0.5215265630952381 0.6606796873065015 0.5374859369047619 0.6691187498452013 0.5459359369047619 0.676225 0.5487515630952381 0.6842187498452013 0.5553234369047618 0.6882171876160991 0.5553234369047618 0.6917703126934984 0.5440578119047619 0.695767187616099 0.527159375 0.6908812501547987 0.5102609380952381
9 0.7285609374613002 0.61746875 0.7131171876160991 0.5725843749999999 0.7100843752321981 0.577246875 0.7285609374613002 0.61746875
9 0.698225 0.614554686904762 0.6940890625386996 0.5993984369047619 0.6907796873065015 0.581328125 0.6877453126934985 0.56034375 0.683057812383901 0.5568453119047619 0.6844359374613004 0.57608125 0.6924343752321982 0.609890625 0.7020859374613003 0.6390359380952381 0.7076015622291022 0.645448436904762 0.7078781250773993 0.6413687499999999 0.7056718749226006 0.633790625 0.7020859374613003 0.627378125 0.698225 0.614554686904762
9 0.6541015622291022 0.539940625 0.6480343752321982 0.539940625 0.6494124996904025 0.5446046880952381 0.6607203126934984 0.5766640619047619 0.6681656247678018 0.5988156250000001 0.6758875003095975 0.620965625 0.6541015622291022 0.539940625
9 0.6381531250773994 0.6033953119047619 0.6358999999999999 0.5848249999999999 0.6336937498452012 0.5609265630952381 0.6306609374613004 0.5679203130952382 0.6381531250773994 0.6033953119047619
7 0.6764390625386998 0.59998125 0.6786453126934984 0.612804686904762 0.6786453126934984 0.6232984369047619 0.673957812383901 0.627960938095238 0.6698203126934984 0.622132813095238 0.6609953126934985 0.6028953130952381 0.6651328123839009 0.6285437500000001 0.6681656247678018 0.638453125 0.6745093752321981 0.6466140630952381 0.6816781250773994 0.651278125 0.6855390625386998 0.6501125000000001 0.6905031250773993 0.6413687499999999 0.6907796873065015 0.632042188095238 0.6871937498452012 0.6215484380952381 0.6847125003095975 0.613971875 0.6764390625386998 0.59998125
2 0.36674218761609906 0.5277 0.3653625003095975 0.50613125 0.36425937523219815 0.4991375 0.3584687498452013 0.4933078119047619 0.3524015622291021 0.4956390630952381 0.3419218749226006 0.49039374999999996 0.3317187498452012 0.4880609369047619 0.3295125003095975 0.524201561904762 0.3328218749226006 0.528865625 0.3361312501547988 0.52536875 0.34109531269349846 0.517790625 0.34412812507739937 0.5102125000000001 0.34964374984520125 0.5154578119047619 0.3543312501547987 0.5195390619047618 0.3590203126934985 0.52361875 0.36481093746130033 0.5341125 0.36674218761609906 0.5277
9 0.3228937498452012 0.581328125 0.30689843777089787 0.6355390630952381 0.31682656222910216 0.6116390630952381 0.32510000000000006 0.5883234380952381 0.3228937498452012 0.581328125
9 0.3488156247678018 0.608142188095238 0.34605937523219815 0.6046453119047619 0.34357656222910216 0.6390359380952381 0.3488156247678018 0.608142188095238
9 0.3049671876160991 0.548684375 0.2972468749226006 0.5854078130952381 0.2795968749226006 0.6308765619047619 0.2958671876160991 0.6046453119047619 0.3024859374613003 0.581328125 0.3118625003095975 0.535278125 0.30689843777089787 0.5358609380952382 0.3049671876160991 0.548684375
9 0.2837328123839009 0.555679688095238 0.28262968730650156 0.548684375 0.26167031269349844 0.5918203119047619 0.2837328123839009 0.555679688095238
7 0.33701526625387 0.710228469047619 0.338887573374613 0.7277033345238095 0.34325628978328176 0.7289515392857143 0.3457526990712075 0.7289515392857143 0.35573833684210526 0.7245828226190477 0.35573833684210526 0.7227105154761905 0.358234746130031 0.7183418 0.35261782538699693 0.7064838547619047 0.34075988049535605 0.7083561619047619 0.33701526625387 0.710228469047619
25 0.3220368105263158 0.5829115904761905 0.3276537312693499 0.585408 0.3420080854489164 0.540472630952381 0.35261782538699693 0.5223736630952381 0.34762500619195047 0.5111398214285714 0.34325628978328176 0.5148844345238095 0.3220368105263158 0.5829115904761905
25 0.3507455182662539 0.5173808440476191 0.34388039256965947 0.6010105583333333 0.35199372260061923 0.6072515821428571 0.3588588489164087 0.5205013559523809 0.35199372260061923 0.5173808440476191 0.3507455182662539 0.5173808440476191
10 0.29332810216718264 0.5760464642857143 0.2902075907120743 0.5879044095238095 0.28459066934984517 0.605379275 0.28022195294117647 0.620357730952381 0.28084605572755417 0.6334638809523809 0.2920798978328173 0.6265987547619047 0.3083065585139319 0.5872803071428572 0.3226609126934984 0.5323593011904761 0.31891629845201236 0.5092675142857143 0.3108029678018576 0.49428905714285715 0.3001932278637771 0.5017782857142857 0.2864629764705882 0.515508536904762 0.2839665671826625 0.5261182773809524 0.28147015789473684 0.537352119047619 0.2752291343653251 0.5510823714285714 0.26212298513931886 0.5679331345238096 0.2558819616099071 0.5760464642857143 0.2490168359133127 0.595393638095238 0.2590024730650155 0.5997623535714286 0.2721086229102167 0.5822874880952381 0.28147015789473684 0.5648126226190476 0.29270399999999996 0.5504582690476191 0.30206553498452016 0.5410967333333333 0.2970727164086687 0.5641885202380953 0.29332810216718264 0.5760464642857143
10 0.2608747801857585 0.44935368928571434 0.2515132452012384 0.46433214523809524 0.23653478885448917 0.4849275226190476 0.22155633250773993 0.49990597857142854 0.2096983882352941 0.5217495607142857 0.21843582105263157 0.5342316071428571 0.2315419702786378 0.5279905845238095 0.2433999145510836 0.5173808440476191 0.2565060637770898 0.5011541833333334 0.2596265758513932 0.5030264904761905 0.25525785944272444 0.5148844345238095 0.24527222167182663 0.5298628916666667 0.2327901746130031 0.5485859619047619 0.2327901746130031 0.570429544047619 0.24277581238390095 0.5635644178571428 0.26149888297213625 0.5379762214285715 0.27335682724458205 0.5167567416666667 0.2783496458204334 0.5017782857142857 0.2833424650154799 0.46308394047619045 0.26836400866873067 0.44436087023809523 0.2608747801857585 0.44935368928571434
10 0.649066439009288 0.6434495178571429 0.6465700297213621 0.6103720940476192 0.6397049040247678 0.5729259535714285 0.6390808018575851 0.54546545 0.6365843925696594 0.5367280166666667 0.6153649126934985 0.5379762214285715 0.6197336291021672 0.5392244261904762 0.631591573374613 0.6434495178571429 0.649066439009288 0.6434495178571429
10 0.6715341238390093 0.622230038095238 0.6821438637770898 0.6097479916666667 0.6721582260061919 0.5492100642857143 0.6496905417956657 0.5273664821428571 0.6446977226006191 0.5354798119047619 0.6596761789473684 0.5891526142857143 0.6715341238390093 0.622230038095238
25 0.710330812383901 0.5756017047619048 0.7122787034055726 0.5704073297619048 0.6960462804953561 0.5340467035714286 0.6927997962848298 0.5421629142857143 0.710330812383901 0.5756017047619048
10 0.7524269349845201 0.58684905 0.766347199380805 0.5853837595238095 0.7597533900928793 0.5604738119047619 0.7443678340557276 0.5209109547619047 0.741437252012384 0.5077233357142857 0.7875939188854489 0.5685329130952381 0.7868612736842104 0.5333659285714286 0.7729410086687307 0.5113865630952381 0.7560901622291022 0.4857439702380953 0.7341107969040248 0.4637646047619048 0.7062702681114551 0.49600100714285716 0.7385066699690404 0.5729287857142857 0.7524269349845201 0.58684905
