1 0.4607209538114603 0.40196407395187567 0.5010580746724145 0.40321289904725216 0.49794843749998563 0.5036484374999987 0.45761131701465274 0.5023996210197726
1 0.5005079999535837 0.40133653871328456 0.540087774724384 0.40167675692705723 0.5392104831033748 0.5037316909925807 0.49963070835656254 0.503391475175683
1 0.5364525901952675 0.39935139452632684 0.5700069575848374 0.39849508336555295 0.5722653010863041 0.4869827565402663 0.5387109338785194 0.4878390625924188
1 0.6087168061684451 0.47748222806556495 0.5722312854506981 0.4821190496210459 0.5617206486482473 0.3994179178438401 0.5982057685631617 0.39478112203839083
9 0.4798625099956553 0.369175 0.47397812140161477 0.369175 0.4739781525024682 0.274925 0.4798624858066205 0.274925
9 0.5524818559825917 0.3592966338142933 0.5469498002671571 0.359038664674668 0.5500851698656106 0.2918045317685692 0.5556171875000473 0.292062500000002
1 0.6509043072777558 0.559771525057751 0.6139912387023969 0.562675634518711 0.6055183076507547 0.4549837495026647 0.6424307699924157 0.45207966380762776
0 0.6518907352128736 0.5862791509203058 0.6337629505405857 0.587473121723906 0.6309501059619151 0.5447692945213475 0.6490777564581549 0.5435753281712025
1 0.5808132249453593 0.48820421240437833 0.6124040925417376 0.48250155452716387 0.6301715427381396 0.5809193041369495 0.5985806876345805 0.5866219155933934
1 0.6064631870769972 0.6060829951715911 0.5705519790823246 0.6130971594269907 0.5489018535783998 0.5022616841065206 0.5848123971946961 0.49524758653248074
1 0.5310778188091945 0.5201116331557994 0.5585507767038962 0.5185864879370456 0.5640010179027968 0.6167542594604182 0.536528061061972 0.618279391681274
1 0.48465154554639867 0.5212004085488388 0.511321470027724 0.5196897289805961 0.516600696837827 0.6128818130558756 0.4899307734025342 0.6143924804614244
1 0.4539471853693158 0.5258370060668041 0.48649470495456626 0.5237603104096445 0.49211077312816087 0.6117711979400319 0.4595632551036033 0.6138478777568865
1 0.5044065802374007 0.5218141868131678 0.5335122448524316 0.5183799265608986 0.5439827305403924 0.6071099874434555 0.5148770705950483 0.6105442213405406
6 0.2686364932694687 0.4169030918547406 0.2991025351738017 0.3297171155591796 0.4858212801930222 0.3949598384482037 0.45535646851237743 0.48214478574275027
6 0.47775596680287435 0.5454065273615119 0.45746334717011905 0.6279752029341352 0.2674858706654959 0.5812877824349765 0.2877794086069798 0.49872052516920734
6 0.7210235444317732 0.3192455769774289 0.7520098218926705 0.38530699023267495 0.6193853700962109 0.44751111963406476 0.5883997486854469 0.3814502632284731
6 0.7443162922982083 0.5307354714519438 0.6542953146323498 0.5673038894605384 0.6186855627032628 0.47964850255268127 0.7087053578125051 0.44308035781250316