3 0.3155933207748376 0.3831040860947429 0.341271981444379 0.38517790538055285 0.33242214174390483 0.49475315178738416 0.30674348289085174 0.49267934786483547
3 0.3604379832469249 0.3746367169735228 0.38049927332554034 0.37420240928078485 0.3831046873009427 0.4945435832969207 0.36304339735090707 0.4949778874874319
3 0.4089393861394228 0.3721249920759909 0.42602695805408075 0.3714597776125613 0.4309303267834821 0.4974073092863659 0.41384275521102154 0.49807251816304465
3 0.4631062869281095 0.49882499811368214 0.4459261049764791 0.49970257508070925 0.4403647011868088 0.39083235363529023 0.45754462412730845 0.3899547833936366
3 0.5496651853745789 0.5176842324207495 0.5317572875566157 0.5184343418218026 0.5271076996705233 0.4074355784135744 0.5450153148703976 0.4066854749762231
3 0.5669025942486314 0.39077709536330363 0.586109088136368 0.39085894006219973 0.5855285739622786 0.5270799895507554 0.5663220800782938 0.5269981456339967
3 0.6128013136458321 0.3967926803806972 0.6319274081266713 0.3962090436995105 0.6349771780865012 0.4961458579415119 0.615851083792677 0.4967294906214843
3 0.6509485138942637 0.36304440607365784 0.6723433535389631 0.3616178778797866 0.678871325618843 0.45951855996059393 0.6574764868381635 0.4609450793485284
2 0.6939806568340146 0.6112049388340479 0.6732474627285683 0.6074618197424464 0.6862396059219691 0.5355063808983799 0.7069725397044522 0.5392494758014862
2 0.42251289595799335 0.6485835800969795 0.4038381629019341 0.646188881189185 0.41120341906560043 0.5887596573615217 0.4298779516882405 0.5911543432938133
9 0.4135814316368851 0.7337475269197632 0.40944742704539294 0.7333855991712233 0.41659887826642716 0.6517130753272803 0.4207328124999776 0.6520749999999963
9 0.3172451290953404 0.6399326514825248 0.32376835492141254 0.6442093743222953 0.2963138334998803 0.6860798262467542 0.2897906250000233 0.6818031249999909
9 0.30585903487747146 0.624188348089428 0.31062093314130834 0.6292548415000977 0.275895217274865 0.6618887602473269 0.27113334333080275 0.6568222904741451
2 0.3224388349071887 0.5604106502183543 0.3018497500303283 0.5718931596095939 0.27458676832054607 0.5230126349844383 0.29517570187852016 0.5115301781510492
6 0.4110574777320153 0.6009611506510258 0.4360799980950105 0.646280532887082 0.3484245050417485 0.694671537320828 0.32340250368156376 0.6493526025105334
6 0.5578333683791925 0.6739646597908825 0.5776115394746739 0.5788020069309837 0.7152424757197196 0.607403111134158 0.6954658036119099 0.7025644463699776
2 0.3348142044594624 0.6241781966047943 0.3192382703791736 0.625317487096647 0.31566596244340417 0.5764827280547334 0.3312417577058113 0.5753434426575261