2 0.3100281250773994 0.51718125 0.31070625015479875 0.5034515630952381 0.3100281250773994 0.49097031190476187 0.3039218749226006 0.49034687499999996 0.30086874984520123 0.4928421869047619 0.2978156247678019 0.49908281309523805 0.2971375003095975 0.5078203119047618 0.2964593752321981 0.5159328119047619 0.2893359374613003 0.5159328119047619 0.2767843752321982 0.5121890619047619 0.27203437523219814 0.5159328119047619 0.27067812507739936 0.523421875 0.27610468730650156 0.5352796880952381 0.2859437498452012 0.537776563095238 0.29340625015479876 0.540271875 0.3015468749226006 0.5415203119047619 0.3062968749226006 0.5390234380952381 0.3100281250773994 0.5302875 0.3100281250773994 0.51718125
0 0.30222656222910216 0.48847343690476186 0.3086718749226006 0.49034687499999996 0.31070625015479875 0.487225 0.31036718761609905 0.477240625 0.3083328123839009 0.4716234369047619 0.3056187498452012 0.47536875 0.30358281238390095 0.48036093690476195 0.30019062476780184 0.48348125000000003 0.2978156247678019 0.49159375000000005 0.2974765622291022 0.49471406309523813 0.30222656222910216 0.48847343690476186
1 0.3503968749226006 0.4784890630952381 0.34293281238390094 0.4866015630952381 0.3385234377708979 0.4953390619047619 0.3276687498452012 0.49346718809523804 0.32529374984520126 0.49221875 0.32156250030959754 0.487225 0.31850937523219813 0.4841046880952381 0.3151171876160991 0.480984375 0.31206406253869967 0.5028281250000001 0.31104531269349844 0.51718125 0.30968906253869966 0.5265421880952381 0.31172500000000003 0.54276875 0.3154562501547988 0.549009375 0.32122343777089785 0.5527531250000001 0.3259718749226006 0.549009375 0.3283468749226006 0.5483859369047619 0.33750625015479874 0.5527531250000001 0.34395156222910217 0.549009375 0.3456468749226006 0.5465125 0.35073593746130033 0.537776563095238 0.35311093746130034 0.5221734369047619 0.3541281250773994 0.5009546880952381 0.35311093746130034 0.4866015630952381 0.3503968749226006 0.4784890630952381
1 0.34836093746130037 0.5159328119047619 0.34869999999999995 0.5315359369047619 0.35073593746130033 0.5477609380952381 0.35718125015479874 0.5540015619047619 0.36430468730650156 0.5471375 0.36939374984520124 0.5359031249999999 0.3710890625386997 0.518429688095238 0.37075 0.4972109369047619 0.3700718749226006 0.4822328130952381 0.3660015622291022 0.4759921880952381 0.36159062476780185 0.473496875 0.3551453126934984 0.4716234369047619 0.3497171876160991 0.4791125 0.34869999999999995 0.497834375 0.34836093746130037 0.5159328119047619
1 0.36803593746130026 0.47536875 0.3670187498452012 0.487225 0.3670187498452012 0.5059484380952382 0.3670187498452012 0.5352796880952381 0.37142812507739936 0.5502578130952381 0.3778734377708978 0.5540015619047619 0.38431874984520126 0.553378125 0.38771093746130025 0.5477609380952381 0.39110312507739936 0.5371515630952381 0.3931390625386997 0.524670311904762 0.3938171876160991 0.50906875 0.3944953126934984 0.4972109369047619 0.3907640625386997 0.480984375 0.3853375003095975 0.471 0.3748203126934984 0.464759375 0.36803593746130026 0.47536875
8 0.39653125015479873 0.48972187500000003 0.4006015622291022 0.487225 0.4053515622291022 0.48785 0.41383281238390096 0.49346718809523804 0.4168843752321982 0.48472968690476187 0.41722499999999996 0.4622625 0.4168843752321982 0.44166875 0.4141718749226006 0.41608124999999996 0.4097609374613003 0.417953125 0.4053515622291022 0.434803125 0.40094062476780185 0.4529015630952381 0.39653125015479873 0.4759921880952381 0.39653125015479873 0.4822328130952381 0.39653125015479873 0.48972187500000003
2 0.41790312507739935 0.54214375 0.42095625015479876 0.524670311904762 0.42299062476780186 0.5134375 0.42638281238390097 0.5053234369047619 0.42740156222910214 0.4953390619047619 0.4240093752321981 0.48472968690476187 0.42129531269349846 0.49034687499999996 0.4185812501547988 0.49471406309523813 0.4182421876160991 0.49970781190476193 0.4168843752321982 0.5115640630952382 0.41620625015479873 0.5315359369047619 0.41790312507739935 0.54214375
0 0.4375781250773994 0.5134375 0.4375781250773994 0.5221734369047619 0.4358812501547988 0.532159375 0.43927343777089783 0.5290390619047619 0.44232656222910216 0.524046875 0.4426671876160991 0.519053125 0.44097031269349846 0.5096921869047619 0.4375781250773994 0.5134375
0 0.4358812501547988 0.5334078119047619 0.4365609374613003 0.519678125 0.43520312507739933 0.5078203119047618 0.4328281250773994 0.5140609380952381 0.4328281250773994 0.5221734369047619 0.434525 0.5290390619047619 0.4358812501547988 0.5334078119047619
8 0.4800343752321981 0.4168671880952381 0.4770531250773994 0.3775765619047619 0.4676171876160991 0.4004203130952381 0.4676171876160991 0.41778125 0.46513437523219814 0.44519218690476187 0.4666234377708978 0.4716890619047619 0.47208750030959756 0.4835671880952381 0.4790406247678019 0.4808265619047619 0.4840078123839009 0.46803437499999995 0.4830140625386997 0.4506734369047619 0.4800343752321981 0.4168671880952381
8 0.5078468749226006 0.490878125 0.5192703126934984 0.510065625 0.5212562501547988 0.505496875 0.5262234377708979 0.48448125 0.5306937498452012 0.4698625 0.5356609374613003 0.4415375 0.5361562501547987 0.411384375 0.5381437498452013 0.357475 0.5267203126934985 0.3465109369047619 0.5177796873065016 0.38031875000000004 0.5068531250773994 0.4223484380952381 0.5043703126934984 0.470775 0.5013906247678018 0.4799125 0.5078468749226006 0.490878125
2 0.5227468749226006 0.4972734369047619 0.5257265622291022 0.519203125 0.5331765622291021 0.54113125 0.5406265622291022 0.5520953130952381 0.5475796873065015 0.5566640619047619 0.5540374996904025 0.543871875 0.5555265622291021 0.5237703130952381 0.5530437498452012 0.510065625 0.5470828123839009 0.4899640630952381 0.5446 0.47534375 0.5421171876160991 0.45158750000000003 0.5361562501547987 0.4433640630952381 0.5331765622291021 0.4506734369047619 0.5306937498452012 0.46803437499999995 0.5306937498452012 0.47717187499999997 0.5267203126934985 0.486309375 0.5227468749226006 0.4972734369047619
9 0.5442218749226007 0.4487984369047619 0.5452406247678019 0.42816875 0.5454953126934984 0.4047234380952381 0.54575 0.36486875 0.5437109374613003 0.38643750000000004 0.5411624996904025 0.40706875 0.53785 0.42160312499999997 0.5353 0.4389515619047619 0.5388687498452012 0.441296875 0.5421828123839009 0.4145703119047619 0.540907812383901 0.444109375 0.5442218749226007 0.4487984369047619
1 0.6461484377708979 0.625709375 0.654592187616099 0.6293640630952381 0.6600546873065015 0.626623436904762 0.6729687498452012 0.6193140630952381 0.6848874996904024 0.6028671869047619 0.6913453126934985 0.5772828130952381 0.6903515622291021 0.5608359380952381 0.6853843752321982 0.5480437499999999 0.6759484377708979 0.5489578130952382 0.666015624767802 0.554440625 0.6590609374613002 0.564490625 0.6516109374613003 0.5745421869047619 0.6476390625386996 0.5937296880952381 0.6431687498452012 0.616571875 0.6461484377708979 0.625709375
1 0.5930046873065016 0.625709375 0.5930046873065016 0.6439843749999999 0.5959859374613004 0.6695671880952381 0.6019453126934984 0.6933250000000001 0.6153546873065016 0.700634375 0.6307515622291021 0.700634375 0.6391953126934985 0.68875625 0.6461484377708979 0.67048125 0.6491281250773995 0.647639063095238 0.6451546873065015 0.6220546880952381 0.6377046873065016 0.601953125 0.6292625003095975 0.6056078119047619 0.6193281250773994 0.6174859369047618 0.6128718749226006 0.6120046880952381 0.5994625003095975 0.6138312499999999 0.5930046873065016 0.625709375
1 0.567675 0.6997203119047618 0.5795953126934984 0.7189078119047619 0.5885359374613003 0.71799375 0.5930046873065016 0.713426561904762 0.597475 0.69880625 0.5989656247678018 0.6832734369047619 0.597475 0.66043125 0.5954890625386997 0.634846875 0.5880390625386996 0.624795311904762 0.5766156247678018 0.614745311904762 0.5671781250773994 0.6229687500000001 0.5572453126934984 0.626623436904762 0.5622124996904025 0.671395311904762 0.567675 0.6997203119047618
1 0.5646953126934985 0.6841875 0.5627093752321981 0.6549484369047619 0.560225 0.6293640630952381 0.5557562501547988 0.6184000000000001 0.5473124996904024 0.615659375 0.537875 0.6220546880952381 0.5368828123839009 0.644896875 0.544332812383901 0.6695671880952381 0.552775 0.697892188095238 0.5617156247678019 0.700634375 0.5646953126934985 0.6841875
1 0.5368828123839009 0.67505 0.5408562501547988 0.6631718750000001 0.5408562501547988 0.641242188095238 0.5413515622291022 0.624795311904762 0.5373796873065015 0.606521875 0.5269484377708978 0.601953125 0.5160218749226007 0.6092625 0.5150296873065016 0.6238828130952381 0.5130421876160991 0.6531203119047619 0.5185062501547988 0.667740625 0.5234718749226006 0.677790625 0.5314187498452012 0.6851015619047619 0.5368828123839009 0.67505
2 0.40178906253869967 0.648553125 0.40327968730650154 0.6613437499999999 0.40824687492260064 0.6659125 0.41122656222910214 0.66043125 0.4127156247678019 0.6503796869047619 0.4087421876160991 0.641242188095238 0.4037765622291022 0.6385015630952381 0.40178906253869967 0.648553125
0 0.4003968749226006 0.6447812500000001 0.4017875003095975 0.6417984369047619 0.40456718761609906 0.638814063095238 0.4080437498452012 0.642225 0.40665312507739937 0.63583125 0.40503125015479874 0.6277312500000001 0.4052625003095975 0.620059375 0.4034093752321981 0.6128125000000001 0.40109218761609905 0.616223436904762 0.4001656247678018 0.6213375 0.4003968749226006 0.6332734369047619 0.4003968749226006 0.6447812500000001
0 0.3980796873065015 0.6277312500000001 0.39437343777089784 0.6285843750000001 0.3913609374613003 0.631142186904762 0.38649531269349846 0.6319937499999999 0.38093437523219814 0.637109375 0.3793124996904025 0.6447812500000001 0.37838593746130034 0.655864063095238 0.3786171876160991 0.6652421869047619 0.38186093746130034 0.6737671880952381 0.3860312501547988 0.672914063095238 0.3885812501547988 0.66993125 0.39251874984520124 0.6635375 0.39460468730650156 0.65714375 0.39645781238390093 0.651175 0.3980796873065015 0.64051875 0.3980796873065015 0.6277312500000001
9 0.38000781238390097 0.7257703119047619 0.3820937498452012 0.7070140630952381 0.3841781250773994 0.6874078119047619 0.38047187492260065 0.687832811904762 0.3802390625386997 0.6976375 0.3786171876160991 0.7146874999999999 0.37699531269349845 0.7308843749999999 0.3702765622291022 0.767115625 0.37699531269349845 0.7419671869047619 0.38000781238390097 0.7257703119047619
8 0.3577640625386997 0.6490437499999999 0.3519718749226006 0.6550125 0.3489609374613003 0.6678 0.3436312501547988 0.6805875 0.3436312501547988 0.69550625 0.34617968730650156 0.7014734369047619 0.3508140625386997 0.7006203119047619 0.35660625015479874 0.695079686904762 0.3617031250773994 0.6831437499999999 0.3658734377708978 0.6750453130952381 0.3679593752321982 0.6648156249999999 0.3702765622291022 0.652028125 0.36541093746130027 0.6507499999999999 0.3577640625386997 0.6490437499999999
8 0.3283390625386997 0.6524546869047618 0.3206937498452012 0.6494703119047619 0.3179125003095975 0.652028125 0.31629062476780184 0.662684375 0.3165218749226006 0.6758984369047619 0.3179125003095975 0.687832811904762 0.3206937498452012 0.690390625 0.32486406253869965 0.688685938095238 0.32857031269349846 0.683996875 0.33135156222910217 0.6780296880952381 0.33250937523219815 0.6678 0.3336687498452013 0.654585938095238 0.3294984377708979 0.6550125 0.3283390625386997 0.6524546869047618
6 0.5651041665634675 0.5221354166666666 0.6002604167182662 0.5091145833333334 0.598958333126935 0.4427083333333333 0.5585937498452013 0.4427083333333333 0.5651041665634675 0.5221354166666666
