0 0.2894109374613003 0.564678125 0.28224531269349845 0.572303125 0.27771874984520123 0.5813125 0.2754562501547988 0.5958671869047619 0.27507812507739937 0.6062640630952382 0.2807359374613003 0.6138874999999999 0.2886562501547988 0.613195311904762 0.29280468730650155 0.597946875 0.2931828123839009 0.56814375 0.2894109374613003 0.564678125
2 0.5839828123839009 0.6118093750000001 0.5817203126934984 0.618046875 0.5843609374613004 0.628442186904762 0.5873781250773994 0.6332937500000001 0.5907718749226006 0.639532811904762 0.5949218749226006 0.639532811904762 0.5998249999999999 0.635373436904762 0.6062359374613003 0.628442186904762 0.6092546873065016 0.616660938095238 0.6051046873065016 0.604878125 0.6017109374613003 0.6062640630952382 0.5990703126934984 0.613195311904762 0.5968078123839009 0.618046875 0.5922812501547987 0.615967188095238 0.5900187498452012 0.613195311904762 0.5839828123839009 0.6118093750000001
2 0.6854437498452012 0.6034921880952381 0.6888375003095976 0.611115625 0.6967578123839009 0.604184375 0.6956265622291021 0.6014125 0.6956265622291021 0.597253125 0.6941187498452012 0.5944812500000001 0.6892156247678018 0.5944812500000001 0.686575 0.599332811904762 0.6854437498452012 0.6034921880952381
2 0.7118453126934985 0.5806203119047619 0.7122218749226006 0.5965609369047619 0.7220296873065015 0.5903234380952381 0.7284406247678018 0.58200625 0.7352296873065015 0.5806203119047619 0.7408874996904025 0.5729953119047619 0.74315 0.5639859380952381 0.7397562501547987 0.5542828119047619 0.7363609374613003 0.545965625 0.7325890625386996 0.545965625 0.7303265622291022 0.552203125 0.72995 0.564678125 0.7239140625386996 0.5626 0.7205203126934984 0.558440625 0.7167484377708979 0.565371875 0.7186343752321982 0.575075 0.7118453126934985 0.5806203119047619
0 0.7095828123839009 0.663096875 0.7024156247678018 0.6651765619047619 0.699775 0.6679484380952381 0.6948718749226007 0.6804234369047619 0.6952499999999999 0.6929 0.7020390625386996 0.7026031250000001 0.7039249999999999 0.69844375 0.7073187498452012 0.6915140630952381 0.7126 0.6908203119047618 0.7197656247678018 0.685275 0.7227828123839009 0.6741859369047619 0.7205203126934984 0.6644828119047619 0.7152390625386996 0.6624046880952381 0.7095828123839009 0.663096875
0 0.6893921876160991 0.6909609369047619 0.6922031250773993 0.6987078119047619 0.6947781250773993 0.703440625 0.6957156247678018 0.700859375 0.6954812501547988 0.693542188095238 0.6938421876160991 0.682784375 0.6903296873065016 0.685365625 0.6893921876160991 0.6909609369047619
2 0.6706562501547988 0.679771875 0.6678468749226006 0.681923436904762 0.6648015622291021 0.6870875 0.6612890625386997 0.68450625 0.6575421876160991 0.6905296880952381 0.6605859374613003 0.7025796880952381 0.6671437498452012 0.7086046880952381 0.6753406247678019 0.7030109380952381 0.6807265622291021 0.696554686904762 0.6833031250773993 0.6909609369047619 0.6828343752321983 0.6857968750000001 0.6811953126934984 0.6776203130952381 0.6746374996904024 0.679771875 0.6706562501547988 0.679771875
0 0.6467687498452013 0.727540625 0.6495796873065015 0.7284015630952381 0.6547312501547988 0.72280625 0.6566046873065016 0.7193640619047619 0.6573078123839009 0.712478125 0.6570734377708979 0.704732813095238 0.6479390625386996 0.6995671880952381 0.6425531250773994 0.698276561904762 0.641617187616099 0.707314061904762 0.6420843752321981 0.7172124999999999 0.6437234377708979 0.7232375 0.6467687498452013 0.727540625
0 0.636932812383901 0.7025796880952381 0.6345906247678019 0.708175 0.6366984377708979 0.71678125 0.6402109374613003 0.7258187500000001 0.6413828123839009 0.7258187500000001 0.6425531250773994 0.721515625 0.6399765622291022 0.713339063095238 0.6385718749226006 0.706023436904762 0.636932812383901 0.7025796880952381
2 0.6320140625386997 0.720225 0.6324828123839009 0.713339063095238 0.6334203126934984 0.706884375 0.6301406247678019 0.7103265619047618 0.6270968749226006 0.7086046880952381 0.6231156247678018 0.706884375 0.6193671876160991 0.707745311904762 0.6153859374613003 0.708175 0.6114046873065015 0.7086046880952381 0.6074234377708978 0.7120484380952381 0.6076578123839009 0.7150609369047619 0.6111703126934985 0.71979375 0.6186656247678018 0.7223765619047618 0.621475 0.721515625 0.6247546873065015 0.727540625 0.628032812383901 0.72883125 0.6310781250773995 0.7266796869047619 0.6320140625386997 0.720225
0 0.6060187498452012 0.7408812499999999 0.6083609374613004 0.745615625 0.6095312501547988 0.74389375 0.6102343752321981 0.7404515619047619 0.6102343752321981 0.7348562500000001 0.6097656247678018 0.7279703130952381 0.6085953126934984 0.724528125 0.6069562501547987 0.7193640619047619 0.6050812501547987 0.730553125 0.6050812501547987 0.7352875 0.6050812501547987 0.7374390630952381 0.6060187498452012 0.7408812499999999
0 0.6003984377708979 0.717642188095238 0.5987593752321981 0.724528125 0.5982906247678019 0.7339953130952381 0.5996953126934984 0.738729688095238 0.6032078123839009 0.743032813095238 0.6050812501547987 0.7365781250000001 0.6043796873065016 0.72883125 0.6027406247678019 0.721946875 0.6003984377708979 0.717642188095238
0 0.5779156247678019 0.730982811904762 0.5746359374613004 0.7253890630952381 0.5729968749226007 0.7296921880952381 0.5729968749226007 0.7339953130952381 0.5732312501547987 0.7400203119047619 0.5746359374613004 0.74389375 0.5765109374613003 0.7413124999999999 0.5788515622291022 0.73786875 0.5779156247678019 0.730982811904762
0 0.5690156247678019 0.7223765619047618 0.567142187616099 0.7266796869047619 0.5659718749226006 0.73184375 0.5673765622291022 0.737007813095238 0.5694843752321982 0.7421734369047619 0.5699531250773994 0.746045313095238 0.5701875003095975 0.7339953130952381 0.5713578123839009 0.72625 0.5690156247678019 0.7223765619047618
0 0.35847500000000004 0.71678125 0.3575375003095975 0.71075625 0.3537906247678018 0.7025796880952381 0.34934062476780187 0.7017203119047619 0.34184687492260063 0.6969859369047618 0.3352890625386997 0.692251563095238 0.33201093746130034 0.693542188095238 0.3249843752321982 0.700859375 0.32475000000000004 0.7090359380952381 0.32381406253869965 0.7172124999999999 0.3263890625386997 0.730123438095238 0.33201093746130034 0.7365781250000001 0.3369281250773994 0.736148436904762 0.34653125015479874 0.7357171869047618 0.3530875003095975 0.72883125 0.3563671876160991 0.7223765619047618 0.35847500000000004 0.71678125
0 0.3142109374613003 0.704732813095238 0.31187031269349846 0.7051625 0.3104640625386997 0.706453125 0.3102296873065015 0.7103265619047618 0.3109328123839009 0.720654688095238 0.31210468730650154 0.721515625 0.3160859374613003 0.720225 0.317725 0.717642188095238 0.3186609374613003 0.7146296869047619 0.322175 0.7043015630952381 0.3217062501547988 0.697846875 0.3184265622291022 0.6987078119047619 0.3156171876160991 0.7025796880952381 0.3142109374613003 0.704732813095238
0 0.2746328123839009 0.6771890630952381 0.2701828123839009 0.667721875 0.2664359374613003 0.673315625 0.2647968749226006 0.681923436904762 0.263625 0.6896703119047619 0.26667031269349845 0.6905296880952381 0.27112031269349846 0.6870875 0.27439843777089784 0.6810625 0.2746328123839009 0.6771890630952381
2 0.30086249969040246 0.6715953119047618 0.2966468749226006 0.672025 0.2926656247678019 0.6741765630952381 0.2907921876160991 0.672885936904762 0.28798125015479875 0.673315625 0.2830640625386997 0.672885936904762 0.28072187492260064 0.673746875 0.2790828123839009 0.6849359369047618 0.2790828123839009 0.6896703119047619 0.2851718749226006 0.695264063095238 0.29500781238390095 0.6991375 0.3034390625386997 0.7043015630952381 0.3102296873065015 0.7051625 0.31327499999999997 0.7043015630952381 0.3149140625386997 0.6999984380952381 0.3174906247678018 0.6926828119047619 0.3170218749226006 0.6866578130952381 0.3160859374613003 0.6866578130952381 0.31140156222910215 0.6840750000000001 0.30671718761609906 0.6823531249999999 0.3078890625386997 0.679340625 0.3078890625386997 0.672885936904762 0.30086249969040246 0.6715953119047618
0 0.2598781250773994 0.680632811904762 0.25613125015479876 0.686226563095238 0.25496093746130033 0.6918218749999999 0.25472656222910217 0.7004281250000001 0.2558968749226006 0.706884375 0.26339062476780184 0.6750375000000001 0.26081562476780185 0.67848125 0.2598781250773994 0.680632811904762
2 0.25730156222910217 0.7043015630952381 0.2629234377708978 0.691390625 0.2669046873065015 0.6763281250000001 0.2596437498452012 0.6758984369047619 0.25402343777089786 0.6832140630952381 0.25215 0.6892390619047619 0.25215 0.6987078119047619 0.2528531250773994 0.704732813095238 0.25355468730650155 0.7086046880952381 0.25730156222910217 0.7043015630952381
11 0.7787295826625387 0.6522564761904762 0.7620657783281733 0.6938992773809525 0.7974765021671827 0.7615688297619048 0.8047669263157895 0.7168028666666667 0.8205728928792569 0.7046875011904762 0.7985180594427244 0.6137368773809524 0.7787295826625387 0.6522564761904762
11 0.7276964532507739 0.4888084738095238 0.7506092835913313 0.47423351785714285 0.7683146458204334 0.47423351785714285 0.7631071770897833 0.41697466666666666 0.7268228928792569 0.38697916785714287 0.7151985603715171 0.43259071666666665 0.7276964532507739 0.4888084738095238
11 0.17570469102167183 0.44404247142857145 0.18195371702786378 0.4638228178571429 0.20382506934984518 0.4825620702380953 0.24027735046439627 0.43259071666666665 0.22777937770897833 0.3670033130952381 0.21119789287925694 0.37526041785714287 0.19445160990712076 0.3940711178571429 0.17570469102167183 0.44404247142857145
11 0.155916373374613 0.6918171690476191 0.16112384210526318 0.7397063749999999 0.18716118575851393 0.7136796238095239 0.20590802538699693 0.6772421738095238 0.16432289287925694 0.6213541678571428 0.12883747244582044 0.6918171690476191 0.155916373374613 0.6918171690476191
