2 0.3777281250773994 0.5451671869047618 0.3712468749226006 0.5396328119047619 0.36408281238390094 0.5417078119047619 0.35828437523219814 0.547934375 0.3572609374613003 0.5576187499999999 0.3610125003095975 0.5728375 0.3671531250773994 0.5769875 0.37090468730650156 0.576296875 0.3777281250773994 0.5679953119047619 0.3807968749226006 0.5569265619047619 0.3777281250773994 0.5451671869047618
2 0.3869375003095975 0.5382484369047619 0.38352656222910214 0.52925625 0.3780687498452013 0.534790625 0.3753390625386997 0.541015625 0.37704531269349845 0.548625 0.3804562501547987 0.55346875 0.38147968730650156 0.563153125 0.3855734377708978 0.5603859369047619 0.38762031269349845 0.55554375 0.3869375003095975 0.5382484369047619
2 0.39819374984520123 0.5299484369047619 0.39580625015479876 0.523721875 0.3927359374613003 0.519571875 0.3889843752321981 0.5216468750000001 0.38523125015479875 0.5244140619047619 0.3859140625386997 0.5320234380952381 0.3869375003095975 0.5437828130952381 0.3910312501547988 0.552084375 0.39444218761609906 0.5527765630952381 0.40160468730650156 0.55346875 0.40910937523219815 0.556234375 0.41320312507739937 0.5527765630952381 0.4179781250773994 0.5451671869047618 0.41866093746130034 0.5278734369047619 0.41559062476780184 0.5161125 0.4108156247678018 0.5112703130952381 0.40569843777089787 0.5147296880952381 0.4036515622291022 0.5188796880952381 0.40092343777089784 0.525796875 0.39819374984520123 0.5299484369047619
1 0.6008140625386997 0.5126546869047619 0.6004734377708978 0.5202640630952381 0.5997906247678019 0.538940625 0.6032015622291022 0.55346875 0.609342187616099 0.5617687499999999 0.6223046873065016 0.570070313095238 0.6318562501547987 0.567303125 0.635607812383901 0.5444749999999999 0.6369718749226005 0.5181875 0.635607812383901 0.5091953130952381 0.6315140625386997 0.5071203130952381 0.6233281250773994 0.50504375 0.6168468749226006 0.5085031250000001 0.6117296873065016 0.510578125 0.6072953126934985 0.5091953130952381 0.6008140625386997 0.5126546869047619
2 0.6495937498452012 0.534790625 0.6441359374613004 0.5375578119047619 0.6417484377708979 0.5278734369047619 0.6383359374613002 0.523721875 0.6339015622291022 0.5299484369047619 0.6311734377708978 0.5437828130952381 0.6318562501547987 0.5569265619047619 0.634925 0.565228125 0.6420890625386996 0.5666109369047619 0.6499343752321981 0.565228125 0.656075 0.5742203119047619 0.6663078123839009 0.58390625 0.6669906247678019 0.5776796869047619 0.6686953126934984 0.5742203119047619 0.6738124996904025 0.5769875 0.6751765622291022 0.569378125 0.6714249999999999 0.558310938095238 0.6673312501547988 0.5513921880952382 0.6639203126934985 0.5444749999999999 0.6605093752321982 0.5403249999999999 0.6543687498452012 0.534790625 0.6495937498452012 0.534790625
9 0.6299312501547988 0.45787812499999997 0.631725 0.45683906309523814 0.6322374996904025 0.44904375 0.6350562501547987 0.440728125 0.63685 0.401746875 0.6312125003095975 0.4350109369047619 0.6255734377708978 0.4635953130952381 0.6171171876160991 0.5030953119047619 0.6227546873065015 0.503615625 0.6248046873065015 0.4895828130952381 0.6278812501547988 0.4646359380952381 0.6299312501547988 0.45787812499999997
2 0.6899015622291023 0.6501796880952381 0.6932328123839009 0.6569359380952381 0.6970765622291022 0.6616140630952381 0.7006640625386997 0.66109375 0.7060468749226007 0.659534375 0.7114281250773994 0.655896875 0.7134781250773994 0.646021875 0.7116843752321981 0.6366671869047619 0.7106593752321982 0.628351563095238 0.7039968749226005 0.6267921869047619 0.7006640625386997 0.62783125 0.6950265622291022 0.6262718749999999 0.6922078123839009 0.628351563095238 0.6899015622291023 0.6325093749999999 0.6906703126934985 0.64134375 0.6899015622291023 0.6501796880952381
2 0.6458203126934984 0.6553765619047619 0.6488953126934985 0.66109375 0.6535093752321981 0.6626531250000001 0.6560718749226007 0.65745625 0.6576093752321981 0.6621343749999999 0.6614531250773994 0.658495311904762 0.660684375232198 0.640825 0.6568406247678018 0.628351563095238 0.6514578123839009 0.6257531249999999 0.6468453126934984 0.6267921869047619 0.6440265622291023 0.6319890630952381 0.6432578123839009 0.6444624999999999 0.644282812383901 0.65121875 0.6458203126934984 0.6553765619047619
0 0.6155796873065016 0.643423438095238 0.6191671876160991 0.652259375 0.6222421876160991 0.6548578119047619 0.6242921876160991 0.6496609380952381 0.6245484377708979 0.642384375 0.6209609374613003 0.6371859369047619 0.6178859374613004 0.635628125 0.6155796873065016 0.643423438095238
2 0.3172671876160991 0.6205546869047619 0.3106031250773994 0.6205546869047619 0.30752812507739935 0.61795625 0.3021453126934984 0.6184765619047619 0.2977890625386997 0.6200359369047619 0.29420156222910215 0.6184765619047619 0.2916390625386997 0.6184765619047619 0.28933125015479877 0.6257531249999999 0.2898437498452012 0.63095 0.289075 0.6387453130952381 0.29112656222910216 0.649140625 0.29292031269349844 0.65745625 0.2990703126934985 0.6616140630952381 0.3034281250773994 0.660575 0.3106031250773994 0.6642125 0.31419062476780185 0.66369375 0.3170109374613003 0.659534375 0.32034218761609906 0.6543375 0.3211109374613003 0.643423438095238 0.3221359374613003 0.6366671869047619 0.32059843777089786 0.629390625 0.3218796873065015 0.6221140619047619 0.3172671876160991 0.6205546869047619
6 0.3429304755417957 0.6223108976190477 0.3465276482972136 0.6355005309523809 0.3615158681114551 0.6372991178571429 0.37350644458204335 0.6343014738095237 0.3872956068111455 0.6283061857142858 0.372307386996904 0.6175146666666667 0.35492105139318886 0.618713725 0.3429304755417957 0.6223108976190477
13 0.35900765263157897 0.7157537892857143 0.45378356718266255 0.6959502845238096 0.543352013003096 0.6907388404761905 0.6485428650154799 0.7042886273809523 0.7245719399380804 0.7074154464285715 0.7714391585139319 0.6886542952380952 0.7131154452012384 0.6917811130952382 0.6672897845201239 0.6855273964285715 0.6225055219814242 0.6740622345238095 0.5725138699690403 0.6740622345238095 0.49544331702786376 0.6678085178571429 0.42253875541795666 0.6678085178571429 0.36109060866873066 0.6855273964285715 0.32359684953560375 0.6876120214285715 0.27881258699690403 0.6688507904761904 0.23819431517027864 0.6605124476190477 0.24131882848297215 0.678231405952381 0.29131055975232195 0.6886542952380952 0.35900765263157897 0.7157537892857143
13 0.7631071770897833 0.5323109238095238 0.7651901325077399 0.5156343178571429 0.647501466873065 0.48853482380952384 0.5287710848297213 0.4739427630952381 0.4548250452012384 0.4822810666666667 0.36942259009287925 0.4947885404761905 0.28297857770897833 0.5114651464285714 0.28089562229102166 0.5375223690476191 0.40275035789473684 0.5114651464285714 0.4944018390092879 0.48853482380952384 0.5787628160990712 0.4989577119047619 0.6683313417956657 0.5166765916666667 0.740194346130031 0.5291840654761905 0.7631071770897833 0.5323109238095238
