0 0.40817938955729005 0.5379782935125801 0.4190238139334497 0.5382337205577494 0.417883405677685 0.5866463791194233 0.40703898133540406 0.5863909531349237
2 0.6474798578158243 0.598344069261913 0.6223988737528998 0.5976176883333126 0.6244570513644021 0.5265640219853186 0.649537726723679 0.5272903984077748
2 0.6994780209298597 0.6027017079106416 0.6626242162718654 0.599850499979042 0.6685168869744302 0.5236952686299254 0.7053702029380702 0.5265464573655774
0 0.6537414274432649 0.5344437678478827 0.6756457724441134 0.5375932748049339 0.6677730989047177 0.5923413395085546 0.6458687570933535 0.5891918475012315
9 0.6385734403145307 0.5297203127351982 0.632224059256373 0.5291897154925572 0.639046008849391 0.4475615935194399 0.6453953124999998 0.4480921875000014
6 0.7001953125 0.5781250000000249 0.670419465762393 0.5346098292513042 0.732421875 0.4921874999999945 0.7621976620068835 0.535702411888464
10 0.7888525830052231 0.6735230906089297 0.7534052864173191 0.6980607461421284 0.6910734835370249 0.6080267112424044 0.7265202372771 0.5834893190603764
10 0.810112996585076 0.6414703505756884 0.7744484130795399 0.6701843938984403 0.7045702662028361 0.5834012425314752 0.740234375 0.5546874999999839
6 0.7050779027857743 0.6035153247500152 0.740560380699776 0.6514580743720767 0.6566825855272782 0.7135273707315251 0.6212006677461659 0.6655851279397104
6 0.3803967422486494 0.6556377768600801 0.35627975326360684 0.7253027322775536 0.2463308104704538 0.6872444083856423 0.270448203421779 0.6175802853409414
10 0.42247885168626453 0.8354650273557339 0.38898943379774664 0.834583870580351 0.39340819139897576 0.6667056844300169 0.4268963446240832 0.6675868247457977
10 0.3833012318295914 0.5586651731933938 0.3541841290744969 0.5609551160235907 0.3427459441056726 0.41552392926124476 0.37186241879066984 0.4132340112646786
10 0.3859272500599218 0.4039835280966136 0.40484839006705897 0.4023383102831427 0.4161677364525076 0.5325105979061445 0.39724659856551625 0.5341558005312633
10 0.3824220247284984 0.45436365968670034 0.3966222121003966 0.45324268169695375 0.4039675493536379 0.5462842743407501 0.38976736297001935 0.5474052443605321
10 0.37103448107814074 0.4330471525651232 0.3815704491037195 0.43190478040947416 0.39296466209259506 0.5369851882798654 0.38242869555028847 0.5381275515332172