0 0.552249888136771 0.5619704357778074 0.5326288525815244 0.5632690243610171 0.5284275085467698 0.4997928555913617 0.5480483427775198 0.4984942736950323
0 0.5826109934413353 0.5571218742001163 0.5696159268252359 0.5573076856951722 0.5688219914684396 0.5017833285747656 0.5818169423099562 0.5015975179047234
1 0.6161409625651686 0.5674810168973935 0.5843264568312634 0.5709401377521779 0.5767259214595697 0.5010402116083719 0.6085400655798594 0.49758111060939353
1 0.6503470317038591 0.5646682690913719 0.6137881627003026 0.5693243734172007 0.6053735489715564 0.5032586505802583 0.6419320275689415 0.49860257137971425
1 0.6385902984417271 0.5557661381990783 0.6442108046835529 0.49920064961878063 0.6965915995609748 0.5044049231000018 0.6909713532681963 0.5609701727337496
9 0.6857436926719629 0.40607655361764494 0.6900772698355695 0.4067479944061281 0.6781444298019323 0.4837597938442599 0.673810853445616 0.48308835661832417
2 0.6927916269103207 0.4828820267469664 0.7280180593648993 0.4818139454462947 0.7294058530361553 0.5275813476192259 0.694179420768819 0.5286494251542371
2 0.7573984131482803 0.4683874802584085 0.770348305658672 0.4788857408824437 0.7501457575669974 0.5038043170481726 0.7371958875918381 0.49330608139299625
2 0.7293142833001411 0.5283049288079623 0.7475843009017353 0.5396291254719664 0.7232574206885829 0.5788734818331464 0.704987436824922 0.5675493292380759
0 0.6136161446536335 0.6514078338337701 0.593772289724825 0.6544061839433305 0.5861377027418939 0.6038839516246426 0.6059813687378437 0.6008856159509758
1 0.5468084878642685 0.6004838998337413 0.5894595421625581 0.5920452604894483 0.6004656623485971 0.6476666496349801 0.5578146222569558 0.6561052434463421
9 0.5742923586087727 0.7563124935394121 0.5650112786430554 0.7566629212073559 0.5606316453470299 0.640683235955602 0.5699125000001004 0.6403328124999982
10 0.3513269419236167 0.618017378762499 0.37636313297332435 0.6223591350842048 0.35849128906170336 0.725401162759103 0.3334551097465237 0.7210594528505084
10 0.3341166389745922 0.6957659265426862 0.31768407101958474 0.6919347470180686 0.337335717554879 0.6076575507025519 0.3537680133310914 0.6114886971099732
6 0.7262381737027681 0.5881863033626555 0.7385542815846975 0.6637099812569844 0.6145259967878474 0.6839323719885664 0.60221092590632 0.6084096227076305
6 0.29688503584930004 0.6159852619997285 0.2939453125 0.680664062499993 0.2136334882943629 0.6770136392872853 0.21657369828074025 0.6123353453070668
7 0.6087225076136065 0.43631801660955705 0.5873356858988927 0.4008094687114479 0.63214979830218 0.37381923936495454 0.6535366144188401 0.4093276743712178
7 0.41854434971116916 0.3964245356566889 0.39622987823406675 0.4030488748002482 0.3761102046075848 0.3352771014168777 0.39842451072297536 0.32865278849143886
7 0.5702865451031585 0.3153508223441644 0.5860534010541869 0.3196507013363287 0.573777622905709 0.36466216497428494 0.5580107710388802 0.3603622962827756
7 0.6425796201566527 0.3951036250532812 0.6494591841180863 0.38785960985320256 0.6724912638605929 0.40973186539999357 0.6656117143137408 0.4169758664912079
6 0.29585924062803315 0.5428548189011028 0.291243441204756 0.4520703493993092 0.39024914953267853 0.4470369719676139 0.3948655921706177 0.5378207502192074
6 0.4128027974718407 0.480077720853512 0.44847091212227497 0.47949304700984174 0.4497767859375017 0.5591517859374997 0.41410867136960405 0.5597364561023438
10 0.41761452697312507 0.5277647680958334 0.38966662341420033 0.5301601681625583 0.37338272653778404 0.34017762849469946 0.4013299440028959 0.33778225757062164
10 0.2978515625 0.6611328125 0.3115234375 0.6611328125 0.3115234375 0.6826171875 0.2978515625 0.6826171875