7 0.4037906628876726 0.38597343749999996 0.38270620837829483 0.38597343749999996 0.3827062999463351 0.31494062500000003 0.4037905950415279 0.31494062500000003
0 0.552249888136771 0.5619704357778074 0.5326288525815244 0.5632690243610171 0.5284275085467698 0.4997928555913617 0.5480483427775198 0.4984942736950323
0 0.5826109934413353 0.5571218742001163 0.5696159268252359 0.5573076856951722 0.5688219914684396 0.5017833285747656 0.5818169423099562 0.5015975179047234
1 0.6161409625651686 0.5674810168973935 0.5843264568312634 0.5709401377521779 0.5767259214595697 0.5010402116083719 0.6085400655798594 0.49758111060939353
1 0.6503470317038591 0.5646682690913922 0.6137881627004163 0.5693243734171657 0.6053735489714427 0.5032586505802297 0.6419320275688278 0.498602571379751
1 0.6385902984417271 0.5557661381990783 0.6442108046835529 0.49920064961878063 0.6965915995609748 0.5044049231000018 0.6909713532681963 0.5609701727337496
9 0.6857436926719629 0.40607655361764494 0.6900772698355695 0.4067479944061281 0.6781444298019323 0.4837597938442599 0.673810853445616 0.48308835661832417
7 0.6731448873169938 0.44943279480659704 0.6232430132641866 0.43385881519696406 0.6435576099748914 0.3687712275760037 0.6934590929017759 0.38434514193494274
7 0.6080522790661007 0.3688218552528258 0.6331315586922983 0.3658543637859337 0.6389868400121941 0.4153371106269356 0.6139075619291816 0.41830459328937825
2 0.7298427169273509 0.5254445181226026 0.6959851076079531 0.5299104327638062 0.6900505057316195 0.4849209299011599 0.723907880063507 0.48045503103046655
2 0.7573984131482803 0.4683874802584085 0.770348305658672 0.4788857408824437 0.7501457575669974 0.5038043170481726 0.7371958875918381 0.49330608139299625
2 0.7116349156807473 0.5736131541806168 0.7032478788780736 0.5470923404447071 0.7405796875000306 0.5352874999999571 0.7489667716223494 0.5618082254162445
0 0.6136161446536335 0.6514078338337701 0.593772289724825 0.6544061839433305 0.5861377027418939 0.6038839516246426 0.6059813687378437 0.6008856159509758
2 0.571944218858448 0.5941325005686895 0.5887202438877921 0.5919507159792409 0.5932992159675905 0.6271550988506465 0.5765231923687679 0.6293368762388929
2 0.5468084878243644 0.6004838995463112 0.5724006889840894 0.5954204079858714 0.5834068151543761 0.6510417790219547 0.5578146221150746 0.6561052432256227
9 0.5742923586087727 0.7563124935394121 0.5650112786430554 0.7566629212073559 0.5606316453470299 0.640683235955602 0.5699125000001004 0.6403328124999982
10 0.35677506693832584 0.7247320118838211 0.33432690113806984 0.7215073176124298 0.34916967592675974 0.6181982558495223 0.3716173701538992 0.621422915738998
10 0.3341166389745922 0.6957659265426862 0.31768407101958474 0.6919347470180686 0.337335717554879 0.6076575507025519 0.3537680133310914 0.6114886971099732
6 0.30399858306884653 0.6127739178975816 0.2827556911084912 0.690013596659665 0.20785365261451716 0.6694157165994956 0.22909690413837325 0.5921766262219899
7 0.5726233921020594 0.31439972225365187 0.5851214331512438 0.31804486719682556 0.5716113935399108 0.36436491503851204 0.5591133562736559 0.36071977913896097
6 0.2859581485427043 0.5249384209499838 0.29851352560979194 0.4408297905126017 0.3971700119460593 0.45555578305032884 0.3846153365365126 0.5396637814223145
6 0.4160485887945242 0.4813046281225669 0.45423791056293794 0.4821926782751112 0.45217125615670284 0.571058977951578 0.4139819345863316 0.5701709341279175
6 0.711403924713295 0.5640051444400987 0.7484041145896754 0.6575796599561372 0.625965287070926 0.7059857030612865 0.5889665103934476 0.6124123883611625
10 0.3812461237869229 0.3411273970933729 0.4071360835089308 0.339894620611715 0.4160929556805968 0.527991134350905 0.39020299699086536 0.5292238954525144
10 0.2974704407770332 0.6606566370797571 0.310546875 0.6621093749999943 0.30801021551076246 0.684939315469043 0.2949337818402 0.6834865809667259