2 0.34916718761609905 0.48006875 0.3446265622291022 0.4598125 0.34417187492260065 0.44231875 0.34099374984520125 0.43495312500000005 0.33599999999999997 0.4386359369047619 0.3341843752321981 0.452446875 0.33236874984520126 0.46165468809523813 0.3273734377708979 0.44508125 0.32147187492260065 0.4386359369047619 0.31647812507739936 0.4487640630952381 0.3210171876160991 0.46349687500000003 0.3251031250773994 0.483753125 0.323742187616099 0.501246875 0.3201093752321981 0.5141375 0.31284531269349847 0.518740625 0.31284531269349847 0.5279484380952382 0.3146609374613003 0.5362343749999999 0.3192015622291022 0.541759375 0.3273734377708979 0.550965625 0.33191406253869965 0.549125 0.33599999999999997 0.5482046880952381 0.3414484377708978 0.5454421880952381 0.34916718761609905 0.5399171880952381 0.3587015622291022 0.541759375 0.361425 0.538996875 0.36596562476780187 0.52886875 0.3646031250773994 0.515978125 0.3587015622291022 0.5122953130952381 0.35325312507739937 0.4994046880952381 0.34916718761609905 0.48006875
0 0.6190843752321982 0.5420453119047619 0.6239609374613003 0.55498125 0.6288390625386997 0.5542203130952381 0.6314656247678019 0.56715625 0.6363437498452013 0.5648734380952382 0.6397203126934984 0.5519375 0.6389703126934985 0.533675 0.6412218749226006 0.5207390630952381 0.6415968749226006 0.510846875 0.6442234377708979 0.5009546880952381 0.6397203126934984 0.48497500000000004 0.632592187616099 0.48497500000000004 0.6232109374613003 0.486496875 0.6194593752321981 0.50019375 0.6205843752321982 0.5192171869047618 0.6190843752321982 0.5420453119047619
2 0.6794937498452012 0.48801875 0.6779937498452012 0.48193125 0.6768671876160991 0.46899531190476185 0.674992187616099 0.4667125 0.6682375003095975 0.4705171869047619 0.6656109374613003 0.48193125 0.6626093752321982 0.4728 0.6599828123839009 0.4728 0.6581062501547987 0.48193125 0.659232812383901 0.5009546880952381 0.6562312501547988 0.5032375 0.6521031250773994 0.510846875 0.6513531250773994 0.5176953119047619 0.646475 0.5192171869047618 0.6445984377708979 0.526065625 0.6404718749226007 0.53063125 0.6382203126934984 0.5428062499999999 0.6389703126934985 0.55498125 0.6438484377708978 0.56106875 0.6494765622291021 0.56715625 0.6562312501547988 0.566395313095238 0.6629843752321981 0.563351563095238 0.6701140625386997 0.5648734380952382 0.6768671876160991 0.5702 0.6832468749226006 0.5679171869047619 0.6873734377708978 0.5618296880952381 0.6903765622291022 0.5519375 0.6881250000000001 0.53671875 0.6858734377708978 0.535196875 0.6851234377708978 0.5298703130952381 0.6824968749226007 0.51845625 0.6783687498452012 0.5055203130952381 0.6794937498452012 0.48801875
0 0.7141234377708978 0.619221875 0.7138421876160991 0.6335140630952381 0.7169421876160991 0.64151875 0.7197625003095975 0.6346578119047619 0.7183515622291021 0.61865 0.7160968749226007 0.6117890619047619 0.7141234377708978 0.619221875
2 0.7053843752321982 0.650665625 0.7093312501547987 0.647807813095238 0.7113046873065016 0.6323718749999999 0.7115859374613004 0.6215093749999999 0.7065124996904025 0.6180781249999999 0.7020015622291021 0.61865 0.6989000000000001 0.619221875 0.6938265622291022 0.6243671880952381 0.6904437498452012 0.626082811904762 0.6845234377708977 0.6237953119047619 0.6771937498452012 0.6249390630952381 0.6715546873065015 0.630084375 0.6735281250773993 0.63923125 0.6757843752321981 0.6518093749999999 0.6828312501547987 0.655810938095238 0.6898796873065015 0.664385936904762 0.6974906247678019 0.660384375 0.6986187498452013 0.65238125 0.7053843752321982 0.650665625
0 0.6585874996904024 0.645520311904762 0.6611250000000001 0.655810938095238 0.6659171876160991 0.6575265619047619 0.6684546873065015 0.655810938095238 0.6664812501547988 0.6380875 0.664507812383901 0.627796875 0.6597140625386997 0.6335140630952381 0.6585874996904024 0.645520311904762
0 0.6239124996904025 0.6460921880952382 0.6179921876160991 0.644376563095238 0.6171468749226006 0.65009375 0.6182734377708978 0.660384375 0.6208109374613002 0.6695328119047619 0.6247578123839009 0.666101563095238 0.6281406247678019 0.66095625 0.6284234377708978 0.655810938095238 0.6239124996904025 0.6460921880952382
2 0.6560499999999999 0.6266546880952382 0.6473109374613003 0.6329421880952381 0.6377265622291022 0.626082811904762 0.6303968749226007 0.626082811904762 0.6236296873065015 0.6318 0.6275765622291022 0.6460921880952382 0.6323687498452012 0.6586703119047619 0.6394171876160991 0.6689609369047619 0.6456187498452013 0.664385936904762 0.6481562501547987 0.66095625 0.6532312501547987 0.6518093749999999 0.6566140625386997 0.63923125 0.660842187616099 0.637517186904762 0.6611250000000001 0.6249390630952381 0.6560499999999999 0.6266546880952382
0 0.6766296873065016 0.656382811904762 0.6780390625386996 0.6518093749999999 0.6766296873065016 0.6432328119047619 0.6726828123839009 0.638659375 0.6695812501547987 0.6426625 0.6673265622291022 0.644948436904762 0.667607812383901 0.6512375 0.6687359374613002 0.6586703119047619 0.6715546873065015 0.66095625 0.6766296873065016 0.656382811904762
2 0.5960031250773994 0.6409468749999999 0.6016406247678019 0.6409468749999999 0.6036140625386998 0.6432328119047619 0.6069968749226006 0.65009375 0.612917187616099 0.656382811904762 0.6143265622291021 0.650665625 0.6137640625386998 0.635229688095238 0.6140453126934985 0.62836875 0.6103812501547987 0.6243671880952381 0.6033328123839009 0.6220796880952381 0.594875 0.6220796880952381 0.5920562501547988 0.6220796880952381 0.5872640625386997 0.6249390630952381 0.5909281250773993 0.636373438095238 0.5960031250773994 0.6409468749999999
2 0.3403109374613003 0.630084375 0.33439062476780185 0.627226563095238 0.3318531250773994 0.6237953119047619 0.327625 0.6163640630952381 0.32452343777089787 0.6140765630952381 0.31803906253869973 0.6140765630952381 0.3129656247678019 0.6146484380952382 0.31127343777089783 0.6237953119047619 0.30958281238390095 0.631228125 0.31127343777089783 0.6403749999999999 0.31719374984520127 0.643804688095238 0.3228312501547988 0.647235938095238 0.3256515622291022 0.6512375 0.32706093746130027 0.6592406249999999 0.32790625015479874 0.667817186904762 0.33128906253869966 0.67181875 0.33213437523219813 0.678679686904762 0.3377734377708978 0.680965625 0.3451031250773994 0.664385936904762 0.3476406247678019 0.6586703119047619 0.34904999999999997 0.642090625 0.34397500000000003 0.6335140630952381 0.3403109374613003 0.630084375
0 0.27688125015479875 0.6009265630952382 0.27377968730650154 0.6003562499999999 0.27096093746130034 0.60893125 0.27180625015479876 0.6249390630952381 0.27208749969040247 0.6335140630952381 0.2763171876160991 0.65009375 0.28477343777089786 0.6569546880952382 0.29154062476780185 0.65009375 0.29802343777089785 0.630084375 0.3016890625386997 0.6135046869047619 0.3022531250773994 0.597496875 0.3005609374613003 0.5837765630952381 0.29407656222910217 0.5757718749999999 0.28618437523219814 0.5814890630952381 0.28110937523219814 0.58835 0.27885468730650154 0.5952109380952381 0.27688125015479875 0.6009265630952382
9 0.6671596272445821 0.5626724166666667 0.6904891126934984 0.5610067619047618 0.6871562563467493 0.5168653357142857 0.6996541808049535 0.4285825773809524 0.6929887226006193 0.4169226130952381 0.6829902811145511 0.4319140142857143 0.6838235269349845 0.37361409285714287 0.6754915770897832 0.3686169690476191 0.6713256024767802 0.43357973333333333 0.6629936520123839 0.4060954904761905 0.6521620916408669 0.41025977023809523 0.6504957275541796 0.4960439345238095 0.6356249808049536 0.5470833345238095 0.6671596272445821 0.5626724166666667
9 0.34971234736842105 0.4194211738095238 0.3305488371517028 0.3602884095238095 0.3272160445820433 0.42025401785714284 0.3180509126934985 0.3811098095238096 0.31471811950464396 0.44190829285714284 0.32055052260061917 0.4952110595238095 0.32055052260061917 0.5460152964285714 0.348045919504644 0.5451824214285714 0.36387663715170276 0.5401853607142857 0.3606249808049536 0.5064583345238095 0.35471150464396284 0.4577325380952381 0.34971234736842105 0.4194211738095238
