0 0.20120975989107137 0.4555303018465406 0.21545075445567363 0.4458427061617855 0.2277250518816345 0.46388507207404056 0.21348406945946863 0.4735726529152981
2 0.23091366986216144 0.5175371914160286 0.24865850263836364 0.5038576263144593 0.27060930465211186 0.5323293910937735 0.2528645065896171 0.5460089168083638
0 0.27186330709832873 0.5372350050058221 0.26360293428558634 0.5359498485806924 0.2680287266293817 0.5075054714899502 0.2762890625000409 0.508790624999997
2 0.3418730374430652 0.5669908764945142 0.3017784932313816 0.5947608928361331 0.26473703628892054 0.5412849433972046 0.3048312664943751 0.5135150793915688
9 0.3134109554927136 0.5275359383160969 0.3054224349893957 0.5271736032883162 0.3101144067716177 0.423737252157774 0.31810280615184183 0.4240995844123045
2 0.3816522432588272 0.6078745643228413 0.3560233943961748 0.6100214030800585 0.3528843852624277 0.5725510286451587 0.37851306064931123 0.5704041972225707
2 0.5216157778708066 0.5760918176759525 0.5431883419034875 0.5741358070771083 0.5487279822820028 0.6352250828709647 0.5271554197611295 0.6371810824149114
9 0.5408260857391269 0.5767788346841523 0.5308459196473905 0.5773825153335004 0.5240312809179386 0.46472998622388956 0.5340112669799737 0.46412631107132435
0 0.6356452298474551 0.5234261308535489 0.6514404476348545 0.521516415645964 0.6586791449128668 0.5813821329390392 0.6428839288690824 0.5832918384579882
2 0.6955842765540865 0.5358328783316182 0.7096999218236988 0.5749337378882604 0.6616162227301174 0.5922903475876323 0.647500779684492 0.5531896594074243
0 0.7537311830773206 0.5163700373996243 0.7198165893254327 0.5194440849313647 0.7146348661590309 0.4622788048795344 0.748549170232991 0.4592047705917064
2 0.7373911824125798 0.5039453740011599 0.7516745661679352 0.5146329067755887 0.7284755167135017 0.545634728179797 0.7141921615359479 0.534947228418183
0 0.7099656016619065 0.5371106931710048 0.7053482396069057 0.538366592586466 0.6997214762367321 0.5176813207603681 0.7043388232505094 0.5164254235042588
0 0.703842753511708 0.5122957555681152 0.7104093852638016 0.5104519669314956 0.7175588119491749 0.5359124668629336 0.7109921817702798 0.537756251608802
0 0.7777688682067492 0.6340559112382019 0.7239714140187061 0.6586890651586773 0.6868681963710515 0.5776659746852817 0.7406648866480054 0.5530330245316737
0 0.6806322387643604 0.6009286153408552 0.7243626887269556 0.6112388511870899 0.705328154248491 0.6919629614905013 0.6615977328559666 0.6816528098653857
2 0.6674120077060479 0.6620241895352881 0.6438364645904358 0.646343175212131 0.6672828569581952 0.6110973347341726 0.6908582588575882 0.6267782849371898
0 0.6621474216760816 0.6419467165345554 0.6516901368208892 0.641773669475908 0.6522330220390131 0.6089732852707767 0.6626902414881215 0.6091463317878182
0 0.6422188238177569 0.6554830731563488 0.6541655822328494 0.6510137266695962 0.6611639389868742 0.6697181633637015 0.6492171852374895 0.6741875008464339
0 0.6195420908049982 0.6671119646025212 0.6300500287948125 0.6649681083838144 0.6345494696312244 0.6870187063062416 0.6240415331337772 0.6891625575502945
0 0.6232156590301656 0.6990722009566975 0.6142048893071888 0.6994988735848696 0.6125273126929187 0.6640749723560888 0.6215380161237363 0.6636483013009239
7 0.7405720716301403 0.7202043265183841 0.7537279640007455 0.7784409984904436 0.6955549153063885 0.7915798162769122 0.6823994843493892 0.7333435458791017
7 0.7459946423733754 0.699218821049387 0.7665242005125492 0.6923034169369914 0.7832039977564591 0.7418125614188121 0.7626744586301584 0.748727925771105
0 0.372925 0.6622109375 0.38624375 0.6622109375 0.38624375 0.7106375 0.372925 0.7106375
0 0.36483189123168813 0.6625352299537907 0.3746002655208258 0.6630334716732156 0.37252556014016136 0.703703830095904 0.362757186012459 0.7032055904823648
0 0.3410485605216991 0.6483056985909387 0.3545522464722808 0.6503620919383396 0.3495726389255651 0.6830572293565778 0.33606895451475793 0.681000842906365
2 0.3172007860842996 0.707847538960874 0.27197091564846687 0.696877160464257 0.29023680644900196 0.6215805407444907 0.3354660091459891 0.6325508354669395
9 0.3074655510183675 0.6986609300163245 0.3140504474665704 0.6993270312168066 0.30583177052278643 0.780561407557709 0.29924687499999436 0.7798953125000028
9 0.2660921875000213 0.7502125000000122 0.26110289177961477 0.7481134491152697 0.2827331802484423 0.6967081180689771 0.2877224227594297 0.6988071563010774
2 0.2514142160927122 0.5757608701609046 0.29927812753305716 0.5859293627375887 0.27857397052082433 0.6833740608419611 0.230710088628598 0.6732056651007847
9 0.24937335489414636 0.6762702827012509 0.2542166497788685 0.6780174236203027 0.23749641524318577 0.7243611942412125 0.23265312499995616 0.722614062500005
9 0.20832773539291338 0.7007462157440572 0.20271607706979466 0.6974681079324354 0.23585610789814382 0.6407449347112449 0.2414677080189449 0.6440230209456861
7 0.307637329988097 0.7890694797324949 0.28315372665531413 0.784789896795219 0.2896644335936571 0.7475494988477512 0.3141478247506484 0.7518290627864528
7 0.2654664013225556 0.7722911127600582 0.24171138607584908 0.7587191859646718 0.2646980942945447 0.7184925908913441 0.28845291000686757 0.7320644455226744
7 0.2144588341701592 0.7094204374643123 0.20357708685344278 0.7129210162080116 0.1965151384482624 0.6909717638251661 0.2073968359375158 0.6874711937500109
7 0.6389135264588504 0.8429842906740171 0.6113444284461593 0.8424642250670421 0.6120376197561654 0.8057326063395712 0.6396064635083576 0.806252669547838
9 0.290834184547748 0.4276369010301858 0.2951445303733635 0.42738336745976935 0.2986498487001654 0.4869738953139633 0.2943395029668636 0.4872274278282834