0 0.21265625015479875 0.4481625 0.20648437523219815 0.4519421880952381 0.20477031269349844 0.4607640619047619 0.20991406253869968 0.468325 0.21265625015479875 0.47210468690476187 0.2147140625386997 0.4727359369047619 0.2171140625386997 0.4708453130952381 0.22122812507739936 0.4658046869047619 0.2229437498452012 0.46139375 0.21917187492260062 0.4513125 0.21265625015479875 0.4481625
2 0.2592859374613003 0.5176421869047619 0.2541859374613003 0.5171218750000001 0.2505015622291022 0.51295625 0.24738437523219814 0.5087906249999999 0.24369999999999997 0.51295625 0.23888281238390094 0.51139375 0.23519843777089786 0.5223296869047619 0.23945 0.525975 0.24143281238390094 0.53118125 0.24568437523219813 0.531703125 0.24965156222910218 0.5337859369047618 0.2510687498452012 0.543679686904762 0.2558859374613003 0.543679686904762 0.26127031269349843 0.53430625 0.26127031269349843 0.5238921869047619 0.2592859374613003 0.5176421869047619
0 0.2734546873065016 0.50983125 0.2703374996904025 0.5108734380952381 0.2669374996904025 0.51451875 0.2663703126934985 0.5197265619047619 0.26722031269349844 0.528578125 0.26977031269349844 0.536909375 0.2720375003095975 0.5280578119047619 0.27515468730650156 0.5160812499999999 0.27628906253869967 0.5087906249999999 0.2734546873065016 0.50983125
2 0.3131281250773994 0.5869 0.3216281250773994 0.5770062499999999 0.3238953126934984 0.566590625 0.32474531269349843 0.5530515619047619 0.32247968730650156 0.543679686904762 0.3185109374613003 0.5332640619047619 0.3139781250773994 0.5306609369047619 0.3105765622291022 0.521809375 0.30575937523219815 0.5171218750000001 0.300375 0.5166015619047619 0.296975 0.5212875 0.294425 0.5264953119047618 0.2907406247678019 0.5275359369047619 0.28479062476780187 0.5280578119047619 0.2799718749226006 0.5337859369047618 0.2799718749226006 0.543679686904762 0.28082343777089785 0.551490625 0.2796890625386997 0.558259375 0.28252343777089783 0.56555 0.28479062476780187 0.5702359380952381 0.28734062476780187 0.5733609380952381 0.29215781238390093 0.5764843749999999 0.29555781238390094 0.5790890630952381 0.2983921876160991 0.5837749999999999 0.3054765622291022 0.586378125 0.30944374984520123 0.587940625 0.3131281250773994 0.5869
9 0.3060437498452012 0.5134765619047619 0.30575937523219815 0.520246875 0.3134109374613003 0.5275359369047619 0.3122781250773994 0.5108734380952381 0.3145437498452012 0.49160625 0.3162453126934984 0.46505 0.3168109374613003 0.4384921880952381 0.3139781250773994 0.4239125 0.3142609374613003 0.44057500000000005 0.31369374984520126 0.4572390619047619 0.31199374984520123 0.47910937499999995 0.30717656222910217 0.504625 0.3060437498452012 0.5134765619047619
9 0.3105765622291022 0.4530734369047619 0.30632656222910215 0.4712984369047619 0.2983921876160991 0.49004375 0.2975421876160991 0.48171250000000004 0.29555781238390094 0.46505 0.2947078123839009 0.4270359380952381 0.29300781238390095 0.4468234369047619 0.293575 0.47286093690476194 0.2947078123839009 0.49473125 0.29555781238390094 0.518684375 0.30490937523219813 0.5181640619047619 0.30462656222910217 0.5139984380952382 0.3040593752321981 0.507228125 0.3034921876160991 0.49525156309523805 0.3077437498452012 0.48015 0.3134109374613003 0.4530734369047619 0.3233296873065016 0.4030828119047619 0.3148281250773994 0.43484687499999997 0.3105765622291022 0.4530734369047619
2 0.3737703126934984 0.5790890630952381 0.3698031250773994 0.5790890630952381 0.3666859374613003 0.5759640630952381 0.3618687498452013 0.5717984380952381 0.3579015622291022 0.5759640630952381 0.3562 0.5858578130952381 0.35506718761609907 0.5889828130952381 0.35478437523219813 0.59523125 0.358467187616099 0.6040828119047619 0.36470156222910216 0.6066875 0.37036874984520124 0.6066875 0.3751874996904025 0.60825 0.37717031269349843 0.60825 0.3814218749226006 0.605125 0.38085468730650157 0.5983546869047619 0.3788703126934984 0.5858578130952381 0.3737703126934984 0.5790890630952381
2 0.5299624996904025 0.6369265619047619 0.5375046873065016 0.6293031250000001 0.546557812383901 0.6202921880952381 0.5461796873065016 0.607123438095238 0.5431625003095976 0.5821734380952381 0.5386375003095975 0.574548438095238 0.5307156247678019 0.5807859369047619 0.5246812501547988 0.596034375 0.5246812501547988 0.6098968749999999 0.5258124996904024 0.622371875 0.5299624996904025 0.6369265619047619
9 0.5405234377708978 0.571776563095238 0.5382593752321981 0.53435 0.5356187498452012 0.50870625 0.5326015622291022 0.485140625 0.5303390625386997 0.4643484369047619 0.5273218749226006 0.4671203119047619 0.5284531250773994 0.4955375 0.5284531250773994 0.5288046880952381 0.5295843752321981 0.556528125 0.5318484377708979 0.577321875 0.5405234377708978 0.571776563095238
0 0.6531843752321981 0.54088125 0.6512000000000001 0.5320296880952381 0.6506328123839009 0.5216140630952382 0.6458156247678019 0.5257796880952381 0.6418484377708978 0.533590625 0.6384484377708979 0.5466093750000001 0.6401484377708978 0.56066875 0.6438328123839009 0.5710828130952381 0.6503500000000001 0.5773328130952381 0.6577171876160991 0.5814984369047619 0.6548843752321981 0.569521875 0.655167187616099 0.5523375 0.6531843752321981 0.54088125
2 0.6886062501547987 0.5726453130952381 0.6945562501547987 0.5736875 0.7005078123839009 0.5658765630952381 0.7027749999999999 0.55910625 0.7007906247678019 0.550254688095238 0.6973906247678019 0.550254688095238 0.6956906247678019 0.5445265619047619 0.6917234377708978 0.5429640619047619 0.6874718749226006 0.5455671880952381 0.6866218749226006 0.5523375 0.6857718749226007 0.55910625 0.6840718749226007 0.5570234380952381 0.6843546873065015 0.5471296880952381 0.6812374996904025 0.54244375 0.6772703126934985 0.54244375 0.6738703126934985 0.5476515619047619 0.6750031250773995 0.5658765630952381 0.6733031250773994 0.5559828130952381 0.6707531250773994 0.548171875 0.6670687498452013 0.5476515619047619 0.6614015622291022 0.548171875 0.6563015622291022 0.5554609380952381 0.6554515622291022 0.563271875 0.6557343752321981 0.5747281249999999 0.6582843752321981 0.5830609369047619 0.6653687498452013 0.5887875 0.6713203126934985 0.5887875 0.6750031250773995 0.5867046869047619 0.6809546873065015 0.5846218750000001 0.6849218749226007 0.576290625 0.6886062501547987 0.5726453130952381
0 0.7469812501547987 0.5096375 0.7486812501547987 0.5148453119047619 0.7517984377708978 0.5122421869047619 0.7523656247678019 0.50130625 0.7512328123839009 0.488809375 0.7461312501547988 0.474228125 0.7418812501547988 0.4669375 0.7379140625386997 0.46016874999999996 0.7325296873065016 0.464334375 0.7251609374613003 0.4695421869047619 0.7186437498452013 0.484121875 0.7189265622291021 0.4966203119047619 0.7192109374613003 0.5127625 0.7245953126934985 0.5190109369047619 0.7342296873065015 0.5101578119047618 0.7384796873065015 0.5085968750000001 0.7430140625386997 0.5096375 0.7469812501547987 0.5096375
2 0.7387640625386998 0.5101578119047618 0.7339468749226006 0.5127625 0.7296953126934985 0.5158859369047619 0.7226109374613003 0.523696875 0.7194937498452013 0.5278625 0.7186437498452013 0.5382781249999999 0.7234609374613004 0.5382781249999999 0.7285625003095975 0.5330703130952381 0.7359296873065015 0.535673438095238 0.7398968749226007 0.529425 0.7441468749226007 0.5221359369047619 0.7481156247678019 0.518490625 0.749815624767802 0.5148453119047619 0.7449984377708979 0.5096375 0.7387640625386998 0.5101578119047618
0 0.7056078123839009 0.5320296880952381 0.7075921876160991 0.53775625 0.708725 0.53255 0.7058921876160991 0.5221359369047619 0.7024906247678019 0.516928125 0.7013578123839009 0.523696875 0.7027749999999999 0.528384375 0.7056078123839009 0.5320296880952381
0 0.7081593752321981 0.526821875 0.7109921876160991 0.53775625 0.7129765622291021 0.5320296880952381 0.7135437498452013 0.5216140630952382 0.7104265622291022 0.514325 0.7058921876160991 0.5117203119047619 0.7064593752321982 0.5216140630952382 0.7081593752321981 0.526821875
0 0.7200609374613003 0.5809765619047619 0.7160937498452012 0.5799359369047619 0.712409375232198 0.579415625 0.7053250000000001 0.5809765619047619 0.7016406247678019 0.5919125 0.7033421876160991 0.6101375 0.7112765622291022 0.6309671880952381 0.7180765622291021 0.6398187500000001 0.7262953126934985 0.6439843749999999 0.7339468749226006 0.647109375 0.7404640625386997 0.6502343749999999 0.7458484377708978 0.648671875 0.7537828123839009 0.6439843749999999 0.7583171876160991 0.6346124999999999 0.7631343752321981 0.625759375 0.7654015622291022 0.620553125 0.765967187616099 0.6122203119047618 0.7622843752321982 0.60024375 0.758032812383901 0.5981609369047619 0.7526484377708978 0.5898296869047619 0.7466984377708978 0.577853125 0.7438640625386997 0.566396875 0.7427312501547987 0.557545313095238 0.7381968749226007 0.5554609380952381 0.7353624996904025 0.5554609380952381 0.7308296873065016 0.55910625 0.7294125003095975 0.5658765630952381 0.7311125003095975 0.576290625 0.7322453126934985 0.58045625 0.7333796873065015 0.5924328119047618 0.7260109374613003 0.5908703119047619 0.7200609374613003 0.5809765619047619
0 0.703625 0.6184703119047619 0.6945562501547987 0.6054515619047619 0.6843546873065015 0.60180625 0.6769874996904025 0.6163859380952381 0.6769874996904025 0.6226359380952381 0.6857718749226007 0.6294046880952381 0.6854890625386997 0.6361749999999999 0.6801046873065015 0.645546875 0.6730203126934985 0.6502343749999999 0.6696203126934985 0.647629688095238 0.6679187498452013 0.655440625 0.6704703126934984 0.66585625 0.6758546873065016 0.6788734369047619 0.6829390625386997 0.686684375 0.6931406247678019 0.686684375 0.703625 0.6752281250000001 0.7104265622291022 0.66429375 0.7146765622291021 0.652317188095238 0.7107093752321981 0.6351328119047619 0.7075921876160991 0.626801561904762 0.703625 0.6184703119047619
2 0.6832218749226007 0.6382578119047619 0.6852046873065015 0.632529688095238 0.6829390625386997 0.6278421880952381 0.6806718749226007 0.6221140619047619 0.6764203126934984 0.62471875 0.6750031250773995 0.6184703119047619 0.6713203126934985 0.6137828119047618 0.6656531250773994 0.6153453119047618 0.6616859374613003 0.619510938095238 0.6636687498452013 0.623676561904762 0.6625359374613004 0.627321875 0.6631015622291021 0.6382578119047619 0.6608343752321981 0.642423438095238 0.6571515622291021 0.6419015619047619 0.655167187616099 0.6377359380952381 0.6514843752321982 0.6366953119047619 0.6529 0.6450265619047619 0.655167187616099 0.653879688095238 0.6605515622291022 0.6559625 0.6656531250773994 0.6533578130952381 0.6662187498452012 0.6481515619047619 0.6690531250773993 0.648671875 0.6761375003095975 0.6481515619047619 0.6801046873065015 0.64294375 0.6832218749226007 0.6382578119047619
0 0.6554515622291022 0.609096875 0.65205 0.6200312499999999 0.6523343752321981 0.633570311904762 0.6557343752321981 0.6346124999999999 0.657434375232198 0.638778125 0.6594187498452013 0.6419015619047619 0.6619687498452013 0.640340625 0.6622515622291021 0.635653125 0.6622515622291021 0.625759375 0.6625359374613004 0.6184703119047619 0.6597015622291021 0.609096875 0.6554515622291022 0.609096875
0 0.6503500000000001 0.655440625 0.6480828123839009 0.656482813095238 0.6460999999999999 0.66585625 0.6492171876160991 0.6741874999999999 0.654317187616099 0.6715843749999999 0.6577171876160991 0.670021875 0.6582843752321981 0.663251563095238 0.6560171876160991 0.6559625 0.6534671876160991 0.651275 0.6503500000000001 0.655440625
0 0.6220125003095975 0.666896875 0.6208796873065016 0.6736671869047619 0.6225796873065015 0.6819984369047619 0.6256968749226006 0.688246875 0.6285296873065015 0.688246875 0.6307968749226006 0.6809562499999999 0.6319312501547988 0.6741874999999999 0.6296640625386997 0.6679390630952381 0.6256968749226006 0.66585625 0.6220125003095975 0.666896875
0 0.6132281250773994 0.6788734369047619 0.6146453126934984 0.6898093750000001 0.6180453126934985 0.696057811904762 0.6208796873065016 0.699182811904762 0.6225796873065015 0.68564375 0.6220125003095975 0.6736671869047619 0.6188953126934985 0.663773436904762 0.6154953126934984 0.670021875 0.6132281250773994 0.6788734369047619
7 0.7466984377708978 0.758545313095238 0.7449984377708979 0.739798436904762 0.7407468749226007 0.729904686904762 0.7345124996904026 0.721573438095238 0.7379140625386997 0.7319875 0.7398968749226007 0.74500625 0.7370624996904025 0.753857813095238 0.7319625003095975 0.7486515630952381 0.7260109374613003 0.7408406249999999 0.7206281250773994 0.730946875 0.7084421876160991 0.727821875 0.7030578123839009 0.7371953130952381 0.6999406247678019 0.7481296869047619 0.7019249999999999 0.7611484369047619 0.6988078123839009 0.7679171869047619 0.6939906247678019 0.763751561904762 0.6908734377708978 0.7522968750000001 0.6863390625386997 0.738235936904762 0.6837890625386998 0.733029686904762 0.6863390625386997 0.7496921869047619 0.6897390625386997 0.7658343750000001 0.6942734377708979 0.778853125 0.703625 0.788746875 0.7095750000000001 0.7830187500000001 0.7186437498452013 0.7804156250000001 0.7288453126934985 0.7840609369047619 0.7387640625386998 0.7798953119047619 0.7449984377708979 0.7710421869047619 0.7466984377708978 0.758545313095238
7 0.7662515622291022 0.7142828130952381 0.767384375232198 0.7241765630952381 0.7642671876160991 0.729904686904762 0.7583171876160991 0.727821875 0.7554828123839009 0.721573438095238 0.750665624767802 0.709596875 0.7526484377708978 0.7184484380952381 0.7563328123839009 0.729904686904762 0.760017187616099 0.7408406249999999 0.7690843752321981 0.74656875 0.7761687498452012 0.736675 0.7767359374613003 0.7226140630952381 0.7702187498452013 0.714803125 0.7656843752321981 0.7075140630952381 0.760017187616099 0.694495311904762 0.7662515622291022 0.7142828130952381
0 0.3851109374613003 0.676270313095238 0.38170937523219817 0.664814063095238 0.37802499999999994 0.662210936904762 0.37575937523219816 0.668979686904762 0.372925 0.684601563095238 0.372925 0.694495311904762 0.37490937523219814 0.7106375 0.37802499999999994 0.7043890630952381 0.38085937523219815 0.6976203119047619 0.3862437498452012 0.6887671869047619 0.3851109374613003 0.676270313095238
0 0.368675 0.66273125 0.36442343777089786 0.670542186904762 0.36357343777089784 0.6872046869047619 0.36499062476780186 0.6970984369047619 0.3655578123839009 0.7033484369047619 0.369525 0.6898093750000001 0.37179218761609906 0.6835609369047619 0.37405781238390096 0.6736671869047619 0.37405781238390096 0.664814063095238 0.368675 0.66273125
0 0.3394859374613003 0.6585656249999999 0.3375031250773994 0.6715843749999999 0.33920312507739936 0.681478125 0.3445874996904025 0.677310936904762 0.3499718749226006 0.672625 0.3519546873065016 0.6674171869047619 0.3471374996904025 0.653879688095238 0.34345312507739933 0.648671875 0.3394859374613003 0.6585656249999999
2 0.2961296873065015 0.6955374999999999 0.3000968749226006 0.694495311904762 0.30661562476780185 0.6986609369047618 0.31086562476780183 0.7038687499999999 0.31568281238390095 0.7017859369047619 0.31993437523219814 0.696578125 0.3222 0.685121875 0.32503437523219814 0.670542186904762 0.32531718761609907 0.662210936904762 0.3304187498452012 0.6533578130952381 0.3312687498452012 0.647109375 0.3321187498452013 0.6366953119047619 0.3292843752321981 0.634090625 0.3256015622291022 0.632007811904762 0.32191718761609905 0.629925 0.31681718761609906 0.629925 0.31114843777089785 0.626801561904762 0.30746562476780187 0.625759375 0.30208125015479875 0.626801561904762 0.29896406253869967 0.627321875 0.2961296873065015 0.6294046880952381 0.29244687492260063 0.6294046880952381 0.28819531269349846 0.6377359380952381 0.2825281250773994 0.6533578130952381 0.28479531269349845 0.66273125 0.28536249969040245 0.6653343749999999 0.2890453126934984 0.6695 0.2890453126934984 0.6736671869047619 0.2867781250773994 0.683039063095238 0.28479531269349845 0.691892186904762 0.28791250030959753 0.7007437499999999 0.29017968730650157 0.699182811904762 0.2961296873065015 0.6955374999999999
9 0.30916562476780185 0.747609375 0.31001562476780187 0.7283421869047619 0.31285 0.704909375 0.30746562476780187 0.6986609369047618 0.30774843777089783 0.7075140630952381 0.30633125015479873 0.72365625 0.3049140625386997 0.7424031249999999 0.30264843777089784 0.76166875 0.2992468749226006 0.7798953119047619 0.30264843777089784 0.775728125 0.30689843777089787 0.7653140619047619 0.30916562476780185 0.747609375
9 0.2788437498452012 0.7059515630952381 0.27345937523219815 0.7241765630952381 0.26609218761609904 0.7502125 0.2711937498452012 0.737715625 0.27912812507739937 0.7158453130952381 0.28734531269349844 0.699703125 0.28366093746130033 0.6970984369047619 0.2788437498452012 0.7059515630952381
7 0.28337812507739935 0.775728125 0.28791250030959753 0.7804156250000001 0.2915953126934984 0.790829688095238 0.29584687492260064 0.79135 0.30264843777089784 0.791871875 0.30831562476780183 0.7804156250000001 0.31058281238390095 0.7726046869047619 0.30916562476780185 0.7658343750000001 0.30208125015479875 0.7809359369047618 0.2947125003095975 0.778853125 0.29896406253869967 0.759585936904762 0.29953125015479876 0.749171875 0.2904624996904025 0.744485936904762 0.2828109374613003 0.7496921869047619 0.2777109374613003 0.757503125 0.26864218761609904 0.7611484369047619 0.26042499999999996 0.7590656250000001 0.261275 0.747089063095238 0.26439218761609906 0.7351125000000001 0.2666593752321982 0.7189703130952381 0.2609921876160991 0.727821875 0.25475781238390094 0.7351125000000001 0.25079062476780184 0.7507343750000001 0.25050625015479877 0.76166875 0.2570234377708978 0.770521875 0.262125 0.773125 0.26949218761609905 0.7694796869047619 0.2748765622291022 0.7726046869047619 0.2768609374613003 0.777290625 0.28337812507739935 0.775728125
2 0.2697765622291022 0.660128125 0.2760109374613003 0.6559625 0.27969374984520123 0.6549203130952381 0.2825281250773994 0.647109375 0.2890453126934984 0.634090625 0.29187968730650155 0.620553125 0.28847968730650153 0.608575 0.2828109374613003 0.5981609369047619 0.27856093746130034 0.599203125 0.27289374984520126 0.59035 0.26637500000000003 0.5841015619047619 0.2590078123839009 0.578373436904762 0.2539078123839009 0.576290625 0.2490890625386997 0.5867046869047619 0.24965625015479875 0.5981609369047619 0.25305625015479877 0.6059718749999999 0.25022343777089784 0.614825 0.24483906253869966 0.62471875 0.24030468730650154 0.632529688095238 0.23747187492260063 0.64138125 0.2366218749226006 0.6549203130952381 0.23917187492260064 0.6596062500000001 0.24398906253869967 0.66116875 0.2473890625386997 0.6590859369047619 0.24880625015479876 0.66429375 0.2490890625386997 0.6736671869047619 0.2524906247678019 0.677832813095238 0.25815781238390095 0.6715843749999999 0.2626921876160991 0.66585625 0.2697765622291022 0.660128125
9 0.24937343777089785 0.676270313095238 0.24625625015479877 0.687726563095238 0.24172187492260064 0.7033484369047619 0.23265312507739938 0.7226140630952381 0.23945468730650155 0.7158453130952381 0.24455625015479876 0.7043890630952381 0.2482390625386997 0.694495311904762 0.2539078123839009 0.6788734369047619 0.24937343777089785 0.676270313095238
9 0.2366218749226006 0.652317188095238 0.23605468730650156 0.640860938095238 0.23407031269349846 0.6439843749999999 0.22727031269349846 0.655440625 0.22131874984520122 0.668979686904762 0.2074328123839009 0.7002234369047619 0.21593437523219813 0.687726563095238 0.22245156222910217 0.67575 0.22982031269349845 0.66273125 0.2366218749226006 0.652317188095238
7 0.22471874984520124 0.7116796880952381 0.2201859374613003 0.7200109380952381 0.22046874984520123 0.727821875 0.22386874984520122 0.7429234369047619 0.23152031269349846 0.747089063095238 0.23888750030959752 0.7392781249999999 0.24285468730650156 0.7262593749999999 0.24002187492260063 0.7273015630952381 0.23803750030959753 0.729384375 0.23435468730650155 0.729384375 0.2295359374613003 0.7283421869047619 0.22840312507739938 0.7241765630952381 0.22982031269349845 0.7174078130952382 0.23237031269349845 0.708034375 0.22982031269349845 0.708034375 0.22471874984520124 0.7116796880952381
7 0.6126476309597523 0.8205541559523809 0.6114174148606811 0.8254750214285713 0.6144929554179567 0.8303958857142858 0.6151080631578948 0.8334714261904762 0.6194138198142415 0.8359318583333334 0.6231044681114551 0.8371620738095238 0.6249497925696594 0.8377771821428571 0.6323310891640866 0.8340865333333334 0.6354066291021673 0.8316261011904762 0.6366368452012384 0.8279354535714286 0.6384821696594427 0.8236296964285714 0.6372519535603715 0.8168635083333333 0.6354066291021673 0.8125577511904761 0.634791521362229 0.8076368869047619 0.6304857647058824 0.8113275357142857 0.6298706569659444 0.8125577511904761 0.622489359752322 0.8113275357142857 0.6212591436532507 0.8107124273809523 0.6194138198142415 0.8131728595238096 0.6157231715170278 0.8156332916666668 0.6126476309597523 0.8205541559523809
