2 0.13703192514788043 0.4741899163214723 0.10890343889309406 0.46781359524494937 0.11765285270166714 0.4292191854494296 0.14578119289410552 0.43559548942986065
0 0.15419464765352586 0.4779011436230157 0.14424426231607868 0.4789326557071016 0.13964740302412793 0.4345920242519872 0.14959772724421327 0.4335605153598586
0 0.21930383019878263 0.5178175767164526 0.23144626786779554 0.5213156400913325 0.2217676042154153 0.5549091883791482 0.20962517065538577 0.5514111350000621
9 0.21239218750008604 0.39886718749999955 0.2215543314638353 0.39876950338706546 0.22260493413170934 0.4973035736619757 0.2134427901772824 0.49740125711719413
9 0.19432518019959844 0.39509944235487676 0.2018197611675987 0.39502523421916114 0.20262583049157 0.47642891727160575 0.19513124953061833 0.4765031250046472
0 0.23106712046285338 0.5087727424103166 0.2427649509264711 0.5104776983516234 0.2368664605428421 0.5509442861483328 0.22516863128646492 0.5492393358242189
1 0.26269926337840843 0.4951587681710797 0.303489499518264 0.4968674123848884 0.29964175032193907 0.5887162338148525 0.2588515148808028 0.5870076026513875
3 0.2691738205450065 0.3887206003670006 0.29323088672879294 0.3891944821219303 0.2910633160889802 0.4992270032036436 0.26700625000000855 0.4987531250000007
1 0.5457165030680926 0.6097937149956116 0.595294593349422 0.602183003328766 0.6054112865257366 0.6680777688427366 0.5558332074155032 0.6756884311867136
2 0.5348531250000406 0.6293031249999922 0.5474595805811759 0.626793055889572 0.5545772182856581 0.6625358818403367 0.541970765325118 0.6650459419552159
0 0.24308906250007567 0.6464874999999964 0.2498222960387011 0.6460051687576029 0.2518763644812907 0.674675728879865 0.24514313109375507 0.6751580587283531
0 0.1682082923720145 0.5979179173439674 0.18087878566575455 0.6017210477408935 0.16629861044771133 0.6502906120639059 0.1536281249999547 0.6464874999999983
6 0.5520050757831996 0.4717360339887553 0.6129807687499351 0.462740384375006 0.6270813847286263 0.5583121194471944 0.5661057070708466 0.5673077012868503
6 0.14423076874993512 0.41947115312500777 0.18041890771417002 0.4142077692279936 0.19603877579027085 0.5215946257558265 0.15985064554081418 0.5268579688543182
6 0.24158617780813074 0.6141824368537929 0.279214452517067 0.6407779432553208 0.22077283058035846 0.7234516626944172 0.18314478244019483 0.6968564311151997
2 0.1935635548229584 0.4754543521422127 0.20650011994825945 0.47431891938580056 0.21335757114593434 0.5524433162094364 0.2004210069491137 0.5535787419988917
10 0.6560653303184836 0.4925731954746517 0.6309570701855591 0.4893385524659605 0.6479566858575936 0.3573916030121147 0.6730645314818275 0.3606262195244055
10 0.628634421694187 0.5263836871972088 0.602443856394757 0.5242534688595034 0.6158901997229123 0.35894841007499095 0.6420801923098907 0.3610786052750486
10 0.6495582699772058 0.5145544729047326 0.6231770707368014 0.5140996494138679 0.6258388426822421 0.3597323460475091 0.6522195143435283 0.36018716507385723