2 0.2657718749226006 0.4397390619047619 0.2761234377708978 0.4479453130952381 0.2890625003095975 0.4479453130952381 0.2948859374613003 0.43631875 0.2903578123839009 0.41990625 0.28679843777089786 0.4069125 0.27935781238390095 0.3925515630952381 0.2725656247678019 0.394603125 0.26932968730650153 0.41238437499999997 0.2657718749226006 0.4397390619047619
9 0.2819468749226006 0.295440625 0.28841562476780186 0.34673125 0.28615156222910215 0.3713515630952381 0.28227031269349845 0.3918671869047619 0.28582812507739935 0.394603125 0.2910046873065016 0.3501515630952381 0.2890625003095975 0.32279687500000004 0.2819468749226006 0.295440625
9 0.26609531269349845 0.35630625000000005 0.27450625015479874 0.4007578130952381 0.27677031269349844 0.3918671869047619 0.26835937523219816 0.3481 0.26609531269349845 0.35630625000000005
9 0.36152500000000004 0.3535703119047619 0.3535663510835913 0.4305989023809524 0.3587888972136223 0.4358214476190476 0.3641125003095975 0.36246093690476194 0.3641125003095975 0.3446796869047619 0.3582890625386997 0.3289515630952381 0.36152500000000004 0.3535703119047619
2 0.34823437523219813 0.4302578119047619 0.3412265622291022 0.4549453130952381 0.34055937523219815 0.4662296880952381 0.34656562476780184 0.4761046869047619 0.3515703126934985 0.47398906309523814 0.3565765622291021 0.46764062500000003 0.36458437523219817 0.45847187500000003 0.3662531250773994 0.4478921880952381 0.36057968730650153 0.4373125 0.3549078123839009 0.4309640630952381 0.34823437523219813 0.4302578119047619
1 0.39228125015479876 0.4542390630952381 0.3775984377708978 0.4542390630952381 0.3689218749226006 0.4641140630952381 0.3665859374613003 0.47046249999999995 0.3649187498452013 0.4951484380952381 0.3655859374613003 0.51771875 0.3779328123839009 0.5283 0.386275 0.524771875 0.39561718761609904 0.5141921880952381 0.3989546873065016 0.4768109369047619 0.3996218749226006 0.4542390630952381 0.39228125015479876 0.4542390630952381
1 0.4133031250773994 0.4528296869047619 0.40195781238390094 0.457765625 0.3972859374613003 0.46764062500000003 0.39294843777089783 0.48739062499999997 0.39294843777089783 0.5134875 0.39461718761609904 0.525478125 0.4006234377708978 0.5332359380952381 0.4086312501547988 0.5417000000000001 0.4163062501547988 0.5374687499999999 0.4233140625386997 0.5304156250000001 0.4243156247678018 0.5141921880952381 0.42731874984520124 0.47398906309523814 0.42464843777089784 0.457765625 0.4133031250773994 0.4528296869047619
9 0.4006234377708978 0.2891921869047619 0.40496093746130035 0.3731265619047619 0.40796406253869966 0.3646625 0.4006234377708978 0.2891921869047619
9 0.39328125015479876 0.353378125 0.38794218761609905 0.41333125 0.3919468749226006 0.4119203130952381 0.39328125015479876 0.353378125
9 0.3772640625386997 0.35831562499999997 0.3779328123839009 0.4076875 0.3765968749226006 0.448596875 0.37392812507739936 0.462703125 0.38060156222910213 0.4549453130952381 0.37993437523219814 0.42955312500000004 0.38060156222910213 0.3830015630952381 0.3772640625386997 0.35831562499999997
2 0.480375 0.49797031309523815 0.48170937523219814 0.515603125 0.48237656222910213 0.52265625 0.4873828123839009 0.5240671880952381 0.4910531250773994 0.5268890630952381 0.4913859374613003 0.5014968750000001 0.4873828123839009 0.4838640619047619 0.48604687492260057 0.49373750000000005 0.480375 0.49797031309523815
2 0.49505781238390095 0.49373750000000005 0.4913859374613003 0.48668437499999995 0.4917203126934984 0.498675 0.49205468730650154 0.514898438095238 0.49639218761609905 0.507139063095238 0.49505781238390095 0.49373750000000005
2 0.5230875003095975 0.4803375 0.519417187616099 0.47257812499999996 0.5147453126934984 0.4761046869047619 0.5097390625386996 0.4852734369047619 0.511075 0.5085500000000001 0.5124093752321982 0.525478125 0.5174140625386997 0.529709375 0.5227531250773993 0.529709375 0.5260906247678019 0.5261828119047619 0.5250890625386997 0.5007921869047619 0.5230875003095975 0.4803375
2 0.5254234377708978 0.4711671880952381 0.5234203126934984 0.4852734369047619 0.5260906247678019 0.5163093750000001 0.5290937498452012 0.5290046869047619 0.5391046873065016 0.52759375 0.542775 0.518425 0.5421078123839009 0.49373750000000005 0.5381031250773994 0.4852734369047619 0.5304281250773994 0.48315781190476187 0.5254234377708978 0.4711671880952381
0 0.5494484377708978 0.5099609380952381 0.5487812501547987 0.49444374999999996 0.5481140625386997 0.47751562500000005 0.5434421876160991 0.4803375 0.5417734377708978 0.49655937499999997 0.5417734377708978 0.52265625 0.5474468749226006 0.521245311904762 0.5494484377708978 0.5099609380952381
2 0.598167187616099 0.45212343690476187 0.5924953126934984 0.462703125 0.58215 0.46834687500000005 0.5724734377708979 0.4662296880952381 0.5758093752321981 0.4852734369047619 0.5818171876160991 0.49373750000000005 0.5881562501547988 0.5036125 0.5944968749226006 0.49444374999999996 0.5995015622291021 0.48880156309523815 0.6091796873065015 0.48739062499999997 0.6085109374613004 0.4754 0.6018374996904025 0.45917656190476186 0.598167187616099 0.45212343690476187
1 0.6330616513931889 0.42943192142857145 0.6183804018575851 0.4230834845238095 0.6090366513931889 0.42943192142857145 0.6050319640866874 0.4393069214285714 0.6070350891640867 0.45341317142857146 0.6113725888544891 0.47175223452380954 0.6183804018575851 0.4865631714285714 0.6270554018575851 0.49150067142857146 0.6377335263157894 0.48444754642857146 0.6417382142414861 0.47245692142857143 0.6394022767801858 0.4463600464285714 0.6374007139318886 0.4301366095238095 0.6330616513931889 0.42943192142857145
9 0.6155187498452013 0.3830015630952381 0.6188562501547987 0.3942875 0.6155187498452013 0.338565625 0.6155187498452013 0.3830015630952381
1 0.6852609374613003 0.420661744047619 0.6769187498452012 0.411492994047619 0.6675749999999999 0.4086711190476191 0.6505562501547987 0.41572424404761904 0.6405453126934983 0.42418830595238094 0.637542187616099 0.42701018095238097 0.6388781250773994 0.45592736904761905 0.645217187616099 0.47849924404761907 0.6595656247678019 0.48625705595238095 0.6699109374613003 0.47779299404761905 0.6749156247678019 0.4806148690476191 0.6862609374613003 0.476382055952381 0.6916 0.45451799404761906 0.6852609374613003 0.420661744047619
2 0.7102875003095975 0.386528125 0.7072843752321981 0.377359375 0.7039468749226007 0.37806406309523805 0.7066171876160992 0.38370624999999997 0.7016109374613003 0.3900546880952381 0.6949375003095976 0.3992234380952381 0.6922671876160991 0.4098046869047619 0.6885968749226007 0.41826875 0.6865953126934984 0.43307968690476195 0.6909328123839008 0.46764062500000003 0.699275 0.4690515619047619 0.7129562501547988 0.46058750000000004 0.7216328123839009 0.4542390630952381 0.7319765622291021 0.45141875000000004 0.7296406247678019 0.4288484380952381 0.7233015622291021 0.434490625 0.7176281250773994 0.4175625 0.7102875003095975 0.386528125
9 0.7086187498452012 0.280728125 0.7129562501547988 0.3131734380952381 0.7106203126934985 0.3561984380952381 0.7086187498452012 0.377359375 0.7119562501547988 0.395696875 0.7142906247678019 0.33362812500000005 0.7142906247678019 0.30259375 0.7086187498452012 0.280728125
9 0.6926015622291022 0.3322171869047619 0.6916 0.2969515619047619 0.6899312501547987 0.32093281190476186 0.6906 0.36113593809523814 0.6946031250773994 0.38511718690476193 0.6939359374613003 0.396403125 0.7032796873065016 0.38864375 0.6956046873065015 0.36889531190476194 0.6926015622291022 0.3322171869047619
9 0.6689093752321982 0.4217953130952381 0.6722468749226006 0.353378125 0.6692437498452012 0.3181109380952381 0.6682421876160991 0.3569046869047619 0.6639046873065015 0.412625 0.6689093752321982 0.4217953130952381
9 0.6508906247678019 0.41121406309523806 0.6572296873065016 0.4069828130952381 0.645217187616099 0.33151250000000004 0.6508906247678019 0.41121406309523806
9 0.6615687498452012 0.4048671869047619 0.6565625003095975 0.34138749999999995 0.6495562501547987 0.30823593690476186 0.6542265622291022 0.382296875 0.6548953126934984 0.41121406309523806 0.6615687498452012 0.4048671869047619
9 0.7092859374613003 0.379475 0.7066171876160992 0.33010156190476186 0.7042812501547988 0.290603125 0.7022781250773994 0.27790781190476194 0.7036125003095975 0.3830015630952381 0.7092859374613003 0.379475
1 0.5901593752321982 0.5191296880952381 0.5911593752321982 0.5431109380952381 0.5938296873065015 0.5522796880952381 0.6001687498452012 0.571325 0.6108468749226006 0.5819046869047619 0.6235281250773994 0.572734375 0.6238609374613002 0.5508703130952382 0.620525 0.5198359380952381 0.6135171876160991 0.5092546869047619 0.5995015622291021 0.5078453130952381 0.5901593752321982 0.5191296880952381
9 0.6235281250773994 0.637625 0.6338718749226007 0.6919359380952381 0.6278656247678018 0.648910936904762 0.6235281250773994 0.637625
2 0.5724734377708979 0.5339421869047619 0.5764781250773994 0.5438171880952382 0.5818171876160991 0.54734375 0.5884906247678019 0.56074375 0.5954984377708978 0.5572171880952381 0.5901593752321982 0.5508703130952382 0.5901593752321982 0.5381734369047619 0.5884906247678019 0.5304156250000001 0.5801484377708978 0.525478125 0.5724734377708979 0.5339421869047619
1 0.39294843777089783 0.5452265630952381 0.386275 0.56074375 0.3849390625386997 0.5953046880952382 0.3886093752321982 0.6072953119047619 0.39323773374613 0.6148432226190476 0.3982874996904025 0.615759375 0.40896562476780185 0.606590625 0.41063437523219815 0.5946 0.4136375003095975 0.58049375 0.4133031250773994 0.5579234380952381 0.4086312501547988 0.5480484369047619 0.3996218749226006 0.5417000000000001 0.39294843777089783 0.5452265630952381
1 0.36124687492260066 0.5381734369047619 0.35757656222910217 0.5565125 0.3559078123839009 0.5882515619047619 0.35924531269349846 0.5953046880952382 0.3649187498452013 0.5995375 0.3755968749226006 0.596715625 0.3842718749226006 0.582609375 0.3869421876160991 0.57061875 0.38760937523219813 0.5501640619047619 0.38093593746130033 0.535353125 0.3732609374613003 0.5318265630952381 0.36124687492260066 0.5381734369047619
1 0.35223749969040247 0.51278125 0.3435625003095975 0.5163093750000001 0.3318828123839009 0.5014968750000001 0.31953593746130027 0.5007921869047619 0.3128625003095975 0.520540625 0.3088578123839009 0.5515749999999999 0.3105265622291022 0.563565625 0.3162 0.5769671880952382 0.32554218761609904 0.586842188095238 0.3425609374613003 0.5896625 0.3559078123839009 0.5762609380952382 0.36024687492260066 0.5551015619047619 0.3649187498452013 0.535353125 0.3609140625386997 0.52265625 0.35223749969040247 0.51278125
9 0.3323140625386997 0.5862609369047619 0.32554218761609904 0.634098436904762 0.30385312507739937 0.701809375 0.31453125015479877 0.68135625 0.3218718749226006 0.657375 0.32954687492260065 0.6326875 0.3348859374613003 0.6009484380952381 0.3395578123839009 0.5847249999999999 0.3323140625386997 0.5862609369047619
1 0.2824968749226006 0.47751562500000005 0.26714687492260064 0.47398906309523814 0.2641437498452012 0.481746875 0.26280937523219816 0.5000859369047619 0.2751562501547988 0.520540625 0.28463600743034057 0.5493325404761904 0.3061890625386997 0.5445218749999999 0.31186093746130034 0.5360578130952381 0.31519843777089784 0.511371875 0.3138640625386997 0.5000859369047619 0.30452031269349844 0.492328125 0.29584374984520123 0.4803375 0.2824968749226006 0.47751562500000005
7 0.27048437523219815 0.683471875 0.27682343777089785 0.6954625 0.28483281238390096 0.69475625 0.28950468730650153 0.6912296880952381 0.2955109374613003 0.679239061904762 0.29851406253869966 0.6651328130952381 0.29517656222910216 0.668659375 0.28983750030959754 0.679239061904762 0.2798265622291022 0.682765625 0.2761562501547988 0.67641875 0.27348750030959756 0.664428125 0.28082812507739935 0.64679375 0.27582343777089785 0.6475 0.27015 0.659490625 0.27048437523219815 0.683471875
7 0.25279843777089783 0.65666875 0.24812656222910218 0.64679375 0.24679218761609908 0.6369203130952381 0.23878281238390092 0.63833125 0.23411249969040246 0.630571875 0.23477968730650156 0.6072953119047619 0.23110781238390093 0.612939061904762 0.22944062476780186 0.6228125 0.23010781238390093 0.637625 0.23177656222910215 0.648204686904762 0.23544687492260064 0.660901561904762 0.24145312507739938 0.6679546869047619 0.24812656222910218 0.6771234369047618 0.2538 0.669365625 0.2568031250773994 0.658784375 0.25279843777089783 0.65666875
9 0.24979531269349844 0.5981265619047619 0.24745937523219813 0.5896625 0.24278749969040248 0.619285936904762 0.24979531269349844 0.5981265619047619
6 0.6301585003095975 0.5194085738095238 0.6267243944272446 0.523701205952381 0.6250073411764706 0.5348620511904763 0.6275829207430341 0.5425887904761905 0.632734079876161 0.5503155297619048 0.6421778724458205 0.5589007952380952 0.6524801913312694 0.5606178488095238 0.6593484037151703 0.5554666892857143 0.6636410365325077 0.5494570035714286 0.6653580897832818 0.5271353119047619 0.6610654569659443 0.5245597321428571 0.6430363987616099 0.5133988869047619 0.6301585003095975 0.5194085738095238
25 0.4052245399380805 0.4524435011904762 0.41896096470588234 0.45587760714285713 0.4129512786377709 0.38547842857142856 0.40780011950464395 0.3863369547619047 0.40350748668730646 0.38719548214285715 0.4052245399380805 0.4524435011904762
2 0.3803272693498452 0.45587760714285713 0.3837613758513932 0.45845318690476194 0.3889125349845201 0.45587760714285713 0.3932051678018576 0.4447167619047619 0.3932051678018576 0.4284047571428572 0.39062958823529415 0.42668770357142854 0.3820443226006192 0.4284047571428572 0.3803272693498452 0.45587760714285713
6 0.3303260222910217 0.4326879202380952 0.3253646037151703 0.4305989023809524 0.31779191269349844 0.4290321380952381 0.3128304941176471 0.42824875595238093 0.3086524569659443 0.4279876285714286 0.30395216594427243 0.43216566547619045 0.2982073653250774 0.4358214476190476 0.3047355479876161 0.44287188452380954 0.31126373003095975 0.449661194047619 0.32092543962848297 0.4517502119047619 0.3277147492260062 0.4499223214285714 0.33189278637770897 0.4483555571428572 0.33633194984520126 0.4423496297619048 0.3399877318885449 0.4423496297619048 0.3410322414860681 0.4384327202380952 0.3371153318885449 0.4347769380952381 0.3303260222910217 0.4326879202380952
25 0.6145002260061919 0.4286109476190476 0.6192362582043344 0.43176830238095243 0.6200255969040247 0.4321629714285714 0.6231829523219814 0.4321629714285714 0.6267349764705883 0.4321629714285714 0.6275243151702786 0.43176830238095243 0.6287083238390092 0.430189625 0.6294976625386997 0.42703227023809526 0.6294976625386997 0.42071755952380957 0.6283136538699691 0.4159815273809524 0.6247616297213623 0.40216809880952387 0.6231829523219814 0.39506404999999994 0.6212096055727554 0.39466938095238097 0.6160789034055728 0.3970373976190476 0.6145002260061919 0.4286109476190476
25 0.5375396965944272 0.414797519047619 0.5328036637770898 0.4195335511904762 0.529251639628483 0.45742181190476194 0.5264889541795665 0.47439259523809524 0.5280676315789473 0.4783392892857143 0.5343823417956656 0.484654 0.5363556885448916 0.4854433380952381 0.5375396965944272 0.414797519047619
25 0.5399077126934985 0.48583800714285713 0.5426703987616099 0.47794462023809525 0.5462224229102167 0.38756533214285716 0.5458277535603715 0.3370476511904762 0.543065068111455 0.3220502142857143 0.5383290352941177 0.31573550476190476 0.5339876724458205 0.31573550476190476 0.5288569702786378 0.32126087619047616 0.5284623009287926 0.3520450880952381 0.5276729622291022 0.4092721476190476 0.5233315987616098 0.47084057142857144 0.5399077126934985 0.48583800714285713
25 0.6216042749226006 0.6362070416666666 0.624366960371517 0.6389697273809524 0.6188415888544891 0.5852946916666667 0.6168682421052631 0.5777959738095237 0.6160789034055728 0.5777959738095237 0.6152895647058824 0.5781906428571428 0.6148948953560371 0.5781906428571428 0.6113428705882352 0.5797693202380952 0.6101588625386997 0.5805586595238095 0.6093695238390093 0.5817426666666666 0.6054228303405573 0.5829266750000001 0.6216042749226006 0.6362070416666666
0 0.42735739690402474 0.5700396238095238 0.4304591845201239 0.5779664142857143 0.4311484705882353 0.5803789166666666 0.4335609721362229 0.5872717773809524 0.43666275913312697 0.5924414238095238 0.4373520458204334 0.5941646392857143 0.4380413318885449 0.5927860666666667 0.44010919009287924 0.5889949928571429 0.44183240557275544 0.585203919047619 0.44390026377708974 0.5786557011904762 0.44390026377708974 0.5738306976190476 0.44183240557275544 0.5710735535714285 0.44010919009287924 0.5683164095238096 0.4370074024767802 0.5628021202380953 0.43390561486068113 0.5607342619047618 0.4328716854489164 0.5607342619047618 0.42839132569659444 0.563146763095238 0.42770203962848297 0.5655592642857142 0.42735739690402474 0.5700396238095238
2 0.4721609950464396 0.5758985559523809 0.4756074253869969 0.5817574880952381 0.47870921300309593 0.5838253464285714 0.48250028668730655 0.5858932047619048 0.48456814489164085 0.5865824916666666 0.4852574309597523 0.5841699904761904 0.48732528978328177 0.5772771285714285 0.4880145758513932 0.5721074833333334 0.48766993250773993 0.5672824797619048 0.48629136037151705 0.5638360488095238 0.48422350216718263 0.563146763095238 0.4818110006191951 0.563146763095238 0.47870921300309593 0.5628021202380953 0.47698599752321985 0.563491405952381 0.4721609950464396 0.5655592642857142 0.4718163517027864 0.5717628392857143 0.4721609950464396 0.5758985559523809
2 0.49146100619195043 0.5686610523809523 0.4904270767801857 0.5810682023809524 0.5000770829721363 0.5834807035714286 0.5069699442724458 0.5841699904761904 0.5076592303405573 0.5807235595238095 0.5090378024767802 0.5731414119047619 0.507314586996904 0.5686610523809523 0.5066253009287927 0.5652146214285714 0.5066253009287927 0.5624574773809524 0.5059360148606812 0.5621128345238096 0.4976645814241486 0.5607342619047618 0.4938735077399381 0.563146763095238 0.49146100619195043 0.5686610523809523
25 0.2582162030959752 0.5593022773809524 0.2517358736842105 0.5887130035714285 0.2542283077399381 0.5912054380952381 0.27466626996904026 0.5438491845238096 0.27715870464396286 0.5398612892857143 0.282143573374613 0.5518249738095238 0.27965113869969044 0.57176445 0.2806481126934985 0.5807372130952381 0.28812541547987613 0.5622931988095238 0.2921133108359133 0.5543174083333333 0.282143573374613 0.5393628023809524 0.2691829145510836 0.5134414845238096 0.2582162030959752 0.5593022773809524
