10 0.27531874984520127 0.51809375 0.27411718761609905 0.534678125 0.2861359374613003 0.5313609380952381 0.29515 0.5225171880952382 0.30055937523219817 0.512565625 0.31137656222910215 0.5048265619047618 0.31678437523219816 0.5114609369047619 0.3179875003095975 0.491559375 0.31137656222910215 0.4738703130952381 0.30115937523219816 0.4749765630952381 0.2963515622291022 0.449546875 0.29515 0.42190781309523806 0.28673593746130027 0.40532343690476186 0.2861359374613003 0.43628125 0.28673593746130027 0.4683421869047619 0.2837312501547988 0.4959828119047619 0.27531874984520127 0.51809375
0 0.35043906253869966 0.491559375 0.34202499999999997 0.4904546880952381 0.3342124996904025 0.5015109369047619 0.3336125003095975 0.5269390619047619 0.3336125003095975 0.5567890630952381 0.3384203126934985 0.5634234380952381 0.3462328123839009 0.565634375 0.35224218761609905 0.5534734369047619 0.35584687492260064 0.5391 0.3540453126934985 0.5158828130952381 0.35043906253869966 0.491559375
10 0.37808281238390096 0.472765625 0.3702703126934984 0.46613125 0.3672656247678019 0.48824375000000003 0.37147187492260064 0.5258328130952381 0.3774828123839009 0.54020625 0.38168906253869966 0.543521875 0.3828906247678019 0.5258328130952381 0.3864968749226006 0.503721875 0.38349218761609905 0.48824375000000003 0.37808281238390096 0.472765625
0 0.3913046873065016 0.5645281249999999 0.39490937523219816 0.5590015630952381 0.39430937523219817 0.545734375 0.38709687492260064 0.5391 0.3852953126934985 0.555684375 0.3876984377708978 0.5711625 0.3913046873065016 0.5645281249999999
10 0.503082812383901 0.5004046880952381 0.5042859374613003 0.48492656309523813 0.503082812383901 0.45618125 0.503082812383901 0.43628125 0.49827656222910216 0.428540625 0.49286718761609905 0.4639203119047619 0.4886609374613003 0.502615625 0.503082812383901 0.5004046880952381
10 0.5295265622291021 0.4782921880952381 0.5259203126934985 0.45949843809523805 0.5211125003095975 0.4749765630952381 0.5205109374613003 0.5059328130952381 0.5313281250773993 0.513671875 0.5325312501547987 0.5015109369047619 0.5295265622291021 0.4782921880952381
10 0.5679875003095975 0.491559375 0.5655843752321982 0.4738703130952381 0.5541656247678018 0.4694484369047619 0.5505593752321982 0.49708749999999996 0.5583718749226007 0.4959828119047619 0.5661843752321982 0.5015109369047619 0.5679875003095975 0.491559375
10 0.5631796873065016 0.52804375 0.5727953126934985 0.5313609380952381 0.5836125003095975 0.52915 0.5830109374613003 0.5169890619047619 0.5776031250773993 0.49819375 0.5721937498452012 0.4959828119047619 0.5619781250773993 0.5114609369047619 0.5631796873065016 0.52804375
10 0.5980359374613003 0.5313609380952381 0.5962328123839009 0.50814375 0.5944296873065016 0.4893484369047619 0.591425 0.4672375 0.5854156247678018 0.4738703130952381 0.5806078123839009 0.49708749999999996 0.5800062501547988 0.5269390619047619 0.5980359374613003 0.5313609380952381
10 0.6076515622291021 0.4782921880952381 0.6010406247678018 0.481609375 0.5974343752321982 0.502615625 0.5974343752321982 0.52804375 0.6076515622291021 0.52915 0.6196703126934985 0.534678125 0.6190687498452012 0.5225171880952382 0.6148625003095975 0.50814375 0.6112562501547988 0.49266562500000005 0.6076515622291021 0.4782921880952381
10 0.6262812501547987 0.502615625 0.6346953126934985 0.5015109369047619 0.6419062501547987 0.5114609369047619 0.6425078123839009 0.48824375000000003 0.633492187616099 0.4904546880952381 0.6262812501547987 0.502615625
10 0.6647421876160992 0.481609375 0.6527234377708978 0.5004046880952381 0.6485171876160991 0.52804375 0.6509203126934984 0.5590015630952381 0.6581328123839009 0.567845311904762 0.6653437498452013 0.5612125 0.6659453126934985 0.544628125 0.6683484377708978 0.524728125 0.6683484377708978 0.49708749999999996 0.6647421876160992 0.481609375
10 0.685175 0.51809375 0.6929874996904024 0.5214109369047619 0.7002 0.5169890619047619 0.7068093752321982 0.502615625 0.7050078123839009 0.49266562500000005 0.6893828123839009 0.48492656309523813 0.6803671876160992 0.472765625 0.6707515622291021 0.4805046880952381 0.66955 0.49487656190476187 0.6713531250773993 0.5070375 0.6785656247678018 0.52915 0.685175 0.51809375
10 0.7392624996904025 0.4749765630952381 0.7392624996904025 0.4583921869047619 0.7344546873065017 0.4473359380952381 0.7266421876160991 0.43738593809523807 0.7218343752321982 0.430753125 0.716425 0.429646875 0.7140218749226006 0.44291406190476196 0.7182281250773993 0.46613125 0.7248390625386997 0.4838203130952381 0.7290453126934984 0.481609375 0.7344546873065017 0.481609375 0.7392624996904025 0.4749765630952381
0 0.7438593752321981 0.5475671869047619 0.7401265622291021 0.535709375 0.735717187616099 0.527596875 0.7316468749226007 0.5194828130952381 0.7241828123839009 0.518859375 0.7204515622291022 0.5338375 0.7146843752321981 0.5388296880952381 0.7092578123839008 0.54569375 0.7031515622291021 0.56316875 0.7065437498452013 0.581267188095238 0.713667187616099 0.5918765619047619 0.7201125003095976 0.5999890630952381 0.7265578123839009 0.6012375 0.7340218749226006 0.5937484380952381 0.7350390625386997 0.576898436904762 0.7431796873065015 0.5637921880952381 0.7438593752321981 0.5475671869047619
0 0.6034187498452013 0.578146875 0.5990078123839009 0.573778125 0.5929015622291022 0.582515625 0.5854390625386997 0.586259375 0.5840828123839009 0.5981171880952381 0.5854390625386997 0.6212078119047619 0.5905281250773994 0.6343140630952381 0.5993468749226006 0.636809375 0.6044359374613003 0.629945313095238 0.610542187616099 0.6193359380952381 0.6156312501547988 0.6081015630952381 0.6159703126934984 0.5918765619047619 0.6102031250773994 0.5806421880952382 0.6034187498452013 0.578146875
0 0.5752624996904024 0.6355609380952381 0.5820468749226007 0.6355609380952381 0.5861171876160991 0.6262000000000001 0.5854390625386997 0.618710938095238 0.5810296873065015 0.60935 0.5752624996904024 0.601860936904762 0.5728875003095975 0.6068546880952381 0.5694953126934984 0.60935 0.5691562501547988 0.6230796880952381 0.5691562501547988 0.631192186904762 0.5752624996904024 0.6355609380952381
0 0.5321796873065016 0.611221875 0.5281093752321981 0.6218312500000001 0.5294671876160991 0.632440625 0.5348937498452012 0.6343140630952381 0.5403218749226006 0.63868125 0.5440531250773993 0.6343140630952381 0.5481234377708978 0.62245625 0.5460890625386997 0.607478125 0.5467671876160991 0.5968687500000001 0.5443921876160991 0.5837625 0.5365906247678018 0.5831390630952381 0.5355718749226006 0.603109375 0.5321796873065016 0.611221875
8 0.4185390625386997 0.6511640630952381 0.4124328123839009 0.649290625 0.4049703126934985 0.64804375 0.3988640625386997 0.6549078130952382 0.40123749969040245 0.683615625 0.4008984377708978 0.7098265619047619 0.40429062476780186 0.737285936904762 0.4066656247678019 0.754135936904762 0.40802343777089783 0.7666171869047619 0.4137890625386997 0.7503921869047618 0.4141296873065015 0.724179688095238 0.41514687492260066 0.7010890630952381 0.41887812507739935 0.682367186904762 0.42260937523219816 0.6524109380952381 0.4185390625386997 0.6511640630952381
8 0.37274374984520126 0.65615625 0.3724031250773994 0.6711343750000001 0.37274374984520126 0.68985625 0.376475 0.7029609380952381 0.37850937523219813 0.704834375 0.38224218761609907 0.704209375 0.3863125003095975 0.697345311904762 0.3883468749226006 0.682367186904762 0.39072187492260063 0.668014063095238 0.38936562476780184 0.6567796880952381 0.3829203126934984 0.653659375 0.37884843777089783 0.6530359369047619 0.37274374984520126 0.65615625
8 0.3476406247678019 0.682990625 0.35205 0.6811187500000001 0.35476406253869963 0.6717578130952381 0.3574781250773994 0.65553125 0.35238906253869967 0.654284375 0.3483187498452012 0.657404688095238 0.34221249969040246 0.658028125 0.33882031269349844 0.663020313095238 0.34153437523219815 0.676126561904762 0.3476406247678019 0.682990625
0 0.46424062476780187 0.553909375 0.46274999999999994 0.54203125 0.4562937498452012 0.540203125 0.4498375003095975 0.544771875 0.44487031269349847 0.553909375 0.4379171876160991 0.5621328119047618 0.44437343777089783 0.5740109380952381 0.4523203126934984 0.57035625 0.46076406253869967 0.573096875 0.46473750030959754 0.5657875 0.46424062476780187 0.553909375
6 0.34631433436532505 0.7080839214285714 0.34631433436532505 0.6596741285714286 0.2328124643962848 0.6527343761904761 0.23539527492260062 0.7018374178571429 0.34631433436532505 0.7080839214285714
6 0.7290634030959753 0.6643589321428571 0.7165654309597523 0.6237571654761904 0.6410155894736842 0.6390625011904761 0.6493890365325078 0.6893445892857143 0.7290634030959753 0.6643589321428571
