2 0.31888093036604914 0.574366182923953 0.27544898847509103 0.5664955140392134 0.2827460562964461 0.5262335587865652 0.3261777057858808 0.5341042004094406
2 0.3589963062057677 0.5826388192156293 0.32280510399186824 0.5859149046510888 0.3171904811472359 0.5238934672870419 0.353381302314574 0.5206173993085017
0 0.3274038266475827 0.5237155536036343 0.33660798254607016 0.5260240585002668 0.3319307170921775 0.5446710012868735 0.3227265625000655 0.5423625000000047
9 0.34216659523451654 0.5272710997128832 0.3337984209217666 0.5267749215729567 0.33882568138051283 0.44199601252237886 0.347193749999974 0.44249218749999697
2 0.3448275656488704 0.5441731933106225 0.38369109183429373 0.5297252193987798 0.4049244756591861 0.586835402394166 0.366060989268135 0.6012833000670946
9 0.36426874999995107 0.44671093750000085 0.3685137615092344 0.4465546793372906 0.3718278022939785 0.5365796811946603 0.3675827908436986 0.5367359382971606
9 0.37599375 0.436865625 0.38058125 0.436865625 0.38058125 0.528765625 0.37599375 0.528765625
2 0.5738846298057751 0.5761750471554636 0.606125861878013 0.5448455065753421 0.6386326271834832 0.5782949684349727 0.6063915231942474 0.6096243798045586
2 0.6526366022563934 0.5836435723534293 0.620852661080562 0.5885789760336034 0.6134181318382161 0.5407046579533448 0.6452018131749355 0.5357692748598153
0 0.6165875 0.5297031249999999 0.6267828125 0.5297031249999999 0.6267828125 0.553146875 0.6165875 0.553146875
2 0.653276782448188 0.5766659621716084 0.6430362295726582 0.547675780124797 0.6833233995779437 0.5334460008549716 0.6935640016032494 0.5624360770889473
2 0.6953565312779801 0.4950428593361971 0.7299920819162935 0.49239572945592025 0.7340759882899874 0.5458260475973725 0.6994404390267164 0.5484731662176446
2 0.6968951007104351 0.6543291439574861 0.6831625963466195 0.5916267160404637 0.7363350415541845 0.5799827544716084 0.7500677737264141 0.6426848603920405
2 0.6559110484124631 0.6446013282638173 0.6903277869068916 0.6395010259578486 0.6982233252233527 0.6927728727997161 0.6638065928511878 0.697873147117774
9 0.7162408557827575 0.7589842865131059 0.7105435433118146 0.7611687534646071 0.6842918315396673 0.6927125747089086 0.6899890624999898 0.6905281249999865
9 0.6888888022336914 0.7868386890349477 0.6797964520252435 0.7885872354698011 0.6610082868162408 0.6909060463385562 0.6701004378924154 0.6891575196522192
2 0.634963475765062 0.6370987461285549 0.638025886180003 0.661739239369022 0.6135716393315533 0.6647780407593065 0.6105092951311235 0.6401376075031678
2 0.3824791009604951 0.6435046364503862 0.4043474414530692 0.6456020162285969 0.40057481211340473 0.6849321499253994 0.3787064727788447 0.6828347785112381
2 0.37386018534823506 0.680942930273514 0.3354420288221718 0.6695956300218738 0.3479352772311586 0.6273037497202449 0.38635311867801647 0.6386510004990635
0 0.3424140622075811 0.6653593749945299 0.3500024788606879 0.6655013204563883 0.34977122914824577 0.6778622577822524 0.3421828124999138 0.6777203124999994
1 0.29331884795658425 0.6135866097005898 0.3486281946084091 0.623895382906917 0.3400608379597543 0.6698558218460127 0.2847515040189137 0.6595470957995537
2 0.32277173882937404 0.6944573655033727 0.28641712040371203 0.6919879742054215 0.2896007338350728 0.6451277957325862 0.3259550055786349 0.6475971752262581
9 0.31167376976304695 0.6896490916798828 0.322177143719955 0.6911554025889775 0.3086643079869873 0.7853641073328663 0.2981609375000289 0.7838578124999979
9 0.29422165998937544 0.6845405493087955 0.2992675599799668 0.6863168810845931 0.27285370479762605 0.7613372537989033 0.26780781249999563 0.7595609374999945
2 0.3009891317791471 0.6141298987936847 0.28675689973783847 0.6478890823830432 0.24245365415549713 0.6292137175085012 0.25668593750003765 0.5954546875000006
0 0.2794568206479653 0.6425996344869517 0.2849073127754309 0.643190961251641 0.2834392334026461 0.6567210970156762 0.2779887414037603 0.6561297710471173
11 0.2567830710228236 0.4691156823040825 0.20441245534266272 0.46015806941852977 0.22600520517346467 0.33392556173284804 0.2783750028720533 0.3428831022579069
1 0.6910863296247953 0.6223740362900857 0.6994938830704314 0.6896228863973306 0.6405476001060606 0.6969910506421284 0.6321404881219905 0.6297426002391154