2 0.29819139396374794 0.5201679101583802 0.3139987891441933 0.5435516415820725 0.28616903278486916 0.5623627960420636 0.2703617104658633 0.5389791293142084
2 0.2747400498743673 0.5986511531713364 0.29954442130940606 0.5738102879696264 0.3357341160555052 0.609942914701912 0.3109298614012914 0.6347836631722175
2 0.37935063837812777 0.6237031408758308 0.419858377883088 0.6249153398439459 0.418227897746533 0.6793937506909447 0.3777201584844079 0.6781815582874933
0 0.4158185341279932 0.6087559902156969 0.40034808173595593 0.606758470959578 0.40894173973867964 0.5402097807614956 0.4244120105933007 0.5422072880599071
0 0.43221888583047985 0.7030120837231513 0.4124325668176425 0.7022217556629793 0.4149897978680883 0.6382123468632194 0.43477585673610974 0.6390026697014928
2 0.4875545025370229 0.6187665955843333 0.4551867105540168 0.6208938300565785 0.45151920509636057 0.5650932762006272 0.48388667079950665 0.5629660525064023
9 0.4737343750000491 0.452756249999999 0.47637442138398 0.4527080504358984 0.47728223065291786 0.5024283631683387 0.4746421842739892 0.5024765625588983
0 0.489171871741064 0.5669281247076755 0.4998998573564677 0.5678904320668062 0.49573176295700705 0.6143522848151227 0.4850037778810474 0.6133899814988041
2 0.5892494056279247 0.543419269588012 0.6109381763427564 0.5423126714329204 0.6149295440137621 0.6205336833641244 0.5932407738968095 0.621640273837494
2 0.6486601095431297 0.6208480289764636 0.6146570359281895 0.6249361320846801 0.6077687555821285 0.5676473539412124 0.6417714800645626 0.5635592719642397
9 0.5990984396592012 0.481712500072811 0.5947116520093232 0.4815645745694901 0.5971929444385751 0.40798645025879 0.6015796875000206 0.40813437500000016
0 0.6319848797661507 0.5755451994880073 0.6153370184221103 0.577596651182306 0.6079177519759469 0.5173930122867136 0.6245654472644446 0.5153415709337048
2 0.71274094320313 0.5497003716863386 0.707988438198413 0.6022023511321397 0.6681105503496383 0.5985928101189707 0.6728632206418297 0.5460910158835776
2 0.7455797399001085 0.5285989829901067 0.7468506736310019 0.5686497443355973 0.7157512482827997 0.5696364341191663 0.7144804218270338 0.5295857766206135
0 0.6947070325966251 0.5064613338224745 0.7068240076216625 0.5045131286325626 0.7151949288745527 0.5565721786267359 0.7030779558099312 0.5585203754864216
0 0.7160794678454749 0.5005369110899193 0.7342749965034727 0.5007939291877389 0.7337863089331904 0.5353876578621677 0.7155907802892898 0.5351306404654655
2 0.6995646381217284 0.6516923929751192 0.6802789350670082 0.6400703086957515 0.7132422427790743 0.5853776136990672 0.7325277675976167 0.5969996285391063
2 0.6983311838669124 0.6175499673074781 0.6983312682859832 0.6527672159324392 0.6524359087085259 0.6527671805796075 0.6524359809410498 0.617550089908612
2 0.6010471611597268 0.6490170120582668 0.6208788049491432 0.6473317535577919 0.6235522734669985 0.6787881971778019 0.6037206303562925 0.6804734502923967
6 0.38964899171151046 0.5937500712494203 0.2972850423957425 0.5818757521021707 0.3111707637251584 0.47388064891133536 0.40353315406491674 0.4857548690779998
6 0.3300779355134864 0.6005858751770039 0.4040310837414154 0.6249093512170867 0.378617472513497 0.7021668994454923 0.3046644144747006 0.6778436205074696
6 0.6714577774677082 0.7084708245129689 0.6252439774148115 0.7258933303454871 0.5992946546740541 0.6570708086292595 0.6455078125 0.6396484374999938
6 0.644074173529134 0.5231473989498766 0.6806640625 0.521484374999998 0.6844555536614507 0.6048970599874707 0.6478656656838666 0.6065600719952428