2 0.17905156222910218 0.59159375 0.17390312507739938 0.59159375 0.16760937523219815 0.5884390630952381 0.16303437523219816 0.589490625 0.1573125003095975 0.585284375 0.15388125015479875 0.6052640630952381 0.16532187492260061 0.6168312499999999 0.16532187492260061 0.623140625 0.16818281238390095 0.6294500000000001 0.17447500000000002 0.6294500000000001 0.18019531269349845 0.626295311904762 0.18362812507739937 0.6210375 0.18648750030959754 0.62524375 0.19163593746130028 0.627346875 0.19735625015479877 0.6178828119047619 0.19849999999999998 0.6073671869047619 0.19678437523219813 0.6042125 0.19449687492260062 0.60000625 0.18877656222910216 0.5958 0.18362812507739937 0.5926453130952382 0.17905156222910218 0.59159375
2 0.20937031269349846 0.6399656250000001 0.20307656222910214 0.6757203130952381 0.20650937523219812 0.689390625 0.21337343777089782 0.689390625 0.22710312507739938 0.6851843750000001 0.23167968730650154 0.67466875 0.23911562476780188 0.6694109369047619 0.2448359374613003 0.6536375000000001 0.25341718761609905 0.6431203130952381 0.2545609374613003 0.627346875 0.24598125015479877 0.619985938095238 0.23854374984520124 0.6178828119047619 0.22996406253869967 0.6168312499999999 0.22424218761609907 0.6105218750000001 0.2185218749226006 0.6178828119047619 0.21280156222910218 0.6157796869047619 0.20937031269349846 0.6399656250000001
0 0.19013125015479876 0.6752984369047619 0.1927734377708978 0.6801546869047619 0.19658906253869968 0.6828531250000001 0.20128593746130033 0.6758375 0.20392812507739938 0.6677437500000001 0.20715625015479877 0.65533125 0.20950468730650157 0.6450796869047619 0.20833125015479875 0.62835 0.20334062476780185 0.634285936904762 0.1998171876160991 0.6450796869047619 0.19746874984520124 0.6499359369047619 0.19424062476780185 0.6531734369047619 0.19189218761609908 0.6569515630952381 0.19189218761609908 0.6693625 0.19013125015479876 0.6752984369047619
9 0.20510156222910214 0.8010328119047619 0.21420156222910217 0.7756687499999999 0.22007343777089786 0.75030625 0.22330156222910216 0.736815625 0.22594374984520124 0.7092953130952381 0.22565000000000002 0.685551563095238 0.21567031269349843 0.681773436904762 0.21919218761609907 0.689328125 0.22007343777089786 0.710373436904762 0.21889843777089785 0.736815625 0.20510156222910214 0.8010328119047619
9 0.20334062476780185 0.682314061904762 0.19658906253869968 0.6898687499999999 0.18954374984520125 0.7044374999999999 0.18044374984520123 0.72818125 0.16752656222910217 0.7708124999999999 0.17193125015479876 0.758940625 0.1772140625386997 0.7486875000000001 0.18132343777089785 0.738975 0.1857281250773994 0.72818125 0.190425 0.7173890630952381 0.19658906253869968 0.7038984380952381 0.20774374984520122 0.68825 0.20539531269349845 0.684471875 0.20334062476780185 0.682314061904762
2 0.2670406247678018 0.659109375 0.2705640625386997 0.6531734369047619 0.2770218749226006 0.651015625 0.2787828123839009 0.6461578130952381 0.28054374984520125 0.63914375 0.28054374984520125 0.632667188095238 0.2770218749226006 0.6310484369047619 0.2705640625386997 0.6310484369047619 0.26762812507739936 0.6272718749999999 0.2588218749226006 0.633207813095238 0.25940937523219815 0.6450796869047619 0.2597031250773994 0.6580296869047619 0.2670406247678018 0.659109375
2 0.5024687498452013 0.6774562500000001 0.510982812383901 0.6812343750000001 0.5153859374613003 0.677996875 0.5177343752321981 0.6699015630952381 0.5177343752321981 0.660728125 0.5150921876160991 0.6499359369047619 0.511275 0.650475 0.5045234377708978 0.64561875 0.5010015622291022 0.644539061904762 0.49571718761609906 0.649395311904762 0.4916078123839009 0.654253125 0.49336874984520124 0.67098125 0.5007078123839009 0.6726000000000001 0.5024687498452013 0.6774562500000001
2 0.5576562501547987 0.6272718749999999 0.5514921876160991 0.626192186904762 0.5429796873065016 0.6321281249999999 0.5368140625386997 0.635365625 0.5283015622291022 0.6418406249999999 0.5274203126934984 0.647776563095238 0.5285953126934985 0.66450625 0.5376953126934985 0.6774562500000001 0.5438593752321982 0.6898687499999999 0.547382812383901 0.704978125 0.5517859374613003 0.7038984380952381 0.5570703126934984 0.701740625 0.5652890625386997 0.696882811904762 0.5693984377708978 0.6887890619047619 0.5685187498452012 0.6801546869047619 0.5699859374613003 0.6650453130952381 0.5696921876160991 0.64561875 0.5699859374613003 0.6321281249999999 0.5641156247678019 0.6251125000000001 0.5576562501547987 0.6272718749999999
9 0.5855437498452012 0.7384343750000001 0.594057812383901 0.7557031249999999 0.6099093752321981 0.8004921880952381 0.6013953126934984 0.7702734380952381 0.59435 0.74706875 0.5823156247678019 0.717929688095238 0.5684654798761609 0.6856598178571429 0.5855437498452012 0.7384343750000001
9 0.5652890625386997 0.7934765619047619 0.5620593752321982 0.7697328130952381 0.5567765622291022 0.738975 0.5550140625386997 0.7038984380952381 0.54885 0.707135936904762 0.54885 0.71523125 0.5520796873065016 0.7384343750000001 0.5576562501547987 0.7756687499999999 0.5714531250773994 0.8188406250000001 0.5652890625386997 0.7934765619047619
2 0.5984609374613004 0.6073046880952381 0.5931765622291022 0.6056859369047619 0.5849578123839009 0.614859375 0.5867187498452012 0.6321281249999999 0.5934703126934985 0.6369843749999999 0.6002218749226006 0.639682811904762 0.6057984377708978 0.6369843749999999 0.6119640625386997 0.633746875 0.6154859374613003 0.621875 0.6190093752321981 0.626192186904762 0.6245859374613003 0.62835 0.6278156247678018 0.621875 0.6251734377708978 0.603528125 0.6216515622291021 0.5975921880952381 0.613725 0.6040671880952382 0.6081468749226006 0.60460625 0.6040374996904025 0.6040671880952382 0.5984609374613004 0.6073046880952381
2 0.6316312501547988 0.513948438095238 0.6295765622291022 0.5274390619047619 0.6342734377708978 0.529057811904762 0.6401453126934984 0.529057811904762 0.6439609374613003 0.5263609369047619 0.6498312501547987 0.5236625 0.6568765622291022 0.515567188095238 0.6583453126934984 0.5069328130952381 0.6571703126934983 0.5004578130952381 0.6545281250773994 0.499378125 0.6510062501547987 0.49290312500000005 0.6463093752321982 0.48912500000000003 0.6424937498452012 0.489665625 0.6392640625386996 0.49290312500000005 0.6395578123839009 0.5069328130952381 0.6354484377708979 0.50963125 0.6316312501547988 0.513948438095238
2 0.6069734377708979 0.513409375 0.6034499999999999 0.5150281250000001 0.601982812383901 0.5274390619047619 0.6022765622291022 0.5409296880952381 0.6052125003095975 0.5414703119047619 0.6090281250773993 0.5398515619047619 0.6149 0.5382328130952381 0.6125515622291021 0.5279796869047618 0.6110828123839009 0.519884375 0.6069734377708979 0.513409375
2 0.1602921876160991 0.5271140630952381 0.16757187492260062 0.5223328130952382 0.16757187492260062 0.5127734380952381 0.1670531250773994 0.5003453119047618 0.16185156222910216 0.495565625 0.15665156222910218 0.5003453119047618 0.15613125015479876 0.517553125 0.1602921876160991 0.5271140630952381
2 0.16757187492260062 0.519465625 0.17433281238390091 0.5271140630952381 0.18057343777089782 0.521378125 0.17849374984520122 0.50895 0.1712124996904025 0.50799375 0.16757187492260062 0.519465625
11 0.08588618885448916 0.31743535357142855 0.08038947244582044 0.35934781428571433 0.06664768235294118 0.37858632023809524 0.06252514551083592 0.3998860952380952 0.06458641424148606 0.4253084071428571 0.07832820433436533 0.43767601785714283 0.088634546749226 0.44179855476190477 0.10168924767801858 0.44523400238095234 0.11199559009287925 0.4328663916666667 0.112682679876161 0.41294079642857145 0.1195535746130031 0.32499333809523806 0.09550544210526316 0.2775841619047619 0.07489275665634675 0.2775841619047619 0.08588618885448916 0.2865163261904762 0.08588618885448916 0.31743535357142855
11 0.027483580185758513 0.6479254083333333 0.037102833436532506 0.6499866773809523 0.051531713312693496 0.6541092142857142 0.06252514551083592 0.6589188404761904 0.07626693560371517 0.6705993619047619 0.08932163653250774 0.6809057047619047 0.0982538 0.689837869047619 0.10718596346749226 0.6987700321428572 0.12230193312693498 0.6925862261904762 0.1291728278637771 0.6733477202380952 0.1284857386996904 0.6438028714285714 0.13192118575851394 0.6259385440476191 0.13123409659442722 0.6156322011904761 0.12505029102167184 0.604638769047619 0.12092775417956657 0.6005162321428571 0.11199559009287925 0.5970807845238095 0.10031506873065016 0.5922711583333333 0.09000872569659443 0.5860873523809524 0.08107656222910217 0.5819648154761905 0.06664768235294118 0.568223025 0.06458641424148606 0.5695972047619048 0.05084462352941177 0.5737197416666666 0.043286639009287926 0.5785293678571429 0.03641574427244582 0.5867744416666667 0.03298029659442724 0.5936453369047618 0.02954484891640867 0.6012033214285714 0.027483580185758513 0.6197547380952381 0.028857759752321983 0.6286869023809524 0.026796491021671826 0.6403674238095238 0.027483580185758513 0.6479254083333333
7 0.19248853498452012 0.7902738988095238 0.19084098699690402 0.7941181773809524 0.19303771764705885 0.8053764226190476 0.19660740495356038 0.8141633464285714 0.20237382352941177 0.8185568071428572 0.20676728482972137 0.818007625 0.21198452074303406 0.8122412071428571 0.22296817461300308 0.7834091154761905 0.22434113126934985 0.75375325 0.2155542080495356 0.7875279857142857 0.20786565015479877 0.805925605952381 0.20676728482972137 0.7985116392857142 0.21006238080495357 0.768032 0.21418125139318883 0.7449663261904762 0.21143533808049536 0.7424950047619047 0.21061156346749227 0.7413966392857143 0.19770577027863778 0.7856058464285715 0.19248853498452012 0.7902738988095238
11 0.6545376699690402 0.6910089369047618 0.6516199684210526 0.7007346083333333 0.6530788191950465 0.7119191297619047 0.6550239535603716 0.7192133833333333 0.6579416544891641 0.7231036511904761 0.6608593560371516 0.7284527702380952 0.6647496247678018 0.7328293226190477 0.675934146130031 0.7303979047619047 0.6944129213622291 0.7177545321428571 0.7187270996904024 0.6934403547619048 0.7347744569659442 0.6579416547619047 0.7328293226006192 0.629250925 0.7274802037151703 0.6141761345238096 0.7221310842105263 0.6000739107142857 0.7138642637770898 0.5942385083333334 0.705111159752322 0.5971562095238095 0.7012208916408669 0.5995876273809524 0.6973306229102167 0.6039641797619048 0.6939266383900928 0.6078544488095238 0.6856598173374614 0.612231 0.6788518476780185 0.6151487011904763 0.668639892879257 0.6204978202380952 0.6603730724458204 0.6248743726190475 0.6521062520123839 0.6287646416666666 0.6438394315789474 0.6384903119047619 0.6370314619195047 0.6462708488095239 0.6360588947368421 0.6545376702380953 0.637517745510836 0.6628044904761905 0.6384903126934985 0.671557594047619 0.6472434167182662 0.6817695488095238 0.659400505263158 0.6890638023809523 0.6545376699690402 0.6910089369047618
11 0.6681536092879257 0.45856539523809525 0.6730164452012383 0.4600242464285714 0.68517353374613 0.4566202619047619 0.6953854885448916 0.4250118297619047 0.6934403547987616 0.3773560416666667 0.68517353374613 0.366171519047619 0.6769067133126935 0.35547328095238095 0.6700987436532507 0.3438024761904762 0.6637770575851393 0.33213167023809526 0.6501611176470589 0.3224059988095238 0.6452982823529412 0.32191971547619047 0.6438394315789474 0.33067282023809524 0.6443257151702786 0.3438024761904762 0.6457845659442725 0.35547328095238095 0.6467571331269351 0.364712669047619 0.648702266873065 0.3758971904761905 0.6511336848297213 0.38902684642857144 0.6521062520123839 0.4021565023809524 0.6525925356037151 0.4201489940476191 0.6574553708978328 0.45127114285714287 0.6681536092879257 0.45856539523809525
