2 0.19735625015479877 0.6178828119047619 0.19849999999999998 0.6073671869047619 0.19678437523219813 0.6042125 0.19449687492260062 0.60000625 0.18877656222910216 0.5958 0.18362812507739937 0.5926453130952382 0.17905156222910218 0.59159375 0.17390312507739938 0.59159375 0.16760937523219815 0.5884390630952381 0.16303437523219816 0.589490625 0.1573125003095975 0.585284375 0.15388125015479875 0.6052640630952381 0.16532187492260061 0.6168312499999999 0.16532187492260061 0.623140625 0.16818281238390095 0.6294500000000001 0.17447500000000002 0.6294500000000001 0.18019531269349845 0.626295311904762 0.18362812507739937 0.6210375 0.18648750030959754 0.62524375 0.19163593746130028 0.627346875 0.19735625015479877 0.6178828119047619
2 0.24598125015479877 0.619985938095238 0.23854374984520124 0.6178828119047619 0.22996406253869967 0.6168312499999999 0.22424218761609907 0.6105218750000001 0.2185218749226006 0.6178828119047619 0.21280156222910218 0.6157796869047619 0.20937031269349846 0.6399656250000001 0.20307656222910214 0.6757203130952381 0.20650937523219812 0.689390625 0.21337343777089782 0.689390625 0.22710312507739938 0.6851843750000001 0.23167968730650154 0.67466875 0.23911562476780188 0.6694109369047619 0.2448359374613003 0.6536375000000001 0.25341718761609905 0.6431203130952381 0.2545609374613003 0.627346875 0.24598125015479877 0.619985938095238
9 0.22594374984520124 0.7092953130952381 0.22565000000000002 0.685551563095238 0.21567031269349843 0.681773436904762 0.21919218761609907 0.689328125 0.22007343777089786 0.710373436904762 0.21889843777089785 0.736815625 0.20510156222910214 0.8010328119047619 0.21420156222910217 0.7756687499999999 0.22007343777089786 0.75030625 0.22330156222910216 0.736815625 0.22594374984520124 0.7092953130952381
9 0.18132343777089785 0.738975 0.1857281250773994 0.72818125 0.190425 0.7173890630952381 0.19658906253869968 0.7038984380952381 0.20774374984520122 0.68825 0.20539531269349845 0.684471875 0.20334062476780185 0.682314061904762 0.19658906253869968 0.6898687499999999 0.18954374984520125 0.7044374999999999 0.18044374984520123 0.72818125 0.16752656222910217 0.7708124999999999 0.17193125015479876 0.758940625 0.1772140625386997 0.7486875000000001 0.18132343777089785 0.738975
7 0.22183437523219815 0.780526563095238 0.22359531269349844 0.76919375 0.22154062476780187 0.766495313095238 0.21537656222910218 0.784303125 0.21097343777089783 0.79779375 0.20627656222910215 0.806428125 0.20392812507739938 0.8021109369047619 0.20363437523219813 0.7886203119047619 0.20686250030959752 0.7756687499999999 0.20950468730650157 0.7659562499999999 0.20979843777089782 0.750846875 0.2056890625386997 0.7643375 0.19834999999999997 0.7762093750000001 0.1921859374613003 0.7886203119047619 0.18836874984520124 0.809126563095238 0.18836874984520124 0.8161421880952381 0.19923125015479876 0.8236968750000001 0.20363437523219813 0.8242359369047619 0.21332187492260063 0.8080468749999999 0.21831093746130031 0.7934765619047619 0.22183437523219815 0.780526563095238
2 0.2770218749226006 0.6310484369047619 0.2705640625386997 0.6310484369047619 0.26762812507739936 0.6272718749999999 0.2588218749226006 0.633207813095238 0.25940937523219815 0.6450796869047619 0.2597031250773994 0.6580296869047619 0.2670406247678018 0.659109375 0.2705640625386997 0.6531734369047619 0.2770218749226006 0.651015625 0.2787828123839009 0.6461578130952381 0.28054374984520125 0.63914375 0.28054374984520125 0.632667188095238 0.2770218749226006 0.6310484369047619
2 0.5045234377708978 0.64561875 0.5010015622291022 0.644539061904762 0.49571718761609906 0.649395311904762 0.4916078123839009 0.654253125 0.49336874984520124 0.67098125 0.5007078123839009 0.6726000000000001 0.5024687498452013 0.6774562500000001 0.510982812383901 0.6812343750000001 0.5153859374613003 0.677996875 0.5177343752321981 0.6699015630952381 0.5177343752321981 0.660728125 0.5150921876160991 0.6499359369047619 0.511275 0.650475 0.5045234377708978 0.64561875
2 0.5693984377708978 0.6887890619047619 0.5685187498452012 0.6801546869047619 0.5699859374613003 0.6650453130952381 0.5696921876160991 0.64561875 0.5699859374613003 0.6321281249999999 0.5641156247678019 0.6251125000000001 0.5576562501547987 0.6272718749999999 0.5514921876160991 0.626192186904762 0.5429796873065016 0.6321281249999999 0.5368140625386997 0.635365625 0.5283015622291022 0.6418406249999999 0.5274203126934984 0.647776563095238 0.5285953126934985 0.66450625 0.5376953126934985 0.6774562500000001 0.5438593752321982 0.6898687499999999 0.547382812383901 0.704978125 0.5517859374613003 0.7038984380952381 0.5570703126934984 0.701740625 0.5652890625386997 0.696882811904762 0.5693984377708978 0.6887890619047619
9 0.594057812383901 0.7557031249999999 0.6099093752321981 0.8004921880952381 0.6013953126934984 0.7702734380952381 0.59435 0.74706875 0.5823156247678019 0.717929688095238 0.5796734377708979 0.7206265630952381 0.5855437498452012 0.7384343750000001 0.594057812383901 0.7557031249999999
9 0.5550140625386997 0.7038984380952381 0.54885 0.707135936904762 0.54885 0.71523125 0.5520796873065016 0.7384343750000001 0.5576562501547987 0.7756687499999999 0.5714531250773994 0.8188406250000001 0.5652890625386997 0.7934765619047619 0.5620593752321982 0.7697328130952381 0.5567765622291022 0.738975 0.5550140625386997 0.7038984380952381
2 0.6278156247678018 0.621875 0.6251734377708978 0.603528125 0.6216515622291021 0.5975921880952381 0.613725 0.6040671880952382 0.6081468749226006 0.60460625 0.6040374996904025 0.6040671880952382 0.5984609374613004 0.6073046880952381 0.5931765622291022 0.6056859369047619 0.5849578123839009 0.614859375 0.5867187498452012 0.6321281249999999 0.5934703126934985 0.6369843749999999 0.6014573721362229 0.6458234297619048 0.6051164284829721 0.6476529571428572 0.611977159133127 0.6435365190476191 0.6154859374613003 0.621875 0.6190093752321981 0.626192186904762 0.6245859374613003 0.62835 0.6278156247678018 0.621875
2 0.6510062501547987 0.49290312500000005 0.6463093752321982 0.48912500000000003 0.6424937498452012 0.489665625 0.6392640625386996 0.49290312500000005 0.6395578123839009 0.5069328130952381 0.6354484377708979 0.50963125 0.6316312501547988 0.513948438095238 0.6295765622291022 0.5274390619047619 0.6342734377708978 0.529057811904762 0.6401453126934984 0.529057811904762 0.6439609374613003 0.5263609369047619 0.6498312501547987 0.5236625 0.6568765622291022 0.515567188095238 0.6583453126934984 0.5069328130952381 0.6571703126934983 0.5004578130952381 0.6545281250773994 0.499378125 0.6510062501547987 0.49290312500000005
2 0.6022765622291022 0.5409296880952381 0.6052125003095975 0.5414703119047619 0.6090281250773993 0.5398515619047619 0.6149 0.5382328130952381 0.6125515622291021 0.5279796869047618 0.6110828123839009 0.519884375 0.6069734377708979 0.513409375 0.6034499999999999 0.5150281250000001 0.601982812383901 0.5274390619047619 0.6022765622291022 0.5409296880952381
2 0.16757187492260062 0.5223328130952382 0.16757187492260062 0.5127734380952381 0.1670531250773994 0.5003453119047618 0.16185156222910216 0.495565625 0.15665156222910218 0.5003453119047618 0.15613125015479876 0.517553125 0.1602921876160991 0.5271140630952381 0.16757187492260062 0.5223328130952382
2 0.1712124996904025 0.50799375 0.16757187492260062 0.519465625 0.17433281238390091 0.5271140630952381 0.18057343777089782 0.521378125 0.17849374984520122 0.50895 0.1712124996904025 0.50799375
11 0.08004185572755418 0.3430365238095238 0.06311872012383901 0.3942633119047619 0.06860730464396285 0.4244505261904762 0.07958447368421052 0.43771460476190477 0.09787975479876161 0.4496065380952381 0.11617503591331269 0.41118644642857144 0.11343074427244582 0.34074961428571426 0.10885692383900929 0.3114771642857143 0.1038257213622291 0.2886080619047619 0.0891894959752322 0.266653725 0.08507305820433436 0.2652815785714286 0.08324353003095974 0.2794604214285714 0.08278614798761609 0.2918097369047619 0.08049923777089783 0.3178805119047619 0.08004185572755418 0.3430365238095238
11 0.026985539938080495 0.6453660476190476 0.029272450154798763 0.6481103392857143 0.0347610346749226 0.6467381928571428 0.04162176470588235 0.6444512833333333 0.0480251133126935 0.6458234297619048 0.059459664396284834 0.6513120142857143 0.07089421486068112 0.658172744047619 0.07958447368421052 0.6668630023809524 0.08827473250773994 0.6805844642857143 0.0987945188854489 0.6965928345238095 0.10702739566563467 0.7029961833333334 0.12486529473684212 0.6984223630952382 0.12623744086687308 0.6787549357142857 0.12532267678018574 0.6549710702380952 0.12943911517027865 0.6403348452380953 0.12715220495356036 0.6229543273809525 0.1230357665634675 0.6060311928571428 0.11617503591331269 0.6000852261904762 0.10794215975232198 0.5941392595238095 0.09101902414860681 0.5872785297619048 0.08049923777089783 0.5827047083333333 0.06997945077399381 0.5721849226190476 0.05991704643962848 0.5744718321428571 0.05122678761609907 0.577216125 0.04436605696594428 0.5817899452380952 0.03750532693498452 0.5923097321428571 0.03567579876160991 0.5950540238095238 0.029272450154798763 0.6138066869047619 0.02744292198142415 0.6206674178571429 0.024698629721362227 0.635761025 0.026985539938080495 0.6453660476190476
11 0.6545136879256966 0.6906468690476191 0.6572579801857585 0.6975075988095238 0.6581727442724458 0.7103142964285714 0.6572579801857585 0.7263226666666667 0.6622891826625387 0.7363850714285713 0.6746384972136223 0.7267800488095237 0.7007092730650154 0.7093995321428572 0.7112290600619194 0.6915616321428572 0.717175026625387 0.6773827892857143 0.7267800489164087 0.658172744047619 0.7286095770897832 0.6353036428571429 0.7304391052631579 0.6197526535714285 0.7281521950464397 0.6000852261904762 0.7208340823529411 0.5959687880952381 0.706655239628483 0.6069459571428572 0.6965928346749225 0.6138066869047619 0.6901894866873065 0.6202100357142858 0.6732663510835913 0.6307298226190476 0.6476529572755418 0.6371331702380952 0.6458234291021672 0.6449086654761905 0.6426217554179567 0.6586301261904762 0.643536519504644 0.6746384976190476 0.6517693956656347 0.6888173404761905 0.6545136879256966 0.6906468690476191
11 0.676468025386997 0.46241323452380956 0.6874451944272446 0.45006391904761905 0.69750759876161 0.4189619416666666 0.6924763969040247 0.39197640119047616 0.6851582842105264 0.3636187154761905 0.6824139919504644 0.3480677261904762 0.6801270817337461 0.32977244523809524 0.6778401715170278 0.31330669166666664 0.6696072947368421 0.30095737738095235 0.6627465647058824 0.3078181071428571 0.6531415417956656 0.3302298273809524 0.654056305882353 0.3430365238095238 0.6572579801857585 0.3695646821428571 0.6568005981424149 0.38282876071428573 0.6577153622291021 0.40203880595238095 0.6577153622291021 0.4294817285714286 0.6659482390092879 0.4633279988095238 0.676468025386997 0.46241323452380956
