2 0.2834031250773994 0.5582828119047619 0.2872859374613003 0.5668171869047619 0.29537187492260064 0.57469375 0.30216562476780184 0.5786328119047619 0.30992968730650156 0.57600625 0.3180171876160991 0.57206875 0.31931093746130035 0.5484375 0.3225453126934984 0.5175859369047618 0.31704531269349845 0.512990625 0.3125171876160991 0.5280875 0.3070171876160991 0.5169296869047619 0.3015187498452013 0.5057703119047618 0.29310781238390093 0.50314375 0.2866375003095975 0.5175859369047618 0.2866375003095975 0.55040625 0.2834031250773994 0.5582828119047619
2 0.3202812501547988 0.5806015619047619 0.3261031250773994 0.5845406249999999 0.33322031269349844 0.5845406249999999 0.34130781238390095 0.5806015619047619 0.34777656222910214 0.5740375 0.3503656247678018 0.5484375 0.3526296873065015 0.539246875 0.3529531250773994 0.530057813095238 0.34939531269349844 0.5221796880952381 0.3451890625386997 0.5221796880952381 0.3403374996904025 0.5221796880952381 0.3312796873065016 0.52480625 0.3273968749226006 0.52611875 0.31931093746130035 0.5740375 0.3202812501547988 0.5806015619047619
0 0.3618078123839009 0.5379859369047619 0.3630640625386997 0.5497140630952381 0.3685890625386997 0.556853125 0.3731109374613003 0.557873436904762 0.37913906253869967 0.5573625 0.38265468730650154 0.551753125 0.38742656222910216 0.543084375 0.39019062476780186 0.533396875 0.3899390625386997 0.5242171880952381 0.3876781250773994 0.51656875 0.3856687498452013 0.5145296869047619 0.38064531269349844 0.510959375 0.37562187492260063 0.5124890630952381 0.3690921876160991 0.516059375 0.3618078123839009 0.5379859369047619
2 0.6571859374613004 0.49413124999999997 0.654675 0.4880125 0.6506562501547988 0.4854625 0.645882812383901 0.4869921880952381 0.6383484377708979 0.4982109369047619 0.6325718749226006 0.504840625 0.6277984377708978 0.5124890630952381 0.6250359374613003 0.5349265630952381 0.6270453126934985 0.54869375 0.6277984377708978 0.5573625 0.6343296873065015 0.5639921869047619 0.6451296873065014 0.5645015619047619 0.6519109374613004 0.559403125 0.6566843752321982 0.5532828130952381 0.6627125003095976 0.55124375 0.6662281250773994 0.551753125 0.6720046873065015 0.5441046869047619 0.6667312501547987 0.5221781249999999 0.6637171876160991 0.5242171880952381 0.6586937498452012 0.5226875 0.6581906247678019 0.5155484380952381 0.6576890625386997 0.50433125 0.6571859374613004 0.49413124999999997
2 0.690917187616099 0.584354688095238 0.6828062501547988 0.5894875 0.6709999999999999 0.59101875 0.6699953126934984 0.602746875 0.6702468749226006 0.6149843749999999 0.6709999999999999 0.6226328119047619 0.6760234377708978 0.632321875 0.6797921876160992 0.6415000000000001 0.6898390625386996 0.65271875 0.694359375232198 0.647109375 0.7003874996904025 0.637421875 0.7036531250773994 0.629771875 0.7034015622291022 0.61804375 0.6963687498452011 0.600196875 0.690917187616099 0.584354688095238
0 0.6677359374613002 0.617025 0.6664796873065015 0.62569375 0.665475 0.6364015630952381 0.67075 0.6486390630952381 0.6755218749226006 0.642010938095238 0.6752703126934985 0.6307921869047619 0.6720046873065015 0.62314375 0.6677359374613002 0.617025
0 0.6622093752321981 0.640990625 0.6637171876160991 0.630282813095238 0.6614562501547987 0.627223436904762 0.6556796873065015 0.6287531249999999 0.6504046873065015 0.6343625 0.6463859374613004 0.647620311904762 0.6504046873065015 0.6517 0.6579390625386997 0.650679688095238 0.6622093752321981 0.640990625
0 0.6463859374613004 0.6843343749999999 0.6446281250773993 0.67770625 0.6428687498452013 0.6690375 0.6393531250773995 0.662917186904762 0.6363390625386997 0.656289061904762 0.6313156247678019 0.659348438095238 0.6275484377708979 0.660878125 0.6212687498452012 0.6613875 0.6230265622291021 0.6705671880952381 0.6285531250773994 0.6807656249999999 0.633325 0.679745313095238 0.6330734377708979 0.6731156250000001 0.633325 0.664446875 0.6368406247678019 0.666996875 0.6401062501547988 0.676685936904762 0.6463859374613004 0.6843343749999999
2 0.39169687492260064 0.6282421869047619 0.386925 0.6267125 0.37763125015479876 0.6282421869047619 0.37763125015479876 0.642520311904762 0.3831578123839009 0.647109375 0.3942093752321981 0.6486390630952381 0.39546406253869965 0.6313015630952381 0.39169687492260064 0.6282421869047619
0 0.34749062476780185 0.6822953119047619 0.3482437498452012 0.6945328119047619 0.3535187498452012 0.6828046880952381 0.3527656247678019 0.6981031249999999 0.35728593746130033 0.6986125000000001 0.36080312507739937 0.6879046880952381 0.36406874984520127 0.676175 0.3668312501547987 0.6598578130952382 0.3615562501547988 0.6624078119047618 0.3570359374613003 0.6654671880952381 0.3515093752321981 0.67005625 0.34749062476780185 0.6822953119047619
0 0.322625 0.6573078130952381 0.3163453126934984 0.662917186904762 0.3201125003095975 0.6771953119047619 0.32237343777089783 0.6828046880952381 0.32589062476780184 0.6833140619047618 0.33116406253869973 0.679745313095238 0.3351828123839009 0.676175 0.3387 0.6598578130952382 0.33618749969040246 0.658328125 0.3344296873065015 0.660878125 0.32915468730650155 0.659348438095238 0.322625 0.6573078130952381
8 0.3653054173374613 0.6674021976190476 0.35927729226006194 0.6689318857142857 0.3519929170278638 0.6760709476190476 0.3534249114551084 0.6714090857142856 0.346719479876161 0.6852490726190477 0.34395541733746127 0.7020771976190476 0.33843041733746126 0.7255334476190476 0.3336585424148607 0.7449115726190476 0.33843041733746126 0.7515396976190477 0.3421976049535604 0.7515396976190477 0.3464679170278638 0.7433818857142858 0.3519929170278638 0.7280834476190476 0.3572679170278638 0.7092162607142858 0.362794479876161 0.6944287607142857 0.3670632297213622 0.6760709476190476 0.3653054173374613 0.6674021976190476
8 0.3280032736842105 0.7409359380952381 0.3342829616099071 0.750115625 0.3372970241486068 0.7460359380952382 0.33955796160990714 0.7383875 0.34005952383900934 0.7205390630952381 0.3448329616099071 0.7072812500000001 0.34282358637770893 0.68484375 0.343073586377709 0.6618984380952381 0.332273586377709 0.65781875 0.319715773993808 0.659348438095238 0.3237345238390093 0.6930031249999999 0.3280032736842105 0.7409359380952381
9 0.30049254613003096 0.5876335845238095 0.3100498055727554 0.5854289714285714 0.321812546749226 0.541336594047619 0.3203422253869969 0.5038580833333334 0.3196070643962848 0.4369846273809524 0.30784426687306504 0.4274312845238095 0.31299050464396283 0.40538509523809524 0.3063739448916409 0.3906876369047619 0.2953463640866873 0.4156733285714286 0.2843187832817337 0.459765705952381 0.2924056650154799 0.48181189523809526 0.2718208811145511 0.5200252940476191 0.2688801814241486 0.549420213095238 0.28511027739938083 0.5617647071428572 0.30049254613003096 0.5876335845238095
9 0.3607766879256966 0.4810770047619048 0.35195459009287927 0.4149384380952381 0.3482787294117647 0.4149384380952381 0.3409270092879257 0.5097370619047619 0.32916426749226 0.44212874404761904 0.3247532464396285 0.4355149035714286 0.3247532464396285 0.4913652380952381 0.321812546749226 0.5633827821428571 0.3262235678018576 0.5986567071428571 0.3338235126934984 0.5985294119047619 0.3526898068111455 0.5567689428571428 0.3607766879256966 0.4810770047619048
9 0.3820966891640867 0.56999665 0.3894484092879257 0.5170857916666667 0.3798911504643963 0.4546215892857143 0.3732745907120743 0.40905946071428567 0.36371738761609906 0.4450682464285714 0.3549632185758514 0.5636029416666667 0.3820966891640867 0.56999665
9 0.6783709925696594 0.5222299083333333 0.666608307120743 0.47666777857142856 0.6717544891640866 0.4369846273809524 0.666608307120743 0.39509689166666667 0.654110292260062 0.4693190488095238 0.6467585715170279 0.3892178845238095 0.631320026006192 0.3752553154761905 0.6291144873065015 0.4347800142857143 0.6269089486068111 0.5134114261904762 0.6291144873065015 0.5582386654761905 0.6489641102167182 0.5604433071428572 0.6619485126934984 0.5544117654761904 0.6761654538699691 0.5457458476190477 0.6783709925696594 0.5222299083333333
9 0.689398573374613 0.7066830095238096 0.724686854489164 0.7390174309523809 0.7107186303405573 0.704478425 0.7018964755417956 0.6897809654761905 0.7048372315789473 0.6559767642857143 0.7401255120743033 0.716236380952381 0.7415958340557275 0.6963947773809525 0.7180703504643963 0.6207028952380953 0.7033669095975232 0.5582386654761905 0.6674632185758513 0.5957720595238095 0.673960027244582 0.6567116821428572 0.689398573374613 0.7066830095238096
9 0.3328401275541795 0.7507753880952381 0.3394566873065015 0.7074178714285714 0.33504566625386994 0.6669998583333334 0.31911763034055723 0.6775735297619047 0.3254884074303405 0.7397522928571428 0.3328401275541795 0.7507753880952381
9 0.3504842681114551 0.7522451666666666 0.36665803095975236 0.675083505952381 0.34669115975232195 0.6840073535714286 0.3328401275541795 0.7544497523809524 0.3504842681114551 0.7522451666666666
7 0.35195459009287927 0.7838446702380952 0.36151184891640864 0.7551846142857144 0.3137256656346749 0.7360779285714286 0.30857948359133125 0.7544497523809524 0.3196070643962848 0.7838446702380952 0.35195459009287927 0.7838446702380952
7 0.6710192718266255 0.7544497523809524 0.6791062092879256 0.7353430666666667 0.6435661597523219 0.7272058833333334 0.6452882501547987 0.7507753880952381 0.6710192718266255 0.7544497523809524
9 0.6614620130030959 0.7390174309523809 0.6570510476780186 0.7155015190476189 0.6372014247678018 0.663325494047619 0.6270220421052631 0.6729779416666667 0.6357309913312693 0.7140317392857143 0.6614620130030959 0.7390174309523809
9 0.6732248105263158 0.7368127904761904 0.6673434117647059 0.6427490845238095 0.6490808656346749 0.6509191178571428 0.6673434117647059 0.7368127904761904 0.6732248105263158 0.7368127904761904
