0 0.22166855183456846 0.45219305822717143 0.24315834622120747 0.45058158056040665 0.24700064123840093 0.5018168970215668 0.2255108475230827 0.5034283686736873
0 0.35326186462714304 0.4535087160591351 0.36415804793489315 0.45267009654246565 0.3671705873113069 0.4918094206665636 0.3562744042739041 0.4926480378179729
0 0.6285045420862616 0.503348055153193 0.6022050601970932 0.5014719644269878 0.6081274118373585 0.41845924601710405 0.6344265865174066 0.42033532571663373
2 0.7135255445761004 0.5165231484252787 0.670036978409712 0.5252728051175879 0.6501494411421618 0.4264308371920495 0.6936373851502822 0.4176812456853035
9 0.684989690207999 0.3384946838931921 0.6890500669786661 0.3383531503035657 0.6919119358508397 0.42045221720596737 0.6878515591150745 0.42059375011798666
9 0.7214936069905207 0.3274405809882912 0.7286960883550364 0.32965717176655623 0.6982220607432055 0.4286738523710519 0.6910195851394292 0.426457274880523
9 0.6954203125000049 0.41484374999999624 0.6902810772968451 0.4142907668345889 0.6992530297725352 0.33091264755284194 0.7043922147639705 0.3314656279336204
0 0.7582250467812628 0.4980785908867286 0.742052908901428 0.4988287133719384 0.73930672971494 0.4396254580222134 0.7554787308872619 0.4388753387131114
0 0.7555184299144457 0.448241289949259 0.7715434039486126 0.44563777321342524 0.7790299902741253 0.4917156224971912 0.7630050183743151 0.4943191304955332
10 0.6034899882373566 0.7322071408413826 0.5770283047736484 0.7315927645332275 0.5799390061519034 0.606262194306137 0.6064000000000078 0.6068765624999997
0 0.36877869146519515 0.5715488446361867 0.3774090187251886 0.5711283227795426 0.37916477906082946 0.6071578619819413 0.3705344519016762 0.6075783824773681
0 0.3612250561627661 0.5822220680195328 0.3691529463662846 0.5827371651485329 0.3674014505301102 0.6096916509988634 0.3594735604496009 0.6091765551339934
0 0.3317456585941727 0.5698950850364083 0.34751570890762196 0.5702524823576492 0.3460473895532914 0.6350346657867861 0.33027733930896375 0.6346772705887809
0 0.32886269868583895 0.6281189861217382 0.31261794207625826 0.6286993554654571 0.31047001157128307 0.568581991851789 0.3267145906013411 0.5680016256788079
7 0.5937500141029659 0.7604166759164523 0.5701704354215735 0.7458221959791927 0.5885416671875419 0.7161458328125175 0.6121211049146495 0.7307402554919319