3 0.35618906253869964 0.634375 0.34187812507739934 0.621826563095238 0.3265812501547988 0.699209375 0.33645 0.7107125000000001 0.35618906253869964 0.634375
3 0.3853031250773994 0.6552890619047619 0.3680328123839009 0.6396031249999999 0.35569531269349847 0.7222156249999999 0.3660578123839009 0.7326718750000001 0.3853031250773994 0.6552890619047619
3 0.4144171876160991 0.6615640630952381 0.41984531269349845 0.7452218749999999 0.43020937523219815 0.7494046869047619 0.4356374996904025 0.73685625 0.4331703126934985 0.65738125 0.4144171876160991 0.6615640630952381
3 0.5743 0.649015625 0.5841703126934985 0.7075750000000001 0.5920656247678018 0.719078125 0.5979874996904024 0.712804686904762 0.5915718749226007 0.643785938095238 0.5743 0.649015625
3 0.5965062501547987 0.6406499999999999 0.6073624996904025 0.6981640619047619 0.6142718749226006 0.7013015630952381 0.617725 0.6918890630952381 0.6098296873065016 0.6260093750000001 0.5965062501547987 0.6406499999999999
3 0.6241406247678019 0.6155515619047619 0.6364781250773994 0.6856156250000001 0.6473343752321981 0.69398125 0.6512812501547988 0.6782953119047619 0.6433859374613004 0.60823125 0.6241406247678019 0.6155515619047619
1 0.6320843752321982 0.612321875 0.6391984377708979 0.6080140630952381 0.6463125003095975 0.587554688095238 0.6493624996904025 0.554173436904762 0.6463125003095975 0.539098438095238 0.633607812383901 0.527253125 0.6214125003095975 0.527253125 0.6127734377708979 0.5369453130952381 0.6112484377708979 0.557404686904762 0.6153140625386997 0.5918625 0.6183625003095975 0.598323438095238 0.6244609374613003 0.6101687499999999 0.6320843752321982 0.612321875
1 0.5736421876160991 0.6446265619047619 0.5904124996904024 0.64031875 0.5909203126934984 0.6209359380952381 0.5893968749226006 0.5832484380952381 0.5888874996904024 0.5509437500000001 0.5782156247678019 0.5369453130952381 0.5705937498452013 0.5337140630952381 0.5614468749226006 0.5444828130952382 0.5599218749226006 0.55525 0.5660203126934984 0.5800171880952381 0.5675437498452013 0.61770625 0.5736421876160991 0.6446265619047619
1 0.6127734377708979 0.6220140630952381 0.6117562501547987 0.6080140630952381 0.6112484377708979 0.578940625 0.6087078123839009 0.5337140630952381 0.5990515622291022 0.5337140630952381 0.5914296873065016 0.5326375 0.5863468749226006 0.5412515630952381 0.5863468749226006 0.5595578130952381 0.5893968749226006 0.5961703119047619 0.5934624996904025 0.631704688095238 0.5995593752321982 0.6349359369047619 0.6041328123839009 0.631704688095238 0.6127734377708979 0.6220140630952381
1 0.35868125015479874 0.627396875 0.36681249969040247 0.6241671869047619 0.37291093746130033 0.6112453130952381 0.3785 0.5854015619047619 0.3830734377708978 0.557404686904762 0.37748437523219813 0.5455593750000001 0.3622390625386997 0.534790625 0.34597656222910217 0.5412515630952381 0.3388625003095975 0.55848125 0.33937031269349843 0.601553125 0.33937031269349843 0.612321875 0.34953437523219816 0.6295515630952381 0.35868125015479874 0.627396875
1 0.4379578123839009 0.6220140630952381 0.4415156247678019 0.5854015619047619 0.44049843777089787 0.5617109380952381 0.43185937523219814 0.5477125 0.41610625015479874 0.5563281250000001 0.41102343777089784 0.5703265630952381 0.4074671876160991 0.6047843749999999 0.40899062476780185 0.6467796880952381 0.4166140625386997 0.653240625 0.4216953126934984 0.652164061904762 0.4308437498452012 0.6446265619047619 0.4379578123839009 0.6220140630952381
1 0.39069687492260063 0.6510875 0.3988281250773994 0.641396875 0.40848281238390094 0.61770625 0.41305625015479874 0.589709375 0.4105156247678019 0.557404686904762 0.3978109374613003 0.5477125 0.3820578123839009 0.5509437500000001 0.3754515622291022 0.5703265630952381 0.36782812507739937 0.60263125 0.3657953126934984 0.6349359369047619 0.37341874984520124 0.648934375 0.380025 0.652164061904762 0.39069687492260063 0.6510875
6 0.49088541671826624 0.4765625 0.48828125015479873 0.4309895833333333 0.458333333126935 0.4375 0.45703125015479873 0.4791666666666667 0.49088541671826624 0.4765625
6 0.5286458334365325 0.421875 0.48828125015479873 0.4348958333333333 0.49218749969040243 0.4752604166666667 0.5325520835913312 0.4713541666666667 0.5286458334365325 0.421875
6 0.5559895832817338 0.4244791666666667 0.5351562501547987 0.4192708333333333 0.536458333126935 0.47265625 0.5598958334365325 0.4609375 0.5559895832817338 0.4244791666666667
6 0.5846354167182662 0.40625 0.5651041665634675 0.4192708333333333 0.567708333126935 0.4609375 0.609375 0.44140625 0.5846354167182662 0.40625
6 0.46093749969040243 0.4270833333333333 0.4348958334365325 0.4244791666666667 0.427083333126935 0.4674479166666667 0.4544270835913312 0.4713541666666667 0.46093749969040243 0.4270833333333333
6 0.442708333126935 0.4296875 0.41406250030959757 0.4153645833333333 0.40234374984520127 0.45703125 0.41015625015479873 0.4765625 0.4231770835913312 0.4557291666666667 0.442708333126935 0.4296875
6 0.4049479164086688 0.46484375 0.41015625015479873 0.42578125 0.3776041665634675 0.4166666666666667 0.37890625015479873 0.4622395833333333 0.37890625015479873 0.4635416666666667 0.4049479164086688 0.46484375
6 0.6289062501547987 0.3919270833333333 0.598958333126935 0.4088541666666667 0.6106770835913312 0.4479166666666667 0.6132812501547987 0.4388020833333333 0.640625 0.42578125 0.6289062501547987 0.3919270833333333
6 0.6744791665634675 0.3645833333333333 0.640625 0.3776041666666667 0.6471354167182664 0.421875 0.6783854167182664 0.40234375 0.6744791665634675 0.3645833333333333
6 0.375 0.4153645833333333 0.35156250030959757 0.3984375 0.33723958328173376 0.4348958333333333 0.3736979164086688 0.4505208333333333 0.375 0.4153645833333333
6 0.34375 0.4010416666666667 0.2851562501547988 0.3932291666666667 0.2851562501547988 0.4375 0.338541666873065 0.4375 0.34375 0.4010416666666667
13 0.41536458328173376 0.6497395833333334 0.5026041665634675 0.6341145833333334 0.5638020835913312 0.6302083333333334 0.6328124996904024 0.6145833333333334 0.6497395832817336 0.6041666666666666 0.609375 0.59765625 0.4856770835913312 0.6041666666666666 0.42838541671826624 0.6223958333333334 0.39453125015479873 0.6223958333333334 0.33463541671826624 0.62109375 0.3164062501547988 0.625 0.36848958328173376 0.65234375 0.41536458328173376 0.6497395833333334
6 0.3085937498452012 0.6223958333333334 0.33984374984520127 0.6236979166666666 0.35026041671826624 0.55078125 0.31380208359133127 0.5403645833333334 0.3085937498452012 0.6223958333333334
6 0.6367187498452012 0.6119791666666666 0.6914062501547988 0.6119791666666666 0.6875 0.5208333333333334 0.6497395832817336 0.5338541666666666 0.6367187498452012 0.6119791666666666
