9 0.3249328924642896 0.4237140529489029 0.31943875976094205 0.4243702833485453 0.30847780112128476 0.33260622681197904 0.3139718749999929 0.33194999999999725
9 0.33589374692519414 0.33637343748451415 0.34241780091508645 0.3364062954578166 0.3418943664885319 0.44033129526930653 0.3353703125000038 0.4402984375
0 0.44402004802043393 0.45447837600059515 0.46101891442663145 0.45117406686023726 0.4752963157211525 0.5246183130990744 0.45829745455193915 0.5279226037335113
0 0.5016105533353539 0.49348027759659396 0.5078549363626053 0.49309582025386334 0.5101130818052297 0.5297699182977423 0.5038686988801828 0.5301543745431779
1 0.544892472242168 0.5466823969922496 0.5113137171675817 0.5486637300170494 0.5058096413201838 0.45538652411727665 0.5393879175568372 0.45340520528016476
1 0.5741039715286433 0.5360895141563684 0.5415749486502364 0.5384534687696105 0.5348605012037524 0.4460637871435188 0.5673890792618295 0.4436998486569797
1 0.5691543327382078 0.4409503845026705 0.5959965907773039 0.44007684181945883 0.5986287077959105 0.5209511489993589 0.5717864500303449 0.5218246864817885
1 0.5941097820754067 0.43933967386009715 0.6247406084446538 0.4397114848409942 0.6239075581221414 0.5083359588099496 0.593276731789615 0.5079641496717565
1 0.6379258337151441 0.438554105138095 0.68167800073752 0.43378584454002034 0.6888544496273425 0.49963057772914804 0.6451022862975151 0.5043988156560564
1 0.6226819301253954 0.5026663080276484 0.6147110246573675 0.4452778089129257 0.6459931454078287 0.4409332375442606 0.65396415977159 0.4983216060717375
9 0.5574172284555061 0.45669687312249035 0.5509532953064991 0.4569931970444133 0.5460525566004435 0.350094213834639 0.5525164045184283 0.34979789187488136
9 0.585255527029517 0.32372775809617477 0.5910770563150436 0.3239520868674182 0.5856762166778253 0.4641024518687211 0.5798546874999602 0.4638781249999982
7 0.6357829037358442 0.37101763529779785 0.6089669812644161 0.3735485837948549 0.6015842387671455 0.29532852104462864 0.6283999519745294 0.2927975823904615
9 0.5273484602934104 0.4073281245809163 0.5212421085382175 0.40744039718455005 0.5199077621664401 0.33486852212264906 0.5260140624999394 0.33475625000000037
1 0.6608928684214561 0.5239472151519047 0.7129675765778529 0.5249114660517764 0.7112503760913569 0.6176406022757445 0.6591756681657444 0.6166763591652884
1 0.6669237572712063 0.6076822835710108 0.64263449340433 0.6081410121489704 0.6412446649535468 0.5345487725912931 0.6655336171950239 0.5340900469609483
1 0.6103468621133743 0.5321920755329808 0.648396326650527 0.5296968972265714 0.654355283545101 0.6205573990312658 0.616305820922662 0.6230525574272348
7 0.6164117492111245 0.6951116553172 0.6448888141358111 0.6942442448548446 0.6466441461733439 0.7518627195397604 0.6181670815016105 0.7527301244787945
7 0.5881109338258739 0.6992343746902288 0.6155923672755534 0.7015513856407635 0.6120178470463316 0.7439411492306403 0.584536414917693 0.741624149113663
9 0.3315278092961762 0.3762388510952971 0.32259958437498426 0.37686172656250333 0.3203612440328243 0.34477865249025047 0.32928943750005146 0.344155778124999
11 0.7851641981025068 0.6702854632224877 0.7370811177413543 0.6803588947547476 0.712408145499694 0.5626000312956709 0.7604901892220823 0.5525267109623295
7 0.4326169725757154 0.3417514206704787 0.39325401203950605 0.33566228077645865 0.4091928075557689 0.23263071598714477 0.4485554102415108 0.2387198274441214
6 0.39101528189780765 0.5498207450711113 0.3854696734972549 0.6274644146904984 0.29151206857079615 0.6207536559628473 0.2970582810579572 0.5431106461993026
2 0.23386139908143377 0.5089089262706196 0.251849273165476 0.5148590193130307 0.24538091249996796 0.5344120640624885 0.22739304300148433 0.5284619807594987
2 0.3196370869391103 0.4318793985565347 0.35231643109034394 0.43726076813402337 0.34625803906249075 0.47404918281250086 0.3135786981609954 0.46866782706186716
1 0.36051563156263455 0.47866908070464753 0.35367003680141806 0.5255589257608555 0.30508828635777263 0.5184666982358698 0.31193402500002776 0.4715770281249918
2 0.427035053125 0.47014948749999996 0.447724384375 0.47014948749999996 0.447724384375 0.531089496875 0.427035053125 0.531089496875
10 0.35337118667450795 0.3246560260187951 0.383355513513834 0.3243531711877491 0.38511280415491456 0.4983267585506528 0.3551284773975567 0.49862961010758966
10 0.4118704392374184 0.483547686470673 0.38317755587479496 0.4841454266880843 0.3799181456855649 0.327682212015646 0.4086105053365827 0.3270844770404423
10 0.2427298332660257 0.6989800227354562 0.2193792397803236 0.6917589900205923 0.26704545468749075 0.5376420453125113 0.29039535985123166 0.5448629613074232
10 0.2904825288314896 0.5468748510990867 0.31384367645364364 0.5550430898373229 0.26664461518578264 0.690016924690041 0.2432835210202029 0.6818487968561667
10 0.6062044881828115 0.7248865224653366 0.576612904910462 0.7230883681131437 0.5847558289452763 0.5891109618908031 0.6143465906250185 0.5909090906249989