2 0.34163437523219814 0.4601984380952381 0.3421562501547988 0.443615625 0.33641562476780185 0.4358765630952381 0.3280640625386997 0.4358765630952381 0.32180156222910217 0.43698125000000004 0.31658125015479877 0.4579875 0.309275 0.4657265619047619 0.31084062476780183 0.48009999999999997 0.309275 0.5066328130952381 0.31292812507739937 0.5143734380952381 0.32232343777089784 0.5176890630952381 0.3301515622291022 0.51105625 0.3369375003095975 0.5199 0.347375 0.5199 0.3520718749226006 0.5077390619047619 0.34998437523219816 0.4767828130952381 0.34424374984520123 0.47457187500000003 0.34163437523219814 0.4601984380952381
9 0.3139718749226006 0.33195 0.31449374984520123 0.40713125 0.3249328123839009 0.42371406309523807 0.3181484377708978 0.3927578119047619 0.3139718749226006 0.33195
9 0.3411124996904025 0.4347703130952381 0.3421562501547988 0.38833593690476187 0.3358937498452012 0.3363734380952381 0.3395468749226006 0.40381406190476193 0.3353703126934985 0.4402984369047619 0.3411124996904025 0.4347703130952381
2 0.4391124996904025 0.46785000000000004 0.43103749969040245 0.46557031190476195 0.4251140625386997 0.48495625 0.42888281238390097 0.4929390619047619 0.43211406253869966 0.5020625 0.43265156222910217 0.5157484380952381 0.4374984377708978 0.52373125 0.4412671876160991 0.51916875 0.4434203126934984 0.507765625 0.4444968749226006 0.488378125 0.4444968749226006 0.471271875 0.4391124996904025 0.46785000000000004
0 0.45149687492260066 0.453025 0.4477281250773994 0.473553125 0.4547265622291022 0.49750156309523813 0.4552656247678018 0.5123265619047619 0.46226406253869967 0.5271515630952381 0.46711093746130034 0.518028125 0.4681875003095975 0.5111859369047619 0.46980312507739935 0.4963609369047619 0.4649562501547988 0.4724125 0.45149687492260066 0.453025
0 0.5044624996904025 0.4933046869047619 0.5018875003095975 0.497978125 0.5029906247678019 0.51589375 0.5077718749226006 0.5299140630952381 0.508875 0.5096625 0.5066687498452013 0.4933046869047619 0.5044624996904025 0.4933046869047619
1 0.5158624996904024 0.4652640630952381 0.5096109374613003 0.48863124999999996 0.5092421876160991 0.5135578130952381 0.5110812501547988 0.5415984369047618 0.5165968749226006 0.546271875 0.5386625003095975 0.54705 0.5438109374613004 0.52835625 0.542707812383901 0.5096625 0.5390296873065016 0.4870734369047619 0.5371906247678019 0.4714953119047619 0.5313078123839009 0.4590328119047619 0.523217187616099 0.454359375 0.5158624996904024 0.4652640630952381
1 0.5684484377708978 0.4714953119047619 0.565875 0.460590625 0.5581515622291021 0.44735 0.5493265622291023 0.4450125 0.542707812383901 0.4496859369047619 0.5390296873065016 0.4652640630952381 0.5375593752321982 0.4738328130952381 0.5390296873065016 0.50343125 0.5430750000000001 0.531471875 0.5519 0.537703125 0.5684484377708978 0.531471875 0.5728624996904025 0.519009375 0.5713906247678018 0.50576875 0.5706546873065015 0.48863124999999996 0.5684484377708978 0.4714953119047619
1 0.5879390625386997 0.4403390630952381 0.5802171876160991 0.444234375 0.574332812383901 0.45358125 0.5699203126934984 0.4644859380952381 0.5710234377708978 0.481621875 0.5713906247678018 0.5096625 0.5728624996904025 0.516673436904762 0.5765390625386997 0.5174515619047619 0.5798484377708979 0.5197890630952381 0.5864687498452013 0.521346875 0.5923515622291022 0.51823125 0.5960296873065015 0.507326563095238 0.5963968749226006 0.48084218690476194 0.5967656247678018 0.46370625000000004 0.5879390625386997 0.4403390630952381
1 0.6122093752321981 0.439559375 0.6037515622291022 0.44267656190476196 0.5960296873065015 0.448128125 0.5938234377708979 0.46292812499999997 0.5934546873065015 0.4933046869047619 0.5956624996904025 0.5049890619047619 0.6048546873065016 0.5081046880952381 0.6118421876160991 0.506546875 0.6221390625386997 0.4987578119047619 0.6236093752321982 0.49096875 0.6243453126934985 0.472275 0.6236093752321982 0.457475 0.6195656247678019 0.4450125 0.6122093752321981 0.439559375
1 0.6817125003095975 0.45124375 0.6765640625386997 0.4434546869047619 0.6644296873065016 0.43566562499999995 0.6552359374613003 0.441896875 0.6453062501547987 0.448128125 0.6401578123839009 0.4590328119047619 0.6434687498452013 0.4894109369047619 0.6475125003095975 0.500315625 0.654132812383901 0.5018734380952381 0.6611203126934985 0.502653125 0.669209375232198 0.500315625 0.6736234377708978 0.4956421880952381 0.6795062501547987 0.48317968809523815 0.6850234377708978 0.46915937500000005 0.6839203126934984 0.454359375 0.6817125003095975 0.45124375
1 0.6294937498452012 0.448128125 0.6232421876160991 0.460590625 0.6221390625386997 0.4987578119047619 0.6283906247678018 0.5018734380952381 0.637217187616099 0.4995359369047619 0.6508234377708979 0.4987578119047619 0.6530296873065016 0.4925265619047619 0.6522937498452013 0.48629531190476194 0.6500874996904025 0.47461093690476186 0.6467781250773993 0.457475 0.6390546873065015 0.441896875 0.6294937498452012 0.448128125
9 0.557417187616099 0.456696875 0.5533718749226005 0.40139375 0.5537390625386996 0.3764671880952381 0.5523 0.3498078130952381 0.5500625003095976 0.38893125 0.5507968749226007 0.45358125 0.557417187616099 0.456696875
9 0.5807437498452013 0.44314375 0.5798546873065016 0.463878125 0.5860843752321981 0.4535109369047619 0.5874187498452013 0.39413437500000004 0.5887531250773993 0.34135468809523806 0.5907390625386997 0.3239390619047619 0.5834140625386997 0.3715140630952381 0.5807437498452013 0.44314375
7 0.6270203126934984 0.3602046869047619 0.6296906247678019 0.34700937499999995 0.6319156247678018 0.3300453130952381 0.6305812501547988 0.31590781309523813 0.6243515622291022 0.300828125 0.6199015622291022 0.2942296869047619 0.6132265622291022 0.2942296869047619 0.6078875003095975 0.3064828119047619 0.6047718749226006 0.3291015619047619 0.6078875003095975 0.3592609369047619 0.6105578123839009 0.37339843690476193 0.6114468749226006 0.3686859380952381 0.6141171876160991 0.3592609369047619 0.6154515622291021 0.3460671880952381 0.6167859374613003 0.33475625 0.6199015622291022 0.3253328119047619 0.6239062501547988 0.3243890619047619 0.6261312501547988 0.3291015619047619 0.6270203126934984 0.3602046869047619
9 0.5260140625386996 0.33475625 0.5211187498452012 0.40073125000000004 0.5273484377708978 0.407328125 0.5260140625386996 0.37434218809523806 0.5260140625386996 0.33475625
1 0.7121390625386996 0.5696515630952381 0.7121390625386996 0.5533640630952381 0.7064562501547988 0.5342453119047619 0.698432812383901 0.529996875 0.6817171876160991 0.5243328119047619 0.6686796873065016 0.5349546869047619 0.6603218749226006 0.55478125 0.6596531250773995 0.59089375 0.6629968749226006 0.600807811904762 0.670017187616099 0.615678125 0.6817171876160991 0.61709375 0.6880687498452013 0.6149703130952381 0.6910781250773993 0.6142625 0.7007734377708978 0.6057640630952381 0.70445 0.5986828119047619 0.7098 0.589478125 0.7121390625386996 0.5696515630952381
1 0.6623281250773995 0.5342453119047619 0.6573125003095975 0.5342453119047619 0.6469499999999999 0.5349546869047619 0.6416 0.5533640630952381 0.6449437498452012 0.596559375 0.6476171876160991 0.6022234369047619 0.6509609374613002 0.6078890619047619 0.655975 0.6078890619047619 0.6609906247678019 0.601515625 0.664332812383901 0.5901859380952381 0.6653359374613003 0.5767328119047619 0.6660046873065015 0.5590296880952381 0.6656703126934985 0.5413265630952381 0.6623281250773995 0.5342453119047619
1 0.6496234377708978 0.558321875 0.6476171876160991 0.546284375 0.6405968749226006 0.5356625 0.6345796873065016 0.5335375 0.6222109374613003 0.5314140619047619 0.6168609374613003 0.5399109380952382 0.6141874996904025 0.5569046869047619 0.61285 0.570359375 0.6145218749226006 0.5958515630952381 0.6178640625386997 0.601515625 0.621542187616099 0.6107218750000001 0.6248843752321982 0.618510938095238 0.6315703126934984 0.622051561904762 0.6392593752321981 0.620634375 0.6462812501547988 0.60718125 0.6509609374613002 0.59089375 0.6512953126934985 0.5739000000000001 0.6496234377708978 0.558321875
7 0.6422687498452012 0.74596875 0.6442749999999999 0.7410125000000001 0.6459468749226006 0.728975 0.6426031250773995 0.7049 0.6409328123839009 0.7348328130952381 0.6273187498452012 0.7428640630952381 0.62375 0.717659375 0.6205390625386996 0.6949859380952381 0.6168609374613003 0.7098562500000001 0.6175296873065015 0.7318078130952381 0.6225453126934984 0.7480937499999999 0.6309031250773994 0.7523421880952381 0.6422687498452012 0.74596875
7 0.5998109374613003 0.728975 0.5941281250773994 0.7183531249999999 0.5881109374613003 0.699234375 0.5864390625386997 0.7190609380952381 0.5887796873065015 0.72685 0.5954656247678018 0.737471875 0.6024859374613003 0.7431375 0.6078343752321982 0.73393125 0.6135187498452012 0.7261421880952381 0.610175 0.7020671869047619 0.6098406247678019 0.7190609380952381 0.6054953126934984 0.728975 0.5998109374613003 0.728975
10 0.5851015622291021 0.615678125 0.5913775386996903 0.700020075 0.5982582328173375 0.7199378738095238 0.610571053250774 0.6989336500000001 0.607673919504644 0.6507687916666667 0.6074999999999999 0.6149703130952381 0.6125156247678019 0.5993921880952381 0.6033282179566564 0.6011553666666667 0.5935503894736842 0.6105710535714286 0.5837640625386997 0.5986828119047619 0.5851015622291021 0.615678125
9 0.2858937498452013 0.5993921880952381 0.2828859374613003 0.5944343750000001 0.27954218761609906 0.6107218750000001 0.27285625015479875 0.6340890619047619 0.24978906253869967 0.6730343750000001 0.2578125003095975 0.668078125 0.26784218761609907 0.65958125 0.2745281250773994 0.6461265630952381 0.2828859374613003 0.6255921880952381 0.2858937498452013 0.5993921880952381
9 0.24744843777089784 0.6560406249999999 0.2514609374613003 0.642585936904762 0.2548031250773994 0.631964061904762 0.25881562476780184 0.615678125 0.2644984377708978 0.5972671869047619 0.26917968730650155 0.5838125 0.26851093746130034 0.5739000000000001 0.26483281238390094 0.5781484369047619 0.25981874984520126 0.5901859380952381 0.2538 0.6142625 0.2455 0.6647578119047619 0.24744843777089784 0.6560406249999999
25 0.33746592507739936 0.40808104166666664 0.3337493399380805 0.38578153095238094 0.3278028037151703 0.3746317761904762 0.32111295046439625 0.40139118809523805 0.3203696334365325 0.43186718571428573 0.3233429015479876 0.4333538202380952 0.3337493399380805 0.4348404535714286 0.33746592507739936 0.40808104166666664
9 0.32928943777089786 0.34415577857142854 0.3233429015479876 0.3463857297619048 0.3225995845201238 0.37686172738095236 0.33151938885448917 0.3761184095238095 0.32928943777089786 0.34415577857142854
2 0.22654269783281736 0.5242845297619048 0.228794053869969 0.5282244023809524 0.23329676594427243 0.5338527928571428 0.23836231702786378 0.5394811821428571 0.2473677411764706 0.5456724119047619 0.2527147114551084 0.5425767964285714 0.2574988427244582 0.5397626023809523 0.2574988427244582 0.5377926654761904 0.2614387157894737 0.5346970511904762 0.2611572965944272 0.5327271142857143 0.2569360037151703 0.5287872416666667 0.2527147114551084 0.5262544654761905 0.24905625820433439 0.5237216904761904 0.24567922414860682 0.5214703345238095 0.2411765120743034 0.5186561392857143 0.23695521919504645 0.5102135547619048 0.23554812198142414 0.5090878761904762 0.23273392693498451 0.5076807785714286 0.23104540990712072 0.5068365202380952 0.2285126346749226 0.5079621988095238 0.22569843962848296 0.5099321345238095 0.22513560061919505 0.5183747202380953 0.22654269783281736 0.5242845297619048
10 0.25778026253869973 0.5684673904761904 0.24314644829721363 0.6157458666666668 0.23723663900928793 0.6863821619047619 0.24314644829721363 0.6897591952380953 0.27579111021671826 0.6599287285714286 0.2966161535603715 0.5954836630952381 0.2918320222910217 0.5740957809523809 0.28282659814241484 0.5687488107142857 0.27382117399380806 0.567060294047619 0.26509716965944274 0.5622761619047619 0.25778026253869973 0.5684673904761904
6 0.3299380148606811 0.5816950654761904 0.3198964235294118 0.5895848880952381 0.3155928842105263 0.6003437357142858 0.3163101405572755 0.6039300190476191 0.3220481931888545 0.6053645321428571 0.34356588978328173 0.6039300190476191 0.35145571145510834 0.6010609928571429 0.3779942043343653 0.5967574535714285 0.3779942043343653 0.5917366571428572 0.37727694736842105 0.5773915261904762 0.3450004024767802 0.5745225 0.3299380148606811 0.5816950654761904
10 0.3733681826625387 0.4298623011904762 0.37481674984520125 0.34475898214285716 0.36829819752321985 0.3281004595238095 0.3617796458204334 0.32447904166666663 0.35852036965944273 0.325203325 0.35163967554179565 0.34331041428571424 0.35562323529411766 0.4613686369047619 0.3559853770897833 0.4718707488095238 0.3628660712074303 0.4776650178571428 0.3693846229102167 0.47911358452380953 0.37698960061919506 0.47875144285714283 0.38133530216718264 0.4718707488095238 0.38169744396284827 0.4649900547619048 0.3791624513931888 0.4606443535714286 0.3733681826625387 0.4298623011904762
10 0.3838702947368421 0.46209292023809523 0.40958236160990713 0.4635414880952381 0.414652346749226 0.4012531 0.4092202198142415 0.3603310785714286 0.3983559659442724 0.33353258571428573 0.38749171269349847 0.33063545238095243 0.38205958575851395 0.33353258571428573 0.3777138842105263 0.3375161452380952 0.3744546080495356 0.3480182571428571 0.37373032445820437 0.357433944047619 0.3751788916408669 0.3744546083333333 0.3791624513931888 0.4005288166666667 0.37880030959752325 0.4320351523809524 0.38169744396284827 0.45195295119047624 0.3838702947368421 0.46209292023809523
25 0.5200356068111455 0.46028221190476193 0.5261920173374613 0.4606443535714286 0.5258298755417956 0.40523665952380955 0.522570599380805 0.4048745178571429 0.5200356068111455 0.46028221190476193
11 0.7420285226006192 0.6304888523809524 0.7438392309597524 0.6399045380952381 0.7492713578947369 0.6558387773809524 0.7539792012383901 0.6681515976190476 0.759049186377709 0.6757565750000001 0.7691891566563467 0.6728594404761904 0.7753455665634675 0.6565630607142857 0.7749834247678018 0.6355588369047619 0.7713620068111455 0.6044146428571429 0.7633948879256965 0.566389755952381 0.7496334996904025 0.5548012178571429 0.7376828210526316 0.5576983523809523 0.726456425386997 0.5656654714285714 0.7242835746130031 0.5707354571428571 0.7213864402476781 0.5779782928571429 0.7206621566563467 0.5884804047619048 0.7195757312693499 0.5968096654761904 0.7224728656346749 0.608760344047619 0.729353559752322 0.6185381726190475 0.7420285226006192 0.6304888523809524
