2 0.309275 0.4657265619047619 0.31084062476780183 0.48009999999999997 0.309275 0.5066328130952381 0.31292812507739937 0.5143734380952381 0.32232343777089784 0.5176890630952381 0.3301515622291022 0.51105625 0.3369375003095975 0.5199 0.347375 0.5199 0.3520718749226006 0.5077390619047619 0.34998437523219816 0.4767828130952381 0.34424374984520123 0.47457187500000003 0.34163437523219814 0.4601984380952381 0.3421562501547988 0.443615625 0.33641562476780185 0.4358765630952381 0.3280640625386997 0.4358765630952381 0.32180156222910217 0.43698125000000004 0.31658125015479877 0.4579875 0.309275 0.4657265619047619
0 0.3640765622291022 0.442509375 0.3567703126934984 0.443615625 0.35155 0.462409375 0.3562484377708978 0.49005 0.36146718761609903 0.495578125 0.37190468730650156 0.4922609380952381 0.3833875003095975 0.47457187500000003 0.38025625015479875 0.462409375 0.37294843777089787 0.4480375 0.3640765622291022 0.442509375
0 0.3938265622291022 0.4336640630952381 0.3833875003095975 0.43698125000000004 0.38808437523219813 0.45688125 0.39434843777089784 0.473465625 0.3959140625386997 0.47899375000000005 0.4047859374613003 0.4778875 0.4079171876160991 0.45909375 0.4032203126934984 0.4358765630952381 0.3938265622291022 0.4336640630952381
8 0.3847343752321981 0.4496046869047619 0.39119531269349844 0.46557031190476195 0.39657812507739937 0.4724125 0.4062703126934985 0.46785000000000004 0.4095 0.4461828130952381 0.4089625003095975 0.43820000000000003 0.4041171876160991 0.3937234380952381 0.4008859374613003 0.37091562499999997 0.39442499999999997 0.34924843809523815 0.3858109374613003 0.3298609380952381 0.37935 0.3310015630952381 0.37665781238390095 0.3503890630952381 0.37665781238390095 0.373196875 0.37881093746130035 0.43363906309523814 0.3847343752321981 0.4496046869047619
2 0.4374984377708978 0.52373125 0.4412671876160991 0.51916875 0.4434203126934984 0.507765625 0.4444968749226006 0.488378125 0.4444968749226006 0.471271875 0.4391124996904025 0.46785000000000004 0.43103749969040245 0.46557031190476195 0.4251140625386997 0.48495625 0.42888281238390097 0.4929390619047619 0.43211406253869966 0.5020625 0.43265156222910217 0.5157484380952381 0.4374984377708978 0.52373125
0 0.4681875003095975 0.5111859369047619 0.46980312507739935 0.4963609369047619 0.4649562501547988 0.4724125 0.45149687492260066 0.453025 0.4477281250773994 0.473553125 0.4547265622291022 0.49750156309523813 0.4552656247678018 0.5123265619047619 0.46226406253869967 0.5271515630952381 0.46711093746130034 0.518028125 0.4681875003095975 0.5111859369047619
0 0.5044624996904025 0.4933046869047619 0.5018875003095975 0.497978125 0.5029906247678019 0.51589375 0.5077718749226006 0.5299140630952381 0.508875 0.5096625 0.5066687498452013 0.4933046869047619 0.5044624996904025 0.4933046869047619
1 0.5438109374613004 0.52835625 0.542707812383901 0.5096625 0.5390296873065016 0.4870734369047619 0.5371906247678019 0.4714953119047619 0.5313078123839009 0.4590328119047619 0.523217187616099 0.454359375 0.5158624996904024 0.4652640630952381 0.5096109374613003 0.48863124999999996 0.5092421876160991 0.5135578130952381 0.5110812501547988 0.5415984369047618 0.5165968749226006 0.546271875 0.5386625003095975 0.54705 0.5438109374613004 0.52835625
1 0.5375593752321982 0.4738328130952381 0.5390296873065016 0.50343125 0.5430750000000001 0.531471875 0.5519 0.537703125 0.5684484377708978 0.531471875 0.5728624996904025 0.519009375 0.5713906247678018 0.50576875 0.5706546873065015 0.48863124999999996 0.5684484377708978 0.4714953119047619 0.565875 0.460590625 0.5581515622291021 0.44735 0.5493265622291023 0.4450125 0.542707812383901 0.4496859369047619 0.5390296873065016 0.4652640630952381 0.5375593752321982 0.4738328130952381
1 0.5728624996904025 0.516673436904762 0.5765390625386997 0.5174515619047619 0.5798484377708979 0.5197890630952381 0.5864687498452013 0.521346875 0.5923515622291022 0.51823125 0.5960296873065015 0.507326563095238 0.5963968749226006 0.48084218690476194 0.5967656247678018 0.46370625000000004 0.5879390625386997 0.4403390630952381 0.5802171876160991 0.444234375 0.574332812383901 0.45358125 0.5699203126934984 0.4644859380952381 0.5710234377708978 0.481621875 0.5713906247678018 0.5096625 0.5728624996904025 0.516673436904762
1 0.6048546873065016 0.5081046880952381 0.6118421876160991 0.506546875 0.6221390625386997 0.4987578119047619 0.6236093752321982 0.49096875 0.6243453126934985 0.472275 0.6236093752321982 0.457475 0.6195656247678019 0.4450125 0.6122093752321981 0.439559375 0.6037515622291022 0.44267656190476196 0.5960296873065015 0.448128125 0.5938234377708979 0.46292812499999997 0.5934546873065015 0.4933046869047619 0.5956624996904025 0.5049890619047619 0.6048546873065016 0.5081046880952381
1 0.6434687498452013 0.4894109369047619 0.6475125003095975 0.500315625 0.654132812383901 0.5018734380952381 0.6611203126934985 0.502653125 0.669209375232198 0.500315625 0.6736234377708978 0.4956421880952381 0.6795062501547987 0.48317968809523815 0.6850234377708978 0.46915937500000005 0.6839203126934984 0.454359375 0.6817125003095975 0.45124375 0.6765640625386997 0.4434546869047619 0.6644296873065016 0.43566562499999995 0.6552359374613003 0.441896875 0.6453062501547987 0.448128125 0.6401578123839009 0.4590328119047619 0.6434687498452013 0.4894109369047619
1 0.6530296873065016 0.4925265619047619 0.6522937498452013 0.48629531190476194 0.6500874996904025 0.47461093690476186 0.6467781250773993 0.457475 0.6390546873065015 0.441896875 0.6294937498452012 0.448128125 0.6232421876160991 0.460590625 0.6221390625386997 0.4987578119047619 0.6283906247678018 0.5018734380952381 0.637217187616099 0.4995359369047619 0.6508234377708979 0.4987578119047619 0.6530296873065016 0.4925265619047619
1 0.6603218749226006 0.55478125 0.6596531250773995 0.59089375 0.6629968749226006 0.600807811904762 0.670017187616099 0.615678125 0.6817171876160991 0.61709375 0.6880687498452013 0.6149703130952381 0.6910781250773993 0.6142625 0.7007734377708978 0.6057640630952381 0.70445 0.5986828119047619 0.7098 0.589478125 0.7121390625386996 0.5696515630952381 0.7121390625386996 0.5533640630952381 0.7064562501547988 0.5342453119047619 0.698432812383901 0.529996875 0.6817171876160991 0.5243328119047619 0.6686796873065016 0.5349546869047619 0.6603218749226006 0.55478125
1 0.6509609374613002 0.6078890619047619 0.655975 0.6078890619047619 0.6609906247678019 0.601515625 0.664332812383901 0.5901859380952381 0.6653359374613003 0.5767328119047619 0.6660046873065015 0.5590296880952381 0.6656703126934985 0.5413265630952381 0.6623281250773995 0.5342453119047619 0.6573125003095975 0.5342453119047619 0.6469499999999999 0.5349546869047619 0.6416 0.5533640630952381 0.6449437498452012 0.596559375 0.6476171876160991 0.6022234369047619 0.6509609374613002 0.6078890619047619
1 0.6141874996904025 0.5569046869047619 0.61285 0.570359375 0.6145218749226006 0.5958515630952381 0.6178640625386997 0.601515625 0.621542187616099 0.6107218750000001 0.6248843752321982 0.618510938095238 0.6315703126934984 0.622051561904762 0.6392593752321981 0.620634375 0.6462812501547988 0.60718125 0.6509609374613002 0.59089375 0.6512953126934985 0.5739000000000001 0.6496234377708978 0.558321875 0.6476171876160991 0.546284375 0.6405968749226006 0.5356625 0.6345796873065016 0.5335375 0.6222109374613003 0.5314140619047619 0.6168609374613003 0.5399109380952382 0.6141874996904025 0.5569046869047619
0 0.6064984377708978 0.579564061904762 0.5921218749226006 0.5887703119047619 0.5837640625386997 0.5986828119047619 0.5851015622291021 0.615678125 0.5911187498452013 0.6248828130952381 0.5961343752321981 0.634796875 0.6014828123839009 0.631964061904762 0.6074999999999999 0.6149703130952381 0.6125156247678019 0.5993921880952381 0.6064984377708978 0.579564061904762
0 0.2962578123839009 0.56469375 0.29124374984520124 0.5533640630952381 0.28522656222910214 0.550532813095238 0.27252187492260066 0.53849375 0.26784218761609907 0.5399109380952382 0.26282656222910217 0.549115625 0.2614890625386997 0.5618624999999999 0.26483281238390094 0.5731921880952381 0.2705156247678019 0.5852296880952381 0.2751968749226006 0.5937265630952381 0.28322031269349845 0.5993921880952381 0.29325 0.59089375 0.29893281238390096 0.5838125 0.3009390625386997 0.5731921880952381 0.2962578123839009 0.56469375
0 0.2504578123839009 0.517959375 0.244775 0.523625 0.24444062476780187 0.5307046880952381 0.24811718761609905 0.5413265630952381 0.2504578123839009 0.544159375 0.2531328123839009 0.543451563095238 0.25814687492260063 0.54061875 0.2504578123839009 0.517959375
6 0.3630109275541796 0.6469860988095238 0.3661353609907121 0.6016995285714285 0.31536254117647056 0.5899874916666666 0.30911361424148603 0.6415204452380951 0.3630109275541796 0.6469860988095238
9 0.23881278699690403 0.6922726095238095 0.24974848297213623 0.6797797809523809 0.2747443089783282 0.6602597178571429 0.29739680990712075 0.5954531154761905 0.2778688018575851 0.5970146964285714 0.25755968606811147 0.6524516928571429 0.2747443089783282 0.5813986452380953 0.25898435727554175 0.5753906261904762 0.23881278699690403 0.6501092619047619 0.23881278699690403 0.6922726095238095
9 0.31145693931888546 0.5158112523809524 0.32942273065015476 0.5119072392857142 0.3442640278637771 0.5236192773809524 0.35832415789473687 0.5142496404761905 0.3512941226006192 0.461155075 0.3512941226006192 0.4111837023809524 0.32161152755417954 0.3159258035714286 0.31536254117647056 0.33388428571428574 0.30911361424148603 0.45334705000000003 0.3078124823529412 0.5050781261904762 0.31145693931888546 0.5158112523809524
9 0.5395441046439629 0.507222405952381 0.5387629962848297 0.44553902500000003 0.5293895170278637 0.3221722476190476 0.5215783139318886 0.3237338285714286 0.512204894117647 0.40259488571428576 0.509080400619195 0.4986335904761905 0.525585919504644 0.5255859380952381 0.5395441046439629 0.507222405952381
9 0.578600120123839 0.515030430952381 0.5965659108359133 0.5158112523809524 0.5965659108359133 0.49629118928571425 0.6075015473684211 0.37995160119047616 0.6059393306501548 0.2979673369047619 0.6059393306501548 0.27454326071428575 0.5864113232198143 0.2722008595238095 0.5646484198142415 0.4816406261904762 0.578600120123839 0.515030430952381
9 0.569226640247678 0.5165920428571429 0.569226640247678 0.4525662297619048 0.5629777139318886 0.37526679761904763 0.5629777139318886 0.33154185357142857 0.5528231256965944 0.3073369726190476 0.5387629962848297 0.39634847142857144 0.5451171696594428 0.5158203130952381 0.569226640247678 0.5165920428571429
11 0.7637256086687306 0.5689058773809524 0.7426353839009288 0.5540705571428571 0.7293563628482972 0.5650018642857143 0.7238885442724459 0.5829602571428572 0.7277941461300309 0.6087267642857143 0.7473221535603715 0.6524516928571429 0.7590389585139319 0.6743141869047619 0.775585919504644 0.6710937511904762 0.7668501616099072 0.5970146964285714 0.7637256086687306 0.5689058773809524
7 0.6114071492260063 0.7344359583333333 0.6192183517027864 0.7063270785714286 0.6082827151702787 0.7149158952380953 0.5890624823529412 0.7140625011904762 0.5950036941176471 0.7328743761904761 0.6114071492260063 0.7344359583333333
7 0.6379653108359133 0.7492712178571429 0.6504631640866874 0.7320935261904762 0.6317163244582044 0.7313127357142857 0.6154296693498452 0.7238281261904762 0.6192183517027864 0.7469287857142857 0.6379653108359133 0.7492712178571429
