2 0.22239374984520124 0.49668749999999995 0.2254125003095975 0.4911421880952381 0.22314843777089782 0.48629062500000003 0.22239374984520124 0.47728125 0.22201718761609907 0.459953125 0.21862343777089782 0.440546875 0.21296562476780184 0.4370828130952381 0.21145625015479877 0.44886406309523813 0.20692968730650155 0.46341875 0.20617656222910216 0.48213281190476187 0.21032499999999998 0.4946078119047619 0.21635937523219814 0.5015390630952381 0.22239374984520124 0.49668749999999995
2 0.23333281238390094 0.5091625 0.23899062476780183 0.507776561904762 0.24615625015479878 0.5105484369047619 0.25143749969040247 0.50985625 0.25030468730650157 0.49668749999999995 0.24653281238390093 0.493221875 0.24162968730650156 0.4953015630952381 0.24200781238390093 0.4883703130952381 0.23748125015479876 0.47797343809523807 0.2314468749226006 0.480746875 0.22880625015479875 0.4883703130952381 0.22767500000000002 0.50361875 0.22692031269349847 0.5105484369047619 0.23333281238390094 0.5091625
0 0.23333281238390094 0.45648906309523807 0.23484062476780185 0.44886406309523813 0.22842968730650157 0.44124062500000005 0.2235265622291022 0.44678593690476187 0.2254125003095975 0.45648906309523807 0.22993750030959753 0.45787500000000003 0.23333281238390094 0.45648906309523807
2 0.30273281238390093 0.502925 0.3004687498452012 0.4953015630952381 0.28953125015479875 0.48698437499999997 0.2687875003095975 0.48351875 0.2672781250773994 0.4724296869047619 0.26124374984520127 0.473815625 0.25973437523219817 0.48351875 0.2555859374613003 0.4911421880952381 0.25332343777089783 0.5056968749999999 0.25407656222910213 0.520253125 0.26011250030959754 0.5306484369047619 0.26614687492260064 0.532728125 0.2751984377708978 0.5292625 0.2759531250773994 0.5368859380952381 0.28387343777089785 0.53619375 0.28877656222910214 0.5334203119047619 0.29971562476780184 0.5348078130952381 0.3106531250773994 0.52995625 0.3170656247678018 0.5195593749999999 0.3125390625386997 0.506390625 0.30273281238390093 0.502925
0 0.4204109374613003 0.5050046869047619 0.41663906253869964 0.5015390630952381 0.41399843777089784 0.514707813095238 0.41173593746130027 0.531342188095238 0.4151296873065015 0.5403515619047619 0.42078749969040247 0.5375796869047619 0.42342812507739935 0.52856875 0.42380468730650156 0.5167875 0.4204109374613003 0.5050046869047619
0 0.43512031269349843 0.525796875 0.43549687492260064 0.5341140630952381 0.43889218761609905 0.5403515619047619 0.43926874984520126 0.525796875 0.43964687492260063 0.513321875 0.4381374996904025 0.506390625 0.4343656247678019 0.5154015630952381 0.43512031269349843 0.525796875
2 0.6678359374613003 0.4918359369047619 0.6584078123839009 0.50361875 0.659915624767802 0.5292625 0.66595 0.5320343750000001 0.6727390625386998 0.52995625 0.6799062501547988 0.5348078130952381 0.6878265622291021 0.5306484369047619 0.6965015622291022 0.5237171869047619 0.7040453126934983 0.5140140630952381 0.7048 0.502925 0.7040453126934983 0.4918359369047619 0.7014046873065015 0.4752015630952381 0.696125 0.459953125 0.6923531250773993 0.45718125 0.6882031250773994 0.46827031190476187 0.6844312501547988 0.4855984380952381 0.6802828123839009 0.48698437499999997 0.6678359374613003 0.4918359369047619
2 0.713475 0.45787500000000003 0.7085718749226007 0.4530234380952381 0.7036671876160991 0.4495578119047619 0.70065 0.4627265630952381 0.70065 0.47797343809523807 0.7002734377708979 0.49738125 0.7029140625386997 0.5091625 0.7085718749226007 0.50985625 0.7146062501547987 0.5119359369047619 0.7176234377708978 0.506390625 0.725167187616099 0.50361875 0.7300703126934984 0.500153125 0.7300703126934984 0.4793609369047619 0.726675 0.47797343809523807 0.721017187616099 0.4786671869047619 0.7146062501547987 0.4855984380952381 0.7149828123839009 0.473815625 0.713475 0.45787500000000003
2 0.7628843752321981 0.4786671869047619 0.7666562501547988 0.4765875 0.7726906247678019 0.474509375 0.7791031250773994 0.4724296869047619 0.7851375003095975 0.4661921869047619 0.7889093752321982 0.45787500000000003 0.7870234377708979 0.441934375 0.7794796873065016 0.4433203130952381 0.7719359374613003 0.44124062500000005 0.768542187616099 0.4460921880952381 0.7640156247678019 0.453715625 0.7628843752321981 0.459953125 0.7576031250773994 0.4641125 0.7579812501547988 0.47797343809523807 0.7628843752321981 0.4786671869047619
2 0.7289390625386997 0.531342188095238 0.7255437498452012 0.5410453130952381 0.7315781250773994 0.5472828130952381 0.7361046873065016 0.5472828130952381 0.7470421876160991 0.5403515619047619 0.7519453126934984 0.5368859380952381 0.7564718749226006 0.5278765630952381 0.7636390625386997 0.523025 0.7606203126934984 0.507776561904762 0.75685 0.5091625 0.7511921876160991 0.5140140630952381 0.7459109374613003 0.5209453119047619 0.7425171876160991 0.5209453119047619 0.7406312501547988 0.523025 0.738367187616099 0.5271828119047619 0.7342187498452012 0.5278765630952381 0.7289390625386997 0.531342188095238
2 0.6765109374613004 0.5729265619047619 0.6780203126934985 0.578471875 0.6825468749226006 0.5770859369047618 0.6882031250773994 0.5763921880952381 0.6908437498452011 0.5826296869047619 0.6968781250773994 0.58748125 0.7010281250773993 0.5860953130952381 0.7032906247678018 0.5770859369047618 0.7010281250773993 0.5646093750000001 0.7048 0.5632234380952381 0.7112109374613003 0.558371875 0.707817187616099 0.54866875 0.699142187616099 0.5493625 0.6934843752321982 0.5535203130952381 0.6878265622291021 0.5569859369047618 0.6795281250773995 0.565996875 0.6765109374613004 0.5729265619047619
2 0.2672781250773994 0.5562921880952381 0.25445468730650156 0.5535203130952381 0.2472875003095975 0.5507484369047619 0.23672656222910218 0.5507484369047619 0.22654374984520123 0.5805515630952381 0.22767500000000002 0.5888671880952381 0.2314468749226006 0.5923328130952381 0.23521874984520125 0.5902546869047619 0.24012187492260062 0.5937203119047619 0.24691093746130033 0.5957984369047619 0.25294531269349846 0.5992640630952382 0.26086562476780184 0.5964921869047619 0.26388281238390093 0.5888671880952381 0.2687875003095975 0.58748125 0.2740671876160991 0.5902546869047619 0.2774624996904025 0.588175 0.2804796873065015 0.5826296869047619 0.279725 0.5736203130952381 0.2680328123839009 0.5611437499999999 0.2672781250773994 0.5562921880952381
2 0.21371874984520123 0.5341140630952381 0.22050781238390094 0.5458968750000001 0.22993750030959753 0.552828125 0.23484062476780185 0.5445109380952381 0.23295468730650154 0.5403515619047619 0.22993750030959753 0.5348078130952381 0.2254125003095975 0.5355 0.2235265622291022 0.52995625 0.21975468730650155 0.5271828119047619 0.21334218761609908 0.518865625 0.20466718761609906 0.506390625 0.20127343777089785 0.51609375 0.20768437523219813 0.5251046880952381 0.21371874984520123 0.5341140630952381
6 0.27994791640866873 0.65234375 0.31119791640866873 0.6536458333333334 0.317708333126935 0.5885416666666666 0.28255208359133127 0.5911458333333334 0.27994791640866873 0.65234375
6 0.6471354167182664 0.6484375 0.692708333126935 0.64453125 0.6731770835913313 0.58984375 0.6432291665634675 0.58984375 0.6471354167182664 0.6484375
6 0.33984374984520127 0.53125 0.3736979164086688 0.5338541666666666 0.38281250030959757 0.4518229166666667 0.354166666873065 0.4466145833333333 0.33984374984520127 0.53125
13 0.2734375003095975 0.65625 0.29557291640866873 0.6640625 0.36328125015479873 0.63671875 0.44140625015479873 0.6458333333333334 0.5429687498452013 0.64453125 0.625 0.6354166666666666 0.65625 0.6354166666666666 0.6783854167182664 0.6432291666666666 0.7122395832817336 0.6041666666666666 0.8007812501547988 0.55078125 0.7838541665634675 0.54296875 0.6888020835913313 0.6106770833333334 0.651041666873065 0.6236979166666666 0.463541666873065 0.6328125 0.3880208334365325 0.625 0.3307291665634675 0.6276041666666666 0.29557291640866873 0.640625 0.17838541671826624 0.5455729166666666 0.17708333312693497 0.5611979166666666 0.23046874984520122 0.6171875 0.2734375003095975 0.65625
13 0.22526041671826624 0.4375 0.27604166687306503 0.4466145833333333 0.385416666873065 0.4752604166666667 0.46875 0.4986979166666667 0.505208333126935 0.4973958333333333 0.5598958334365325 0.484375 0.6471354167182664 0.4622395833333333 0.7890625003095975 0.4127604166666667 0.786458333126935 0.3880208333333333 0.7408854167182664 0.4166666666666667 0.609375 0.45703125 0.541666666873065 0.4817708333333333 0.47656250030959757 0.4817708333333333 0.3932291665634675 0.4622395833333333 0.3424479164086688 0.4466145833333333 0.21093749969040249 0.4231770833333333 0.22526041671826624 0.4375
