2 0.20655 0.52268125 0.2057781250773994 0.532621875 0.2060359374613003 0.54493125 0.20835468730650156 0.5463515630952381 0.21170312507739938 0.549190625 0.21608281238390095 0.551084375 0.22355312507739938 0.556765625 0.23205468730650156 0.5577124999999999 0.23231249969040246 0.5501375 0.22999374984520124 0.5397234369047619 0.23025156222910215 0.534515625 0.23179687492260062 0.5283625 0.23179687492260062 0.5174734369047619 0.22509843777089783 0.5174734369047619 0.22097656222910214 0.5117937499999999 0.215825 0.5113203130952382 0.20938437523219816 0.5136875 0.20655 0.52268125
2 0.329175 0.5875359380952381 0.33458437523219814 0.5870625 0.3381921876160991 0.588009375 0.3394796873065015 0.584695311904762 0.34025312507739935 0.5794875 0.33922187492260064 0.5719140619047619 0.33845000000000003 0.5681265630952381 0.33458437523219814 0.5643390630952381 0.33046249969040253 0.5643390630952381 0.32685625015479874 0.56670625 0.32428125015479875 0.5723875 0.3235078123839009 0.5809078119047619 0.32608437523219813 0.5856421869047619 0.329175 0.5875359380952381
0 0.559482812383901 0.59795 0.5659234377708978 0.598896875 0.5674687498452012 0.595109375 0.5659234377708978 0.5903765630952381 0.5638625003095975 0.5875359380952381 0.5597406247678018 0.5870625 0.5569062501547988 0.593215625 0.559482812383901 0.59795
8 0.5911437498452012 0.5077703119047619 0.5849093752321981 0.531203125 0.5891593752321982 0.5384921880952381 0.5936937498452013 0.5410968749999999 0.6021953126934985 0.5437000000000001 0.6089968749226006 0.5426578119047619 0.6126796873065016 0.537971875 0.6123968749226006 0.5343265630952381 0.6140968749226006 0.5176640619047619 0.6160812501547988 0.495271875 0.6152296873065015 0.4806921869047619 0.6143796873065016 0.470278125 0.6115468749226006 0.45101093690476185 0.6036124996904025 0.43018125 0.6007781250773994 0.440075 0.5970937498452012 0.47131875 0.5911437498452012 0.5077703119047619
2 0.6189140625386996 0.5864 0.6228812501547988 0.591085938095238 0.6367671876160992 0.597334375 0.6447015622291022 0.595771875 0.6549031250773993 0.591085938095238 0.6577375003095975 0.587440625 0.6577375003095975 0.5827546880952381 0.6557531250773994 0.578067188095238 0.6506531250773994 0.5697359369047619 0.6464015622291022 0.5629671869047619 0.6401671876160991 0.5640078119047619 0.633932812383901 0.568173436904762 0.6291156247678019 0.568695311904762 0.6237312501547988 0.568695311904762 0.6194812501547987 0.5739015630952381 0.6189140625386996 0.5864
2 0.7121453126934983 0.5317234380952381 0.7067609374613003 0.5317234380952381 0.7013765622291022 0.529640625 0.7008093752321981 0.5421375 0.7047765622291022 0.554634375 0.7087453126934984 0.561925 0.7178124996904024 0.5640078119047619 0.7237640625386996 0.5629671869047619 0.7299984377708978 0.5572390619047619 0.7322640625386997 0.5499484369047619 0.7322640625386997 0.5410968749999999 0.7311312501547987 0.53380625 0.7294312501547988 0.5285984380952381 0.7268812501547988 0.5233921869047619 0.7234796873065016 0.5285984380952381 0.7203624996904024 0.5369296880952381 0.7158296873065016 0.5358890630952381 0.7121453126934983 0.5317234380952381
2 0.7033609374613004 0.592648438095238 0.6985437498452012 0.5978546880952381 0.690892187616099 0.604625 0.6872078123839009 0.6082703130952382 0.682107812383901 0.61451875 0.681257812383901 0.621809375 0.6815406247678019 0.6322234380952381 0.686075 0.6468031249999999 0.692025 0.6457625 0.6954265622291022 0.6395140619047619 0.7070437498452012 0.629098438095238 0.7107281250773994 0.6228499999999999 0.7141281250773993 0.6181640619047618 0.7180953126934985 0.612435936904762 0.7231968749226007 0.605665625 0.7209296873065015 0.5936890630952381 0.7161125003095975 0.587440625 0.7101609374613004 0.592128125 0.7067609374613003 0.5890031250000001 0.7033609374613004 0.592648438095238
8 0.6257156247678018 0.7254328119047619 0.627132812383901 0.710853125 0.6146640625386997 0.6941890619047619 0.6047453126934984 0.691065625 0.5987953126934985 0.691585938095238 0.5970937498452012 0.7051249999999999 0.5979437498452013 0.7118937500000001 0.6044624996904026 0.717621875 0.6098468749226006 0.7217875 0.6177812501547988 0.727515625 0.6257156247678018 0.7254328119047619
0 0.5854765622291022 0.638471875 0.5806578123839009 0.6374312499999999 0.5732906247678019 0.6389921880952381 0.5664890625386997 0.643679688095238 0.5664890625386997 0.65253125 0.5727234377708978 0.657739061904762 0.580375 0.657739061904762 0.582075 0.6551359380952381 0.5854765622291022 0.6462828119047619 0.5854765622291022 0.638471875
2 0.35480781238390097 0.658259375 0.3584921876160991 0.653573438095238 0.36019218761609906 0.6410750000000001 0.362175 0.6353484380952381 0.35225781238390097 0.6264953119047619 0.34233906253869967 0.6275375 0.3332718749226006 0.6327437499999999 0.33355468730650156 0.6478453119047619 0.3383718749226006 0.6546140619047619 0.34403906253869965 0.65565625 0.3491406247678019 0.651490625 0.35480781238390097 0.658259375
2 0.20433593746130033 0.5811921880952381 0.20745156222910216 0.591085938095238 0.20575156222910215 0.599939063095238 0.20830312507739937 0.5968140630952381 0.2128359374613003 0.59629375 0.21680312507739938 0.604625 0.22445468730650156 0.6207671880952381 0.23153906253869969 0.6275375 0.23834062476780188 0.6311812499999999 0.242875 0.6395140619047619 0.251375 0.625975 0.25279218761609906 0.613998436904762 0.24854218761609906 0.6009796880952382 0.24004062476780186 0.5890031250000001 0.2292718749226006 0.5791093749999999 0.2204874996904025 0.5739015630952381 0.2128359374613003 0.5728609369047619 0.20433593746130033 0.5811921880952381
6 0.6432291665634675 0.72265625 0.7122395832817336 0.6979166666666666 0.682291666873065 0.6223958333333334 0.6341145832817336 0.6315104166666666 0.6432291665634675 0.72265625
6 0.25130208359133127 0.5703125 0.3125 0.5638020833333334 0.32031249969040243 0.5104166666666666 0.24348958328173376 0.49609375 0.25130208359133127 0.5703125
6 0.23307291640866873 0.7057291666666666 0.3085937498452012 0.70703125 0.328125 0.64453125 0.33203125015479873 0.6380208333333334 0.2526041665634675 0.6236979166666666 0.23307291640866873 0.7057291666666666
6 0.6692708334365325 0.5846354166666666 0.6940104167182664 0.56640625 0.7018229164086687 0.5390625 0.7057291665634675 0.4921875 0.6549479164086687 0.5221354166666666 0.6692708334365325 0.5846354166666666
7 0.14713541671826624 0.7317708333333334 0.1692708334365325 0.75 0.18098958328173376 0.7317708333333334 0.17317708359133127 0.7096354166666666 0.15364583343653251 0.6953125 0.14713541671826624 0.7317708333333334
