1 0.31303438585052845 0.4978593887387173 0.31950319700024465 0.42387938362120614 0.3736561620765997 0.42861432418379375 0.36718766025489913 0.5025940358837787
1 0.44943437499999994 0.472384375 0.47736875 0.472384375 0.47736875 0.5436046875 0.44943437499999994 0.5436046875
1 0.49369614043382626 0.5502617766406456 0.4693076046122542 0.5495428412542074 0.47156179353714833 0.47308567562840204 0.49595003050342257 0.473804606525715
1 0.5831445960344581 0.5375654192575312 0.6167037862883262 0.5342978187559722 0.6223894450378111 0.5926856737156456 0.5888302572251405 0.5959532577799874
1 0.6745461995623145 0.5114960609547436 0.6769679103275621 0.5804270278035553 0.6178555370036065 0.582503196188021 0.6154341734983291 0.5135725579189381
1 0.7125171063230482 0.41424364539627584 0.7442878767363936 0.4551829990181023 0.6875532088228056 0.4992086208012167 0.6557826626382166 0.4582694726244681
11 0.295041058323136 0.38204859926835155 0.23964242062186258 0.36672608273883306 0.27966783493263847 0.222020095278483 0.3350657347863262 0.23734250249185856
11 0.27103487709223373 0.6111781249999999 0.20011973216276147 0.6111781249999999 0.20012044669317675 0.4927890625 0.27103417057890056 0.4927890625
11 0.8011034729272524 0.5064387215569883 0.7869623076193193 0.6160244278168815 0.7198603339729743 0.6073658564190155 0.7340020318804363 0.4977807886838167
11 0.6972401341595287 0.3129594267798141 0.741923790613555 0.3049033557119513 0.766865491442104 0.4432390259047336 0.7221818524660648 0.4512950314095875
9 0.6209227526461518 0.667471326721056 0.6121467790518409 0.668495071477166 0.6030662602807979 0.5906618950056332 0.6118421046875255 0.5896381578124974
9 0.48930921883152223 0.4753289472904544 0.4825326162796273 0.47497230305211513 0.4874669016720645 0.38122230486834513 0.49424342031250035 0.3815789468750026
9 0.6790080171032287 0.3496395966726462 0.6858552856941742 0.34868420770125635 0.6964958849348477 0.42494198658365606 0.6896486172316827 0.4258973711936861
9 0.3511513530989987 0.41365131492457957 0.34462076374347816 0.413773377100878 0.342976056727025 0.32577995685767475 0.34950657968749965 0.32565789531250083
9 0.4594728618303634 0.3709076965064135 0.46605109912150056 0.3708391771437122 0.46710526250001294 0.4720394734375001 0.4605270252164928 0.47210799235292333