2 0.2996374996904025 0.5537656249999999 0.29872968730650157 0.536271875 0.29464374984520125 0.5215390630952381 0.28737968730650154 0.513253125 0.28283906253869967 0.5012828130952381 0.27648281238390093 0.4976 0.26649531269349847 0.5068078130952381 0.26013906253869973 0.510490625 0.24833437523219815 0.5150953130952381 0.2433390625386997 0.5298265619047619 0.24742656222910217 0.5528453130952381 0.25378281238390094 0.5620515630952381 0.26013906253869973 0.5675765630952381 0.27012656222910214 0.568496875 0.2769375003095975 0.568496875 0.2837468749226006 0.56941875 0.29055781238390094 0.56941875 0.29872968730650157 0.5629734380952381 0.2996374996904025 0.5537656249999999
9 0.28102343777089783 0.4976 0.2760296873065015 0.4939171880952381 0.26967343777089786 0.4810265630952381 0.2655859374613003 0.4543265630952381 0.2660406247678019 0.4009234380952381 0.26240781238390093 0.43407031190476186 0.26240781238390093 0.46905781190476187 0.2683109374613003 0.5058874999999999 0.28102343777089783 0.4976
9 0.28601718761609907 0.4313078119047619 0.2823859374613003 0.46537500000000004 0.28420156222910214 0.4939171880952381 0.28737968730650154 0.449721875 0.28828749969040246 0.42210000000000003 0.2832937498452012 0.4000015619047619 0.28601718761609907 0.4313078119047619
1 0.3949828123839009 0.5040453119047619 0.38272343777089785 0.513253125 0.3759140625386997 0.518778125 0.37091874984520123 0.5325890630952381 0.3686484377708978 0.5546859380952381 0.3727359374613003 0.5777046869047618 0.3822703126934984 0.5924359369047619 0.38907968730650155 0.5924359369047619 0.39816093746130027 0.58415 0.4022468749226006 0.574021875 0.40451718761609906 0.548240625 0.4076953126934984 0.5243015630952381 0.403607812383901 0.513253125 0.3949828123839009 0.5040453119047619
9 0.38953437523219814 0.5058874999999999 0.38635625015479874 0.437753125 0.3840859374613003 0.4386734369047619 0.38499374984520124 0.513253125 0.38953437523219814 0.5058874999999999
9 0.39543593746130035 0.4681375 0.39135000000000003 0.5068078130952381 0.39816093746130027 0.5022046880952381 0.3986140625386997 0.46905781190476187 0.3940734377708978 0.43222812499999996 0.39543593746130035 0.4681375
2 0.4267640625386997 0.513253125 0.42040781238390096 0.5049671869047619 0.4131421876160991 0.5123328119047619 0.4104187498452012 0.52890625 0.40542500000000004 0.5519234369047619 0.40179218761609903 0.56389375 0.4063328123839009 0.583229686904762 0.4126890625386997 0.597040625 0.4194984377708978 0.5813875 0.42267656222910216 0.5721796880952381 0.42540156222910214 0.5546859380952381 0.42721718761609906 0.5436375 0.42903281238390095 0.5353515619047619 0.4267640625386997 0.513253125
2 0.45037187492260067 0.50865 0.44628593746130035 0.516015625 0.4426546873065016 0.5371921880952382 0.4426546873065016 0.56389375 0.4435625003095975 0.5749421880952381 0.44764843777089786 0.5859921880952381 0.45355 0.5721796880952381 0.45445937523219815 0.5537656249999999 0.4589984377708978 0.5473203130952381 0.4612687498452012 0.540875 0.4612687498452012 0.52614375 0.4571828123839009 0.5095703119047619 0.45037187492260067 0.50865
2 0.4685328123839009 0.5546859380952381 0.46490156222910217 0.548240625 0.4621765622291022 0.551003125 0.46036093746130036 0.5703390619047619 0.46444687492260056 0.583229686904762 0.46944062476780185 0.582307813095238 0.4689874996904025 0.56941875 0.4685328123839009 0.5546859380952381
2 0.4803375003095975 0.5804671880952381 0.48079218761609904 0.56941875 0.4803375003095975 0.548240625 0.4767062501547987 0.5399546880952381 0.4721656247678019 0.5427171869047619 0.4721656247678019 0.579546875 0.4767062501547987 0.5869125000000001 0.4803375003095975 0.5804671880952381
0 0.5066703126934985 0.551003125 0.5039468749226006 0.5546859380952381 0.5016765622291022 0.5749421880952381 0.5053093752321982 0.5961203119047619 0.5098484377708978 0.5859921880952381 0.5093953126934985 0.56665625 0.5066703126934985 0.551003125
2 0.5498031250773994 0.5454796880952382 0.5452625003095976 0.551003125 0.5448078123839009 0.576784375 0.5502562501547987 0.5813875 0.5525265622291021 0.574021875 0.5520734377708979 0.5556078119047618 0.5498031250773994 0.5454796880952382
2 0.5784062501547987 0.52890625 0.5747734377708978 0.50865 0.5688718749226006 0.5022046880952381 0.5611531250773993 0.5058874999999999 0.5575203126934984 0.516015625 0.5538890625386997 0.5436375 0.5547968749226005 0.5749421880952381 0.5620609374613004 0.5721796880952381 0.5611531250773993 0.560210938095238 0.5647859374613003 0.5445578119047619 0.5688718749226006 0.5574484369047619 0.572957812383901 0.5620515630952381 0.5756812501547988 0.5657359380952381 0.5797687498452012 0.5620515630952381 0.5802218749226006 0.551003125 0.5784062501547987 0.52890625
2 0.6070093752321981 0.551003125 0.6083718749226006 0.5675765630952381 0.6133656247678019 0.5758640630952381 0.6165437498452012 0.576784375 0.6179062501547987 0.56389375 0.6169968749226007 0.5519234369047619 0.6147281250773994 0.536271875 0.6120031250773994 0.540875 0.6070093752321981 0.551003125
2 0.5911187498452013 0.56941875 0.5956593752321981 0.5813875 0.6033765622291022 0.576784375 0.6029234377708979 0.5657359380952381 0.5997453126934984 0.551003125 0.5938421876160991 0.551003125 0.5911187498452013 0.56941875
1 0.6760203126934985 0.4939171880952381 0.6646703126934985 0.4865515619047619 0.6555890625386996 0.4865515619047619 0.6528656247678019 0.4994421869047619 0.6501406247678018 0.5252234369047619 0.6515031250773994 0.5574484369047619 0.6574046873065016 0.56941875 0.6655781250773994 0.5721796880952381 0.6696640625386996 0.574021875 0.6819218749226007 0.576784375 0.6905484377708978 0.5648140619047619 0.6923640625386998 0.5500828130952381 0.6900953126934986 0.5215390630952381 0.6855546873065016 0.5095703119047619 0.6760203126934985 0.4939171880952381
9 0.6660312501547987 0.43222812499999996 0.6660312501547987 0.4865515619047619 0.6728421876160992 0.490234375 0.6660312501547987 0.43222812499999996
10 0.6978125003095975 0.43683125 0.6928187498452012 0.43683125 0.6887328123839009 0.4515640619047619 0.6896406247678019 0.492996875 0.6914562501547987 0.503125 0.6959968749226007 0.513253125 0.7014453126934985 0.5316671869047619 0.7064390625386996 0.52614375 0.7078015622291022 0.50865 0.7050781250773994 0.4948390619047619 0.7037156247678018 0.4764234380952381 0.7041687498452013 0.44788125 0.6978125003095975 0.43683125
10 0.7155203126934985 0.4488015630952381 0.7078015622291022 0.437753125 0.702807812383901 0.449721875 0.7064390625386996 0.4745828130952381 0.7096171876160992 0.48010624999999996 0.7127953126934985 0.4819484369047619 0.714157812383901 0.4920765619047619 0.7186984377708978 0.5068078130952381 0.7246 0.5040453119047619 0.7300484377708979 0.4948390619047619 0.7295937498452013 0.4837890619047619 0.7236921876160991 0.46721562499999997 0.7155203126934985 0.4488015630952381
2 0.7078015622291022 0.5905953119047619 0.7127953126934985 0.574021875 0.7078015622291022 0.568496875 0.6955437498452012 0.56941875 0.6855546873065016 0.5721796880952381 0.6787437498452014 0.5786250000000001 0.6710265622291021 0.597040625 0.6710265622291021 0.6191375 0.6705718749226006 0.631107811904762 0.6732953126934985 0.65044375 0.6801062501547988 0.64768125 0.6832843752321981 0.6412359380952382 0.6882781250773994 0.6338703130952381 0.6996296873065015 0.6246625 0.7064390625386996 0.6154546880952381 0.710525 0.59888125 0.7078015622291022 0.5905953119047619
9 0.7151468749226007 0.690303125 0.7131000000000001 0.6702421880952381 0.7096890625386998 0.6550218750000001 0.7073015622291021 0.6328859380952381 0.7049140625386997 0.619051561904762 0.6980921876160991 0.626660938095238 0.6885406247678019 0.6342703130952381 0.6936562501547988 0.644646875 0.7004796873065016 0.653639061904762 0.7076421876160991 0.673007813095238 0.7134421876160991 0.7041375 0.7171937498452012 0.74771875 0.7168531250773994 0.723507811904762 0.7151468749226007 0.690303125
9 0.6878578123839009 0.6487968749999999 0.6858109374613003 0.6840765630952381 0.6899046873065016 0.735959375 0.6888812501547987 0.7006796880952381 0.6917234377708978 0.7136437499999999 0.6909281250773993 0.698603125 0.6895640625386996 0.6820015630952381 0.6881984377708978 0.6633234369047619 0.6878578123839009 0.6487968749999999
1 0.6353265622291022 0.6660906249999999 0.6445375003095976 0.675084375 0.6554531250773994 0.6660906249999999 0.6622750000000001 0.6577890619047619 0.6656859374613003 0.644646875 0.6697796873065016 0.6259687500000001 0.6697796873065016 0.609365625 0.6667093752321981 0.60175625 0.6612515622291021 0.5927640630952381 0.6537468749226006 0.589996875 0.6441953126934985 0.592071875 0.6380562501547987 0.60175625 0.6295281250773993 0.613517188095238 0.6281640625386997 0.6301187500000001 0.6298687498452012 0.6515640619047619 0.6353265622291022 0.6660906249999999
1 0.589617187616099 0.6328859380952381 0.5926875003095975 0.652946875 0.595075 0.6640156250000001 0.600875 0.677159375 0.6073562501547988 0.685460936904762 0.6155421876160991 0.6958375 0.6233875003095976 0.692378125 0.6247531250773994 0.6847687499999999 0.6267984377708978 0.666782811904762 0.6295281250773993 0.649489061904762 0.6257765622291022 0.648104688095238 0.6250937498452012 0.6377281250000001 0.6240703126934984 0.630810938095238 0.621 0.619051561904762 0.616225 0.6128250000000001 0.6111078123839009 0.613517188095238 0.6015562501547987 0.6197421869047619 0.5926875003095975 0.622509375 0.589617187616099 0.6328859380952381
9 0.6571578123839009 0.7241984380952381 0.6534062501547987 0.730425 0.6615921876160991 0.758095311904762 0.6571578123839009 0.7241984380952381
9 0.6189531250773994 0.698603125 0.6155421876160991 0.7041375 0.6254343752321981 0.7843828119047619 0.6189531250773994 0.698603125
7 0.6254343752321981 0.8245046880952381 0.6353265622291022 0.823121875 0.6411265622291021 0.814128125 0.6441953126934985 0.8058265630952381 0.6435140625386996 0.7823078130952381 0.641467187616099 0.7636296880952381 0.6380562501547987 0.744951561904762 0.6325984377708979 0.7200484380952381 0.6285968749226006 0.71773125 0.6314296873065016 0.7720468749999999 0.6314968749226005 0.8031765630952381 0.6290359374613004 0.815014063095238 0.6221124996904025 0.811525 0.6182593752321981 0.7788359380952381 0.6169062501547987 0.7843828119047619 0.6189531250773994 0.809978125 0.6254343752321981 0.8245046880952381
7 0.6643218749226006 0.8030609369047619 0.6704609374613003 0.7982171869047618 0.6748953126934985 0.783690625 0.6728484377708979 0.767089061904762 0.6697796873065016 0.7733140630952381 0.6615921876160991 0.779540625 0.6540874996904025 0.767089061904762 0.6438546873065015 0.7311171880952381 0.6462421876160991 0.7497937499999999 0.6486296873065016 0.768471875 0.6517 0.7864578130952381 0.6554531250773994 0.7996015630952381 0.6643218749226006 0.8030609369047619
2 0.5930296873065015 0.661940625 0.5838187498452013 0.655714063095238 0.5776796873065015 0.642570313095238 0.5715390625386997 0.6460296869047619 0.5643750000000001 0.661248438095238 0.5667640625386997 0.69099375 0.5705156247678018 0.707596875 0.5773374996904025 0.7297328130952381 0.5851828123839009 0.739417186904762 0.589617187616099 0.742184375 0.595075 0.733192186904762 0.5978046873065015 0.7165890630952381 0.5974640625386997 0.698603125 0.5954171876160991 0.6820015630952381 0.5930296873065015 0.661940625
9 0.5867874996904026 0.7598875 0.5946281250773994 0.817642188095238 0.5942156247678019 0.7757906250000001 0.5917390625386997 0.756539063095238 0.5920923287925697 0.7425340892857144 0.588085240247678 0.745205480952381 0.5867874996904026 0.7598875
1 0.3791765622291022 0.607546875 0.36761874984520126 0.607546875 0.3581265622291022 0.6167546880952381 0.3548234377708978 0.65860625 0.36225312507739943 0.676184375 0.36844531269349845 0.6837171869047619 0.3800015622291022 0.68120625 0.38784374984520126 0.671160938095238 0.39238437523219816 0.6544203119047619 0.3973374996904025 0.638517188095238 0.3981625003095975 0.620103125 0.3899078123839009 0.6159171869047619 0.3791765622291022 0.607546875
1 0.3457437498452013 0.597503125 0.3379015622291021 0.596665625 0.3304718749226006 0.597503125 0.32056562476780187 0.594990625 0.30983437523219814 0.6016875 0.30405625015479876 0.6259609380952381 0.30405625015479876 0.665301563095238 0.30983437523219814 0.6786953130952381 0.32097968730650156 0.6778578119047619 0.3337734377708978 0.68204375 0.34326718761609903 0.6778578119047619 0.34739531269349844 0.6686500000000001 0.35234687492260064 0.6452140619047619 0.35276093746130033 0.61340625 0.3506968749226006 0.606709375 0.3457437498452013 0.597503125
9 0.33021250030959753 0.7336 0.3350828123839009 0.7117718749999999 0.3381578123839009 0.689942188095238 0.3399515622291022 0.675909375 0.34200156222910216 0.6603171880952381 0.3379015622291021 0.6686328130952381 0.332007812383901 0.6774687500000001 0.32944374984520125 0.7086531250000001 0.32073125015479875 0.7460734380952381 0.3140671876160991 0.7694624999999999 0.32073125015479875 0.76010625 0.32534374984520126 0.75023125 0.33021250030959753 0.7336
9 0.3040718749226006 0.7200875 0.30099687492260063 0.731001563095238 0.2995078123839009 0.7420796869047619 0.3159087263157895 0.6796599916666667 0.31146972755417957 0.6742345488095238 0.3040718749226006 0.7200875
6 0.35364021362229103 0.5198560464285714 0.3435291616099071 0.5201026571428572 0.3373638854489164 0.5213357119047619 0.3297189436532508 0.5228153785714286 0.3228138352941176 0.5245416559523809 0.3159087263157895 0.5272543773809524 0.30801717337461304 0.5312001535714286 0.30678411826625385 0.5361323738095238 0.3092502284829721 0.5381052619047619 0.31368922724458204 0.5388450952380952 0.3183748365325077 0.5383518726190476 0.3289791108359133 0.5388450952380952 0.3373638854489164 0.5363789845238096 0.34624188297213626 0.5341594857142857 0.35265376965944273 0.5324332083333333 0.36128515541795664 0.5292272654761905 0.3647377095975233 0.5282408214285714 0.3669572092879257 0.5262679333333333 0.3672038198142415 0.5247882666666667 0.3686834860681114 0.5210891011904762 0.35857243405572753 0.5205958785714286 0.35364021362229103 0.5198560464285714
25 0.6525242662538701 0.728580430952381 0.6562867622291022 0.7250866845238095 0.6573617609907121 0.7186366916666667 0.6535992650154798 0.6678429988095238 0.6517180173374613 0.6686492476190475 0.6492992699690402 0.6710679952380953 0.6468805226006192 0.6732179928571428 0.6525242662538701 0.728580430952381
13 0.4993718309597523 0.7251152607142857 0.5922100383900929 0.7163200630952381 0.6391177640866873 0.7075248642857143 0.6713668253869969 0.6625716273809523 0.7260925052631579 0.6655033595238096 0.720229039628483 0.5990507476190476 0.6615943826625388 0.6312998095238095 0.6332542984520124 0.6508446952380953 0.5550747554179567 0.670389580952381 0.45539583777089787 0.6645261154761906 0.3801480278637771 0.6567081607142857 0.3478989665634675 0.6371632749999999 0.300991240247678 0.6283680773809525 0.2951277746130031 0.6762530464285714 0.31271817213622294 0.6791847797619047 0.4221695318885449 0.7075248642857143 0.4993718309597523 0.7251152607142857
13 0.2443110718266254 0.46321379166666665 0.24528831640866872 0.5042580523809524 0.3606031417956656 0.534552625 0.5042580520123839 0.5501885333333333 0.6000279925696594 0.5531202666666667 0.6997069095975232 0.5482340452380953 0.7905906284829722 0.522825694047619 0.7817954297213623 0.47689521190476186 0.7456373913312694 0.4954628535714286 0.6821165126934984 0.4876449 0.6068687021671827 0.5042580523809524 0.5394388464396285 0.5101215178571429 0.4368281962848297 0.5032808083333333 0.2619014687306501 0.47298623452380956 0.2443110718266254 0.46321379166666665
