2 0.26649531269349847 0.5068078130952381 0.26013906253869973 0.510490625 0.24833437523219815 0.5150953130952381 0.2433390625386997 0.5298265619047619 0.24742656222910217 0.5528453130952381 0.25378281238390094 0.5620515630952381 0.26013906253869973 0.5675765630952381 0.27012656222910214 0.568496875 0.2769375003095975 0.568496875 0.2837468749226006 0.56941875 0.29055781238390094 0.56941875 0.29872968730650157 0.5629734380952381 0.2996374996904025 0.5537656249999999 0.29872968730650157 0.536271875 0.29464374984520125 0.5215390630952381 0.28737968730650154 0.513253125 0.28283906253869967 0.5012828130952381 0.27648281238390093 0.4976 0.26649531269349847 0.5068078130952381
1 0.3822703126934984 0.5924359369047619 0.38907968730650155 0.5924359369047619 0.39816093746130027 0.58415 0.4022468749226006 0.574021875 0.40451718761609906 0.548240625 0.4076953126934984 0.5243015630952381 0.403607812383901 0.513253125 0.3949828123839009 0.5040453119047619 0.38272343777089785 0.513253125 0.3759140625386997 0.518778125 0.37091874984520123 0.5325890630952381 0.3686484377708978 0.5546859380952381 0.3727359374613003 0.5777046869047618 0.3822703126934984 0.5924359369047619
2 0.4063328123839009 0.583229686904762 0.4126890625386997 0.597040625 0.4194984377708978 0.5813875 0.42267656222910216 0.5721796880952381 0.42540156222910214 0.5546859380952381 0.42721718761609906 0.5436375 0.42903281238390095 0.5353515619047619 0.4267640625386997 0.513253125 0.42040781238390096 0.5049671869047619 0.4131421876160991 0.5123328119047619 0.4104187498452012 0.52890625 0.40542500000000004 0.5519234369047619 0.40179218761609903 0.56389375 0.4063328123839009 0.583229686904762
2 0.45355 0.5721796880952381 0.45445937523219815 0.5537656249999999 0.4589984377708978 0.5473203130952381 0.4612687498452012 0.540875 0.4612687498452012 0.52614375 0.4571828123839009 0.5095703119047619 0.45037187492260067 0.50865 0.44628593746130035 0.516015625 0.4426546873065016 0.5371921880952382 0.4426546873065016 0.56389375 0.4435625003095975 0.5749421880952381 0.44764843777089786 0.5859921880952381 0.45355 0.5721796880952381
2 0.4689874996904025 0.56941875 0.4685328123839009 0.5546859380952381 0.46490156222910217 0.548240625 0.4621765622291022 0.551003125 0.46036093746130036 0.5703390619047619 0.46444687492260056 0.583229686904762 0.46944062476780185 0.582307813095238 0.4689874996904025 0.56941875
2 0.4767062501547987 0.5869125000000001 0.4803375003095975 0.5804671880952381 0.48079218761609904 0.56941875 0.4803375003095975 0.548240625 0.4767062501547987 0.5399546880952381 0.4721656247678019 0.5427171869047619 0.4721656247678019 0.579546875 0.4767062501547987 0.5869125000000001
0 0.5066703126934985 0.551003125 0.5039468749226006 0.5546859380952381 0.5016765622291022 0.5749421880952381 0.5053093752321982 0.5961203119047619 0.5098484377708978 0.5859921880952381 0.5093953126934985 0.56665625 0.5066703126934985 0.551003125
2 0.5547968749226005 0.5749421880952381 0.5620609374613004 0.5721796880952381 0.5611531250773993 0.560210938095238 0.5647859374613003 0.5445578119047619 0.5688718749226006 0.5574484369047619 0.572957812383901 0.5620515630952381 0.5756812501547988 0.5657359380952381 0.5797687498452012 0.5620515630952381 0.5802218749226006 0.551003125 0.5784062501547987 0.52890625 0.5747734377708978 0.50865 0.5688718749226006 0.5022046880952381 0.5611531250773993 0.5058874999999999 0.5575203126934984 0.516015625 0.5538890625386997 0.5436375 0.5547968749226005 0.5749421880952381
2 0.6147281250773994 0.536271875 0.6120031250773994 0.540875 0.6070093752321981 0.551003125 0.6083718749226006 0.5675765630952381 0.6133656247678019 0.5758640630952381 0.6165437498452012 0.576784375 0.6179062501547987 0.56389375 0.6169968749226007 0.5519234369047619 0.6147281250773994 0.536271875
1 0.6574046873065016 0.56941875 0.6655781250773994 0.5721796880952381 0.6696640625386996 0.574021875 0.6819218749226007 0.576784375 0.6905484377708978 0.5648140619047619 0.6923640625386998 0.5500828130952381 0.6900953126934986 0.5215390630952381 0.6855546873065016 0.5095703119047619 0.6760203126934985 0.4939171880952381 0.6646703126934985 0.4865515619047619 0.6555890625386996 0.4865515619047619 0.6528656247678019 0.4994421869047619 0.6501406247678018 0.5252234369047619 0.6515031250773994 0.5574484369047619 0.6574046873065016 0.56941875
8 0.7014453126934985 0.5316671869047619 0.7064390625386996 0.52614375 0.7078015622291022 0.50865 0.7050781250773994 0.4948390619047619 0.7037156247678018 0.4764234380952381 0.7041687498452013 0.44788125 0.6978125003095975 0.43683125 0.6928187498452012 0.43683125 0.6887328123839009 0.4515640619047619 0.6896406247678019 0.492996875 0.6914562501547987 0.503125 0.6959968749226007 0.513253125 0.7014453126934985 0.5316671869047619
8 0.714157812383901 0.4920765619047619 0.7186984377708978 0.5068078130952381 0.7246 0.5040453119047619 0.7300484377708979 0.4948390619047619 0.7295937498452013 0.4837890619047619 0.7236921876160991 0.46721562499999997 0.7155203126934985 0.4488015630952381 0.7078015622291022 0.437753125 0.702807812383901 0.449721875 0.7064390625386996 0.4745828130952381 0.7096171876160992 0.48010624999999996 0.7127953126934985 0.4819484369047619 0.714157812383901 0.4920765619047619
2 0.6710265622291021 0.597040625 0.6710265622291021 0.6191375 0.6705718749226006 0.631107811904762 0.6732953126934985 0.65044375 0.6801062501547988 0.64768125 0.6832843752321981 0.6412359380952382 0.6882781250773994 0.6338703130952381 0.6996296873065015 0.6246625 0.7064390625386996 0.6154546880952381 0.710525 0.59888125 0.7078015622291022 0.5905953119047619 0.7127953126934985 0.574021875 0.7078015622291022 0.568496875 0.6955437498452012 0.56941875 0.6855546873065016 0.5721796880952381 0.6787437498452014 0.5786250000000001 0.6710265622291021 0.597040625
1 0.6697796873065016 0.609365625 0.6667093752321981 0.60175625 0.6612515622291021 0.5927640630952381 0.6537468749226006 0.589996875 0.6441953126934985 0.592071875 0.6380562501547987 0.60175625 0.6295281250773993 0.613517188095238 0.6281640625386997 0.6301187500000001 0.6298687498452012 0.6515640619047619 0.6353265622291022 0.6660906249999999 0.6445375003095976 0.675084375 0.6554531250773994 0.6660906249999999 0.6622750000000001 0.6577890619047619 0.6656859374613003 0.644646875 0.6697796873065016 0.6259687500000001 0.6697796873065016 0.609365625
1 0.6233875003095976 0.692378125 0.6247531250773994 0.6847687499999999 0.6267984377708978 0.666782811904762 0.6295281250773993 0.649489061904762 0.6257765622291022 0.648104688095238 0.6250937498452012 0.6377281250000001 0.6240703126934984 0.630810938095238 0.621 0.619051561904762 0.616225 0.6128250000000001 0.6111078123839009 0.613517188095238 0.6015562501547987 0.6197421869047619 0.5926875003095975 0.622509375 0.589617187616099 0.6328859380952381 0.5926875003095975 0.652946875 0.595075 0.6640156250000001 0.600875 0.677159375 0.6073562501547988 0.685460936904762 0.6155421876160991 0.6958375 0.6233875003095976 0.692378125
2 0.6046265622291022 0.6640156250000001 0.6090609374613003 0.6820015630952381 0.6121312501547987 0.701370311904762 0.6169062501547987 0.7020624999999999 0.6196359374613003 0.687535938095238 0.6189531250773994 0.6640156250000001 0.6165656247678019 0.648104688095238 0.6117906247678019 0.6370374999999999 0.6066734377708979 0.6432625000000001 0.6046265622291022 0.6640156250000001
1 0.3800015622291022 0.68120625 0.38784374984520126 0.671160938095238 0.39238437523219816 0.6544203119047619 0.3973374996904025 0.638517188095238 0.3981625003095975 0.620103125 0.3899078123839009 0.6159171869047619 0.3791765622291022 0.607546875 0.36761874984520126 0.607546875 0.3581265622291022 0.6167546880952381 0.3548234377708978 0.65860625 0.36225312507739943 0.676184375 0.36844531269349845 0.6837171869047619 0.3800015622291022 0.68120625
1 0.30405625015479876 0.665301563095238 0.30983437523219814 0.6786953130952381 0.32097968730650156 0.6778578119047619 0.3337734377708978 0.68204375 0.34326718761609903 0.6778578119047619 0.34739531269349844 0.6686500000000001 0.35234687492260064 0.6452140619047619 0.35276093746130033 0.61340625 0.3506968749226006 0.606709375 0.3457437498452013 0.597503125 0.3379015622291021 0.596665625 0.3304718749226006 0.597503125 0.32056562476780187 0.594990625 0.30983437523219814 0.6016875 0.30405625015479876 0.6259609380952381 0.30405625015479876 0.665301563095238
9 0.30099687492260063 0.731001563095238 0.2995078123839009 0.7420796869047619 0.31227343777089783 0.6894234380952381 0.30740468730650156 0.7018968750000001 0.3040718749226006 0.7200875 0.30099687492260063 0.731001563095238
6 0.36193674055727554 0.49570559999999997 0.36193674055727554 0.4066941 0.31484371393188854 0.4164062511904762 0.3135073052631579 0.4941439583333333 0.36193674055727554 0.49570559999999997
9 0.24535464210526317 0.5406017321428571 0.26005808359133126 0.558973555952381 0.2843187832817337 0.5692617607142858 0.2990222247678018 0.5633827821428571 0.2960815250773994 0.5259042726190476 0.2960815250773994 0.45241697619047616 0.29314082538699693 0.3980363666666667 0.28505394427244585 0.3723158119047619 0.2762319021671827 0.3605578428571428 0.28137808421052635 0.43624976547619043 0.27476152445820434 0.4582959547619047 0.2696153424148607 0.3848086583333334 0.2607933003095975 0.3708460607142857 0.25564706191950465 0.44653799880952383 0.250500880495356 0.49283498928571423 0.2501838068111455 0.5259191178571428 0.24535464210526317 0.5406017321428571
9 0.36812840866873064 0.572936125 0.3916538922600619 0.5891033357142857 0.4041518507739938 0.5663222857142857 0.4085628718266254 0.5075324488095238 0.3953297523219814 0.39656661428571427 0.3820966891640867 0.3914225261904762 0.3813614718266254 0.42890103571428567 0.3732745907120743 0.500183719047619 0.3705882185758514 0.5415441178571428 0.36812840866873064 0.572936125
9 0.6989558321981424 0.5361924773809523 0.6835171746130031 0.5082673107142858 0.6783709925696594 0.4311056488095238 0.6658730897832816 0.40024097976190476 0.6585213696594426 0.45756109285714286 0.651904865634675 0.5332530023809524 0.6738970421052631 0.5663602952380952 0.6989558321981424 0.5361924773809523
6 0.6452882501547987 0.4898954857142857 0.646023466873065 0.45241697619047616 0.6270220421052631 0.44963235357142856 0.6276441659442724 0.4898954857142857 0.6452882501547987 0.4898954857142857
9 0.6776358879256966 0.5876335845238095 0.6688137331269349 0.6045356571428572 0.6761654538699691 0.6890460476190476 0.6938096507739938 0.7610636202380953 0.7018964755417956 0.7581241166666667 0.6901337900928792 0.6736137261904761 0.702631692879257 0.6647952738095239 0.7041020142414861 0.727994336904762 0.7195406724458204 0.7662077083333333 0.72909793126935 0.7581241166666667 0.7239516371517029 0.6471583107142858 0.7170955715170279 0.5875000011904762 0.6776358879256966 0.5876335845238095
9 0.6188221238390093 0.8044211357142858 0.631320026006192 0.6853716833333333 0.6232330885448917 0.6199680345238096 0.6041186823529412 0.6199680345238096 0.5930911015479876 0.6265818464285714 0.5985293950464396 0.6858455892857143 0.6114704030959752 0.7640031238095237 0.6188221238390093 0.8044211357142858
7 0.6232330885448917 0.8007467714285714 0.6335255647058823 0.8066257214285715 0.638671746749226 0.7897236773809524 0.6416123900928792 0.7595938964285713 0.6288602773993808 0.7538602952380953 0.6269089486068111 0.7823749476190477 0.6232330885448917 0.8007467714285714
9 0.666608307120743 0.6456885880952381 0.6585213696594426 0.5957172035714285 0.6379365294117647 0.6023310714285715 0.6269089486068111 0.6236423988095238 0.644553145510836 0.7316687011904762 0.6636675517027865 0.7772308023809524 0.6710192718266255 0.7787005821428571 0.6710192718266255 0.7581241166666667 0.6680786284829722 0.6971296952380952 0.6647058656346749 0.6536764714285714 0.666608307120743 0.6456885880952381
6 0.2833291226006192 0.7164624845238096 0.2852518507739938 0.662647186904762 0.24543267058823529 0.6612980773809524 0.24871942600619196 0.7145405380952381 0.2833291226006192 0.7164624845238096
6 0.7784391510835914 0.7222283964285715 0.7717095281733746 0.6511152904761904 0.7334134396284829 0.6576923083333334 0.7486364947368421 0.7289553547619048 0.7784391510835914 0.7222283964285715
9 0.28717457956656345 0.7981464404761904 0.32562973250773997 0.694359738095238 0.30159526191950464 0.7933415023809525 0.3073635938080495 0.7933415023809525 0.348702839628483 0.7087745535714286 0.3554325356037152 0.5944171107142857 0.31890011021671827 0.5915340809523809 0.30447942786377713 0.654959255952381 0.3043269009287926 0.6781250011904761 0.2881360167182663 0.7462530892857142 0.28717457956656345 0.7981464404761904
2 0.580650426006192 0.6221957035714286 0.568152453250774 0.6612358297619048 0.5634658030959752 0.7018374178571429 0.5902343393188855 0.7425781261904761 0.6009596018575851 0.6987142547619047 0.580650426006192 0.6221957035714286
9 0.5900238458204334 0.8611211440476191 0.6025218185758514 0.8564364 0.6040840352941177 0.7299462964285715 0.5915860625386996 0.6534278047619048 0.5746093393188855 0.6273437511904761 0.5665902365325077 0.7096455023809524 0.5900238458204334 0.8611211440476191
