0 0.6738312501547987 0.6759656249999999 0.6712046873065016 0.6653125 0.6659515622291021 0.678248436904762 0.6625749999999999 0.6919453130952381 0.6670781250773994 0.696510936904762 0.6693296873065016 0.694989063095238 0.6723312501547988 0.6904234369047619 0.6738312501547987 0.6858578130952381 0.6738312501547987 0.6759656249999999
0 0.6989718749226007 0.6774875 0.6948437498452013 0.6812921869047619 0.6929687498452012 0.6934671880952381 0.6967203126934984 0.706403125 0.7000968749226006 0.69575 0.7012234377708979 0.6828140619047619 0.6989718749226007 0.6774875
0 0.8209187498452013 0.7132515630952381 0.8216703126934984 0.700315625 0.8201687498452013 0.6858578130952381 0.8104125003095975 0.6812921869047619 0.8077859374613002 0.694228125 0.8074109374613003 0.7132515630952381 0.8074109374613003 0.726948436904762 0.8126640625386997 0.725426563095238 0.8175421876160991 0.721621875 0.8209187498452013 0.7132515630952381
9 0.7878999999999999 0.6044375000000001 0.7852734377708979 0.6759656249999999 0.7894000000000001 0.68053125 0.7901515622291022 0.640201561904762 0.7939031250773994 0.5823703119047619 0.787525 0.634875 0.7878999999999999 0.6044375000000001
0 0.7955765622291022 0.7845125 0.7899484377708978 0.782990625 0.7891984377708979 0.7906000000000001 0.7906984377708979 0.8035359380952382 0.7937 0.8172328130952381 0.7959515622291021 0.8126671869047619 0.7989531250773994 0.8035359380952382 0.8004546873065016 0.7898390619047619 0.7955765622291022 0.7845125
0 0.8139625003095975 0.7753796869047619 0.8105859374613004 0.779946875 0.8087093752321981 0.7845125 0.806832812383901 0.795165625 0.8094593752321981 0.810384375 0.8132125003095975 0.8111453130952382 0.8150890625386997 0.804296875 0.8139625003095975 0.7753796869047619
13 0.5218022216718267 0.8912126630952382 0.6335030030959752 0.8936062511904761 0.7180764520123839 0.8784468595238095 0.7715332544891641 0.8561067035714286 0.7978627244582043 0.8441387619047619 0.7922776854489164 0.7819054702380953 0.6813747665634674 0.8050434892857143 0.5632910835913313 0.8058413511904762 0.45318602724458207 0.7914798226190476 0.4300480086687306 0.8712660952380953 0.4858983993808049 0.8880212119047619 0.5218022216718267 0.8912126630952382
6 0.4595689294117647 0.7803097440476191 0.4388244984520124 0.777916155952381 0.4085057151702786 0.7882883714285714 0.388559146749226 0.7962669988095238 0.3853676959752322 0.7962669988095238 0.39573991145510834 0.8114263904761905 0.4140907541795666 0.8154157047619048 0.4380266359133127 0.8233943321428572 0.47871763467492257 0.8178092928571428 0.5018556538699691 0.8186071547619047 0.5257915356037152 0.8146178416666667 0.5273872606811145 0.8074370773809524 0.5273872606811145 0.7882883714285714 0.5018556538699691 0.7835011952380951 0.4595689294117647 0.7803097440476191
6 0.8457344879256966 0.7699375285714286 0.8289793708978328 0.7858947833333333 0.8249900569659443 0.7898840976190477 0.825787919504644 0.801054175 0.8313729585139319 0.8082349392857142 0.8624896049535604 0.8058413511904762 0.8832340359133127 0.7890862345238095 0.8864254866873065 0.7763204309523809 0.8896169374613003 0.7651503523809524 0.8896169374613003 0.7571717250000001 0.8808404476780186 0.755576 0.8545109777089783 0.7651503523809524 0.8457344879256966 0.7699375285714286
6 0.4252608321981424 0.690949119047619 0.4077078520123839 0.710097825 0.4132928910216718 0.7172785892857143 0.4292501455108359 0.7204700404761905 0.4436116749226006 0.71169355 0.4476009882352941 0.710097825 0.4476009882352941 0.7053106488095239 0.45079243900928795 0.7021191976190476 0.44121808668730655 0.6941405702380953 0.4252608321981424 0.690949119047619
6 0.607173533126935 0.6989277464285714 0.6055778080495355 0.6981298833333333 0.6167478860681115 0.7124914130952381 0.6534495715170279 0.7029170607142857 0.6374923170278638 0.7005234714285714 0.607173533126935 0.6989277464285714
10 0.7755225678018576 0.690949119047619 0.8010541752321981 0.690949119047619 0.7946712736842105 0.6063756702380952 0.7970648619195047 0.578450475 0.7954691362229103 0.5704718476190476 0.7882883715170279 0.5832376511904762 0.7842990582043343 0.5952055928571428 0.7811076074303405 0.6111628464285714 0.7811076074303405 0.6295136892857144 0.7755225678018576 0.690949119047619
