0 0.45473906249992524 0.6003937500000011 0.4619948881916116 0.6001620822211551 0.4634526944081472 0.6458152084251393 0.4561968687651188 0.646046875199069
6 0.4508016478986292 0.5940623285239693 0.3726389493604074 0.5981758172097223 0.3664207967466382 0.48001863671322614 0.4445820391856614 0.47590518548550703
6 0.355463090128751 0.7688759868055017 0.2993747981690831 0.6991539380524971 0.45094771331253014 0.5772379938262183 0.5070352438225427 0.6469586234792521
6 0.6157392336303928 0.5652746227348356 0.6254646657766898 0.4850504620291493 0.6735274692540543 0.490876634147412 0.6638023804431441 0.5711004817935637
6 0.59735576875 0.627403846875 0.63701923125 0.627403846875 0.63701923125 0.72235576875 0.59735576875 0.72235576875
0 0.33799766219465255 0.6850128557453203 0.3119055804974096 0.6973875719253264 0.2831396010710705 0.6367423194036553 0.3092313830925377 0.6243676867546095
0 0.47490624855561236 0.6403995638353385 0.4698919758716329 0.6404898348472581 0.4694269880291131 0.6146636051637192 0.4744412359374337 0.6145733343750004
0 0.5338528600894961 0.5720997116345732 0.5515827687825094 0.5721545935319481 0.5514626803661713 0.6109457935971246 0.5337327716742948 0.6108909118908226
0 0.5942038908646055 0.45417162420072255 0.615206662909145 0.45431554154052683 0.6146127611044676 0.5409811492081351 0.5936099890625428 0.5408372328124997
0 0.4833430069334099 0.5747002485446784 0.4657621209938725 0.5728627660428943 0.46980213704841844 0.5342124095282568 0.4873829078125027 0.536049885937495
0 0.47615969687500004 0.5866505156249999 0.4879440609375 0.5866505156249999 0.4879440609375 0.6375739671875 0.47615969687500004 0.6375739671875