2 0.28368786753026143 0.5123832538971973 0.26355345283002407 0.5227616543283888 0.2425305396202475 0.48197953257790027 0.2626648383044312 0.47160116835405785
2 0.30328175472732255 0.5120925061677755 0.3295191083134341 0.5285106153430333 0.3165486871056373 0.5492365099742283 0.2903113586414747 0.5328184332009925
2 0.3405796830372765 0.549704008159286 0.32495043066103335 0.549411338639852 0.32579054410155095 0.5045540516157193 0.3414196837882173 0.5048467200790239
2 0.26028823538706547 0.5432779536914415 0.2503060343701691 0.5605178222562998 0.21494386918425334 0.5400442327536196 0.2249260702827769 0.5228044218905868
2 0.2561473829913439 0.5834235514627125 0.2795050055938191 0.5639541498908155 0.31950765334795506 0.6119406190163462 0.29615013265549806 0.6314099096635947
1 0.3409913669402158 0.5030891657081332 0.37727999796697986 0.5076470492598523 0.37033594872525555 0.562928995483536 0.3340473215307611 0.5583711325398723
9 0.3622937519049856 0.501656250154759 0.35448225469247063 0.5010216616841908 0.3636945306243433 0.3876312591208623 0.3715059047186742 0.3882658424751132
2 0.4923640766317021 0.5959078124999999 0.48414530646084586 0.5959078124999999 0.4841453332093124 0.5636234375 0.4923640567183156 0.5636234375
2 0.494486413673485 0.5603256813180887 0.5051534520455334 0.5606022934787366 0.5042344257798277 0.5960392941448768 0.493567387441999 0.5957626828475182
2 0.5297193261470738 0.5827385076963648 0.5226903096350952 0.5830326615879529 0.5214022600034696 0.5522564135781672 0.5284312392280981 0.551962260466512
2 0.5299800376049006 0.5586535072347073 0.5367256437668857 0.5580417624935142 0.5386693325185661 0.5794723957837322 0.5319237265115362 0.5800841393832553
2 0.5702499065266693 0.5301705307169652 0.5854019116136442 0.5306165334788617 0.5840524155390767 0.5764586114840874 0.5689004105238382 0.5760126104511961
1 0.6216166776346199 0.5753059591492684 0.5865462202680192 0.5819858733333658 0.5720187102014052 0.5057204721694147 0.6070887321131977 0.49904060055123833
9 0.6031437941932154 0.5063855152789706 0.5881689902346352 0.5062892732801542 0.5887550791334206 0.4151193836382479 0.6037296875000493 0.4152156250000001
1 0.6521575159761142 0.5620591601490247 0.6198364885302681 0.5708522650136814 0.6032691891665536 0.509960302840565 0.635589903088885 0.5011672428764049
9 0.6315034835737379 0.5006517522040914 0.6218656250000549 0.5011359374999975 0.6167622792456768 0.399557619266163 0.6264000000001033 0.3990734374999974
2 0.6962290984225774 0.5428460072773386 0.6446579124199161 0.5489244094307971 0.6357456838504731 0.47331386203778375 0.6873162628659202 0.46723549625034144
9 0.673440625000012 0.4724968749999917 0.6678659926403725 0.47130059963833193 0.6832076653769263 0.3998130733044351 0.6887822443409277 0.40100934266450644
9 0.6643718493396591 0.3719953113860705 0.6724171833737955 0.3723445634276172 0.668167208902446 0.47024143732077545 0.6601218750000726 0.4698921875000011
9 0.6618042743077694 0.4768293211275252 0.656080754683785 0.47722740374134015 0.650847414337477 0.40198813910777653 0.6565708764511555 0.40159005849980794
2 0.7313354701129811 0.524105842826972 0.6993351113858353 0.5217317519599012 0.7019483065646455 0.48651253301401387 0.7339484916780066 0.48888661740486894
2 0.7456868178187506 0.5889772580946702 0.7160641262948957 0.5723973689760206 0.743251890907004 0.5238269275876946 0.7728743573414931 0.5404067376489518
2 0.664588464628082 0.5815371817639035 0.7201926851229246 0.5593491688445636 0.7475899744862318 0.6280008159565547 0.6919858377423225 0.65018867776851
9 0.7512541509951234 0.7167378176399445 0.7413122546307704 0.7205010312811748 0.7087223324449496 0.634414741554268 0.7186640625000109 0.6306515624999826
9 0.7242001770844126 0.7194593418907391 0.716879776945575 0.7208280283037839 0.7024832984894829 0.6438395491142187 0.7098035832352707 0.6424708737375507
2 0.6694176088005861 0.5863306159050863 0.6835770167564306 0.6310758990111431 0.6285409327659863 0.648489434008849 0.6143818095804363 0.6037443929991961
1 0.6295542027443162 0.6798313693348499 0.5939644522060235 0.6829580313383654 0.5874902706020748 0.6092708940003129 0.6230795182328848 0.6061442538935606
9 0.6297337079671479 0.7735178426672624 0.6220132161953416 0.7743309801114604 0.6119890444093699 0.6791693789180452 0.6197093749999567 0.6783562500000008
2 0.38491872870326915 0.6658018280083908 0.37950667617872114 0.6322424558965777 0.40761710592209965 0.6277097303259754 0.413029233745533 0.6612690080490183
2 0.3694200135611254 0.6564785860988864 0.34753372235115876 0.6499282819646313 0.35768073275596635 0.6160289433926137 0.3795668834956132 0.6225792250712627
1 0.3103067333886429 0.5979288587935929 0.3641755179858137 0.6182181688060225 0.3435481239977207 0.6729778206997485 0.2896793997842906 0.6526886257698169
9 0.3255655925768224 0.6695031219526375 0.33357610442703844 0.6702560065617099 0.32471947254089173 0.7644741898027421 0.31670896176535734 0.763721312956144
9 0.2921031268645038 0.734045169251318 0.28590404071337616 0.7320611626650595 0.30505545492985675 0.67223130842725 0.311254463997102 0.6742153017386524
11 0.2540169233807319 0.4350800533919908 0.19866374863840974 0.4065908819856319 0.26406903832730677 0.2795174684019608 0.31942150545660297 0.30800641988539595
2 0.7625575149993438 0.44599628994403756 0.7793258543582624 0.4586588916717319 0.7495806956062552 0.4980459578117598 0.7328123952678425 0.4853834009806764
0 0.49377953069688374 0.5984445725766661 0.4791233345117689 0.5999507567514886 0.4751542640904063 0.5613324927303492 0.4898103601975663 0.5598263137505827
0 0.5333900455296998 0.6144680277337737 0.5002809971848592 0.6177636219653808 0.4938420062400155 0.553079316225351 0.5269506755356588 0.5497837409679541
0 0.21384425830444798 0.5247328973718629 0.21707544096670972 0.5144373155779786 0.2535903315657606 0.5258962222609069 0.25035918591356676 0.536191772527753
0 0.30112644813175393 0.5808413202768151 0.29569749656286604 0.5867659016363151 0.27804886833052933 0.5705953197784481 0.2834778098941797 0.5646707509225459
0 0.556467401562486 0.5556025203125031 0.5607431531706197 0.5548197461309836 0.5642768735889376 0.574120148511379 0.5600011223376669 0.5749029213719941
0 0.7716637627582941 0.4251200962390573 0.7644969359662355 0.4294594841556393 0.7501822971753427 0.405819010037786 0.7573491046875915 0.40147962968747464
0 0.7260692171875007 0.5774591015625021 0.7388003102327048 0.5719907576446238 0.7489606138353793 0.5956429614714006 0.7362295281587876 0.6011112927911262
0 0.3859368120382669 0.6899809336511016 0.3726151377139786 0.6819628127305962 0.3881583282793599 0.6561423232905731 0.40147993890082034 0.6641604193841567
0 0.3833292159455368 0.6582592737615558 0.37467738420320984 0.6587147836059012 0.37357959374992333 0.6378659421875013 0.3822313899617029 0.6374104332794328