2 0.26599374984520124 0.48616718690476185 0.26325625015479875 0.4727484380952381 0.2577796873065015 0.4752640619047619 0.2523031250773994 0.4769421880952381 0.24728281238390093 0.4911984380952381 0.2536718749226006 0.5029390619047619 0.26051718761609904 0.5113265630952382 0.264625 0.5121640630952381 0.2705578123839009 0.5163578130952381 0.27922968730650155 0.51468125 0.2778593752321981 0.507971875 0.2751218749226006 0.4979078130952381 0.2714703126934985 0.4886828119047619 0.26599374984520124 0.48616718690476185
2 0.31922031269349843 0.52300625 0.3158203126934985 0.52300625 0.31412031269349844 0.52144375 0.3115687498452013 0.517278125 0.30731874984520124 0.514675 0.3050515622291022 0.515717188095238 0.3025015622291022 0.5193609380952381 0.29938437523219813 0.5183203130952381 0.29655 0.523528125 0.2928671876160991 0.528734375 0.29626718761609905 0.5365453119047618 0.30165156222910217 0.5391484369047619 0.3087359374613003 0.5407109369047619 0.3138359374613003 0.5453984369047619 0.3172375003095975 0.5407109369047619 0.32318750030959753 0.538628125 0.32460468730650155 0.5329 0.3223374996904025 0.5256109380952381 0.31922031269349843 0.52300625
2 0.3251718749226006 0.5375875 0.3260218749226006 0.54591875 0.3331062501547988 0.5495640619047619 0.33622343777089786 0.5438359369047618 0.3407578123839009 0.540190625 0.3410406247678019 0.5250890630952381 0.33792343777089784 0.5047812500000001 0.3345234377708978 0.505823436904762 0.33027187492260063 0.514675 0.32715468730650155 0.5256109380952381 0.3251718749226006 0.5375875
2 0.24865937523219817 0.5365453119047618 0.24525937523219812 0.5355046869047619 0.23874218761609906 0.5344625000000001 0.2333578123839009 0.528734375 0.22797343777089782 0.52456875 0.22485625015479876 0.5250890630952381 0.2208890625386997 0.5297765630952381 0.22060625015479876 0.5349828119047619 0.22202187492260064 0.5417531250000001 0.2259890625386997 0.5464390619047619 0.2333578123839009 0.550084375 0.240725 0.5495640619047619 0.24922656222910217 0.551646875 0.25574374984520126 0.5511265619047618 0.25546093746130033 0.546959375 0.24865937523219817 0.5365453119047618
2 0.30533437523219814 0.619340625 0.3093031250773994 0.607364063095238 0.3059015622291022 0.5959078119047619 0.3013671876160991 0.590179686904762 0.29655 0.5860140619047619 0.2917328123839009 0.5834109369047619 0.2863484377708978 0.5756 0.2784140625386997 0.5719546869047619 0.27302968730650157 0.569351563095238 0.26962968730650155 0.5761203119047619 0.2665125003095975 0.5834109369047619 0.26566250030959754 0.5943468749999999 0.27132968730650153 0.6016359380952381 0.2767140625386997 0.60684375 0.2832312501547988 0.6110093750000001 0.2877656247678019 0.6089265630952381 0.29145 0.614654688095238 0.2917328123839009 0.6261109380952381 0.29541718761609903 0.62975625 0.29938437523219813 0.628714061904762 0.30533437523219814 0.619340625
1 0.3705109374613003 0.5420819214285715 0.3747625003095975 0.5248975464285714 0.37079531269349847 0.5092756714285714 0.36314374984520126 0.5035475464285715 0.3569093752321981 0.5045897345238095 0.3461406247678019 0.5009444214285714 0.3401906247678019 0.5066725464285714 0.3396234377708978 0.5118803595238095 0.3401906247678019 0.5181287964285715 0.33905625015479873 0.5301053595238095 0.3359390625386997 0.5405194214285715 0.34274062476780187 0.5524959845238095 0.35095937523219817 0.5577037964285714 0.35860937523219816 0.5582241095238095 0.36427656222910215 0.5478100464285715 0.3705109374613003 0.5420819214285715
9 0.36994531269349845 0.3881390619047619 0.3625765622291022 0.449584375 0.3574765622291022 0.4813484369047619 0.35464218761609906 0.49905312500000004 0.36229374984520124 0.50165625 0.3651281250773994 0.46676875 0.3679609374613003 0.429796875 0.36994531269349845 0.3881390619047619
0 0.4541078123839009 0.5448765619047619 0.4509906247678019 0.55425 0.4541078123839009 0.5636234380952381 0.4577921876160991 0.5703921869047619 0.45694062476780184 0.5552921880952382 0.4541078123839009 0.5448765619047619
0 0.48357812507739933 0.5849734369047619 0.48357812507739933 0.5766421869047619 0.4847124996904025 0.569871875 0.4886796873065016 0.5620609380952382 0.4852796873065015 0.563103125 0.48102812507739934 0.5662265630952381 0.4750781250773994 0.5703921869047619 0.4733765622291022 0.5802859369047619 0.4747937498452013 0.5891390619047618 0.47989531269349844 0.5938249999999999 0.4847124996904025 0.597990625 0.4895296873065016 0.5990328119047619 0.4869796873065016 0.592784375 0.48357812507739933 0.5849734369047619
0 0.5028484377708978 0.5917421869047619 0.5002984377708979 0.5953875 0.5051156247678019 0.5948671869047619 0.5093656247678019 0.58236875 0.5085156247678019 0.571434375 0.5070984377708978 0.563103125 0.5028609374613003 0.5616296869047619 0.5039812501547988 0.569351563095238 0.5051156247678019 0.5802859369047619 0.5028484377708978 0.5917421869047619
2 0.49037968730650155 0.5636234380952381 0.48726250030959756 0.5646640630952381 0.4847124996904025 0.5740375 0.4841453126934985 0.58861875 0.48754531269349843 0.5959078119047619 0.4923640625386997 0.5922625 0.4923640625386997 0.58393125 0.4923640625386997 0.5729968750000001 0.4920796873065016 0.5662265630952381 0.49037968730650155 0.5636234380952381
2 0.49718125015479875 0.5610203130952381 0.4943468749226006 0.56570625 0.49377968730650157 0.5875765619047618 0.49519687492260067 0.5938249999999999 0.49916406253869966 0.5959078119047619 0.5025656247678019 0.590179686904762 0.5045484377708979 0.58393125 0.5045484377708979 0.5740375 0.5039812501547988 0.5641437499999999 0.5011484377708979 0.5604984380952381 0.49718125015479875 0.5610203130952381
2 0.5258015622291022 0.5521671880952381 0.5235343752321981 0.5521671880952381 0.5229671876160991 0.5563328130952381 0.5218343752321981 0.5625812499999999 0.5224015622291022 0.5703921869047619 0.5229671876160991 0.578725 0.5260843752321981 0.582890625 0.5294859374613002 0.5771625 0.5286359374613003 0.556853125 0.5258015622291022 0.5521671880952381
2 0.5354359374613002 0.5797656250000001 0.5379874996904025 0.5719546869047619 0.5365703126934984 0.563103125 0.5326031250773994 0.558415625 0.5309031250773993 0.56883125 0.5317531250773994 0.578203125 0.5354359374613002 0.5797656250000001
2 0.5697249999999999 0.5480015619047619 0.569157812383901 0.56726875 0.5725593752321981 0.5761203119047619 0.5773765622291022 0.5709140630952381 0.5796437498452012 0.56726875 0.5844609374613003 0.5625812499999999 0.5841765622291022 0.553209375 0.5796437498452012 0.54279375 0.5745421876160991 0.530296875 0.5697249999999999 0.5480015619047619
1 0.620111574613003 0.5463490130952381 0.615010012383901 0.5333318261904763 0.6141600123839009 0.5151052630952381 0.6113272 0.5114599511904762 0.6036756371517028 0.5114599511904762 0.5977240749226006 0.5031287011904761 0.5886568873065016 0.49948338809523807 0.5838396996904025 0.5000052630952381 0.5784553250773994 0.5119818261904762 0.5793053250773994 0.5229162011904762 0.5824225120743034 0.534892763095238 0.5863896996904024 0.5499943261904762 0.5906396996904024 0.5604083880952381 0.5982912625386997 0.5713443261904761 0.6050928247678019 0.5749896380952381 0.6116100123839009 0.5703021380952381 0.6172772 0.5619708880952381 0.620111574613003 0.5463490130952381
9 0.5904109374613002 0.5047812500000001 0.5966453126934984 0.50634375 0.6031640625386997 0.50321875 0.6023125003095975 0.4641640619047619 0.6031640625386997 0.43031718809523806 0.6037296873065016 0.415215625 0.5989124996904025 0.4672890619047619 0.5974953126934984 0.49801249999999997 0.5943781250773994 0.4787453119047619 0.5918281250773993 0.4459390630952381 0.5887109374613003 0.4219859380952381 0.5904109374613002 0.4917625 0.5904109374613002 0.5047812500000001
1 0.6388687498452013 0.5055231845238095 0.6354687498452012 0.5023981845238096 0.62725 0.5044809964285714 0.6181828123839009 0.5081263095238095 0.6105312501547988 0.5154169345238095 0.6110984377708979 0.5273934964285715 0.6139312501547988 0.5414528714285713 0.6167656247678018 0.5471809964285714 0.6195984377708978 0.5565544345238095 0.6297999999999999 0.5664481845238095 0.6360343752321982 0.5674903714285714 0.6434031250773994 0.5581169345238095 0.6479375003095975 0.5482231845238095 0.6470859374613004 0.5357247464285714 0.6419859374613004 0.5206247464285715 0.6388687498452013 0.5055231845238095
9 0.6315015622291023 0.500615625 0.6275343752321981 0.4631234369047619 0.625832812383901 0.43031718809523806 0.625832812383901 0.4094890619047619 0.6264 0.39907343809523804 0.623 0.4334421880952381 0.6224328123839009 0.46104062500000004 0.6210156247678019 0.477703125 0.6218656247678018 0.5011359369047619 0.6264 0.49801249999999997 0.6315015622291023 0.500615625
2 0.6867593752321982 0.5297765630952381 0.6912937498452012 0.527171875 0.6932765622291022 0.5178 0.6910093752321982 0.512071875 0.6907265622291022 0.5011359369047619 0.6895937498452012 0.48655624999999997 0.6853421876160991 0.47978593690476196 0.682225 0.4735375 0.677975 0.4751 0.6737234377708977 0.4751 0.6691906247678018 0.469371875 0.6629562501547988 0.4745796869047619 0.6555875003095976 0.4813484369047619 0.6555875003095976 0.4912421880952381 0.6561546873065016 0.5000953119047619 0.6521874996904025 0.509467188095238 0.6468031250773993 0.510509375 0.6408531250773993 0.5131125 0.6414187498452012 0.52144375 0.6434031250773994 0.5381078119047619 0.6476531250773994 0.5422734369047619 0.6547374996904024 0.5438359369047618 0.6626718749226006 0.5453984369047619 0.6686234377708978 0.5422734369047619 0.6745734377708977 0.5453984369047619 0.675707812383901 0.540190625 0.678825 0.537065625 0.6833593752321981 0.5329 0.6867593752321982 0.5297765630952381
9 0.6717406247678018 0.462603125 0.6680562501547987 0.47041406190476187 0.6734406247678019 0.47249687500000004 0.681375 0.435525 0.6870421876160991 0.40063593690476185 0.6776906247678018 0.4360453130952381 0.6717406247678018 0.462603125
9 0.6623890625386998 0.4631234369047619 0.6601218749226005 0.46989218690476187 0.6683406247678019 0.466246875 0.6657890625386997 0.4188609380952381 0.6643718749226006 0.3719953130952381 0.6623890625386998 0.43760781309523805 0.6623890625386998 0.4631234369047619
9 0.6575718749226006 0.4443765630952381 0.6567218749226006 0.41677812499999994 0.6567218749226006 0.4037609369047619 0.6553046873065016 0.401678125 0.6538875003095975 0.4188609380952381 0.6541703126934986 0.44021093809523815 0.6547374996904024 0.45791562500000005 0.6567218749226006 0.47718281190476186 0.6615390625386998 0.47301718690476185 0.6575718749226006 0.4443765630952381
2 0.732382812383901 0.5099890619047619 0.7332328123839009 0.4985328119047619 0.7284156247678019 0.490721875 0.7235984377708978 0.48811875 0.7190640625386997 0.48915937499999995 0.7170812501547987 0.4917625 0.7173640625386998 0.49697031190476193 0.7133968749226006 0.4948875 0.7091453126934986 0.4954078119047619 0.7051781250773994 0.500615625 0.7003609374613003 0.50790625 0.7017781250773993 0.5188406249999999 0.7046125003095975 0.520403125 0.7111296873065016 0.52144375 0.7136796873065016 0.52144375 0.7165140625386998 0.52300625 0.7184968749226006 0.52144375 0.7213312501547988 0.521965625 0.7230312501547987 0.5167578130952382 0.730682812383901 0.5188406249999999 0.732382812383901 0.5099890619047619
2 0.7615703126934984 0.558415625 0.7627046873065016 0.5521671880952381 0.7607203126934984 0.5448765619047619 0.7576031250773994 0.531859375 0.7505187498452012 0.5329 0.7442843752321981 0.5422734369047619 0.732382812383901 0.5453984369047619 0.7235984377708978 0.5589375 0.728982812383901 0.5724750000000001 0.73295 0.5818484369047618 0.7425843752321981 0.5844515619047619 0.7493859374613003 0.58236875 0.7522187498452012 0.5771625 0.7513687498452012 0.5719546869047619 0.7527859374613004 0.56570625 0.7595875003095975 0.5641437499999999 0.7615703126934984 0.558415625
2 0.7088625003095975 0.6334000000000001 0.7116968749226006 0.635482811904762 0.7162296873065016 0.6334000000000001 0.7165140625386998 0.62975625 0.7179312501547988 0.6261109380952381 0.7190640625386997 0.627671875 0.7230312501547987 0.62350625 0.7238812501547988 0.6156953119047619 0.7238812501547988 0.60684375 0.728132812383901 0.6110093750000001 0.730682812383901 0.604240625 0.7304 0.5985125 0.7269984377708978 0.5938249999999999 0.7258656247678018 0.5802859369047619 0.7218984377708978 0.5636234380952381 0.7133968749226006 0.5620609380952382 0.7031953126934984 0.568309375 0.6966781250773993 0.5719546869047619 0.6924265622291021 0.5724750000000001 0.6825093752321981 0.5797656250000001 0.6768406247678018 0.5870562500000001 0.672307812383901 0.5943468749999999 0.6734406247678019 0.60371875 0.6827921876160991 0.627151561904762 0.6844921876160991 0.6255890619047619 0.6890265622291022 0.6245484380952381 0.6910093752321982 0.6261109380952381 0.6935609374613003 0.6334000000000001 0.6992281250773994 0.642253125 0.7040453126934983 0.645376563095238 0.7068796873065016 0.6386078119047619 0.7088625003095975 0.6334000000000001
9 0.7254765622291022 0.6486468750000001 0.7186640625386996 0.6306515630952381 0.7135546873065016 0.6337812500000001 0.7110000000000001 0.64043125 0.7169609374613003 0.643953125 0.7207937498452012 0.653732811904762 0.7293093752321981 0.6693828119047619 0.7382515622291022 0.6901171880952381 0.7461281250773995 0.718678125 0.7408062501547987 0.6909 0.7367609374613002 0.6787718749999999 0.7320765622291022 0.6662531249999999 0.7254765622291022 0.6486468750000001
9 0.7039734377708979 0.6435609380952381 0.7065281250773995 0.6654703130952381 0.7114250000000001 0.6901171880952381 0.7186640625386996 0.7077234369047619 0.7242000000000001 0.719459375 0.7165343752321981 0.691682813095238 0.7124906247678018 0.671339063095238 0.7103609374613002 0.65216875 0.7099343752321982 0.6431703130952381 0.7039734377708979 0.6435609380952381
7 0.7299484377708979 0.701464061904762 0.731225 0.7096796869047619 0.7322906247678018 0.7147656250000001 0.7346312501547987 0.7202421880952381 0.7369734377708979 0.72885 0.7359093752321981 0.7409781249999999 0.7327156247678018 0.7444984369047619 0.7284578123839008 0.7413687499999999 0.7233484377708979 0.7300234369047619 0.7250515622291022 0.73745625 0.7276062501547987 0.7495843750000001 0.7325031250773995 0.758582811904762 0.7418703126934985 0.7628859369047619 0.7499609374613002 0.7628859369047619 0.7565609374613003 0.75584375 0.7612453126934985 0.7460640630952381 0.7631609374613004 0.734326563095238 0.761457812383901 0.72298125 0.7572 0.714373438095238 0.7516640625386997 0.706940625 0.7525156247678019 0.7190687499999999 0.7525156247678019 0.728067186904762 0.7499609374613002 0.7378484380952381 0.7459156247678018 0.736673436904762 0.7410187498452012 0.73080625 0.7380390625386997 0.7171125 0.7352703126934985 0.704984375 0.7308 0.695985936904762 0.7299484377708979 0.701464061904762
2 0.6473406247678019 0.6271296869047619 0.6492578123839009 0.6271296869047619 0.6524515622291022 0.625565625 0.6533031250773993 0.6224359369047618 0.6545796873065016 0.61421875 0.6669281250773993 0.62986875 0.6720375003095975 0.6279125 0.678 0.632215625 0.6820453126934984 0.6271296869047619 0.6767218749226006 0.616175 0.6735281250773993 0.6063953130952381 0.6711859374613003 0.59191875 0.6682062501547987 0.5899625 0.6628828123839009 0.5883984369047619 0.6594765622291022 0.5899625 0.6575609374613003 0.59191875 0.6530890625386997 0.5934843750000001 0.6503218749226006 0.5962234380952381 0.6486187498452013 0.5962234380952381 0.6449984377708978 0.5962234380952381 0.6426578123839009 0.5985703119047618 0.6403156247678018 0.5989609369047619 0.6332890625386997 0.600134375 0.6307343752321982 0.5985703119047618 0.6237093752321982 0.6044390630952381 0.6205156247678019 0.61421875 0.6211531250773994 0.6224359369047618 0.6241343752321982 0.6345640619047619 0.628392187616099 0.64434375 0.6303093752321982 0.6463000000000001 0.6366953126934985 0.645909375 0.6398890625386997 0.6416046869047619 0.6403156247678018 0.6384749999999999 0.6390374996904025 0.630259375 0.6398890625386997 0.6228265619047619 0.6424437498452013 0.6204796880952381 0.6449984377708978 0.6212609380952381 0.6473406247678019 0.6271296869047619
9 0.612342187616099 0.682521875 0.6146093752321982 0.698664063095238 0.6185765622291022 0.7215765630952381 0.6284937498452012 0.7736484369047619 0.6279281250773994 0.75750625 0.6265109374613003 0.7429250000000001 0.6222593752321981 0.7127234369047619 0.6197093752321982 0.67835625 0.6154593752321982 0.685125 0.612342187616099 0.682521875
7 0.6457796873065016 0.789790625 0.6401125003095975 0.7726062499999999 0.6350125003095975 0.755423436904762 0.6367124996904024 0.764275 0.6361453126934984 0.777814061904762 0.6310453126934985 0.79395625 0.6245265622291022 0.779376561904762 0.6262265622291022 0.7965609369047618 0.6318953126934985 0.811140625 0.6398296873065016 0.814785936904762 0.6449296873065016 0.8038500000000001 0.6457796873065016 0.789790625
0 0.5851374996904025 0.6361765619047619 0.5814546873065015 0.6439874999999999 0.5840046873065016 0.649715625 0.5871218749226006 0.6533609380952381 0.5913718749226006 0.6559640619047619 0.5953390625386997 0.6517984380952381 0.5902390625386997 0.642946875 0.5891046873065016 0.6356562499999999 0.5876874996904025 0.6288859380952381 0.5851374996904025 0.6361765619047619
2 0.4094453126934985 0.6559640619047619 0.4105781250773994 0.6460703119047619 0.4054781250773994 0.6377390619047619 0.3992437498452012 0.63096875 0.39385937523219816 0.6299281250000001 0.38960781238390096 0.633053125 0.38422343777089785 0.633573438095238 0.3825234377708978 0.6377390619047619 0.3822406247678019 0.649195311904762 0.3836578123839009 0.6575265619047619 0.38620781238390095 0.663254688095238 0.39102499999999996 0.664817188095238 0.3921593752321982 0.661692188095238 0.39640937523219816 0.6585671880952381 0.39895937523219815 0.6523187500000001 0.3995265622291022 0.6596093749999999 0.40717812507739937 0.6622125 0.4094453126934985 0.6559640619047619
0 0.3845078123839009 0.661692188095238 0.38167343777089785 0.6653375 0.3819578123839009 0.67366875 0.38309062476780187 0.685125 0.385075 0.685125 0.389325 0.682521875 0.3932921876160991 0.6773140630952381 0.3932921876160991 0.6674203130952381 0.3904578123839009 0.6653375 0.3845078123839009 0.661692188095238
0 0.37827343777089784 0.6538812500000001 0.38082343777089783 0.6606515619047619 0.3825234377708978 0.647632811904762 0.3828078123839009 0.639301561904762 0.3822406247678019 0.6340937499999999 0.3788406247678019 0.638259375 0.37572343777089784 0.64555 0.37827343777089784 0.6538812500000001
2 0.3641046873065016 0.617951563095238 0.35617031269349847 0.6210749999999999 0.3524859374613003 0.6424249999999999 0.3556031250773994 0.649195311904762 0.35900312507739934 0.6533609380952381 0.36297031269349844 0.6523187500000001 0.3672218749226006 0.640342188095238 0.3748734377708979 0.638259375 0.3779906247678019 0.6278453119047618 0.37628906253869965 0.6236796869047619 0.37005468730650154 0.6221171869047619 0.3641046873065016 0.617951563095238
1 0.35078593746130027 0.6169093750000001 0.34455156222910216 0.611703125 0.33094999999999997 0.608578125 0.3224484377708978 0.605453125 0.31507968730650154 0.5997265619047619 0.3062953126934984 0.608578125 0.3011953126934985 0.6221171869047619 0.2986453126934985 0.6387796880952381 0.30232812507739937 0.649715625 0.30941250030959755 0.6585671880952381 0.32188125015479874 0.664817188095238 0.33406718761609905 0.6684625000000001 0.3468187498452013 0.664295313095238 0.3499359374613003 0.654923438095238 0.3530531250773994 0.6408624999999999 0.35475312507739937 0.6247203119047618 0.35078593746130027 0.6169093750000001
9 0.3255656247678019 0.669503125 0.3261328123839009 0.6819999999999999 0.32528125015479875 0.700226563095238 0.32018125015479876 0.7267828130952381 0.3170640625386997 0.7637546869047619 0.3249984377708978 0.729385938095238 0.3286828123839009 0.7012671869047619 0.33349999999999996 0.671065625 0.3255656247678019 0.669503125
9 0.29892812507739935 0.6913734369047619 0.2873093752321981 0.732510938095238 0.2986453126934985 0.699704686904762 0.30261249969040244 0.692935936904762 0.29326093746130033 0.730428125 0.30289531269349845 0.69814375 0.3102625003095975 0.6773140630952381 0.3062953126934984 0.6726281249999999 0.29892812507739935 0.6913734369047619
11 0.24626705015479877 0.4259754380952381 0.252090933126935 0.42514345476190474 0.27039456470588236 0.4043438726190476 0.27538646439628484 0.39103214047619045 0.2787143975232198 0.3727285083333333 0.284538280495356 0.36108074166666665 0.294522079876161 0.3527609095238095 0.30783381238390095 0.341113144047619 0.31199372879256965 0.3352892607142857 0.31864959504643964 0.3161536452380952 0.31365769535603716 0.2787143976190476 0.30450587925696593 0.2862022476190476 0.2920261300309598 0.2953540630952381 0.27621844767801856 0.3003459630952381 0.2712265479876161 0.3045058797619048 0.2620747318885449 0.3136576952380952 0.25791481547987616 0.31948157857142856 0.2271314346749226 0.33861719404761903 0.22130755170278638 0.37356049166666666 0.2287954012383901 0.39103214047619045 0.23711523405572754 0.4134956880952381 0.24626705015479877 0.4259754380952381
1 0.6098437417956657 0.6772343869047619 0.6198275411764705 0.6838902535714285 0.6264834074303406 0.6755704202380952 0.6306433238390093 0.6655866214285714 0.6323072904024768 0.6422910892857142 0.628147373993808 0.6364672071428572 0.6206595244582044 0.6140036583333333 0.6173315913312694 0.6123396916666666 0.6123396916408669 0.610675725 0.6040198588235294 0.610675725 0.5957000260061919 0.6173315916666666 0.5907081263157894 0.6198275416666666 0.589044159752322 0.6381311738095238 0.5898761430340558 0.6447870392857143 0.5940360594427244 0.6522748892857142 0.6023558922600619 0.6680825714285714 0.6065158086687307 0.6755704202380952 0.6098437417956657 0.6772343869047619
