1 0.23564062476780187 0.509467188095238 0.23173281238390092 0.5238312500000001 0.23290625015479877 0.5432234380952381 0.23681249969040247 0.5568703119047619 0.24306406253869967 0.5640531249999999 0.2504875003095975 0.5611796869047619 0.25712968730650154 0.55974375 0.26103749969040246 0.5626171869047619 0.26885156222910217 0.5640531249999999 0.28487031269349844 0.55184375 0.28916874984520125 0.5403515619047619 0.29034062476780187 0.5231125 0.28838750030959753 0.5044390630952381 0.2801828123839009 0.4915109380952381 0.2700234377708978 0.483609375 0.25752031269349845 0.48863749999999995 0.24345468730650155 0.49725625 0.23564062476780187 0.509467188095238
1 0.3055781250773994 0.5532796869047619 0.3161281250773994 0.5439421869047619 0.31808125015479877 0.5302953119047619 0.31847187492260065 0.50515625 0.31651874984520123 0.492228125 0.30792343777089787 0.4814546869047619 0.29698281238390095 0.47858124999999996 0.29268593746130034 0.48791874999999996 0.2876062501547988 0.502284375 0.2879968749226006 0.5267046880952381 0.2879968749226006 0.5403515619047619 0.2911218749226006 0.55184375 0.3055781250773994 0.5532796869047619
1 0.33761718761609905 0.55184375 0.3462140625386997 0.546815625 0.34660468730650157 0.536759375 0.3430874996904025 0.518803125 0.3434781250773994 0.500846875 0.33605468730650156 0.4850453119047619 0.32120781238390095 0.482890625 0.31925468730650153 0.4943828119047619 0.3188624996904025 0.5173671869047619 0.3188624996904025 0.5389140619047619 0.3208171876160991 0.546815625 0.32745937523219815 0.5525609369047619 0.33761718761609905 0.55184375
1 0.3454312501547988 0.5080296869047619 0.34504062476780184 0.519521875 0.3462140625386997 0.5274234369047619 0.34660468730650157 0.5353234380952381 0.35012031269349847 0.5496890619047619 0.358325 0.55974375 0.36614062476780185 0.5604625 0.3751265622291021 0.55184375 0.3809875003095975 0.5360421880952381 0.3856765622291022 0.5180859369047619 0.3821593752321982 0.503001561904762 0.37707968730650154 0.4951015619047619 0.3684843752321981 0.493665625 0.36106093746130036 0.497975 0.3552 0.49725625 0.34855781238390093 0.5001296880952382 0.3454312501547988 0.5080296869047619
1 0.6115093752321982 0.5453796880952381 0.6177609374613002 0.5640531249999999 0.6247937498452013 0.5755453119047619 0.6341718749226006 0.57698125 0.6415953126934985 0.5705171869047619 0.6470656247678018 0.55974375 0.6447203126934984 0.546096875 0.6439390625386996 0.5238312500000001 0.6404234377708978 0.51593125 0.6263578123839009 0.50659375 0.6197156247678018 0.509467188095238 0.612292187616099 0.5216765619047619 0.6095562501547988 0.529578125 0.6115093752321982 0.5453796880952381
1 0.6474562501547988 0.5575890630952381 0.6497999999999999 0.5676453130952381 0.6591781250773994 0.576264063095238 0.6673828123839008 0.573390625 0.6755875003095975 0.5611796869047619 0.6755875003095975 0.5489703130952381 0.673634375232198 0.53245 0.6708984377708977 0.5173671869047619 0.6654281250773993 0.50515625 0.6587859374613002 0.502284375 0.6513625003095975 0.510184375 0.6470656247678018 0.5216765619047619 0.6451109374613003 0.53316875 0.6455015622291022 0.551125 0.6474562501547988 0.5575890630952381
1 0.7037187498452013 0.49725625 0.6916062501547987 0.4958203119047619 0.6814484377708978 0.4994109369047619 0.674025 0.510184375 0.674025 0.520240625 0.6724625003095975 0.5302953119047619 0.6759781250773994 0.5489703130952381 0.680667187616099 0.5604625 0.6884812501547988 0.5676453130952381 0.6947328123839009 0.5669265630952381 0.7025468749226007 0.5611796869047619 0.7084078123839008 0.5669265630952381 0.7213015622291022 0.5611796869047619 0.7275531250773994 0.547534375 0.7295062501547988 0.5245500000000001 0.7283343752321981 0.509467188095238 0.7232546873065014 0.505875 0.7138781250773995 0.4994109369047619 0.7037187498452013 0.49725625
9 0.5617453126934984 0.815354688095238 0.5638796873065016 0.81045 0.5638796873065016 0.78445 0.5622781250773994 0.7604109380952381 0.5598765622291022 0.72558125 0.5558734377708978 0.728523436904762 0.5553390625386997 0.7339203119047619 0.5572078123839009 0.74765625 0.558275 0.769242186904762 0.5596093752321981 0.7996578119047619 0.5617453126934984 0.815354688095238
1 0.43471718761609907 0.680448438095238 0.4384531250773994 0.670635936904762 0.4421890625386997 0.6627875 0.44485781238390093 0.65395625 0.4424562501547987 0.6367875000000001 0.4381859374613003 0.6250125 0.43124843777089783 0.613729688095238 0.4208406247678018 0.613729688095238 0.41523593746130033 0.619617188095238 0.4115 0.6348250000000001 0.4104328123839009 0.660825 0.40989843777089785 0.674560938095238 0.41096562476780185 0.69075 0.4144359374613003 0.6981078119047619 0.422707812383901 0.700070311904762 0.4272453126934984 0.6961468749999999 0.43204843777089785 0.6882968749999999 0.43471718761609907 0.680448438095238
1 0.37654062476780187 0.6534656249999999 0.37654062476780187 0.670635936904762 0.37760781238390095 0.675542188095238 0.3805437498452013 0.685353125 0.3837453126934985 0.694184375 0.3906843752321982 0.694675 0.3954874996904025 0.6873156250000001 0.4013593752321981 0.678976561904762 0.4115 0.6588624999999999 0.4128343752321982 0.6485609369047619 0.40989843777089785 0.6328625 0.4040281250773993 0.62305 0.39869062476780187 0.6191265619047619 0.3906843752321982 0.6235406250000001 0.38347968730650156 0.6294281249999999 0.37680781238390093 0.639239061904762 0.37654062476780187 0.6534656249999999
1 0.35759374984520126 0.6240312499999999 0.35065468730650157 0.62599375 0.3410468749226006 0.6289375 0.3397125003095975 0.6348250000000001 0.33811249969040247 0.6431640619047618 0.33811249969040247 0.659353125 0.3405140625386997 0.673579688095238 0.34398281238390094 0.683390625 0.35038749969040245 0.6829 0.35892812507739935 0.68388125 0.3653328123839009 0.6765234380952381 0.37200312507739935 0.6627875 0.37387187492260066 0.652484375 0.37520625015479875 0.644145313095238 0.37387187492260066 0.6348250000000001 0.3701359374613003 0.626975 0.3637312501547988 0.622560938095238 0.35759374984520126 0.6240312499999999
9 0.4305437498452013 0.6703 0.42440781238390096 0.675048436904762 0.4240843752321981 0.686920313095238 0.4240843752321981 0.7165999999999999 0.42117968730650157 0.759339061904762 0.4185953126934985 0.808014063095238 0.42343906253869973 0.79020625 0.4273140625386997 0.74271875 0.4305437498452013 0.6703
9 0.3888890625386997 0.74509375 0.38242968730650156 0.79139375 0.3882421876160991 0.7729921869047619 0.3927625003095975 0.749248436904762 0.3950234377708978 0.711851561904762 0.3956687498452013 0.6714875 0.39017968730650154 0.6631765630952381 0.3914718749226006 0.6774234369047619 0.390825 0.69523125 0.38953437523219814 0.714226561904762 0.3888890625386997 0.74509375
9 0.3475562501547988 0.753403125 0.3423890625386997 0.748654686904762 0.3430359374613003 0.769429688095238 0.3475562501547988 0.753403125
25 0.3466836160990712 0.7136939595238095 0.34950677275541797 0.7244219535714286 0.3607993987616099 0.6820746071428572 0.3647518179566564 0.6465028357142857 0.36305792383900926 0.6402918904761905 0.35628234860681113 0.6504552547619048 0.35515308606811147 0.6549723047619048 0.351200666873065 0.6645710369047619 0.3466836160990712 0.7136939595238095
25 0.5640666656346749 0.6826392380952381 0.5618081405572756 0.6600539857142856 0.551080146130031 0.6566661988095238 0.5471277269349845 0.6696527178571429 0.5499508835913313 0.7249865857142858 0.5635020346749227 0.7221634285714287 0.5640666656346749 0.6826392380952381
10 0.5804409733746131 0.75321815 0.5900397052631579 0.7865313964285714 0.5973799120743034 0.7007074392857143 0.5939921244582044 0.681509975 0.5804409733746131 0.6747344 0.5742300291021671 0.6973196523809524 0.5804409733746131 0.75321815
10 0.6362879671826626 0.7744533547619047 0.6417418643962849 0.7726353892857143 0.6308340705882353 0.6853730392857142 0.6244711907120744 0.6490137273809523 0.6044735690402477 0.6671933833333333 0.6090184829721362 0.7217323511904762 0.6362879671826626 0.7744533547619047
13 0.6271981393188855 0.6371969500000001 0.49812258018575856 0.6535586404761904 0.336323639628483 0.6399238988095238 0.34171182724458204 0.6902136464285714 0.4454015770897833 0.7017347297619048 0.5399357894736843 0.7026437130952381 0.6344700018575852 0.6971898154761905 0.6271981393188855 0.6371969500000001
13 0.716278454489164 0.531754944047619 0.7308221795665635 0.4644902166666667 0.6880999876160991 0.4717620785714286 0.6017466204334365 0.49085071785714285 0.49812258018575856 0.5035764773809523 0.43085785201238386 0.4944866488095238 0.37268295232198145 0.47539800952380956 0.24342772941176472 0.4645514178571428 0.2345175653250774 0.5126663047619048 0.4363117492260062 0.5444807035714285 0.6526496582043343 0.5426627380952381 0.716278454489164 0.531754944047619
13 0.31630634613003095 0.7001194559523809 0.2819371003095975 0.7126268904761904 0.2621487034055728 0.7011617297619048 0.24756777461300308 0.6844851238095238 0.22465494427244584 0.6615548000000001 0.2027835919504644 0.6354976178571429 0.22465494427244584 0.6876120214285715 0.25589975665634673 0.7209652333333334 0.2933935151702787 0.7272189511904762 0.32463832755417954 0.7178383357142857 0.33817777832817336 0.6980349107142857 0.34010414303405573 0.6864583345238096 0.31630634613003095 0.7001194559523809
13 0.740194346130031 0.6855273964285715 0.7058250210526316 0.7063731738095238 0.6860367034055728 0.7084577988095239 0.6329204594427245 0.7063731738095238 0.6422939981424148 0.7188806880952381 0.6641652712074304 0.7345150214285714 0.7058250210526316 0.7345150214285714 0.7506092835913313 0.6792736785714285 0.740194346130031 0.6855273964285715
