2 0.29193125015479876 0.530203125 0.29399531269349843 0.5251812499999999 0.30225 0.5251812499999999 0.30513906253869966 0.5134624999999999 0.2968843752321982 0.5117890630952381 0.2968843752321982 0.50258125 0.2902812501547988 0.495884375 0.2857406247678019 0.49839687499999996 0.2824390625386997 0.4950484380952381 0.2770734377708978 0.5017437499999999 0.28078749969040245 0.5176484380952381 0.28532812507739935 0.518484375 0.29193125015479876 0.530203125
2 0.3393968749226006 0.5494546880952381 0.3406359374613003 0.5352265630952381 0.3369203126934985 0.5251812499999999 0.3327937498452012 0.531878125 0.32866562476780187 0.541084375 0.32330000000000003 0.5218328119047619 0.3195859374613003 0.5226703130952381 0.31628281238390094 0.5461078130952381 0.322475 0.553640625 0.32949062476780183 0.5586625 0.33320625015479877 0.552803125 0.3393968749226006 0.5494546880952381
0 0.3579703126934985 0.5368999999999999 0.3583828123839009 0.5494546880952381 0.36168593746130034 0.5486187499999999 0.366225 0.54778125 0.36581249969040247 0.5276921869047619 0.36209843777089784 0.520996875 0.3579703126934985 0.5235078130952381 0.3579703126934985 0.5368999999999999
2 0.6394624996904025 0.5595 0.6345093752321982 0.5360625 0.6291437498452012 0.52601875 0.6237781250773994 0.526854688095238 0.6213015622291022 0.532714063095238 0.6192390625386998 0.5452703119047619 0.6159359374613003 0.5519671880952381 0.617175 0.577078125 0.6241906247678018 0.580425 0.6291437498452012 0.576240625 0.6353359374613002 0.5720546869047619 0.6394624996904025 0.5595
2 0.6365734377708978 0.5595 0.639875 0.5611734380952381 0.6473046873065016 0.557825 0.6559718749226006 0.557825 0.6658781250773994 0.5519671880952381 0.6774359374613003 0.538573438095238 0.6745468749226007 0.526854688095238 0.6646406247678018 0.526854688095238 0.6510203126934985 0.5377375 0.6431781250773995 0.5226703130952381 0.63905 0.5218328119047619 0.6332718749226006 0.5101140619047619 0.6340968749226006 0.5276921869047619 0.6365734377708978 0.5595
2 0.7001359374613003 0.52601875 0.7083906247678018 0.5226703130952381 0.714582812383901 0.5143 0.7121062501547988 0.50341875 0.701375 0.5009078130952381 0.6980718749226006 0.5109515630952381 0.6939453126934986 0.5251812499999999 0.7001359374613003 0.52601875
0 0.6716562501547988 0.5134624999999999 0.6774359374613003 0.5101140619047619 0.6753718749226006 0.495884375 0.6712437498452012 0.496721875 0.6716562501547988 0.5134624999999999
0 0.6918812501547987 0.5050921880952381 0.6865156247678018 0.4933734380952381 0.681975 0.4917 0.6799124996904025 0.50258125 0.6832140625386997 0.5126265630952381 0.6918812501547987 0.5050921880952381
2 0.6852781250773994 0.629810936904762 0.6823875003095975 0.613907813095238 0.6918812501547987 0.6055375 0.7009624996904025 0.59214375 0.6993109374613004 0.5837734369047619 0.6770218749226006 0.6013515619047619 0.6695937498452013 0.6013515619047619 0.6638140625386998 0.6113953130952381 0.6650531250773994 0.623951561904762 0.6720703126934985 0.63734375 0.6766093752321981 0.6406921880952381 0.6836265622291022 0.639854688095238 0.6852781250773994 0.629810936904762
2 0.6274937498452012 0.633995313095238 0.6349218749226007 0.653248436904762 0.6402874996904024 0.648225 0.6427640625386998 0.654084375 0.6489562501547987 0.655759375 0.6501937498452013 0.6465515630952381 0.6539093752321982 0.643203125 0.6559718749226006 0.6499 0.6642281250773994 0.651573438095238 0.6716562501547988 0.644878125 0.6708312501547987 0.629810936904762 0.6646406247678018 0.612232811904762 0.6559718749226006 0.6055375 0.6493687498452012 0.612232811904762 0.6353359374613002 0.6264625 0.6274937498452012 0.633995313095238
2 0.6200640625386997 0.677521875 0.6217140625386997 0.6674765630952381 0.6200640625386997 0.647389061904762 0.6043796873065016 0.644040625 0.5986015622291022 0.650735936904762 0.5911718749226006 0.665803125 0.596125 0.6758484380952381 0.6027281250773994 0.6766843750000001 0.6089203126934984 0.6674765630952381 0.6097453126934985 0.68170625 0.6200640625386997 0.677521875
1 0.3542562501547987 0.669151563095238 0.36787656222910214 0.6733359380952381 0.37324218761609906 0.6716625 0.3753062501547988 0.655759375 0.37076562476780184 0.6365078130952381 0.36333593746130033 0.6306484380952381 0.35054062476780184 0.623951561904762 0.3369203126934985 0.61641875 0.33114218761609904 0.623951561904762 0.3266015622291022 0.644040625 0.3307296873065016 0.651573438095238 0.3389843752321981 0.66161875 0.3542562501547987 0.669151563095238
2 0.3418734377708978 0.698446875 0.35136718761609903 0.7026328130952381 0.3587968749226006 0.698446875 0.36663906253869966 0.6850546880952381 0.3691156247678018 0.66078125 0.36044687492260064 0.654084375 0.34889062476780186 0.642365625 0.3410484377708978 0.6406921880952381 0.33238125015479875 0.6465515630952381 0.3261890625386997 0.66078125 0.3257765622291022 0.6766843750000001 0.3327937498452012 0.686729688095238 0.3418734377708978 0.698446875
2 0.30018593746130035 0.5821 0.29812343777089784 0.6013515619047619 0.30101249969040245 0.609721875 0.29812343777089784 0.623951561904762 0.30390156222910214 0.633159375 0.3109171876160991 0.635670311904762 0.31504531269349845 0.6231140630952381 0.31917343777089785 0.606373438095238 0.3125687498452013 0.597165625 0.30018593746130035 0.5821
9 0.3343843752321981 0.7695609369047619 0.3250656247678019 0.7912953130952382 0.33065625015479877 0.785153125 0.3378796873065016 0.7714500000000001 0.34277187492260064 0.7582203119047619 0.34696562476780185 0.741684375 0.35069374984520124 0.720421875 0.35348906253869966 0.704357811904762 0.3460343752321981 0.7053031249999999 0.3420734377708979 0.7237296869047619 0.3388109374613003 0.7478265619047619 0.3343843752321981 0.7695609369047619
9 0.3059609374613003 0.760110936904762 0.30083437523219814 0.7695609369047619 0.3057281250773994 0.7676703130952381 0.3108531250773994 0.760110936904762 0.31644531269349846 0.7501890619047619 0.3222687498452012 0.731289061904762 0.32902656222910215 0.715225 0.335317187616099 0.69774375 0.33326562476780186 0.6897640630952381 0.315475 0.7341156249999999 0.3114140625386997 0.748525 0.3059609374613003 0.760110936904762
13 0.5638020835913312 0.7473958333333334 0.6653645832817336 0.6861979166666666 0.7434895832817336 0.6145833333333334 0.7278645832817336 0.61328125 0.6497395832817336 0.68359375 0.598958333126935 0.7057291666666666 0.5859375003095976 0.7083333333333334 0.5559895832817338 0.7174479166666666 0.494791666873065 0.7317708333333334 0.44401041671826624 0.72265625 0.380208333126935 0.7044270833333334 0.27083333312693497 0.6197916666666666 0.29166666687306503 0.6419270833333334 0.2840295095975232 0.6431999428571429 0.36718750030959757 0.71484375 0.442708333126935 0.73828125 0.5065104167182662 0.7513020833333334 0.5638020835913312 0.7473958333333334
13 0.2890625003095975 0.45703125 0.354166666873065 0.5182291666666666 0.39973958328173376 0.55078125 0.463541666873065 0.5807291666666666 0.515625 0.5833333333333334 0.5455729164086688 0.5677083333333334 0.5690104167182662 0.5572916666666666 0.7122395832817336 0.4609375 0.7109374996904025 0.4427083333333333 0.6432291665634675 0.5 0.520833333126935 0.5690104166666666 0.489583333126935 0.5729166666666666 0.453125 0.5625 0.3932291665634675 0.52734375 0.28645833312693497 0.4453125 0.2890625003095975 0.45703125
