0 0.3423453126934985 0.5237609369047619 0.3413515622291022 0.5118828119047619 0.3383718749226006 0.504573438095238 0.33439843777089784 0.5118828119047619 0.3324109374613003 0.5191921880952381 0.3299281250773994 0.5328984369047619 0.33290781238390094 0.5383796869047619 0.3383718749226006 0.542034375 0.3413515622291022 0.537465625 0.3423453126934985 0.5237609369047619
0 0.44714062476780186 0.4981765630952381 0.44267031269349844 0.5064 0.43969062476780185 0.518278125 0.43969062476780185 0.5310703130952381 0.44217343777089785 0.5383796869047619 0.4476374996904025 0.5456890619047619 0.45012031269349845 0.5310703130952381 0.4496234377708978 0.5155375 0.44714062476780186 0.4981765630952381
0 0.4570734377708978 0.5164515630952381 0.4560812501547988 0.5054859380952381 0.4516109374613003 0.500917186904762 0.45012031269349845 0.509140625 0.4481343752321982 0.5237609369047619 0.44912656222910213 0.5447765619047619 0.45210781238390096 0.53929375 0.4585640625386997 0.5265015630952381 0.4570734377708978 0.5164515630952381
0 0.48488749969040246 0.5383796869047619 0.4843906247678018 0.5593953119047619 0.49283437523219814 0.5612234369047618 0.4963109374613003 0.5548265619047619 0.49482031269349847 0.5447765619047619 0.4918406247678019 0.5310703130952381 0.48737031269349845 0.5237609369047619 0.48488749969040246 0.5383796869047619
2 0.6825593752321981 0.5283296869047619 0.6815656247678018 0.549345313095238 0.6900093752321982 0.5593953119047619 0.6974593752321983 0.5566546880952381 0.7039156247678019 0.5548265619047619 0.7123593752321982 0.54843125 0.7168296873065017 0.5365531250000001 0.7158359374613004 0.5155375 0.71385 0.5027453119047619 0.7153390625386997 0.49635 0.7128562501547988 0.4881265630952381 0.7093796873065016 0.48264375 0.7024265622291022 0.47716093690476186 0.6915 0.480815625 0.6880234377708979 0.48903906309523815 0.6845453126934985 0.508228125 0.6825593752321981 0.5283296869047619
9 0.6929703126934984 0.41469375 0.6948203126934984 0.4356859369047619 0.6951468749226006 0.4340625 0.6932781250773994 0.3687390630952381 0.6926609374613003 0.39597187500000003 0.6929703126934984 0.41469375
9 0.6979046873065016 0.42036718809523804 0.6951468749226006 0.4340625 0.6963625003095976 0.476534375 0.6963625003095976 0.45894687500000003 0.6988296873065015 0.44192656309523815 0.7009874996904025 0.4232046880952381 0.7009874996904025 0.39994375 0.6991374996904025 0.36476875000000003 0.6972874996904025 0.3829234369047619 0.6985203126934985 0.403346875 0.6979046873065016 0.42036718809523804
9 0.6963625003095976 0.47823593809523807 0.6923531250773993 0.3749796869047619 0.6898859374613002 0.4799390630952381 0.6963625003095976 0.47823593809523807
0 0.6732328123839009 0.52305625 0.67385 0.5327015619047619 0.674775 0.5412109380952381 0.67755 0.5355375 0.678475 0.531 0.678475 0.524190625 0.6757 0.5173828119047619 0.6732328123839009 0.52305625
10 0.7238734377708977 0.7358671880952381 0.7276046873065016 0.7358671880952381 0.7272312501547987 0.724196875 0.7272312501547987 0.7193906250000001 0.7235 0.702228125 0.7205140625386997 0.6864390619047618 0.7141703126934984 0.6699640619047619 0.718275 0.66721875 0.7223796873065016 0.677515625 0.7294703126934984 0.6926187500000001 0.7343203126934984 0.7042890630952381 0.7380531250773994 0.7111531249999999 0.74365 0.7042890630952381 0.74365 0.694678125 0.7425296873065016 0.67476875 0.7376796873065016 0.65829375 0.7313359374613003 0.6425046869047619 0.7283499999999999 0.6308343750000001 0.7272312501547987 0.617790625 0.724992187616099 0.6006296880952381 0.724992187616099 0.6322078119047619 0.7242453126934985 0.64113125 0.7201406247678019 0.653489063095238 0.7119312501547987 0.6459374999999999 0.7108125003095975 0.6342671869047619 0.7048421876160991 0.618478125 0.7022296873065015 0.6205375 0.6951406247678019 0.6377 0.6955140625386996 0.654860938095238 0.6984984377708978 0.6740828130952381 0.7029765622291022 0.689871875 0.7089468749226006 0.702228125 0.7156640625386997 0.716645311904762 0.7201406247678019 0.7296875 0.7238734377708977 0.7358671880952381
0 0.5891687498452012 0.631520311904762 0.5902890625386996 0.6212234380952381 0.5861843752321981 0.618478125 0.5835718749226007 0.6246562499999999 0.5831984377708979 0.6342671869047619 0.5873031250773993 0.639759375 0.5891687498452012 0.631520311904762
2 0.27236406253869966 0.5573812499999999 0.26639374984520126 0.551203125 0.26378125015479875 0.5532625 0.2593031250773994 0.5615 0.26005 0.5704234380952381 0.26415468730650155 0.583467186904762 0.2693781250773994 0.5896453119047619 0.27497656222910216 0.591704686904762 0.2794531250773994 0.5923921869047619 0.28206562476780184 0.584153125 0.2805734377708978 0.5752296869047618 0.27646874984520126 0.5669921880952381 0.27236406253869966 0.5573812499999999
13 0.5737248012383901 0.5271278630952381 0.6542986736842106 0.5397478678571429 0.7232233114551084 0.5280986333333333 0.7096325380804953 0.4679109214285714 0.6601232910216718 0.47276476904761905 0.6096432749226006 0.46014476428571427 0.40092782229102164 0.4611155345238095 0.28540121671826624 0.45148831666666667 0.28249393808049533 0.49800477738095233 0.3271493368421053 0.49994631547619045 0.3960739746130031 0.5271278630952381 0.5737248012383901 0.5271278630952381
6 0.35530165386996904 0.4970340071428571 0.35238934489164087 0.502858625 0.348506266873065 0.5135370892857143 0.3494770365325077 0.5183909369047619 0.3582139622291021 0.5242155547619047 0.3766585839009288 0.5232447845238095 0.3824832012383901 0.5222740154761905 0.3863662792569659 0.5174201678571428 0.3902493572755418 0.5048001642857143 0.38830781795665636 0.5009170857142857 0.37277550526315784 0.4950924678571429 0.35530165386996904 0.4970340071428571
6 0.5892571139318886 0.5300401714285714 0.5873155752321981 0.5426601761904761 0.591198653250774 0.5436309452380952 0.6038186575851393 0.5475140238095239 0.6106140439628482 0.5436309452380952 0.6174094309597523 0.5416894059523809 0.6212925089783281 0.5368355583333333 0.6232340482972136 0.5290694023809523 0.6057601962848297 0.5310109416666666 0.5892571139318886 0.5300401714285714
7 0.18107659256965944 0.6471811547619047 0.1771644439628483 0.6471811547619047 0.17269341733746132 0.655564330952381 0.17045790340557276 0.6689774119047619 0.1821943492260062 0.6885381547619047 0.1905775250773994 0.6907736678571428 0.19616630897832815 0.6863026416666668 0.2017550922600619 0.6734484392857143 0.20343172755417957 0.66282975 0.20399060619195047 0.6522110607142858 0.20343172755417957 0.650534425 0.2011962142414861 0.650534425 0.19728406563467493 0.6432690071428571 0.18945976842105264 0.6455045202380952 0.18107659256965944 0.6471811547619047
6 0.30738310464396285 0.6242671416666667 0.2889401182662539 0.6259437773809524 0.27385040247678016 0.6276204119047619 0.27273264582043344 0.6332091964285714 0.2889401182662539 0.6410334928571428 0.3140896452012384 0.6421512500000001 0.3515344959752322 0.6393568583333333 0.3509756179566563 0.6376802226190477 0.3548877665634675 0.6298559261904761 0.35041673931888545 0.6270615333333333 0.34818122600619195 0.6237082630952381 0.347622347368421 0.6237082630952381 0.329738239628483 0.6225905071428572 0.30738310464396285 0.6242671416666667
13 0.3090597399380805 0.6684185333333333 0.32023730712074305 0.6689774119047619 0.34091580743034056 0.6689774119047619 0.3487401046439629 0.6622708714285714 0.35879991517027865 0.6611531142857142 0.40183354984520125 0.655564330952381 0.5203157647058824 0.6801549797619048 0.5745269671826625 0.6773605869047619 0.6007942501547988 0.6678596547619048 0.6281792904024768 0.6756839523809524 0.6287381690402477 0.6633886285714286 0.6265026557275541 0.6332091964285714 0.5879400476780186 0.6365624666666667 0.5136092241486068 0.6332091964285714 0.41636438761609906 0.6248260202380952 0.35600552321981427 0.6225905071428572 0.283910213003096 0.6147662095238096 0.24199433498452014 0.5538484666666667 0.22187471393188854 0.5778802369047619 0.28055694303405576 0.6594764797619047 0.29397002414860685 0.6684185333333333 0.3090597399380805 0.6684185333333333
6 0.6354447095975233 0.628738169047619 0.6348858309597524 0.6360035880952382 0.6376802229102168 0.6494166690476191 0.6605942365325077 0.6594764797619047 0.6795961009287925 0.6589176011904762 0.6874203981424148 0.6583587226190477 0.6885381547987616 0.655564330952381 0.6863026414860681 0.6410334928571428 0.6639475065015481 0.6304148035714287 0.6354447095975233 0.628738169047619
