2 0.3065703126934985 0.46635 0.29977656222910215 0.458828125 0.29427656222910215 0.4608796880952381 0.28974843777089787 0.47455625 0.2793968749226006 0.4772921869047619 0.2800437498452012 0.4943890619047619 0.28327812507739936 0.5039625 0.3007468749226006 0.5142218749999999 0.3056 0.49849218809523804 0.3104515622291022 0.48139531309523814 0.3065703126934985 0.46635
2 0.31239218761609905 0.47934375 0.30689374984520124 0.48755 0.30171718761609906 0.50054375 0.30204062476780186 0.5190078130952381 0.30365781238390094 0.5285828130952381 0.3110984377708978 0.5292671869047619 0.31400937523219813 0.5320015619047619 0.3175687498452012 0.5278984369047619 0.3201562501547987 0.52995 0.3243609374613003 0.5278984369047619 0.3295374996904025 0.53815625 0.3301843752321981 0.53131875 0.3373015622291022 0.5333703130952381 0.3408593752321981 0.51695625 0.33665468730650155 0.5073828130952381 0.3327718749226006 0.4923375 0.3237140625386997 0.48413125 0.3211265622291022 0.4725046880952381 0.31239218761609905 0.47934375
2 0.37094374984520123 0.55251875 0.37062031269349843 0.539525 0.3741781250773994 0.527215625 0.37126718761609906 0.521059375 0.3673859374613003 0.514904686904762 0.36253281238390095 0.52174375 0.3596218749226006 0.5333703130952381 0.35444531269349844 0.5408921869047619 0.35994531269349844 0.548415625 0.3657671876160991 0.5586734369047619 0.3719140625386997 0.5586734369047619 0.37094374984520123 0.55251875
2 0.38226562476780185 0.53131875 0.37935468730650157 0.52653125 0.3761187498452012 0.5278984369047619 0.3719140625386997 0.53131875 0.37126718761609906 0.5449953130952381 0.37159062476780186 0.555253125 0.3754718749226006 0.5661953119047619 0.38194218761609905 0.5668796880952381 0.3855 0.560040625 0.38388281238390093 0.5463640619047619 0.38226562476780185 0.53131875
0 0.4734890625386997 0.58534375 0.4734890625386997 0.5969703119047619 0.47834062476780187 0.6003890630952381 0.4802828123839009 0.602440625 0.4815765622291021 0.5969703119047619 0.4793124996904025 0.573034375 0.47542968730650154 0.573034375 0.4734890625386997 0.58534375
0 0.50325 0.5655125 0.5055140625386997 0.576453125 0.5132781250773993 0.5867125 0.5116609374613003 0.5668796880952381 0.5093968749226007 0.555253125 0.50325 0.5655125
0 0.5404781250773993 0.5508078119047619 0.5344718749226006 0.554334375 0.5358062501547988 0.5649140630952381 0.5384765622291021 0.5761999999999999 0.5424812501547988 0.583959375 0.544482812383901 0.577610936904762 0.5441484377708978 0.564209375 0.5428140625386997 0.55715625 0.5404781250773993 0.5508078119047619
0 0.5231265622291021 0.5846640630952381 0.522125 0.5747890619047619 0.5201234377708979 0.56209375 0.5144500000000001 0.5564515630952381 0.5121140625386997 0.5635046869047619 0.5134500000000001 0.5754953130952382 0.5157859374613003 0.5966546869047619 0.5181218749226006 0.593128125 0.5207906247678019 0.589601563095238 0.5231265622291021 0.5846640630952381
0 0.4887562501547988 0.5747890619047619 0.4844187498452012 0.56209375 0.48275 0.5691468749999999 0.48041406253869967 0.5867796869047619 0.48275 0.607234375 0.48642031269349845 0.603003125 0.48842343777089786 0.59595 0.489757812383901 0.5874859369047619 0.4887562501547988 0.5747890619047619
2 0.5952031250773994 0.5754953130952382 0.6015437498452012 0.5691468749999999 0.6035453126934984 0.555040625 0.599875 0.5430499999999999 0.591867187616099 0.5225953130952381 0.5888640625386997 0.5247109369047619 0.5895312501547988 0.5409343750000001 0.5788531250773994 0.5381125 0.57585 0.5324703119047619 0.5638374996904025 0.5416390619047619 0.5715109374613003 0.5663250000000001 0.5761828123839009 0.5705578119047618 0.5952031250773994 0.5754953130952382
25 0.6229 0.552925 0.6312421876160991 0.5395234380952381 0.6285718749226007 0.5225953130952381 0.6235671876160991 0.5098984369047619 0.6069568718266254 0.4298005166666667 0.6068828123839008 0.5007296869047619 0.5982062501547988 0.5098984369047619 0.5935343752321981 0.5183625000000001 0.5978734377708979 0.5402281250000001 0.6032124996904025 0.554334375 0.6142234377708978 0.559271875 0.6229 0.552925
9 0.6022109374613003 0.3568421869047619 0.6052140625386997 0.440071875 0.6092187498452012 0.4337234380952381 0.6022109374613003 0.3568421869047619
2 0.6385828123839009 0.5028453130952381 0.6412531250773994 0.51906875 0.6449234377708978 0.5261218750000001 0.6515968749226005 0.52894375 0.662942187616099 0.5324703119047619 0.6716187498452013 0.5282375 0.6729531250773994 0.50919375 0.6712843752321982 0.482390625 0.6652781250773994 0.45629375 0.6606062501547987 0.447125 0.6589390625386997 0.45488281190476193 0.6536000000000001 0.45135625 0.6485937498452012 0.444303125 0.6432546873065016 0.444303125 0.6379156247678018 0.4555890630952381 0.6369140625386998 0.480275 0.6385828123839009 0.5028453130952381
1 0.6749546873065015 0.5028453130952381 0.6812953126934985 0.521184375 0.6899718749226006 0.516246875 0.7053218749226007 0.502140625 0.7133296873065015 0.4845078119047619 0.7173343752321982 0.46687343690476185 0.7119953126934984 0.4365453119047619 0.7069890625386998 0.43795625 0.6973125003095975 0.440071875 0.6886375003095975 0.44077656190476194 0.6746218749226006 0.449240625 0.6676140625386997 0.46123125000000004 0.6716187498452013 0.48803437499999996 0.6749546873065015 0.5028453130952381
2 0.6876359374613003 0.4344296880952381 0.6879687498452013 0.420321875 0.6829640625386997 0.4217328119047619 0.6809624996904025 0.427375 0.677625 0.401278125 0.6736203126934985 0.4041 0.6779593752321982 0.44289375000000003 0.6876359374613003 0.4344296880952381
9 0.6529312501547987 0.43583906309523807 0.6512640625386997 0.4464203130952381 0.6549343752321981 0.449240625 0.6606062501547987 0.41820625 0.661607812383901 0.387878125 0.6599390625386997 0.36601249999999996 0.6512640625386997 0.3455578130952381 0.6586046873065016 0.3815296880952381 0.6569359374613003 0.411153125 0.6529312501547987 0.43583906309523807
9 0.684632812383901 0.37518124999999997 0.685632812383901 0.4055109380952381 0.6889703126934985 0.401984375 0.6869687498452013 0.3575484380952381 0.6789593752321982 0.31734375000000004 0.6836312501547988 0.34908437500000006 0.684632812383901 0.37518124999999997
9 0.6822968749226006 0.4048046869047619 0.6766234377708978 0.37024375 0.6752890625386997 0.32510312500000005 0.6712843752321982 0.2983 0.6722859374613003 0.3504953130952381 0.6682812501547987 0.3074703119047619 0.670617187616099 0.36248593809523805 0.6762906247678018 0.39493125 0.6822968749226006 0.4048046869047619
9 0.6355796873065016 0.40762656190476193 0.6366283795665635 0.4533631845238096 0.6462279851393189 0.43721839404761903 0.6385828123839009 0.3935203130952381 0.6395843752321981 0.35966406309523813 0.6352468749226006 0.3815296880952381 0.6355796873065016 0.40762656190476193
2 0.707657812383901 0.5035515630952381 0.6933078123839009 0.5155421869047618 0.6842984377708978 0.5233 0.6739546873065014 0.52894375 0.6672812501547987 0.535290625 0.6622750000000001 0.5437546880952381 0.6646109374613003 0.562798436904762 0.6709515622291021 0.5797265619047619 0.6719515622291021 0.5874859369047619 0.676957812383901 0.5917171880952381 0.6839656247678019 0.5874859369047619 0.6859671876160991 0.589601563095238 0.6913062501547987 0.5818421880952381 0.6946437498452013 0.5874859369047619 0.7003156247678018 0.588190625 0.70065 0.579021875 0.7036531250773994 0.574084375 0.707657812383901 0.5684421880952382 0.7079906247678018 0.56209375 0.7053218749226007 0.5479875000000001 0.7113281250773994 0.5381125 0.7123281250773994 0.50919375 0.707657812383901 0.5035515630952381
9 0.7206703126934983 0.598065625 0.7296812501547988 0.6142875 0.739357812383901 0.632626563095238 0.7520374996904025 0.660134375 0.7376890625386996 0.619225 0.7296812501547988 0.6037078119047619 0.7180015622291022 0.582548438095238 0.709325 0.5635046869047619 0.7066562501547987 0.5712625 0.7066562501547987 0.577610936904762 0.7106609374613003 0.586075 0.7206703126934983 0.598065625
9 0.7273453126934984 0.655196875 0.7313484377708979 0.6585078119047619 0.7143312501547987 0.626984375 0.7190031250773994 0.644617188095238 0.7273453126934984 0.655196875
9 0.7313484377708979 0.6585078119047619 0.7440296873065015 0.6819999999999999 0.7350203126934984 0.661545311904762 0.7313484377708979 0.6585078119047619
2 0.6435890625386997 0.549396875 0.6359140625386996 0.550103125 0.6309078123839009 0.55715625 0.6269046873065015 0.5677359380952381 0.6325765622291022 0.5832531249999999 0.6365812501547988 0.598065625 0.6399187498452013 0.6135828119047619 0.6452578123839009 0.6199296869047619 0.6479265622291022 0.612171875 0.6525984377708978 0.6128765619047619 0.6606062501547987 0.603003125 0.669617187616099 0.5917171880952381 0.6709515622291021 0.5797265619047619 0.6719515622291021 0.56703125 0.6672812501547987 0.55221875 0.6649453126934985 0.5367015619047619 0.6609406247678018 0.5395234380952381 0.6512640625386997 0.5395234380952381 0.6435890625386997 0.549396875
9 0.7019843752321981 0.7123281250000001 0.7026515622291022 0.7038640630952381 0.6909718749226006 0.6650718750000001 0.6819625003095975 0.644617188095238 0.6726203126934985 0.6276890619047619 0.6649453126934985 0.5994765630952381 0.6582703126934984 0.6086453130952381 0.661942187616099 0.625573438095238 0.6719515622291021 0.644617188095238 0.684632812383901 0.661545311904762 0.7019843752321981 0.7123281250000001
9 0.6709515622291021 0.7179718749999999 0.6662796873065014 0.7031593749999999 0.6586046873065016 0.6636609369047619 0.655267187616099 0.612171875 0.6492609374613002 0.611467188095238 0.6459250000000001 0.6206359369047619 0.6479265622291022 0.63333125 0.6592718749226006 0.70104375 0.678292187616099 0.7398359380952381 0.6709515622291021 0.7179718749999999
2 0.615225 0.6389750000000001 0.6188953126934985 0.6234578119047619 0.6235671876160991 0.6135828119047619 0.6215656247678019 0.5754953130952382 0.6062156247678019 0.5761999999999999 0.5952031250773994 0.5818421880952381 0.5958703126934984 0.589601563095238 0.6025453126934984 0.6100562500000001 0.6085515622291022 0.64814375 0.6132234377708978 0.6474375 0.615225 0.6389750000000001
9 0.6138906247678019 0.645321875 0.6182281250773993 0.6784734380952381 0.6282390625386997 0.720792188095238 0.6385828123839009 0.7504156249999999 0.6312421876160991 0.713034375 0.6262374996904024 0.6855265630952381 0.6185625003095975 0.63826875 0.6138906247678019 0.645321875
2 0.3382624996904025 0.5874859369047619 0.35261093746130034 0.6008859380952382 0.3612874996904025 0.5938328130952382 0.36395625015479877 0.579021875 0.3606203126934984 0.5712625 0.3559484377708978 0.57196875 0.35261093746130034 0.5663250000000001 0.3476062501547988 0.5585671880952381 0.3439359374613003 0.5649140630952381 0.33926406253869973 0.5515140630952381 0.33325781238390095 0.549396875 0.31990937523219815 0.55715625 0.31857499999999994 0.56209375 0.3159046873065015 0.5818421880952381 0.31690625015479873 0.597359375 0.3232468749226006 0.602296875 0.32625 0.593128125 0.3309218749226006 0.5818421880952381 0.3382624996904025 0.5874859369047619
1 0.3125687498452013 0.592421875 0.31757343777089786 0.5811375 0.3222453126934985 0.5508078119047619 0.31056562476780186 0.5402281250000001 0.29221249969040247 0.5261218750000001 0.27786406253869966 0.5204796880952381 0.272525 0.5338796869047618 0.2695218749226006 0.5564515630952381 0.27219218761609904 0.5705578119047618 0.2808671876160991 0.5832531249999999 0.2958843752321981 0.59524375 0.3125687498452013 0.592421875
9 0.2862062501547988 0.6008859380952382 0.2862062501547988 0.617814063095238 0.28220312507739936 0.640384375 0.2688546873065015 0.6770624999999999 0.2798671876160991 0.66225 0.2852062501547988 0.64814375 0.28987812507739935 0.610760938095238 0.2862062501547988 0.6008859380952382
9 0.24382812507739937 0.6559015619047619 0.2678546873065016 0.612171875 0.2661859374613003 0.602296875 0.2625156247678019 0.6100562500000001 0.24382812507739937 0.6559015619047619
25 0.7063934160990711 0.6180942392857143 0.7136963554179566 0.6340279249999999 0.7156880662538699 0.6253971785714285 0.7037378018575852 0.5762683130952381 0.7024099944272446 0.5775961202380953 0.6944431517027864 0.5749405059523809 0.7063934160990711 0.6180942392857143
