9 0.36878277744540355 0.36563593606626044 0.3749669231807502 0.3658888689130242 0.37005717680483485 0.48592466424059777 0.3638730311862446 0.48567173338160113
9 0.48668742654854213 0.4485124922008303 0.49594730538194653 0.4494957185726407 0.4849839566592209 0.5527393018531542 0.47572407902077885 0.551756083313429
2 0.5531006814695729 0.6216309725366422 0.5399468554721807 0.6203233540067294 0.5445390428216115 0.5741344210832424 0.5576927590050218 0.5754420341332332
9 0.5577031440287783 0.5714859371609611 0.551610106047633 0.5715944979717664 0.5493319884765242 0.44374048653896075 0.5554249035953944 0.44363192683725994
9 0.5893219796308813 0.5463406214627896 0.580673331416051 0.5466330025645256 0.5761624601279891 0.41320800318633116 0.584810937499924 0.41291562500000134
9 0.5183076006259171 0.4392917270256183 0.5355151862131606 0.43999402896882567 0.5330645838428154 0.5000340082945737 0.5158569984375845 0.4993317093750021
2 0.4388710482513716 0.5360257191119173 0.45263452154256356 0.5407186356654865 0.4388157835825268 0.5812426636374476 0.4250523184201711 0.576549764192648
2 0.5962822439114461 0.5904431800290711 0.5780845526771827 0.591241768766062 0.5759162115019762 0.5418343035339276 0.5941137487852757 0.5410357181647593
2 0.657467824862465 0.5704899347299257 0.6388726912151697 0.5870764511612785 0.614693824451706 0.5599721298430387 0.6332888906250673 0.5433856656249713
2 0.28739057705195137 0.6174784790850307 0.27068054957305776 0.6195050099607535 0.2647748010754185 0.5708131441307444 0.2814846810584868 0.5687866223287926
2 0.37958950645190725 0.5621069950526075 0.35565675489510795 0.5618019534187255 0.3566734179203195 0.4820544657466192 0.38060586646099637 0.4823595054513642
2 0.47441509156305983 0.5421437342676387 0.4975623678640204 0.5414724463893043 0.4994454313660981 0.6063976899594311 0.47629815524783226 0.6070689740196648
10 0.38352272656249997 0.40625 0.403409090625 0.40625 0.403409090625 0.49786931875 0.38352272656249997 0.49786931875
10 0.3515510608636987 0.5172926063681466 0.3261038887989116 0.5161091023712909 0.3304627489463883 0.42239666698088424 0.3559095882469592 0.42358016335672266
0 0.42619478814924605 0.5680663339059349 0.4184835119373247 0.5676212879906644 0.4205534838697531 0.5317589039487043 0.42826471353521356 0.5322039485124211
0 0.43333503611665947 0.5346331285650431 0.45171347875293577 0.5322020541682354 0.457011004928745 0.5722466386883481 0.4386325639327424 0.5746777047956336
0 0.45663047001085033 0.6009133520443284 0.45051718612046443 0.6011057698166747 0.44958982482910415 0.5716452063284053 0.4557030765624859 0.5714527890624994