2 0.23028749969040246 0.5016390619047618 0.23269218761609908 0.4961109380952381 0.23389374984520123 0.47289375 0.23149062476780183 0.45962656309523814 0.21947031269349843 0.457415625 0.21285937523219817 0.47289375 0.21225937523219815 0.49279375000000003 0.23028749969040246 0.5016390619047618
2 0.26814843777089786 0.5292781249999999 0.2777640625386997 0.53480625 0.284375 0.531490625 0.28557656222910216 0.510484375 0.2777640625386997 0.50495625 0.2741578123839009 0.5016390619047618 0.2675484377708978 0.49389999999999995 0.2609374996904025 0.49389999999999995 0.253125 0.5027453119047619 0.2507203126934984 0.519328125 0.2579328123839009 0.5292781249999999 0.26274062476780186 0.5292781249999999 0.26814843777089786 0.5292781249999999
0 0.4526437498452013 0.5115890619047618 0.45564999999999994 0.5281734369047619 0.46406250030959756 0.540334375 0.4622593752321982 0.5259625 0.45865468730650155 0.49832187499999997 0.4526437498452013 0.5115890619047618
0 0.46887031269349844 0.52485625 0.471875 0.5226453130952381 0.471875 0.509378125 0.4646640625386997 0.5005328130952381 0.46165937523219813 0.5171171869047619 0.4634624996904025 0.5281734369047619 0.46887031269349844 0.52485625
0 0.6182875003095976 0.486471875 0.6201531250773994 0.4953953130952381 0.6250031250773994 0.49951562499999996 0.6272421876160991 0.4960828130952381 0.6261234377708979 0.483725 0.622392187616099 0.47136875 0.6186609374613004 0.47960625 0.6182875003095976 0.486471875
0 0.6365718749226006 0.48166562500000004 0.6376906247678019 0.47480156190476186 0.6369453126934985 0.46381718809523814 0.6339593752321981 0.4562671880952381 0.6306015622291021 0.45969843690476186 0.6283624996904025 0.474115625 0.6306015622291021 0.4878453119047619 0.6306015622291021 0.50569375 0.6343328123839009 0.4974546869047619 0.6365718749226006 0.48166562500000004
2 0.7052312501547987 0.483725 0.7126937498452013 0.48029375 0.7205312501547988 0.47480156190476186 0.7294859374613004 0.47136875 0.7302328123839009 0.46381718809523814 0.725007812383901 0.452146875 0.7179187498452013 0.4452828119047619 0.710082812383901 0.44802812499999994 0.7018734377708978 0.45146093809523813 0.6973953126934984 0.46244531190476196 0.6970218749226006 0.476175 0.6970218749226006 0.48441249999999997 0.7007531250773994 0.48578593809523807 0.7052312501547987 0.483725
2 0.6716484377708978 0.526975 0.6667968749226006 0.529720313095238 0.6615734377708978 0.541390625 0.6589609374613002 0.53864375 0.655975 0.5516875 0.6585874996904024 0.5592390630952381 0.6634390625386997 0.5612984369047619 0.6690359374613003 0.562671875 0.676125 0.5503140630952381 0.6847078123839009 0.5461953119047619 0.6862 0.529034375 0.6817234377708978 0.5173640619047619 0.6746328123839009 0.528346875 0.6716484377708978 0.526975
0 0.5976546873065015 0.5832328130952381 0.5979093752321981 0.589796875 0.5996937498452012 0.5944859369047619 0.6024968749226006 0.5883906250000001 0.6045359374613003 0.58135625 0.6027515622291022 0.5743234380952381 0.5984187498452013 0.5733859369047619 0.5976546873065015 0.5832328130952381
0 0.38305625015479877 0.579059375 0.37380468730650157 0.5878265630952381 0.3651124996904025 0.5847328119047619 0.35502031269349843 0.5739015630952381 0.3516562501547988 0.576996875 0.34885312507739935 0.5842171869047619 0.3494140625386997 0.5955640630952381 0.349132812383901 0.613615625 0.35025468730650156 0.6306359380952381 0.35894531269349844 0.6151625 0.36651562476780186 0.6079421880952381 0.37184218761609905 0.615678125 0.37885 0.6131 0.38193437523219814 0.6069109369047619 0.38473750030959747 0.592984375 0.38529843777089784 0.5842171869047619 0.38305625015479877 0.579059375
0 0.3443671876160991 0.6198046880952381 0.3460484377708979 0.6223828119047619 0.3474515622291022 0.6069109369047619 0.3485718749226006 0.5940171869047619 0.3468906247678018 0.583185936904762 0.3446468749226006 0.583701563095238 0.34268437523219814 0.5888593750000001 0.34044218761609907 0.5945328119047619 0.34016250030959755 0.6002062499999999 0.3412828123839009 0.6115531249999999 0.3443671876160991 0.6198046880952381
2 0.25521406253869966 0.5749328119047619 0.2641859374613003 0.583701563095238 0.27119531269349845 0.582153125 0.27904531269349847 0.5816374999999999 0.28184843777089785 0.5775125 0.2866140625386997 0.5723546880952382 0.27736249969040244 0.5599765630952381 0.26895156222910216 0.5486296869047619 0.2633453126934985 0.5419234380952381 0.25829843777089784 0.5388296880952381 0.2543734377708978 0.539860938095238 0.2529718749226006 0.5465656249999999 0.25213125015479876 0.5620390619047619 0.25521406253869966 0.5749328119047619
6 0.29092054613003093 0.6002326214285715 0.29314982229102166 0.6085924071428571 0.2964937368421052 0.6091497261904761 0.31377062724458205 0.6080350880952381 0.31265598947368417 0.5991179833333333 0.31321330835913314 0.5907581976190477 0.2898059083591331 0.5913155166666667 0.29092054613003093 0.6002326214285715
6 0.6431461882352941 0.5784971785714286 0.6409169120743035 0.5801691357142857 0.636458359752322 0.5862996452380952 0.635901040866873 0.5879716023809524 0.6342290835913313 0.5941021119047619 0.6336717647058824 0.5968887071428571 0.6409169120743035 0.5974460261904763 0.6459327839009288 0.5952167500000001 0.6520632934984519 0.5885289214285714 0.6542925696594426 0.5857423261904762 0.6542925696594426 0.584070369047619 0.6520632934984519 0.5790544976190476 0.6503913362229102 0.5779398595238096 0.6431461882352941 0.5784971785714286
