2 0.3042968749226006 0.5325953130952381 0.29833750030959755 0.5389921869047619 0.29585312507739936 0.5490421880952381 0.2938671876160991 0.5636625 0.29932968730650156 0.5727984380952381 0.30131718761609905 0.570971875 0.30529062476780183 0.5673171880952381 0.30777343777089783 0.5545249999999999 0.30777343777089783 0.54081875 0.3042968749226006 0.5325953130952381
0 0.3182031250773994 0.5773671869047619 0.32167968730650154 0.5782812500000001 0.32366718761609903 0.576454686904762 0.32664687492260064 0.5718859369047619 0.32912968730650155 0.562748436904762 0.3326062501547988 0.556353125 0.33807031269349846 0.54995625 0.3385671876160991 0.5344234369047619 0.3350906247678019 0.5280281250000001 0.3286328123839009 0.5316828130952381 0.3256531250773994 0.54081875 0.3231703126934985 0.5435609380952381 0.31572031269349843 0.54995625 0.3107531250773994 0.5718859369047619 0.3182031250773994 0.5773671869047619
9 0.35822499999999996 0.4252421869047619 0.3496468749226006 0.522428125 0.3546124996904025 0.522428125 0.35822499999999996 0.4252421869047619
2 0.4639890625386997 0.5805328119047619 0.460675 0.57959375 0.4591468749226006 0.585689063095238 0.4573624996904025 0.5964734380952381 0.45608750030959755 0.6049140630952381 0.45226562476780185 0.610071875 0.4476781250773994 0.617573436904762 0.44563906253869967 0.62273125 0.4436 0.6250749999999999 0.44207031269349845 0.631640625 0.44920625015479876 0.6311703130952381 0.45634218761609907 0.628826563095238 0.46093125015479874 0.6274203119047619 0.46806718761609906 0.6222625 0.4665374996904025 0.606320313095238 0.4665374996904025 0.5931921869047618 0.4639890625386997 0.5805328119047619
2 0.4726546873065015 0.6255437500000001 0.47647812507739934 0.62366875 0.47877187492260065 0.6199171869047619 0.48182968730650155 0.612415625 0.47775156222910214 0.6011624999999999 0.47545781238390095 0.5922546880952381 0.47188906253869967 0.5828765619047619 0.46832187492260063 0.5866281250000001 0.46730156222910213 0.5936609369047618 0.46755625015479874 0.6077265630952381 0.46908593746130034 0.6208562500000001 0.4726546873065015 0.6255437500000001
2 0.6363937498452013 0.5352703119047619 0.6367671876160992 0.547628125 0.6434843752321983 0.546940625 0.6509468749226006 0.54556875 0.6606484377708979 0.5400765619047619 0.6569171876160991 0.526346875 0.6479609374613003 0.5236015619047619 0.6442296873065015 0.52840625 0.6363937498452013 0.5352703119047619
2 0.6360203126934985 0.608725 0.6322890625386997 0.5826390619047619 0.6225875003095975 0.589503125 0.6207218749226006 0.585384375 0.6121390625386998 0.5888171880952381 0.6117656247678018 0.5949953130952381 0.5983328123839009 0.5970546869047619 0.6005718749226007 0.613529686904762 0.6128859374613003 0.6155890619047619 0.6210953126934985 0.616276561904762 0.6315437498452012 0.6121578119047619 0.6360203126934985 0.608725
2 0.5636296873065015 0.628632811904762 0.5699734377708978 0.639617186904762 0.586392187616099 0.6258875 0.5822874996904025 0.6149031250000001 0.5722124996904024 0.6149031250000001 0.5636296873065015 0.628632811904762
0 0.36809843777089785 0.63000625 0.362875 0.643048436904762 0.3546656247678019 0.65540625 0.35914218761609906 0.65540625 0.36474062476780184 0.6506000000000001 0.3699640625386997 0.645107811904762 0.3751874996904025 0.628632811904762 0.36809843777089785 0.63000625
2 0.2860046873065015 0.57920625 0.2841390625386997 0.5970546869047619 0.31399218761609904 0.6265734380952381 0.31958906253869973 0.613529686904762 0.3158578123839009 0.60391875 0.30988750030959755 0.594309375 0.2972 0.583325 0.29048281238390095 0.57096875 0.28563125015479873 0.5723406249999999 0.2860046873065015 0.57920625
11 0.21626344520123839 0.7201193309523809 0.2382691987616099 0.6594138023809524 0.25192794303405575 0.6229904857142857 0.24358093250773993 0.602502369047619 0.23371628421052631 0.5903612642857142 0.22233399752321983 0.5797377964285715 0.203363520123839 0.5812554345238096 0.1919812334365325 0.6427197821428572 0.1828754043343653 0.6973547571428572 0.1843930427244582 0.7178428738095238 0.21626344520123839 0.7201193309523809
10 0.3642331702786378 0.4105211357142857 0.3528508835913313 0.4105211357142857 0.34298623529411765 0.5228263630952381 0.36347435108359133 0.522067544047619 0.3642331702786378 0.4105211357142857
6 0.3376745015479876 0.654102069047619 0.32932749164086683 0.6533432499999999 0.32249811950464397 0.654102069047619 0.3209804817337461 0.6563785261904762 0.3209804817337461 0.6578961642857143 0.3217393003095975 0.6601726214285714 0.3262922148606811 0.6647255357142857 0.3316039486068112 0.6639667166666666 0.3346392253869969 0.6654843547619047 0.338433320743034 0.6677608119047619 0.34298623529411765 0.6670019928571428 0.345262692879257 0.6677608119047619 0.3536097027863777 0.6624490785714285 0.3490567882352941 0.6578961642857143 0.3376745015479876 0.654102069047619
6 0.6495491541795666 0.6009847309523809 0.6518256111455109 0.6108493797619048 0.667760812383901 0.6116081988095239 0.6753490037151703 0.6108493797619048 0.6821783752321983 0.6085729226190476 0.6882489281733746 0.6093317416666667 0.6814195560371517 0.6002259119047619 0.6594138024767802 0.5987082738095237 0.6495491541795666 0.6009847309523809
6 0.5827730724458204 0.5296557357142857 0.5721496049535604 0.5395203833333333 0.5744260625386997 0.5433144797619047 0.5858083492260062 0.5402792023809524 0.5949141783281734 0.5387615642857143 0.60629646501548 0.5326910119047619 0.6131258371517028 0.5296557357142857 0.6146434749226006 0.5197910869047618 0.5971906359133127 0.5251028202380952 0.5827730724458204 0.5296557357142857
11 0.7831013164086688 0.7064605869047619 0.7846189547987615 0.6897665666666667 0.7800660402476781 0.6670019928571428 0.7717190297213622 0.6472726964285714 0.7633720198142415 0.6305786761904763 0.757301466873065 0.613884655952381 0.751989733126935 0.5896024440476191 0.7413662656346749 0.5767025202380952 0.7368133510835913 0.5797377964285715 0.7269487027863778 0.6040200071428571 0.7155664160990712 0.6214728464285715 0.7117723207430341 0.6457550583333334 0.7208781498452013 0.6586549833333333 0.7352957126934985 0.6799019178571428 0.7444015417956656 0.6928018428571429 0.757301466873065 0.7041841297619048 0.7777895826625386 0.7155664154761905 0.7831013164086688 0.7064605869047619
11 0.7079782247678019 0.42190342261904756 0.7079782247678019 0.40293294523809525 0.7079782247678019 0.3923094773809524 0.7049429486068112 0.36954490357142855 0.7034253102167183 0.3589214369047619 0.6935606619195046 0.34146859761904763 0.6791430990712075 0.3300863107142857 0.6298198569659443 0.33236276785714286 0.6199552086687307 0.35512734166666665 0.6427197820433437 0.39155065833333336 0.6685196315789473 0.41279759285714285 0.6806607374613003 0.43100925119047623 0.6928018427244582 0.44011508095238094 0.7079782247678019 0.42190342261904756
6 0.27864583333333326 0.4947916666666666 0.27604166666666663 0.5026041666666666 0.27864583333333337 0.5052083333333334 0.28385416666666663 0.5052083333333334 0.29427083333333337 0.5052083333333334 0.29947916666666663 0.4921875 0.27864583333333326 0.4947916666666666
