0 0.3273187498452012 0.44484687500000003 0.325025 0.4551609380952381 0.3245140625386997 0.4659453119047619 0.32425937523219817 0.47532343690476186 0.32910156222910214 0.4875140630952381 0.33114062476780187 0.48048124999999997 0.33190625015479874 0.46875937500000003 0.33114062476780187 0.4551609380952381 0.3273187498452012 0.44484687500000003
0 0.3474531250773994 0.44953437500000004 0.3426109374613003 0.4443765630952381 0.3380234377708979 0.436875 0.3354734377708978 0.43828125 0.33419999999999994 0.449065625 0.3336906247678018 0.457975 0.3321609374613003 0.470165625 0.33165156222910214 0.48048124999999997 0.33037656222910217 0.49314062500000005 0.33317968730650155 0.50251875 0.33649374984520125 0.5011109380952381 0.3387875003095975 0.49876718809523807 0.343375 0.49314062500000005 0.3479625003095975 0.4861078119047619 0.3522953126934985 0.4776671869047619 0.35204062476780185 0.46969687499999996 0.351275 0.46125625 0.3474531250773994 0.44953437500000004
0 0.3696703126934985 0.495415625 0.37156562476780186 0.493478125 0.3749359374613003 0.487278125 0.37472500000000003 0.483790625 0.37304062476780186 0.478365625 0.36903906253869967 0.47526562499999997 0.36693281238390096 0.476040625 0.36587968730650156 0.479528125 0.3667218749226006 0.487278125 0.3673531250773994 0.495415625 0.3696703126934985 0.495415625
0 0.4572937498452012 0.5380406249999999 0.4560296873065015 0.530678125 0.45497656222910215 0.524478125 0.4507640625386997 0.5237031249999999 0.4526609374613003 0.531840625 0.4572937498452012 0.540753125 0.4572937498452012 0.5380406249999999
0 0.48383437523219813 0.5295156249999999 0.48509843777089784 0.531453125 0.4836234377708979 0.514015625 0.4832015622291022 0.501615625 0.4829921876160991 0.49657812500000004 0.4825703126934984 0.492703125 0.480675 0.497740625 0.47751562476780185 0.508203125 0.47730468730650155 0.517115625 0.4792 0.5209906249999999 0.480675 0.525253125 0.48383437523219813 0.5295156249999999
0 0.4931015622291022 0.541915625 0.4949984377708978 0.547728125 0.4962609374613003 0.546953125 0.4968937498452012 0.542303125 0.49584062476780183 0.535328125 0.4947874996904025 0.5295156249999999 0.49057500000000004 0.525253125 0.48636093746130027 0.523315625 0.48615156222910216 0.527965625 0.48783593746130033 0.532615625 0.49078437523219814 0.5372656250000001 0.4931015622291022 0.541915625
0 0.5154296873065015 0.543465625 0.518167187616099 0.534165625 0.5169031250773993 0.5295156249999999 0.5147968749226006 0.5322281249999999 0.5126906247678019 0.534940625 0.5101640625386996 0.538815625 0.5072140625386997 0.543078125 0.5048968749226006 0.5465656249999999 0.5099531250773994 0.5465656249999999 0.5154296873065015 0.543465625
0 0.6078968749226007 0.5147906250000001 0.6100031250773994 0.508203125 0.6093718749226006 0.498128125 0.6093718749226006 0.489990625 0.6095828123839009 0.48572812499999996 0.6095828123839009 0.481853125 0.6072656247678019 0.482628125 0.6038953126934985 0.487665625 0.6022109374613003 0.495028125 0.6032640625386997 0.505490625 0.6045281250773994 0.510528125 0.6078968749226007 0.5147906250000001
0 0.6420203126934985 0.504715625 0.6451796873065015 0.507040625 0.6466546873065016 0.505103125 0.6432843752321982 0.495415625 0.6441265622291021 0.489215625 0.6441265622291021 0.482628125 0.6420203126934985 0.477590625 0.6382281250773993 0.482628125 0.6367546873065015 0.487665625 0.6365437498452013 0.492315625 0.6390718749226005 0.500065625 0.6420203126934985 0.504715625
0 0.7069203126934984 0.50863125 0.7004437498452013 0.50863125 0.6985937498452013 0.51146875 0.7022937498452013 0.514871875 0.7013687498452013 0.52621875 0.6985937498452013 0.5369984369047619 0.6979765622291022 0.54664375 0.7032187498452012 0.5574234369047619 0.7109296873065015 0.5665 0.7232640625386997 0.5682031249999999 0.734675 0.558557811904762 0.7411515622291022 0.550615625 0.738067187616099 0.53643125 0.7355999999999999 0.527354686904762 0.734675 0.515440625 0.7312828123839009 0.503525 0.7251156247678018 0.49615000000000004 0.7170968749226007 0.49955468690476196 0.7140125003095976 0.510334375 0.7069203126934984 0.50863125
2 0.6708390625386996 0.5284890630952381 0.6615874996904024 0.5341625 0.6548031250773995 0.5358640619047619 0.6474015622291022 0.53926875 0.6369156247678018 0.5415375 0.6375328123839009 0.54664375 0.6387656247678019 0.557990625 0.6399999999999999 0.5665 0.6440093752321981 0.5767125 0.6523359374613004 0.586925 0.6535687498452013 0.5965703119047618 0.6554187498452013 0.6079171880952381 0.6615874996904024 0.608484375 0.6652874996904025 0.603378125 0.6686796873065016 0.5971375 0.6739218749226006 0.6016765619047619 0.6794734377708979 0.6028109369047618 0.6816328123839009 0.593165625 0.6797812501547987 0.5767125 0.6844078123839009 0.5608265619047619 0.6760812501547988 0.527354686904762 0.6708390625386996 0.5284890630952381
9 0.7081531250773994 0.683940625 0.7164796873065016 0.6896140630952381 0.7152468749226006 0.684507811904762 0.7090796873065015 0.678834375 0.7019859374613002 0.6635156249999999 0.691192187616099 0.628340625 0.6816328123839009 0.5988390619047619 0.6763890625386997 0.6039453119047619 0.685025 0.624370313095238 0.6918093752321981 0.647064061904762 0.6998265622291022 0.668054688095238 0.7081531250773994 0.683940625
9 0.6637453126934985 0.638553125 0.6631296873065016 0.617560938095238 0.6634375003095976 0.605646875 0.6585031250773994 0.60961875 0.6594281250773993 0.6379859369047619 0.6646703126934985 0.660679686904762 0.6733062501547987 0.6833734369047619 0.6847156247678019 0.703229686904762 0.6680625003095975 0.661246875 0.6637453126934985 0.638553125
0 0.6248890625386997 0.5687703119047619 0.6292062501547988 0.5750109369047619 0.6319812501547988 0.5772796880952381 0.6316734377708978 0.5659328119047619 0.6304390625386997 0.5562890619047619 0.6273562501547988 0.5523171880952381 0.6236546873065015 0.5608265619047619 0.6248890625386997 0.5687703119047619
0 0.638457812383901 0.56706875 0.6387656247678019 0.560259375 0.6353734377708977 0.5517500000000001 0.6319812501547988 0.550615625 0.6341406247678019 0.5647984369047618 0.6362984377708979 0.57160625 0.638457812383901 0.56706875
0 0.3649171876160991 0.5886265619047619 0.3707765622291022 0.57160625 0.36830937523219814 0.5613953130952382 0.3643 0.5636640630952381 0.36090781238390096 0.5676359369047619 0.35998281238390095 0.5767125 0.3649171876160991 0.5886265619047619
2 0.30354687492260063 0.5194109369047619 0.29090312507739935 0.516575 0.2838093752321982 0.5500484369047619 0.28226874984520123 0.55685625 0.28720312507739937 0.5619625 0.2912109374613003 0.5625296880952381 0.2995374996904025 0.557990625 0.3023140625386997 0.555721875 0.30755625015479876 0.557990625 0.31434062476780184 0.5523171880952381 0.3248265622291021 0.550615625 0.3279093752321981 0.5347296869047619 0.32420937523219817 0.5341625 0.31927500000000003 0.533028125 0.31526562476780184 0.5307578130952381 0.3112562501547988 0.5256515619047619 0.3087890625386997 0.5256515619047619 0.30354687492260063 0.5194109369047619
2 0.24310312507739937 0.527921875 0.2418687498452012 0.53926875 0.23785937523219816 0.546076561904762 0.23693437523219815 0.555153125 0.232 0.5665 0.23354218761609907 0.57160625 0.23878593746130033 0.5812515619047619 0.24587812507739937 0.583520311904762 0.25142968730650156 0.573309375 0.25605468730650155 0.56706875 0.2619140625386997 0.560259375 0.26407343777089787 0.5534515630952381 0.27425 0.5500484369047619 0.28010937523219814 0.54664375 0.2720906247678018 0.522248436904762 0.2532796873065015 0.5029578119047619 0.24865312507739937 0.5029578119047619 0.2424859374613003 0.503525 0.2412531250773994 0.522815625 0.24310312507739937 0.527921875
0 0.26839062476780184 0.555153125 0.2656156247678018 0.555721875 0.2696234377708978 0.5659328119047619 0.273325 0.572173436904762 0.2761 0.5625296880952381 0.277025 0.5523171880952381 0.273325 0.555153125 0.26839062476780184 0.555153125
9 0.23390781238390093 0.5768671880952381 0.21456250030959753 0.6160656250000001 0.21652500000000002 0.618128125 0.22998281238390092 0.60265625 0.24119687492260064 0.5846046869047619 0.23390781238390093 0.5768671880952381
11 0.8216145832817336 0.5546875 0.7981770835913313 0.5091145833333334 0.7473958334365325 0.5390625 0.7643229164086687 0.6263020833333334 0.8216145832817336 0.5546875
11 0.26041666687306503 0.32421875 0.2369791665634675 0.26953125 0.2213541665634675 0.2643229166666667 0.21484374984520122 0.3854166666666667 0.25520833312693497 0.3854166666666667 0.26041666687306503 0.32421875
11 0.765625 0.2994791666666667 0.7526041665634675 0.2903645833333333 0.703125 0.3802083333333333 0.7617187498452012 0.4049479166666667 0.765625 0.2994791666666667
11 0.42838541671826624 0.2810197916666667 0.41276041671826624 0.19898854166666666 0.38151041671826624 0.20289479166666666 0.390625 0.3411458333333333 0.416666666873065 0.35546875 0.4348958334365325 0.33203125 0.42838541671826624 0.2810197916666667
30 0.395833333126935 0.419040625 0.3932291665634675 0.5114885416666667 0.41276041671826624 0.5114885416666667 0.421875 0.5075822916666667 0.4244791665634675 0.4203427083333333 0.395833333126935 0.419040625
