0 0.24681718761609908 0.764389061904762 0.24681718761609908 0.7491703130952381 0.24419062476780187 0.7430828119047619 0.23931250030959753 0.7476484380952381 0.23593593746130032 0.761345311904762 0.23893749969040246 0.77428125 0.2464421876160991 0.7750421869047619 0.24681718761609908 0.764389061904762
0 0.27645937523219816 0.7826515619047619 0.2835890625386997 0.7788468749999999 0.2839640625386997 0.7697156249999999 0.2779609374613003 0.767432813095238 0.27120625015479877 0.76819375 0.26670468730650154 0.775803125 0.27045625015479874 0.7834125000000001 0.27645937523219816 0.7826515619047619
8 0.32899062476780183 0.6913390619047619 0.3241140625386997 0.680685936904762 0.31848437523219814 0.6799249999999999 0.30947968730650155 0.698948438095238 0.3016 0.715689063095238 0.2978484377708978 0.7217765619047619 0.2982234377708978 0.7392781249999999 0.30085 0.7476484380952381 0.30685312507739937 0.7590625 0.31173125015479874 0.7605843750000001 0.3211109374613003 0.744604688095238 0.32824062476780186 0.730907811904762 0.33311874984520123 0.720254686904762 0.33349374984520125 0.702753125 0.32899062476780183 0.6913390619047619
8 0.40065937523219813 0.656334375 0.3924031250773994 0.6373109380952381 0.38639999999999997 0.6449203130952381 0.3800218749226006 0.6624234380952382 0.37439374984520124 0.6981875 0.3736421876160991 0.7354734369047619 0.37289218761609905 0.7430828119047619 0.37514374984520127 0.7430828119047619 0.38639999999999997 0.736234375 0.3916531250773994 0.736995313095238 0.4029093752321981 0.7400390619047619 0.40403593746130034 0.736234375 0.4066624996904025 0.715689063095238 0.4074125003095975 0.6882953130952381 0.40065937523219813 0.656334375
8 0.4224218749226006 0.660140625 0.41116562476780183 0.660140625 0.4047859374613003 0.6761203119047619 0.40253437523219815 0.7172109380952381 0.41191562476780186 0.7217765619047619 0.42092031269349844 0.7278640630952381 0.4273 0.736234375 0.4336781250773994 0.73775625 0.4340531250773994 0.730907811904762 0.43067656222910217 0.71645 0.4261734377708978 0.7035140630952381 0.4250484377708978 0.68296875 0.4224218749226006 0.660140625
9 0.3939046873065015 0.67688125 0.39578125015479876 0.643398436904762 0.3890265622291022 0.6890562499999999 0.3882765622291022 0.647964063095238 0.3849 0.7232984369047619 0.385275 0.732429686904762 0.3916531250773994 0.729385938095238 0.3916531250773994 0.6981875 0.3939046873065015 0.67688125
2 0.4374312501547987 0.7765640619047619 0.4366796873065016 0.797109375 0.4389312501547988 0.81385 0.44230781238390093 0.8070015630952381 0.4471859374613003 0.793304686904762 0.44868750030959753 0.7796078130952381 0.4460609374613003 0.768954688095238 0.4415578123839009 0.767432813095238 0.4374312501547987 0.7765640619047619
2 0.46369687492260064 0.818415625 0.4659468749226006 0.7955875 0.46444687492260056 0.76210625 0.4573171876160991 0.7491703130952381 0.45394062476780184 0.7499312499999999 0.45206406253869974 0.764389061904762 0.4591937498452012 0.7765640619047619 0.4561921876160991 0.787978125 0.45806718761609905 0.800914061904762 0.46369687492260064 0.818415625
2 0.5672578123839009 0.759823438095238 0.5605031250773994 0.7468874999999999 0.5575015622291022 0.7484093749999999 0.5545 0.7605843750000001 0.55525 0.7765640619047619 0.5560015622291022 0.7872171880952381 0.5612546873065015 0.800914061904762 0.5683828123839009 0.8077624999999999 0.5687578123839009 0.787978125 0.5668828123839009 0.7697156249999999 0.5672578123839009 0.759823438095238
0 0.5683828123839009 0.7484093749999999 0.5665078123839009 0.759823438095238 0.567632812383901 0.7773249999999999 0.5698843752321981 0.7948265630952381 0.5751375003095975 0.8039578130952381 0.5796406247678019 0.7986312499999999 0.5830171876160991 0.78645625 0.5788890625386997 0.76515 0.5728859374613003 0.754496875 0.5683828123839009 0.7484093749999999
2 0.6021531250773994 0.7712375 0.6014031250773993 0.7872171880952381 0.6047796873065016 0.79254375 0.6134093752321982 0.787978125 0.6194140625386997 0.784934375 0.6212890625386998 0.7750421869047619 0.6190390625386997 0.767432813095238 0.6141609374613003 0.763628125 0.6081562501547987 0.764389061904762 0.6040296873065015 0.764389061904762 0.6021531250773994 0.7712375
2 0.6734453126934985 0.7796078130952381 0.6839515622291023 0.7765640619047619 0.6925812501547988 0.770476561904762 0.7008374996904025 0.757540625 0.709092187616099 0.7484093749999999 0.7113437498452012 0.7408 0.7083406247678019 0.7263421869047619 0.7027125003095975 0.708840625 0.6993359374613003 0.7050359380952381 0.6955843752321982 0.708840625 0.6854531250773994 0.705796875 0.679825 0.698948438095238 0.6764468749226006 0.699709375 0.6704437498452013 0.714928125 0.6648156247678019 0.721015625 0.6546843752321981 0.729385938095238 0.6501812501547988 0.741560936904762 0.650557812383901 0.763628125 0.6584374996904024 0.7780859380952381 0.6734453126934985 0.7796078130952381
2 0.7488656247678018 0.71340625 0.7462390625386996 0.7187328130952381 0.7436125003095975 0.7194937499999999 0.7406109374613002 0.7232984369047619 0.737232812383901 0.7301468750000001 0.7338562501547988 0.7408 0.7387343752321981 0.7461265630952381 0.7432375003095976 0.7499312499999999 0.751117187616099 0.7529750000000001 0.7578703126934985 0.754496875 0.7616234377708979 0.742321875 0.7608718749226007 0.7263421869047619 0.7574953126934985 0.7187328130952381 0.7544937498452012 0.7141671869047619 0.7488656247678018 0.71340625
9 0.6959593752321981 0.641115625 0.6967093752321981 0.625896875 0.6948328123839009 0.6030687499999999 0.6919609374613004 0.647110938095238 0.6886703126934985 0.669779686904762 0.6833640625386997 0.692665625 0.6873281250773994 0.696665625 0.694457812383901 0.6624234380952382 0.6959593752321981 0.641115625
9 0.6689437498452013 0.7050359380952381 0.6715703126934984 0.6974265630952381 0.666317187616099 0.6799249999999999 0.6633140625386997 0.666228125 0.6603125003095975 0.647203125 0.6603125003095975 0.604590625 0.6580609374613002 0.6182875 0.6569359374613003 0.640354688095238 0.6584374996904024 0.6654671880952381 0.6633140625386997 0.6860125 0.6689437498452013 0.7050359380952381
9 0.6779484377708979 0.6023078119047619 0.6741968749226006 0.6555734369047619 0.679825 0.654051561904762 0.6779484377708979 0.6023078119047619
7 0.7421109374613003 0.96043125 0.735357812383901 0.9581484380952381 0.7282281250773994 0.9444515619047619 0.7274781250773994 0.9520609369047619 0.7301046873065016 0.9695625 0.7387343752321981 0.9863031250000001 0.751117187616099 0.9939125 0.766125 0.9916296880952381 0.7747562501547988 0.9855421869047619 0.7837609374613004 0.968040625 0.7837609374613004 0.9505390630952381 0.7807593752321981 0.9307546880952381 0.7766312501547988 0.912492188095238 0.7676265622291021 0.9003171869047619 0.7608718749226007 0.8927078119047619 0.7676265622291021 0.9231453130952381 0.7710031250773994 0.9414078119047619 0.7717546873065015 0.9627140619047618 0.7657499999999999 0.9695625 0.7574953126934985 0.955865625 0.751867187616099 0.9414078119047619 0.751117187616099 0.9444515619047619 0.749240624767802 0.9535828130952381 0.7421109374613003 0.96043125
0 0.7124687498452013 0.8927078119047619 0.7214734377708978 0.8896640619047619 0.7289781250773995 0.879771875 0.736482812383901 0.87825 0.7421109374613003 0.870640625 0.7466140625386998 0.853139063095238 0.7454890625386997 0.8348765619047618 0.7391093752321981 0.8424859380952381 0.7297296873065016 0.852378125 0.7256015622291021 0.860748438095238 0.7124687498452013 0.858465625 0.7000859374613003 0.84476875 0.6955843752321982 0.85085625 0.6985859374613003 0.8714015630952381 0.6997109374613003 0.87825 0.7124687498452013 0.8927078119047619
2 0.39990781238390094 0.88129375 0.3995328123839009 0.8683578130952381 0.3950296873065015 0.8599875 0.3882765622291022 0.8546609369047619 0.3830234377708978 0.853139063095238 0.37589374984520124 0.856182811904762 0.37026562476780184 0.860748438095238 0.37176718761609906 0.870640625 0.3740187498452013 0.877489061904762 0.3777703126934985 0.883576563095238 0.3807718749226007 0.8805328130952381 0.3826484377708978 0.885859375 0.38565 0.894990625 0.3912781250773994 0.895751561904762 0.39578125015479876 0.8927078119047619 0.39990781238390094 0.88129375
0 0.3668890625386997 0.898034375 0.37289218761609905 0.8942296880952381 0.3736421876160991 0.8805328130952381 0.37064062476780185 0.8668359369047619 0.3668890625386997 0.879010936904762 0.36538750030959755 0.8896640619047619 0.3668890625386997 0.898034375
2 0.30422656222910216 0.894990625 0.3057281250773994 0.885859375 0.30685312507739937 0.8668359369047619 0.30535156222910215 0.856182811904762 0.30235 0.849334375 0.2952218749226006 0.8478125000000001 0.2884671876160991 0.8409640619047619 0.2839640625386997 0.8356375 0.2768359374613003 0.824982813095238 0.26857968730650156 0.81965625 0.26332656222910217 0.824221875 0.2625765622291022 0.8363984369047619 0.2607 0.8516171869047618 0.2625765622291022 0.8668359369047619 0.2622015622291022 0.87825 0.2625765622291022 0.8919468749999999 0.2625765622291022 0.907926561904762 0.26933125015479875 0.9071656250000001 0.27645937523219816 0.91173125 0.2779609374613003 0.91781875 0.28283906253869967 0.92695 0.28809218761609906 0.9208625 0.2937203126934984 0.912492188095238 0.2993484377708978 0.901078125 0.301225 0.8965125 0.30422656222910216 0.894990625
1 0.3488781250773994 0.8440078130952381 0.3244890625386997 0.8402031249999999 0.30985468730650156 0.8478125000000001 0.3076031250773994 0.8668359369047619 0.3087296873065016 0.8934687499999999 0.31323125015479875 0.8965125 0.32711562476780187 0.8995562500000001 0.3462515622291022 0.8987953130952381 0.3631359374613003 0.888903125 0.36876562476780184 0.877489061904762 0.3698906247678019 0.852378125 0.3642624996904025 0.8341156249999999 0.35563281238390093 0.8379203119047619 0.3488781250773994 0.8440078130952381
2 0.3237375003095975 0.8896640619047619 0.31848437523219814 0.895751561904762 0.32223750030959747 0.9064046880952381 0.32636406253869965 0.919340625 0.33349374984520125 0.916296875 0.3406234377708978 0.916296875 0.34550156222910217 0.9094484380952381 0.3511296873065015 0.9048828119047618 0.35563281238390093 0.895751561904762 0.3511296873065015 0.890425 0.3357453126934985 0.888903125 0.3237375003095975 0.8896640619047619
9 0.344375 0.913253125 0.33612031269349846 0.914014063095238 0.3387468749226006 0.91781875 0.3413734377708978 0.92999375 0.3402484377708978 0.9611921880952381 0.3406234377708978 0.9847812499999999 0.34550156222910217 0.9870640619047619 0.3462515622291022 0.9649968750000001 0.3458765622291022 0.939125 0.344375 0.913253125
9 0.3233624996904025 0.9094484380952381 0.3196109374613003 0.9231453130952381 0.3124812501547988 0.9528218749999999 0.30610312507739934 0.9855421869047619 0.31060468730650154 0.9824984369047619 0.31473281238390094 0.9665187500000001 0.32036093746130034 0.945973436904762 0.32786562476780184 0.9216234380952381 0.3233624996904025 0.9094484380952381
9 0.2625765622291022 0.9026 0.260325 0.9185796869047619 0.2528203126934984 0.9414078119047619 0.24869374984520123 0.9824984369047619 0.25094531269349846 0.97260625 0.2554468749226006 0.955865625 0.260325 0.9360812500000001 0.2689562501547988 0.9064046880952381 0.2625765622291022 0.9026
9 0.28133750030959753 0.940646875 0.2768359374613003 0.9649968750000001 0.27458437523219814 0.9870640619047619 0.2805874996904025 0.971845313095238 0.2832140625386997 0.9543437499999999 0.2884671876160991 0.92695 0.2824640625386997 0.9246671880952381 0.28133750030959753 0.940646875
