0 0.26282343777089784 0.59405625 0.27326250030959753 0.600740625 0.28479843777089786 0.600740625 0.2946874996904025 0.6040828119047619 0.30567343777089784 0.5985125 0.30897031269349845 0.5840296880952381 0.30897031269349845 0.5706609369047619 0.3012796873065015 0.55951875 0.2979828123839009 0.556176561904762 0.2902921876160991 0.552834375 0.2837 0.548378125 0.27271249969040245 0.5450359369047619 0.26941562476780184 0.5494921880952381 0.26007656222910214 0.5550625 0.25897812507739937 0.5628609369047619 0.26282343777089784 0.59405625
0 0.3111671876160991 0.6118812499999999 0.3166609374613003 0.6107671880952381 0.3199578123839009 0.6018546880952381 0.3172109374613003 0.5862578119047619 0.30842031269349846 0.591828125 0.3067734377708978 0.6040828119047619 0.3111671876160991 0.6118812499999999
0 0.6314468749226007 0.6129953119047619 0.6270515622291022 0.614109375 0.6188109374613003 0.621909375 0.6182625003095975 0.6419625 0.6259531250773994 0.647532813095238 0.6336437498452012 0.6453046880952381 0.6363906247678018 0.63750625 0.6374890625386997 0.6196796880952381 0.6314468749226007 0.6129953119047619
0 0.6682546873065016 0.6742703130952381 0.6770437498452012 0.678728125 0.6896796873065015 0.6742703130952381 0.6907781250773993 0.658673436904762 0.6874812501547988 0.62859375 0.686382812383901 0.6063109369047619 0.6852843752321981 0.578459375 0.6770437498452012 0.5806875 0.6704515622291022 0.5851437500000001 0.6666062501547987 0.5896 0.6578156247678019 0.5973984369047619 0.6490265622291022 0.600740625 0.6413359374613002 0.6152234369047619 0.6429828123839009 0.6397343750000001 0.6545203126934984 0.6698140619047619 0.6682546873065016 0.6742703130952381
0 0.7028640625386997 0.5684328130952381 0.6946234377708977 0.574003125 0.6902281250773993 0.5951703119047619 0.6935250000000001 0.6118812499999999 0.7012156247678019 0.6085390619047619 0.7105546873065016 0.6040828119047619 0.7155 0.5896 0.7105546873065016 0.5751171869047619 0.7028640625386997 0.5684328130952381
0 0.6484765622291021 0.5160703130952381 0.6435328123839009 0.5194125 0.6413359374613002 0.5361234380952381 0.6490265622291022 0.5450359369047619 0.6484765622291021 0.5160703130952381
7 0.6984687498452012 0.692096875 0.7039624996904025 0.714378125 0.7045124996904025 0.74223125 0.6957218749226007 0.7444593749999999 0.6913281250773994 0.727746875 0.6852843752321981 0.709921875 0.6770437498452012 0.6842984380952382 0.6704515622291022 0.6898687499999999 0.6704515622291022 0.7088078130952381 0.6742968749226006 0.7299749999999999 0.6720999999999999 0.7411171869047619 0.6666062501547987 0.740003125 0.6638593752321982 0.727746875 0.658915624767802 0.7088078130952381 0.6600140625386997 0.738889061904762 0.6644078123839009 0.754485936904762 0.6737484377708978 0.7700828130952381 0.685834375232198 0.773425 0.7006671876160991 0.767854688095238 0.7122031250773995 0.757828125 0.7149500000000001 0.735546875 0.7127531250773994 0.71660625 0.7061609374613004 0.6965531250000001 0.6984687498452012 0.692096875
2 0.6773843752321982 0.4904453130952381 0.6674781250773995 0.4971421869047619 0.6612859374613004 0.5021640630952381 0.6550953126934984 0.520578125 0.6575718749226006 0.5423421869047619 0.6575718749226006 0.5507125 0.664175 0.5548968750000001 0.6790343752321981 0.5482015619047619 0.6893531250773994 0.544015625 0.7021484377708977 0.53899375 0.7009093752321981 0.529785936904762 0.6984343752321982 0.5138828130952381 0.6951312501547987 0.4963046880952381 0.6877015622291022 0.4904453130952381 0.6773843752321982 0.4904453130952381
11 0.7259387312693499 0.308312994047619 0.7259387312693499 0.3489147011904762 0.7259387312693499 0.4285565345238095 0.7431234736842106 0.4504190297619048 0.7634326489164086 0.43948778214285716 0.7774927195046439 0.4348029785714286 0.7618703133126935 0.3520379238095238 0.7464843393188855 0.3128906261904762 0.7259387312693499 0.308312994047619
11 0.2541421145510836 0.4051324595238095 0.23539527492260062 0.45510383214285716 0.25882888359133127 0.4629118583333333 0.2775757232198142 0.4785279083333333 0.2885114792569659 0.46135027619047614 0.28538692631578944 0.3551611452380952 0.2777343393188854 0.3285156261904762 0.257266666873065 0.36609233333333335 0.2541421145510836 0.4051324595238095
11 0.2103994489164087 0.6206340023809525 0.20415046253869967 0.6752901797619048 0.21196166563467492 0.6862213666666666 0.25257989783281737 0.6097027559523809 0.2541421145510836 0.5831555773809524 0.23851970835913314 0.5675395273809524 0.2338330575851393 0.5566081607142858 0.21196166563467492 0.5300608630952381 0.1859374643962848 0.6312500011904761 0.2103994489164087 0.6206340023809525
