0 0.2534326649367813 0.5976472793533768 0.2619039196522408 0.5433497962062401 0.31404775559201425 0.5514842464237353 0.30557678130173827 0.6057814799009422
0 0.3214061488132529 0.6100781898239239 0.30823772393046056 0.61239712244093 0.304042569616513 0.5885767399710694 0.31721093750002183 0.5862578124999964
0 0.6357357103174763 0.6481355233120807 0.6172650007480343 0.6469975320157626 0.619405934710926 0.6122534605842375 0.6378765212198232 0.6133914480791084
0 0.696072871172646 0.5670227871099858 0.7191913846595526 0.5718227816499176 0.7101563256181862 0.615334325086697 0.6870378179353338 0.6105343497472953
2 0.7038564805127407 0.5487217708765312 0.6583638108839978 0.5558011929958797 0.6488829944539702 0.4948806251700266 0.6943752302079247 0.4878012372111123
11 0.2908961232026286 0.4837462788647018 0.2447645558969498 0.4851563464510311 0.23896428237674172 0.2953887029215316 0.28509479143667704 0.2939786517199684
7 0.653198821725482 0.8181539589822511 0.6278200760489199 0.8308408430167082 0.6113479160259203 0.797896459028715 0.6367264692323715 0.7852096326162337
0 0.6891072856811888 0.6757058579382547 0.6455743001938572 0.6778515851694497 0.6421740987350404 0.6088696303855881 0.6857064955310079 0.6067239177119035
11 0.6978845749999891 0.29948745156249934 0.749774850802396 0.2875132712236334 0.7827496779482317 0.43040503829822624 0.7308594360847565 0.4423791219411911
7 0.7125076127495049 0.7213217153603355 0.71191689506486 0.7572079998011076 0.687899996364763 0.7568126476720417 0.688490809407881 0.7209264602251844
7 0.6831282959467444 0.7628242198248477 0.6640321311572279 0.7646904516257197 0.6599560152301365 0.7229878059464623 0.6790519996980038 0.7211215830364852