0 0.25278598639397387 0.5286265625000001 0.23788747118032916 0.5286265625000001 0.23788754117015287 0.47214375000000003 0.2527859280656912 0.47214375000000003
0 0.2563984319649535 0.4771265619529713 0.2624964248713013 0.4777292251728622 0.2580841604702755 0.5223709873730135 0.2519861678674715 0.5217683262139403
2 0.34458657737491194 0.536145915424973 0.3046628077322566 0.5443557333196567 0.28867185150136265 0.466597753471091 0.3285951437781023 0.45838798674577474
9 0.31800897762616387 0.46621193337828176 0.3048124899155482 0.46776603962834007 0.29457866293262214 0.38087128466312375 0.30777499999999236 0.37931718750000026
9 0.32411581737494544 0.38212450833713324 0.3306322599161149 0.3821463567843162 0.3303272893568874 0.47310099762460456 0.32381084681651373 0.4730791493070394
9 0.6428779031282374 0.47069837642449225 0.6378765525302015 0.47071367056885804 0.6376502621676536 0.3967121690661136 0.6426515624999638 0.396696875
9 0.6555587431259937 0.44462545449841473 0.6519102059710349 0.4442782740503485 0.658550536927919 0.3744986579985328 0.6621990415261507 0.37484583685989814
9 0.6664530849429866 0.4087093652869943 0.6701687276524808 0.4096103313115493 0.6558465298272722 0.46867261312066877 0.6521308883957317 0.46777165077680133
1 0.6649110711532558 0.6267881945145407 0.6534803487675163 0.5724284176406212 0.7046344076526339 0.5616729481474565 0.716065317112907 0.6160324676119393
9 0.7105161453738447 0.6563580064262201 0.7143282632301862 0.6548749528912969 0.7298151859506561 0.6946779112390515 0.7260030716063284 0.6961609582720286
9 0.7131549281456273 0.7139858586096787 0.7066242706439425 0.7161267886633554 0.6826116251286294 0.6428893507712564 0.6891421875000106 0.6407484374999872
0 0.6104980438958592 0.6170231358838133 0.6038081296605924 0.6174432838244784 0.6019364521450825 0.5876440431254099 0.608626329762842 0.5872238963395378
1 0.3909004326322929 0.6524311474208727 0.35863069480114973 0.6500377368817036 0.3636127359010288 0.582877157529668 0.3958820687214484 0.5852705530400998
2 0.3172133008088167 0.635915056013939 0.27606037694783936 0.6341931957478582 0.2786578006188165 0.5721271579370801 0.3198102568383092 0.5738490084362388
9 0.3247921356913821 0.6443499874848472 0.3304120418583807 0.6457075610345964 0.309481150741135 0.7323423050993588 0.3038612490029209 0.730984744275859
9 0.3439419149397054 0.645670501407811 0.3548700700525842 0.6468901568797452 0.3435984654041704 0.7478696422948424 0.33267031249999945 0.7466500000000037
9 0.37144529327088094 0.7120515602465162 0.37485988136791093 0.7124517193756887 0.37034583779643526 0.750964219905156 0.36693124999999327 0.7505640624999994
6 0.6083955650038888 0.5814832592497465 0.669963069714413 0.5784803483593619 0.6748487444078819 0.6786377435182595 0.6132812421997187 0.6816406253804483
6 0.6208675068777438 0.5549799897940785 0.5869053911960691 0.5500583132776846 0.5998274075942618 0.4608986696532709 0.6337890625 0.4658203124999992
2 0.32575007547166024 0.6510542939525243 0.32382396739217256 0.6240739414465726 0.35459419218750554 0.6218775484374461 0.35652037458498853 0.6488578199878251
1 0.32210666639309693 0.5775838875820662 0.36938191108549745 0.5824770139485969 0.36261613869771736 0.6478376297909539 0.31534089849571956 0.6429445334100006
2 0.6450889220084264 0.4927501419987461 0.6548744080201914 0.4933675587826241 0.6530650794525172 0.5220415255039219 0.6432795935691047 0.5214241100914121