2 0.21814218761609905 0.5111828119047619 0.21206718761609908 0.5233609380952381 0.20875468730650154 0.5365515619047618 0.21206718761609908 0.5467 0.21648437523219816 0.550759375 0.2236640625386997 0.548729688095238 0.2369171876160991 0.553803125 0.2485140625386997 0.5578624999999999 0.2529312501547988 0.5558328130952381 0.25514062476780186 0.5223453119047619 0.24961874984520124 0.51016875 0.24906562476780186 0.4939328130952381 0.24409687492260063 0.47668281309523813 0.23470781238390093 0.4736375 0.22863437523219812 0.4797265619047619 0.22476874984520123 0.4908890619047619 0.22145468730650153 0.5040796880952381 0.21814218761609905 0.5111828119047619
9 0.24697812507739936 0.4840359380952381 0.25264531269349844 0.467371875 0.2537796873065016 0.4533125 0.2506625003095975 0.436128125 0.24782812507739937 0.4137375 0.24527812507739938 0.40384375 0.24386093746130033 0.40696718809523813 0.24357812507739937 0.416340625 0.2396109374613003 0.4090515630952381 0.23819374984520125 0.40696718809523813 0.2387609374613003 0.41477812500000005 0.2444281250773994 0.4319625 0.24527812507739938 0.4553953119047619 0.24102812507739937 0.4710171880952381 0.24074374984520122 0.47518281309523813 0.24386093746130033 0.48143125 0.24697812507739936 0.4840359380952381
9 0.225725 0.437690625 0.22714218761609906 0.45487500000000003 0.22799218761609907 0.4684140630952381 0.228275 0.4767453130952381 0.23507656222910214 0.4710171880952381 0.23110937523219816 0.45643750000000005 0.22884218761609906 0.43560781190476194 0.22629218761609907 0.41217499999999996 0.22317499999999998 0.3929078130952381 0.22544218761609908 0.42258906190476186 0.225725 0.437690625
0 0.31442187492260065 0.546521875 0.31385468730650157 0.5585 0.3152718749226006 0.5673515619047619 0.32037343777089783 0.564226561904762 0.3229234377708978 0.551209375 0.3217890625386997 0.546521875 0.31555468730650155 0.541315625 0.31442187492260065 0.546521875
0 0.33737500000000004 0.549646875 0.33709218761609905 0.5574578130952381 0.33709218761609905 0.5631859380952381 0.3419093752321981 0.564226561904762 0.3433265622291022 0.5590203130952381 0.34502656222910216 0.54704375 0.34020937523219813 0.546521875 0.33737500000000004 0.549646875
0 0.4161531250773994 0.574120313095238 0.41360312507739944 0.5699546880952381 0.4104859374613003 0.5814109380952381 0.41077031269349845 0.5933875 0.4116203126934984 0.602760936904762 0.4161531250773994 0.5965125 0.42040468730650155 0.58818125 0.41870468730650157 0.5803703130952381 0.4161531250773994 0.574120313095238
0 0.40935312507739935 0.5965125 0.41105312507739933 0.5829734380952382 0.4073687498452012 0.5689140619047619 0.4034015622291022 0.574120313095238 0.40255156222910216 0.58349375 0.40396874984520126 0.589221875 0.40311874984520124 0.5970328130952381 0.4048187498452012 0.602240625 0.40708593746130034 0.60484375 0.40935312507739935 0.5965125
0 0.6405874996904025 0.5121546880952381 0.6388874996904025 0.5204859380952381 0.6403046873065015 0.5324625000000001 0.6456890625386996 0.5251734380952381 0.6488062501547989 0.52100625 0.6465390625386996 0.5095515619047619 0.6425718749226007 0.50590625 0.6405874996904025 0.5121546880952381
2 0.6578734377708978 0.5387109369047619 0.6550390625386997 0.552771875 0.6533390625386997 0.5637062500000001 0.6570234377708978 0.5647484380952381 0.6621250000000001 0.564226561904762 0.6694921876160991 0.560582813095238 0.6765765622291021 0.5569375 0.6813937498452013 0.5543328130952381 0.6853609374613002 0.549126561904762 0.6833781250773995 0.5392328119047619 0.6788437498452012 0.528296875 0.6726093752321982 0.52569375 0.670059375232198 0.52100625 0.666375 0.5158 0.6595734377708978 0.518403125 0.6564562501547988 0.5220484380952382 0.6570234377708978 0.5277765630952381 0.6578734377708978 0.5387109369047619
2 0.7125656247678018 0.5033015619047618 0.7128484377708978 0.5105921880952381 0.7060468749226007 0.5163203130952381 0.7080312501547988 0.5376703119047619 0.7125656247678018 0.534025 0.7162484377708979 0.5376703119047619 0.7210671876160991 0.5392328119047619 0.7258843752321981 0.5319421869047619 0.7290015622291021 0.5319421869047619 0.7349515622291021 0.5303796869047619 0.7411859374613002 0.5194453130952381 0.7369359374613003 0.495490625 0.7315515622291021 0.48768124999999996 0.7253171876160991 0.4882015630952381 0.722767187616099 0.4908046869047619 0.721917187616099 0.49757500000000005 0.7193656247678019 0.4996578119047619 0.7156828123839009 0.500178125 0.7125656247678018 0.5033015619047618
2 0.6955625003095974 0.60640625 0.6995296873065014 0.5996359369047619 0.6978296873065015 0.5902640630952382 0.6907453126934985 0.5928671880952381 0.6893281250773994 0.5959921880952381 0.6822437498452013 0.593909375 0.6813937498452013 0.6011984369047619 0.673742187616099 0.60484375 0.6782765622291022 0.613175 0.6850781250773994 0.619423436904762 0.6901781250773994 0.6147375 0.6955625003095974 0.60640625
0 0.667792187616099 0.6470234380952381 0.670625 0.654832811904762 0.6740265622291021 0.660040625 0.6777093752321982 0.656917188095238 0.6808265622291022 0.649626561904762 0.6813937498452013 0.637128125 0.6757265622291021 0.627234375 0.6731765622291022 0.6215078130952381 0.6683578123839009 0.6157796869047619 0.6632578123839009 0.6225484369047619 0.6615578123839009 0.6308796869047619 0.6635406247678018 0.6376499999999999 0.667792187616099 0.6470234380952381
0 0.6584406247678019 0.62619375 0.6561734377708979 0.630359375 0.6539062501547989 0.6386906250000001 0.6575906247678018 0.6470234380952381 0.6598578123839008 0.6522296880952381 0.663825 0.6537921880952381 0.6618406247678018 0.6386906250000001 0.6612734377708979 0.632442186904762 0.6584406247678019 0.62619375
0 0.6159343752321982 0.665248438095238 0.6184843752321981 0.650146875 0.616217187616099 0.6444187499999999 0.6105499999999999 0.642335938095238 0.6094156247678019 0.651709375 0.6131 0.663165625 0.6159343752321982 0.665248438095238
2 0.6159343752321982 0.625673436904762 0.6173515622291021 0.634004686904762 0.6227343752321981 0.6350453130952382 0.6289687498452012 0.6350453130952382 0.6301031250773994 0.6438984380952381 0.6332203126934984 0.650667188095238 0.6394546873065015 0.6553546880952381 0.6405874996904025 0.6470234380952381 0.6417218749226007 0.6407734380952381 0.6465390625386996 0.643378125 0.6505062501547988 0.6386906250000001 0.6533390625386997 0.62931875 0.6530562501547988 0.6152578130952381 0.6507890625386996 0.609009375 0.6374703126934984 0.6152578130952381 0.6255687498452013 0.619945313095238 0.6159343752321982 0.625673436904762
2 0.5915640625386996 0.6376499999999999 0.5864625003095976 0.6397328130952382 0.5810781250773994 0.642335938095238 0.5807953126934985 0.650667188095238 0.5830625003095975 0.656395311904762 0.5861796873065016 0.6605609380952381 0.5907140625386996 0.658478125 0.5952468749226006 0.656917188095238 0.5949640625386997 0.665248438095238 0.5972312501547987 0.6751421880952381 0.6037484377708978 0.6793078130952381 0.6077156247678018 0.6756625 0.6102671876160991 0.663165625 0.6105499999999999 0.651709375 0.6077156247678018 0.640253125 0.6043156247678019 0.6350453130952382 0.5992140625386997 0.6376499999999999 0.5915640625386996 0.6376499999999999
2 0.3577781250773994 0.6444187499999999 0.3529609374613003 0.6407734380952381 0.34786093746130037 0.6350453130952382 0.3413421876160991 0.6334843750000001 0.33595781238390093 0.6407734380952381 0.33284062476780185 0.6454609380952381 0.32689062476780184 0.6449390619047619 0.3249062501547988 0.650667188095238 0.32263906253869973 0.658478125 0.32377343777089784 0.66733125 0.3297234377708978 0.6694140630952381 0.3336906247678018 0.66576875 0.33680781238390095 0.664728125 0.34162656222910215 0.6709765630952381 0.34559374984520125 0.6694140630952381 0.3509765622291022 0.666289063095238 0.35352812507739934 0.658478125 0.35891250030959754 0.661603125 0.3617453126934984 0.655875 0.3634453126934985 0.6428562499999999 0.3611781250773994 0.641815625 0.3577781250773994 0.6444187499999999
2 0.30082031269349846 0.655875 0.3081875003095975 0.657957811904762 0.3149890625386997 0.6595203119047619 0.3206562501547987 0.657957811904762 0.3263234377708978 0.6470234380952381 0.33114062476780187 0.643378125 0.33482500000000004 0.6329625 0.3192390625386997 0.6314015630952381 0.31442187492260065 0.627234375 0.3042203126934985 0.62619375 0.2977031250773994 0.62463125 0.2960031250773994 0.6392125 0.2965687498452012 0.650146875 0.30082031269349846 0.655875
0 0.28155 0.64754375 0.2801328123839009 0.6610828119047619 0.28325 0.6595203119047619 0.29005156222910217 0.657957811904762 0.29260156222910216 0.6543125 0.29260156222910216 0.6465015619047619 0.29175156222910215 0.640253125 0.28806718761609906 0.6329625 0.28551718761609907 0.634004686904762 0.2841 0.6355671869047619 0.28211718761609905 0.6392125 0.28155 0.64754375
0 0.2801328123839009 0.619423436904762 0.27333281238390095 0.6225484369047619 0.2710656247678019 0.6308796869047619 0.26936562476780185 0.6454609380952381 0.27219843777089786 0.6532718750000001 0.27815 0.651189061904762 0.2812671876160991 0.6397328130952382 0.28268437523219814 0.62931875 0.2801328123839009 0.619423436904762
2 0.23819374984520125 0.618382813095238 0.23989374984520123 0.62775625 0.23932656222910217 0.637128125 0.2444281250773994 0.6438984380952381 0.2512296873065016 0.64910625 0.25491250030959756 0.6470234380952381 0.2560468749226006 0.6428562499999999 0.26171406253869967 0.641815625 0.27276562476780186 0.6121343749999999 0.25972968730650153 0.6079687500000001 0.2506625003095975 0.600678125 0.24669531269349845 0.6011984369047619 0.24216093746130032 0.5985953130952381 0.2404609374613003 0.609009375 0.23819374984520125 0.618382813095238
13 0.43920263900928797 0.7063731738095238 0.3444267244582043 0.6928234666666667 0.30276697523219814 0.676146780952381 0.21632296284829722 0.6500895988095238 0.22986241300309598 0.6688507904761904 0.28297857770897833 0.676146780952381 0.39441837647058825 0.7261766785714286 0.5350200315789474 0.7136692440476191 0.5923021876160991 0.7084577988095239 0.6422939981424148 0.6907388404761905 0.6985345969040248 0.6615548000000001 0.7346276452012385 0.6381450797619048 0.7318623647058824 0.6344552654761905 0.7329039219814242 0.6323706797619048 0.7354192873065015 0.6325557583333334 0.7329039219814242 0.6229900642857142 0.6818706334365324 0.6521741440476191 0.5620989325077399 0.6980349107142857 0.43920263900928797 0.7063731738095238
11 0.17362173498452013 0.7042886273809523 0.20486654736842103 0.6771891333333334 0.22257190897832818 0.6427935690476191 0.21007401609907123 0.612567175 0.18195371702786378 0.5844253678571428 0.1652897535603715 0.608398044047619 0.15695785139318885 0.6521741440476191 0.13612797647058822 0.6949080119047618 0.13567705944272446 0.7255208345238096 0.17362173498452013 0.7042886273809523
