2 0.23069531269349844 0.5278984369047619 0.22654687492260062 0.5327515630952381 0.23182656222910217 0.53968125 0.23899374984520122 0.5466125 0.240125 0.5417609369047619 0.24087812507739936 0.523740625 0.23748437523219815 0.5188890619047619 0.23069531269349844 0.5161171869047619 0.23069531269349844 0.5278984369047619
2 0.24351874984520125 0.5389890619047619 0.24050156222910218 0.543146875 0.25030781238390093 0.5486921880952381 0.25785156222910216 0.543840625 0.2582281250773994 0.5258203119047619 0.2525718749226006 0.5223546880952381 0.24351874984520125 0.5154234369047619 0.24087812507739936 0.529285938095238 0.24351874984520125 0.5389890619047619
2 0.3076390625386997 0.5452265630952381 0.30348906253869967 0.54591875 0.30198125015479876 0.5376031250000001 0.2970781250773994 0.5355234380952382 0.29142031269349844 0.5410671880952381 0.29142031269349844 0.550770313095238 0.288025 0.5452265630952381 0.2831218749226006 0.5417609369047619 0.2778421876160991 0.5493843749999999 0.2774640625386997 0.56601875 0.2831218749226006 0.5680984380952381 0.2861390625386997 0.5680984380952381 0.2895343752321981 0.5674046869047619 0.2970781250773994 0.5667125 0.3023578123839009 0.5715640619047619 0.3072609374613003 0.575721875 0.31291874984520124 0.57225625 0.31820000000000004 0.56601875 0.3204625003095975 0.5577015619047619 0.3215937498452013 0.5486921880952381 0.3204625003095975 0.5278984369047619 0.31895312507739937 0.5320578119047619 0.31442812507739937 0.5327515630952381 0.3102781250773994 0.536909375 0.3076390625386997 0.5452265630952381
1 0.3246109374613003 0.5265125 0.322725 0.5389890619047619 0.3204625003095975 0.5618609380952381 0.3204625003095975 0.5729500000000001 0.32649687492260066 0.582653125 0.3310234377708978 0.588890625 0.33554999999999996 0.5916625 0.34309218761609905 0.5833468749999999 0.35101406253869966 0.575721875 0.3529 0.570178125 0.35403125015479875 0.542454686904762 0.3529 0.530671875 0.34837343777089785 0.529285938095238 0.3389437498452012 0.5265125 0.3310234377708978 0.530671875 0.3272515622291021 0.5320578119047619 0.3246109374613003 0.5265125
9 0.34184687492260063 0.4372265619047619 0.33844687492260067 0.421084375 0.33929687492260063 0.45128593690476193 0.33872968730650155 0.4653453130952381 0.3421312501547988 0.46794843809523806 0.34184687492260063 0.4372265619047619
2 0.3273953126934984 0.5460578119047619 0.33079531269349843 0.55386875 0.33731250030959753 0.552828125 0.34127968730650154 0.543975 0.34269687492260065 0.5351234369047619 0.3421312501547988 0.5273125 0.34156406253869964 0.520021875 0.33986406253869966 0.51273125 0.33419531269349845 0.5096078119047619 0.33164531269349845 0.51429375 0.32966250030959754 0.5205421869047618 0.3288124996904025 0.531478125 0.32767812507739935 0.538246875 0.3273953126934984 0.5460578119047619
2 0.3619671876160991 0.580946875 0.36423437523219815 0.580946875 0.36536718761609904 0.542934375 0.358282812383901 0.543454686904762 0.3526156247678019 0.5575140630952381 0.35063125015479873 0.567928125 0.3537484377708978 0.57678125 0.35714999999999997 0.5830296869047619 0.35969999999999996 0.5830296869047619 0.3619671876160991 0.580946875
2 0.583 0.59344375 0.5875343752321982 0.6012546880952381 0.5943359374613003 0.6043796880952381 0.6011359374613002 0.602296875 0.6045374996904025 0.59813125 0.6051031250773994 0.5882375 0.6042531250773994 0.576259375 0.6014203126934985 0.5575140630952381 0.5985859374613003 0.554389063095238 0.5932015622291021 0.5575140630952381 0.5917843752321982 0.562721875 0.5903687498452013 0.5757390619047619 0.5849843752321982 0.5814671869047618 0.5793156247678019 0.5882375 0.583 0.59344375
2 0.6150218749226006 0.5856328119047619 0.6167218749226006 0.5830296869047619 0.6161546873065016 0.5715734380952381 0.6155890625386997 0.5642828130952381 0.6102046873065015 0.560639063095238 0.6039703126934984 0.556471875 0.6025531250773993 0.5684484380952382 0.6031203126934984 0.5799046869047619 0.6065203126934985 0.5887578119047618 0.6107703126934985 0.5887578119047618 0.6150218749226006 0.5856328119047619
2 0.6297578123839009 0.587715625 0.637125 0.5851125 0.6365578123839009 0.5793843750000001 0.6348578123839009 0.562721875 0.6317406247678019 0.5444953119047619 0.6283406247678018 0.538246875 0.6246562501547988 0.536684375 0.6221062501547988 0.543975 0.6209718749226006 0.554389063095238 0.6232390625386997 0.5668875 0.6249406247678019 0.5819875 0.6297578123839009 0.587715625
9 0.6140156247678018 0.523046875 0.6123015622291021 0.5438390630952381 0.6222453126934985 0.5375390619047619 0.6212156247678019 0.4688609380952381 0.6215593752321982 0.4184546869047619 0.6164156247678019 0.49406406309523815 0.6140156247678018 0.523046875
2 0.6551624996904024 0.5539203130952381 0.6534468749226006 0.5652625 0.649675 0.5595921869047619 0.6455609374613003 0.54131875 0.6390468749226007 0.53501875 0.6349312501547987 0.5356484369047619 0.6335593752321982 0.5406890619047618 0.6335593752321982 0.556440625 0.6363031250773994 0.577234375 0.642132812383901 0.5847953130952381 0.6469328123839009 0.5847953130952381 0.6503609374613003 0.582275 0.6589343752321982 0.580384375 0.6657906247678018 0.5797546880952381 0.6692203126934985 0.5797546880952381 0.6805359374613003 0.5747140630952381 0.6812218749226007 0.565892186904762 0.6777921876160992 0.560221875 0.6716203126934985 0.563371875 0.6671624996904025 0.5577015619047619 0.6606484377708979 0.55203125 0.6551624996904024 0.5539203130952381
2 0.7021375003095975 0.5640015630952381 0.7175671876160992 0.56148125 0.7199671876160991 0.556440625 0.7233953126934984 0.550770313095238 0.7271671876160991 0.546359375 0.7268249999999999 0.5394296880952382 0.722025 0.5343890630952381 0.7172234377708978 0.5343890630952381 0.7137953126934985 0.536909375 0.7120812501547987 0.5324984369047618 0.7096812501547988 0.5280875 0.7045374996904025 0.5274578119047619 0.6969937498452012 0.5306078119047619 0.6956218749226006 0.54131875 0.6945937498452013 0.550140625 0.6959656247678019 0.5621125 0.7021375003095975 0.5640015630952381
2 0.7539125003095976 0.536909375 0.7590562501547987 0.5337578119047619 0.7624843752321981 0.526828125 0.7635140625386997 0.5186359380952381 0.7597421876160991 0.506034375 0.7576843752321982 0.495953125 0.7525406247678018 0.492803125 0.7470546873065016 0.4953234369047619 0.7398546873065016 0.501625 0.7360828123839009 0.509815625 0.7398546873065016 0.5192671880952381 0.740882812383901 0.5280875 0.7456828123839009 0.53186875 0.7539125003095976 0.536909375
2 0.7336093752321982 0.5983499999999999 0.7387093752321982 0.6056390619047619 0.7460781250773993 0.6066812500000001 0.7523125003095975 0.600953125 0.7591125003095975 0.5947046880952381 0.7585453126934985 0.581165625 0.7554281250773993 0.558253125 0.7435265622291022 0.5686671869047619 0.7404093752321981 0.568146875 0.7367265622291022 0.572834375 0.7336093752321982 0.577 0.7296421876160991 0.5832484380952381 0.7310578123839009 0.5889765630952382 0.7336093752321982 0.5983499999999999
1 0.6885515622291022 0.60355625 0.682317187616099 0.5993906250000001 0.6738171876160991 0.607721875 0.6678656247678019 0.6176156250000001 0.66985 0.6311546880952381 0.672115624767802 0.6441734380952381 0.6758 0.6587531249999999 0.6826015622291022 0.661357811904762 0.6868515622291022 0.661878125 0.6939359374613003 0.6691687500000001 0.7044218749226006 0.659275 0.7112218749226006 0.6545875000000001 0.7185906247678018 0.6426109380952381 0.7236906247678019 0.62490625 0.7194406247678018 0.60824375 0.7171734377708979 0.596265625 0.7129218749226005 0.5921 0.7064046873065015 0.58689375 0.6990375003095975 0.58689375 0.6973375003095975 0.5931421880952381 0.6930859374613003 0.600953125 0.6885515622291022 0.60355625
9 0.7047046873065016 0.694684375 0.7007375003095975 0.6676062500000001 0.6970531250773994 0.671771875 0.6928031250773994 0.6665640619047619 0.6945031250773993 0.6801031249999999 0.6976203126934984 0.703015625 0.7089546873065016 0.753004686904762 0.7047046873065016 0.7134296880952381 0.7047046873065016 0.694684375
9 0.7299249999999999 0.7207203119047619 0.7341749999999999 0.731654688095238 0.7370093752321981 0.747276563095238 0.7367265622291022 0.7358203130952381 0.7347421876160991 0.7196781250000001 0.7299249999999999 0.7207203119047619
2 0.6298937498452013 0.662398438095238 0.6330109374613003 0.671771875 0.6381109374613003 0.6748953130952381 0.6488796873065016 0.6733343749999999 0.6548296873065015 0.671771875 0.6562468749226006 0.663440625 0.6599312501547987 0.655629688095238 0.6565312501547987 0.627509375 0.6454796873065015 0.6280312499999999 0.6378281250773994 0.625426563095238 0.6330109374613003 0.62334375 0.6281937498452013 0.6306343750000001 0.6296093752321981 0.641048438095238 0.6279093752321981 0.6566703119047619 0.6298937498452013 0.662398438095238
9 0.6514296873065015 0.6764578130952381 0.6542640625386997 0.68270625 0.6602140625386997 0.70874375 0.670132812383901 0.747276563095238 0.6786343752321982 0.7587328130952381 0.674382812383901 0.744153125 0.668432812383901 0.7217609380952381 0.6599312501547987 0.6754171869047619 0.6604984377708979 0.6681265619047619 0.6585140625386997 0.6587531249999999 0.6559640625386998 0.662398438095238 0.6545468749226006 0.6691687500000001 0.6514296873065015 0.6764578130952381
9 0.6420781250773994 0.6780203130952381 0.6383953126934985 0.6785406249999999 0.6347109374613004 0.6748953130952381 0.6358437498452013 0.7019734369047619 0.6375437498452013 0.7274890619047619 0.6400953126934985 0.746235938095238 0.6415109374613003 0.7556078130952381 0.6451953126934985 0.7644609369047619 0.6494468749226006 0.770709375 0.6440625003095976 0.7488390630952381 0.6426453126934984 0.718115625 0.6415109374613003 0.6915593750000001 0.6420781250773994 0.6780203130952381
0 0.6596484377708979 0.64781875 0.6599312501547987 0.655107811904762 0.6607812501547987 0.6597953119047619 0.6624812501547988 0.66291875 0.6653156247678018 0.6582328119047619 0.6672984377708979 0.6525046880952381 0.668432812383901 0.648339061904762 0.6596484377708979 0.64781875
0 0.6236593752321982 0.62334375 0.6284765622291022 0.638445311904762 0.6304593752321982 0.632196875 0.6324437498452012 0.6259484380952381 0.6349937498452013 0.620740625 0.6338609374613003 0.616054686904762 0.6301765622291021 0.616054686904762 0.626492187616099 0.6176156250000001 0.6236593752321982 0.62334375
2 0.3584187498452012 0.6452140619047619 0.3632359374613003 0.6441734380952381 0.3655031250773994 0.641570311904762 0.3669203126934985 0.6290718750000001 0.35530156222910214 0.6280312499999999 0.34623437523219813 0.626989063095238 0.3417 0.6327171880952381 0.3411328123839009 0.64781875 0.3414171876160991 0.6545875000000001 0.34595 0.6530250000000001 0.35020156222910215 0.64781875 0.3584187498452012 0.6452140619047619
2 0.3365984377708979 0.6238656250000001 0.3314984377708978 0.619178125 0.3261140625386997 0.616054686904762 0.3218640625386997 0.616054686904762 0.3167625003095975 0.6144921869047619 0.31137812507739937 0.6124093749999999 0.3065609374613003 0.6170953119047619 0.29975937523219814 0.61345 0.2929593752321981 0.61345 0.288425 0.6212609380952381 0.286725 0.6426109380952381 0.290975 0.6509421880952381 0.2957921876160991 0.6509421880952381 0.29919374984520125 0.648339061904762 0.3034437498452013 0.6431312499999999 0.30684531269349846 0.64625625 0.3116625003095975 0.64625625 0.31534531269349847 0.6452140619047619 0.3198796873065015 0.648859375 0.32157968730650155 0.6582328119047619 0.3252640625386997 0.670209375 0.32923125015479876 0.6712515619047619 0.3340484377708979 0.668646875 0.3397156247678018 0.641570311904762 0.34056562476780183 0.630114063095238 0.3365984377708979 0.6238656250000001
2 0.2782234377708978 0.600953125 0.2745390625386997 0.5999109369047619 0.2714218749226006 0.5947046880952381 0.2680218749226006 0.592621875 0.2643374996904025 0.5936625 0.26065468730650154 0.5936625 0.25867031269349844 0.589496875 0.2547031250773994 0.58376875 0.24620156222910217 0.5848109380952381 0.24195156222910216 0.5848109380952381 0.23911718761609907 0.5915796880952381 0.23571718761609908 0.602515625 0.23543437523219815 0.6124093749999999 0.23713437523219813 0.62178125 0.24110156222910217 0.6202203119047619 0.24705156222910216 0.6196984380952382 0.25867031269349844 0.627509375 0.2668890625386997 0.630114063095238 0.26830468730650153 0.6426109380952381 0.2694390625386997 0.6509421880952381 0.27227343777089785 0.654067188095238 0.2790734377708978 0.6509421880952381 0.2836078123839009 0.64625625 0.28785781238390096 0.638965625 0.29069218761609905 0.62490625 0.290125 0.6118875 0.284175 0.6045984369047619 0.2782234377708978 0.600953125
2 0.23911718761609907 0.5999109369047619 0.24365156222910217 0.5915796880952381 0.24591874984520123 0.5858515630952381 0.24421874984520123 0.5754375 0.24053437523219814 0.5702296869047618 0.236 0.5686671869047619 0.23203281238390094 0.566584375 0.23005 0.563460936904762 0.22806562476780187 0.5598156249999999 0.2232484377708978 0.5592953130952381 0.22154843777089783 0.5551296880952381 0.21559687492260063 0.5504421880952381 0.2119140625386997 0.5603359369047619 0.20992968730650155 0.5676265619047619 0.2104968749226006 0.5717921869047619 0.21219687492260061 0.576478125 0.21644687492260065 0.578040625 0.21871406253869968 0.5790828119047619 0.22183125015479876 0.58689375 0.22466562476780186 0.5931421880952381 0.22608281238390093 0.6004328130952381 0.2257984377708978 0.60511875 0.22721562476780185 0.6103265619047619 0.22863281238390093 0.6118875 0.2303328123839009 0.61345 0.23203281238390094 0.609284375 0.23515 0.6061609369047619 0.23911718761609907 0.5999109369047619
13 0.41796874984520127 0.71484375 0.5234375003095976 0.7174479166666666 0.5924479164086688 0.7109375 0.6692708334365325 0.6783854166666666 0.7070312501547988 0.66015625 0.776041666873065 0.6080729166666666 0.7734374996904025 0.59375 0.6236979164086688 0.6888020833333334 0.578125 0.6966145833333334 0.5091145832817338 0.7005208333333334 0.34375 0.67578125 0.28776041671826624 0.6393229166666666 0.18098958328173376 0.578125 0.18619791640866873 0.6067708333333334 0.3125 0.68359375 0.41796874984520127 0.71484375
13 0.23307291640866873 0.4986979166666667 0.27994791640866873 0.5026041666666666 0.3411458334365325 0.515625 0.39973958328173376 0.5299479166666666 0.463541666873065 0.546875 0.510416666873065 0.5494791666666666 0.567708333126935 0.55078125 0.6028645832817338 0.5416666666666666 0.651041666873065 0.5260416666666666 0.7486979164086687 0.4830729166666667 0.7473958334365325 0.4739583333333333 0.682291666873065 0.5026041666666666 0.6471354167182664 0.51171875 0.5638020835913312 0.53125 0.5351562501547987 0.5390625 0.479166666873065 0.5390625 0.4231770835913312 0.5299479166666666 0.3723958334365325 0.5078125 0.3450520835913312 0.4830729166666667 0.28645833312693497 0.4908854166666667 0.24088541671826624 0.4739583333333333 0.23307291640866873 0.4986979166666667
