0 0.2319322740215739 0.4738330937122455 0.2598035804068104 0.47572588290946727 0.25653704166552416 0.5238220720813446 0.2286657359830997 0.521929289816524
0 0.29053127889176267 0.52904375 0.2735952907984256 0.52904375 0.27359532877608217 0.5009015625 0.2905312421191866 0.5009015625
0 0.29510972929460877 0.4955874030238815 0.3106565882681025 0.49619161779848026 0.3087719565602356 0.5446805638939802 0.29322509772259764 0.5440763514448227
0 0.2346669793316778 0.5946069757116952 0.2700335450271041 0.5526234312547601 0.33300047228385665 0.6056606773742972 0.29763424386726456 0.6476439056669782
0 0.3215141424707326 0.6141632324528645 0.35273742647052586 0.6280478135074062 0.3325566182188595 0.6734241602092147 0.3013333744063402 0.6595396466180664
0 0.49613968315054535 0.6191216663422142 0.5076731438458637 0.6206885540597215 0.5020720193285797 0.6619119260686436 0.49053855992031004 0.6603450447079854
0 0.5243609312658464 0.6325671867635387 0.5342001831930929 0.6337295263251803 0.5308488860907801 0.6620948097589094 0.5210096347364015 0.6609324734686819
0 0.5665034873736658 0.6761997168423348 0.5486941052557768 0.6794261728240175 0.5399876288505538 0.6313741120504036 0.557796840823471 0.6281476719274772
0 0.555952011271188 0.6212669559596953 0.5660028151223742 0.6172945662160795 0.5772708034601237 0.6458009996424305 0.5672200060190562 0.6497733776247875
2 0.5806239888202072 0.5923729423663753 0.627049121201253 0.5923525570974888 0.6270866783123665 0.6778745187390485 0.5806615459315481 0.6778949038401327
0 0.5729843942779098 0.54613125 0.5620577943494709 0.54613125 0.5620578225824602 0.5179890625 0.5729843726876425 0.5179890625
0 0.5619359502954921 0.5514703116306805 0.5581757066195223 0.551725779663185 0.556310085786663 0.52426796745282 0.5600703124999882 0.5240125000000027
0 0.60335625 0.49929843749999997 0.6186546875000001 0.49929843749999997 0.6186546875000001 0.5343093750000001 0.60335625 0.5343093750000001
0 0.6387011677801411 0.4877231616767995 0.6634253418825438 0.4935654861627282 0.6528784638869638 0.5381953492863206 0.6281542970026521 0.5323530457883471