0 0.23480625015479875 0.5099484380952382 0.23808437523219814 0.5129625 0.2446390625386997 0.523014061904762 0.25119531269349843 0.5199984369047619 0.25611250030959753 0.51396875 0.25829843777089784 0.49788750000000004 0.25611250030959753 0.4818046869047619 0.24573281238390093 0.47477031309523815 0.23644531269349844 0.475775 0.23098125015479876 0.48783593690476196 0.22988906253869967 0.503917186904762 0.23207343777089784 0.5089421869047619 0.23480625015479875 0.5099484380952382
0 0.27687343777089785 0.504921875 0.27359531269349846 0.5129625 0.27468750030959754 0.523014061904762 0.27960468730650156 0.52904375 0.2878 0.5260296869047619 0.29053125015479875 0.5149734380952381 0.29053125015479875 0.5069328130952381 0.283975 0.5009015630952381 0.27687343777089785 0.504921875
0 0.3041890625386997 0.5350750000000001 0.3080140625386997 0.5280390630952381 0.30965312507739934 0.522009375 0.3085609374613003 0.51396875 0.306375 0.504921875 0.30255 0.4958765630952381 0.29435625015479877 0.5149734380952381 0.29380937523219813 0.52904375 0.29435625015479877 0.5441203130952381 0.3003656247678019 0.5441203130952381 0.3041890625386997 0.5350750000000001
0 0.2823359374613003 0.582314061904762 0.27796562476780184 0.5722625 0.2675859374613003 0.5712578119047619 0.2599375003095975 0.5792984369047619 0.2566593752321981 0.5792984369047619 0.25010312507739935 0.5762828130952381 0.24737187492260063 0.594375 0.2522890625386997 0.6094499999999999 0.2604828123839009 0.61548125 0.2675859374613003 0.6195015630952381 0.2774187498452012 0.6215125 0.2790578123839009 0.6295531249999999 0.28616093746130034 0.6375937500000001 0.29162343777089783 0.641614061904762 0.29763437523219816 0.6476437500000001 0.30473593746130034 0.635582813095238 0.31020000000000003 0.6305578130952381 0.3118390625386997 0.59336875 0.3052828123839009 0.582314061904762 0.29380937523219813 0.5873390619047618 0.2856140625386997 0.5973890630952381 0.2823359374613003 0.582314061904762
0 0.3282281250773994 0.663725 0.33642343777089784 0.664729688095238 0.34243281238390094 0.6486484369047619 0.33915468730650156 0.6396031249999999 0.33642343777089784 0.6305578130952381 0.3309593752321981 0.623521875 0.32495 0.6215125 0.32221874984520127 0.614476563095238 0.3167546873065016 0.6265375000000001 0.31020000000000003 0.6396031249999999 0.3052828123839009 0.6506593749999999 0.3107453126934985 0.663725 0.3205796873065015 0.663725 0.3282281250773994 0.663725
0 0.49595156222910214 0.6205062499999999 0.4932203126934984 0.6406078130952381 0.4932203126934984 0.6607093749999999 0.4992296873065015 0.654679688095238 0.5030546873065015 0.645634375 0.5057859374613003 0.634578125 0.5063312501547987 0.6205062499999999 0.49595156222910214 0.6205062499999999
0 0.5243609374613003 0.632567186904762 0.5216296873065016 0.655684375 0.5276390625386996 0.661715625 0.5325562501547988 0.6476437500000001 0.5303703126934984 0.633573438095238 0.5243609374613003 0.632567186904762
0 0.5456671876160991 0.6627203130952382 0.5494921876160991 0.671765625 0.5576875003095975 0.677796875 0.5653359374613004 0.6697562499999999 0.562057812383901 0.651664061904762 0.5500390625386997 0.6295531249999999 0.5467609374613003 0.64261875 0.5456671876160991 0.6627203130952382
0 0.5604187498452012 0.6195015630952381 0.5604187498452012 0.632567186904762 0.5647890625386996 0.6436234369047619 0.5675203126934985 0.6496546880952381 0.5746234377708979 0.644628125 0.5724374996904025 0.633573438095238 0.5658812501547987 0.6225171869047619 0.5604187498452012 0.6195015630952381
2 0.5860968749226007 0.6476437500000001 0.5882995981424148 0.67789155 0.6035781250773994 0.6597046880952381 0.6128656247678018 0.656689061904762 0.6183296873065015 0.6476437500000001 0.6270703126934984 0.6406078130952381 0.6248859374613003 0.6104562499999999 0.6205156247678019 0.601409375 0.6106812501547988 0.594375 0.6008468749226006 0.5923640619047619 0.5910124996904025 0.601409375 0.580632812383901 0.612465625 0.5822718749226006 0.6385984369047619 0.5860968749226007 0.6476437500000001
0 0.5691593752321982 0.54613125 0.5729843752321981 0.5350750000000001 0.5729843752321981 0.521003125 0.5653359374613004 0.5179890619047619 0.562057812383901 0.5280390630952381 0.566975 0.543115625 0.5691593752321982 0.54613125
0 0.5619359374613003 0.5514703119047619 0.560817187616099 0.5391140630952381 0.5600703126934985 0.5240125 0.5567124996904025 0.530190625 0.5582046873065015 0.5432328119047619 0.5593234377708979 0.550784375 0.5619359374613003 0.5514703119047619
0 0.6033562501547988 0.5061625 0.6033562501547988 0.526071875 0.6089531250773994 0.534309375 0.6160437498452013 0.5308765630952381 0.6186546873065015 0.5198921869047619 0.6171624996904025 0.510282813095238 0.6074609374613003 0.4992984369047619 0.6033562501547988 0.5061625
0 0.6544781250773993 0.530190625 0.6570890625386997 0.5185203130952382 0.6604484377708978 0.5061625 0.6593281250773994 0.4972390630952381 0.6470140625386998 0.4896875 0.6369390625386997 0.4951796880952381 0.6332078123839009 0.51096875 0.6339546873065015 0.5308765630952381 0.6395515622291021 0.5349953119047619 0.6451484377708979 0.5363687500000001 0.6477609374613003 0.5363687500000001 0.6544781250773993 0.530190625
