2 0.26703593746130033 0.5247937500000001 0.2641468749226006 0.534001563095238 0.26290781238390093 0.52563125 0.25836874984520125 0.510564063095238 0.2521765622291022 0.510564063095238 0.2468109374613003 0.510564063095238 0.24103281238390092 0.5172609380952381 0.23814374984520123 0.529815625 0.23401562476780186 0.535675 0.22988906253869967 0.551579688095238 0.22287187492260063 0.554928125 0.22122187492260062 0.566645313095238 0.22534843777089783 0.578364063095238 0.22823750030959752 0.59175625 0.23773125015479876 0.595942188095238 0.2451609374613003 0.6026390630952381 0.25258906253869967 0.609334375 0.2604312501547988 0.605985938095238 0.26662343777089786 0.6051500000000001 0.2691 0.601801563095238 0.2719890625386997 0.5892453130952381 0.27240156222910217 0.56915625 0.2719890625386997 0.5465562500000001 0.27529062476780186 0.5448828130952381 0.2765296873065015 0.5381859380952381 0.2728140625386997 0.52563125 0.26703593746130033 0.5247937500000001
0 0.2736390625386997 0.6009640630952381 0.27941874984520126 0.5967796880952381 0.28560937523219815 0.5850609380952381 0.2876734377708978 0.5699937500000001 0.2860218749226006 0.5566015630952381 0.28395781238390094 0.5406984380952381 0.28106874984520125 0.54906875 0.27694218761609907 0.557439063095238 0.2732265622291022 0.566645313095238 0.27075 0.5850609380952381 0.2736390625386997 0.6009640630952381
0 0.31780312507739933 0.6218906249999999 0.32110468730650155 0.607660938095238 0.32523281238390095 0.5909203130952381 0.32399531269349846 0.572504688095238 0.320692187616099 0.5591125 0.31120000000000003 0.5658093750000001 0.30294531269349845 0.576690625 0.29922968730650157 0.5992906250000001 0.30211874984520126 0.6110093750000001 0.3062468749226006 0.613520311904762 0.31243750030959755 0.620215625 0.31780312507739933 0.6218906249999999
2 0.3417421876160991 0.6218906249999999 0.34009218761609905 0.609334375 0.3388531250773994 0.5967796880952381 0.34009218761609905 0.5858984380952381 0.34339374984520127 0.5758531250000001 0.34421874984520123 0.564971875 0.34009218761609905 0.557439063095238 0.3318375003095975 0.5674828130952381 0.3260578123839009 0.5833859380952381 0.32275625015479875 0.611845313095238 0.31986718761609906 0.641142188095238 0.32440781238390093 0.655371875 0.3305984377708978 0.655371875 0.3409171876160991 0.6545343749999999 0.3466953126934984 0.658720313095238 0.35536249969040246 0.6545343749999999 0.3603156247678018 0.6453265630952381 0.3627921876160991 0.635282813095238 0.3627921876160991 0.619379686904762 0.35825312507739937 0.6185421880952381 0.34917187492260066 0.6218906249999999 0.3417421876160991 0.6218906249999999
0 0.6645093752321982 0.61435625 0.6570796873065015 0.6218906249999999 0.6554281250773993 0.6336093749999999 0.6603812501547988 0.647001563095238 0.6649218749226006 0.6511859380952381 0.6711124996904024 0.6478375 0.6686359374613003 0.6403046869047619 0.6653343752321982 0.6285859369047619 0.6645093752321982 0.61435625
0 0.7268343752321982 0.6110093750000001 0.726007812383901 0.6269125 0.7322 0.6394671880952381 0.7359140625386997 0.632771875 0.7379781250773993 0.6227265619047619 0.7346765622291022 0.6110093750000001 0.7284843752321981 0.5967796880952381 0.7268343752321982 0.6110093750000001
2 0.7388031250773993 0.629423438095238 0.73385 0.635282813095238 0.7288968749226006 0.643653125 0.7284843752321981 0.6520234369047619 0.7288968749226006 0.6603937499999999 0.7317859374613003 0.6679265630952381 0.7375656247678019 0.6662531249999999 0.7437562501547987 0.6696015619047619 0.7478843752321982 0.6629046880952381 0.7544875003095975 0.66123125 0.7598531250773993 0.664579688095238 0.7643937498452013 0.656209375 0.7689343752321981 0.6486749999999999 0.7689343752321981 0.635282813095238 0.7627421876160991 0.619379686904762 0.7577890625386997 0.6168671869047619 0.7503593752321981 0.621053125 0.7388031250773993 0.629423438095238
2 0.7078468749226006 0.779253125 0.7115624996904024 0.7800890630952381 0.7202296873065016 0.7683718749999999 0.7309609374613003 0.755815625 0.7350890625386998 0.7399125000000001 0.7355015622291022 0.724845313095238 0.7313734377708979 0.70559375 0.7239437498452012 0.70643125 0.7161015622291022 0.713126563095238 0.7082593752321982 0.724845313095238 0.7016562501547987 0.732378125 0.6950515622291021 0.744096875 0.6954656247678018 0.7566531249999999 0.6991796873065016 0.77339375 0.7078468749226006 0.779253125
2 0.6958781250773994 0.7976671880952381 0.6967031250773994 0.7826015630952381 0.6929890625386996 0.770045311904762 0.690925 0.754142188095238 0.6888609374613004 0.74911875 0.6814312501547988 0.7474453130952381 0.6752406247678019 0.7415859380952381 0.6727640625386998 0.7507937499999999 0.6678109374613004 0.746607811904762 0.6587312501547988 0.7449343749999999 0.6513015622291021 0.74911875 0.6442843752321982 0.754978125 0.6405703126934984 0.7574906250000001 0.6356171876160991 0.763348438095238 0.6339656247678018 0.7742312499999999 0.6368546873065016 0.792645313095238 0.6401578123839009 0.813571875 0.6451093752321981 0.814407811904762 0.6504765622291021 0.79515625 0.64965 0.7851125 0.6529515622291022 0.778415625 0.6583187498452012 0.780926563095238 0.6587312501547988 0.7884609380952381 0.662857812383901 0.79515625 0.6678109374613004 0.798504688095238 0.6715265622291021 0.79599375 0.6744156247678018 0.787623436904762 0.6744156247678018 0.77171875 0.6810187498452013 0.769207813095238 0.6863843752321982 0.775904686904762 0.6867968749226006 0.786785938095238 0.6905125003095975 0.7976671880952381 0.6958781250773994 0.7976671880952381
2 0.6079625003095975 0.784275 0.6071374996904024 0.79515625 0.6145671876160991 0.811059375 0.6178687498452012 0.8252890619047618 0.6248859374613003 0.824453125 0.62695 0.816082813095238 0.6352046873065015 0.821942188095238 0.6389187498452013 0.813571875 0.6418078123839008 0.79515625 0.6356171876160991 0.769207813095238 0.6302515622291022 0.7533046880952381 0.6038359374613003 0.754978125 0.6054859374613003 0.7683718749999999 0.6079625003095975 0.784275
0 0.6285999999999999 0.847053125 0.634792187616099 0.857096875 0.6409828123839009 0.855423436904762 0.6413953126934984 0.83951875 0.6409828123839009 0.8303125 0.6409828123839009 0.8252890619047618 0.6397437498452012 0.816082813095238 0.6356171876160991 0.821942188095238 0.6323156247678019 0.820267186904762 0.6285999999999999 0.8194296869047618 0.6281875003095976 0.833659375 0.6285999999999999 0.847053125
2 0.44740468730650157 0.754978125 0.4362609374613003 0.752467186904762 0.4201640625386997 0.74911875 0.41273437523219814 0.748282813095238 0.4061312501547988 0.760001563095238 0.4020031250773994 0.7767421880952381 0.4053046873065015 0.7884609380952381 0.4086078123839009 0.793482811904762 0.4094328123839009 0.799342186904762 0.40984531269349844 0.812734375 0.4110843752321981 0.824453125 0.41809999999999997 0.8286375 0.4230531250773994 0.8286375 0.42800625015479876 0.8286375 0.4317203126934984 0.821942188095238 0.43089531269349846 0.8152453119047619 0.4370859374613003 0.800178125 0.44121406253869966 0.787623436904762 0.44534218761609906 0.765860938095238 0.4478187498452012 0.760001563095238 0.44740468730650157 0.754978125
0 0.4048921876160991 0.822778125 0.40778125015479877 0.808548436904762 0.40654374984520125 0.79431875 0.40406718761609905 0.787623436904762 0.40076562476780186 0.7976671880952381 0.3974625003095975 0.8152453119047619 0.3991140625386997 0.826126561904762 0.4020031250773994 0.824453125 0.4048921876160991 0.822778125
1 0.38095312507739937 0.7851125 0.3912718749226006 0.79599375 0.4011781250773994 0.792645313095238 0.4048921876160991 0.7800890630952381 0.4061312501547988 0.7591640630952381 0.4094328123839009 0.7474453130952381 0.40778125015479877 0.7390749999999999 0.39540000000000003 0.732378125 0.3830171876160991 0.732378125 0.37558750030959753 0.734890625 0.37228593746130034 0.74911875 0.36939687492260065 0.769207813095238 0.37435 0.780926563095238 0.38095312507739937 0.7851125
2 0.35035 0.7654671880952381 0.3519 0.754146875 0.3546906247678019 0.7440859369047619 0.3571718749226006 0.738425 0.35996250030959753 0.7396828119047619 0.3605828123839009 0.749115625 0.3605828123839009 0.7566625 0.3571718749226006 0.76358125 0.3587218749226006 0.7786734369047619 0.3621328123839009 0.783075 0.3646140625386997 0.7805609380952381 0.366475 0.7749 0.3708156247678019 0.764209375 0.3767078123839009 0.740940625 0.37453750030959754 0.734651563095238 0.3701953126934984 0.72521875 0.36368437523219815 0.72521875 0.36089218761609904 0.718929688095238 0.35159062476780184 0.719559375 0.3478687498452013 0.712642188095238 0.33298437523219815 0.706353125 0.3289531250773993 0.7025796880952381 0.3221296873065016 0.698176563095238 0.31592812507739937 0.700692186904762 0.31158750030959753 0.7208171869047619 0.31065625015479875 0.7440859369047619 0.30910625015479876 0.76358125 0.31065625015479875 0.775529688095238 0.31375781238390094 0.776157811904762 0.31592812507739937 0.7704984369047619 0.3171687498452012 0.776157811904762 0.3187187498452012 0.7837046869047618 0.32120000000000004 0.783075 0.32368125015479876 0.777415625 0.32988281238390094 0.777415625 0.33453437523219814 0.7849625 0.33515468730650155 0.8013125 0.34166718761609904 0.8000546869047619 0.3425968749226006 0.795653125 0.3444578123839009 0.7837046869047618 0.3463187498452013 0.776157811904762 0.35035 0.7654671880952381
0 0.2948406247678019 0.735909375 0.2985625003095975 0.75351875 0.30445468730650155 0.7440859369047619 0.30817500000000003 0.729621875 0.31065625015479875 0.7201875 0.3072453126934985 0.71515625 0.30228437523219814 0.716414061904762 0.2979421876160991 0.7214453130952381 0.2948406247678019 0.735909375
9 0.26527321609907123 0.6033261773809524 0.272563640247678 0.5273280738095238 0.2736051182662539 0.40760502023809525 0.2673561721362229 0.39303006309523814 0.25173376594427244 0.44924782142857145 0.24860925263157893 0.4023996702380952 0.23819431517027864 0.4815210154761905 0.21840599752321982 0.536697719047619 0.2255208092879257 0.5796875011904762 0.26527321609907123 0.6033261773809524
7 0.3525633207430341 0.9579407273809524 0.3681857269349845 0.9095308761904762 0.35100110402476786 0.9360782333333333 0.33828121424148605 0.9144531261904761 0.3260051585139319 0.9532558654761905 0.3525633207430341 0.9579407273809524
7 0.3681857269349845 0.9657487535714286 0.3947437696594427 0.9579407273809524 0.396305986377709 0.9282702083333334 0.38068358018575854 0.9392013964285714 0.3656249640866873 0.9164062511904761 0.3634989572755418 0.9516942845238094 0.3681857269349845 0.9657487535714286
9 0.27445128978328176 0.8455050928571429 0.27445128978328176 0.8954765261904762 0.2916359126934985 0.8673675880952381 0.3166317386996904 0.8095882488095238 0.3244429417956657 0.8095882488095238 0.3213185083591331 0.8423819309523809 0.2869491430340557 0.8985996880952382 0.2900736959752322 0.9157773202380952 0.3369409145510836 0.8814220571428572 0.3681857269349845 0.7299462964285715 0.30703121424148605 0.7035156261904761 0.3041338854489164 0.7814793107142858 0.27445128978328176 0.8455050928571429
9 0.3603745238390093 0.9376398142857143 0.41349072817337457 0.7502472095238095 0.36953121424148605 0.7347656261904761 0.34631433436532505 0.9298317892857143 0.3603745238390093 0.9376398142857143
9 0.3759969294117647 0.9485710023809523 0.4025549721362229 0.9064077142857143 0.4509844074303406 0.7580552345238095 0.4144530891640867 0.7445312511904761 0.3666235095975232 0.9392013964285714 0.3759969294117647 0.9485710023809523
