0 0.23668125015479877 0.4871359369047619 0.24334687492260063 0.50291875 0.2523656247678019 0.5037484369047619 0.25785625015479874 0.5020875 0.26412968730650155 0.49378125 0.2649140625386997 0.479659375 0.2629531250773994 0.46221718809523804 0.25589531269349847 0.4480953119047619 0.24766093746130033 0.4389578119047619 0.23981874984520124 0.4389578119047619 0.23746562476780186 0.44975625 0.23472031269349847 0.4696921880952381 0.23668125015479877 0.4871359369047619
2 0.3202031250773994 0.4738453130952381 0.31510625015479876 0.46221718809523804 0.3080484377708978 0.5037484369047619 0.31000781238390096 0.5170390619047619 0.3143218749226006 0.5220234380952381 0.3174593752321982 0.53614375 0.32216406253869967 0.5436203119047619 0.33039843777089783 0.540296875 0.3354968749226006 0.5427890630952381 0.33941718761609907 0.5427890630952381 0.3437312501547988 0.536975 0.3480453126934984 0.534482813095238 0.34647656222910217 0.5128859369047619 0.3468687498452013 0.488796875 0.34177031269349845 0.4705234380952381 0.33588906253869966 0.459725 0.32530156222910217 0.4655390630952381 0.3202031250773994 0.4738453130952381
9 0.3399875003095975 0.46217343690476187 0.3436390625386997 0.43586875 0.3455874996904025 0.41420781309523813 0.3443687498452012 0.3909984380952381 0.3414484377708978 0.376040625 0.3414484377708978 0.4111125 0.3387687498452012 0.442575 0.3370656247678019 0.4595953130952381 0.3399875003095975 0.46217343690476187
9 0.3214828123839009 0.432775 0.32245625015479873 0.4632046880952381 0.33024843777089785 0.45753125 0.3256218749226006 0.41988125 0.32099531269349846 0.3796515619047619 0.3168562501547988 0.36624062500000004 0.3214828123839009 0.432775
9 0.33560468730650156 0.38944999999999996 0.34071718761609904 0.3935765619047619 0.34315156222910215 0.353346875 0.34047343777089784 0.3497359380952381 0.3392562501547988 0.3600515619047619 0.33560468730650156 0.38944999999999996
0 0.7021203126934985 0.5395078130952381 0.7003609374613003 0.5341874999999999 0.6945843752321982 0.525675 0.6878031250773993 0.525142188095238 0.683532812383901 0.5352515619047619 0.6893093752321982 0.5363156250000001 0.6915703126934984 0.541103125 0.6933281250773995 0.5528078130952381 0.6888078123839009 0.553871875 0.6918218749226006 0.5591921869047619 0.694332812383901 0.56025625 0.6970968749226006 0.556 0.7008640625386997 0.5512109369047619 0.7028734377708978 0.5458906250000001 0.7021203126934985 0.5395078130952381
2 0.6744906247678019 0.536846875 0.6672062501547987 0.53844375 0.660425 0.5474875 0.6576624996904025 0.5490828130952381 0.6518859374613003 0.553871875 0.6498765622291021 0.5618515619047619 0.6554015622291021 0.584728125 0.6584156247678018 0.58685625 0.6636906247678018 0.588984375 0.6672062501547987 0.5783437499999999 0.6692156247678018 0.5687671880952381 0.6752437498452012 0.5703640630952381 0.6782578123839009 0.566107813095238 0.6840359374613003 0.5597234369047619 0.6900640625386997 0.557064063095238 0.6935796873065015 0.554403125 0.6945843752321982 0.5474875 0.6915703126934984 0.5352515619047619 0.6867984377708978 0.538975 0.6797656247678019 0.536846875 0.674742187616099 0.5363156250000001 0.6744906247678019 0.536846875
2 0.6242562501547988 0.5597234369047619 0.6147125003095975 0.566107813095238 0.6019015622291022 0.5751515619047619 0.5996421876160991 0.58685625 0.6024046873065015 0.598028125 0.6049156247678018 0.6028171880952381 0.6111953126934985 0.6044125 0.6139578123839009 0.6187765619047619 0.6202374996904025 0.6283531250000001 0.6277734377708979 0.63048125 0.6385734377708978 0.6240968749999999 0.6405828123839009 0.614520313095238 0.6435968749226006 0.6092 0.6476156247678019 0.6012203119047619 0.6508812501547988 0.5948359380952382 0.6564062501547988 0.5863234369047619 0.6559046873065016 0.5772796880952381 0.6506296873065016 0.56025625 0.6385734377708978 0.5575953130952381 0.6242562501547988 0.5597234369047619
9 0.6541453126934985 0.6602734369047619 0.656657812383901 0.667721875 0.6634390625386997 0.694321875 0.6767515622291022 0.725178125 0.6732343752321981 0.715070313095238 0.6672062501547987 0.689534375 0.6599234377708979 0.6597421869047619 0.6541453126934985 0.6602734369047619
9 0.6277734377708979 0.6783625 0.6393265622291022 0.7166671869047619 0.6523874996904024 0.750715625 0.6483687498452012 0.738479686904762 0.6440984377708978 0.719859375 0.6388250000000001 0.693790625 0.6335500000000001 0.66559375 0.6305359374613003 0.629948436904762 0.6272703126934984 0.6310125000000001 0.623 0.6267562499999999 0.62275 0.6443125 0.6277734377708979 0.6783625
6 0.33446770464396286 0.5922865833333334 0.3324768253869969 0.5977615023809524 0.3424312222910217 0.6067204595238096 0.35935369659442723 0.6126930976190476 0.37179669287925693 0.6097067785714285 0.3737875721362229 0.602240980952381 0.370303533126935 0.5982592214285715 0.37129897275541796 0.5977615023809524 0.3459152613003096 0.5912911595238095 0.33446770464396286 0.5922865833333334
25 0.65450153374613 0.6624650821428572 0.6599764520123839 0.6624650821428572 0.6440494167182662 0.6111999380952381 0.6405654390092879 0.6166748869047619 0.65450153374613 0.6624650821428572
