1 0.29900781238390095 0.456946875 0.29512656222910216 0.4555796880952381 0.29124374984520124 0.46652187500000003 0.28768593746130033 0.4822515630952381 0.28962656222910216 0.49661249999999996 0.29189062476780187 0.5109734380952381 0.2993312501547987 0.5157609369047619 0.3067718749226006 0.5191796869047619 0.31162343777089785 0.525334375 0.31615312507739934 0.530121875 0.3232687498452012 0.5294375 0.32812187492260064 0.5198640630952381 0.33265 0.50481875 0.33265 0.4863546869047619 0.33038593746130035 0.47951562499999995 0.3168 0.4692578119047619 0.30450781238390096 0.45763125000000004 0.29900781238390095 0.456946875
2 0.36499843777089785 0.5246515630952381 0.3653234377708978 0.5068703119047618 0.35011874984520125 0.500715625 0.34526718761609904 0.5061859380952382 0.3378265622291021 0.5075546869047619 0.3375031250773994 0.5226 0.34009062476780183 0.5273859380952381 0.34591406253869966 0.5328578130952382 0.3494718749226006 0.5287546880952381 0.35917656222910216 0.5321734380952381 0.36499843777089785 0.5246515630952381
9 0.3168 0.43848281309523807 0.3174468749226006 0.44874062499999995 0.3197109374613003 0.45763125000000004 0.32165156222910213 0.432328125 0.32229843777089784 0.4056578119047619 0.32068125015479876 0.386509375 0.3145359374613003 0.36120468690476193 0.3190640625386997 0.40018593809523806 0.3177703126934985 0.42480625 0.3168 0.43848281309523807
9 0.30418437523219816 0.4521609369047619 0.3051546873065015 0.458315625 0.3087124996904025 0.437115625 0.3051546873065015 0.4042890630952381 0.3009484377708978 0.3714640619047619 0.3048312501547987 0.428225 0.30418437523219816 0.4521609369047619
9 0.3145359374613003 0.3714640619047619 0.30709531269349843 0.33043125 0.3119468749226006 0.3755671869047619 0.3106531250773994 0.39676718809523814 0.31582968730650157 0.3995015630952381 0.3145359374613003 0.3714640619047619
2 0.3965328123839009 0.512896875 0.3935296873065015 0.503728125 0.3901921876160991 0.4973796869047619 0.38552031269349846 0.4931484369047619 0.3805156247678019 0.4980859369047619 0.3805156247678019 0.522771875 0.38351874984520123 0.5262984380952381 0.38952499999999995 0.527709375 0.3935296873065015 0.52559375 0.39553125015479873 0.5199515630952382 0.3965328123839009 0.512896875
1 0.4946374996904025 0.5933046869047619 0.4956390625386997 0.571440625 0.4919671876160991 0.5404046869047618 0.48729687492260065 0.52559375 0.47394843777089785 0.5213609369047619 0.4676078123839009 0.5241828119047619 0.46460468730650156 0.5538062499999999 0.46460468730650156 0.5813140619047619 0.47461562476780184 0.5911890630952381 0.49063281238390094 0.59683125 0.4946374996904025 0.5933046869047619
1 0.5066499999999999 0.5975375 0.5163265622291021 0.5975375 0.5230015622291021 0.5869578130952381 0.5223343752321982 0.561565625 0.521332812383901 0.5453421880952382 0.5179953126934984 0.527709375 0.5123234377708978 0.522771875 0.5066499999999999 0.518540625 0.49930937523219815 0.5312359369047619 0.49597187492260064 0.5439328130952381 0.49597187492260064 0.561565625 0.4956390625386997 0.5890734369047619 0.5006437498452012 0.595420313095238 0.5066499999999999 0.5975375
1 0.5276734377708978 0.5883671869047619 0.5360156247678018 0.5911890630952381 0.5443578123839009 0.5883671869047619 0.5483609374613003 0.5813140619047619 0.5473609374613003 0.5601546880952382 0.5443578123839009 0.5333515630952381 0.5420218749226006 0.522771875 0.5346796873065015 0.5199515630952382 0.5303421876160991 0.5213609369047619 0.5240015622291022 0.5340578130952381 0.5226671876160991 0.5523953130952381 0.5243359374613004 0.570734375 0.5276734377708978 0.5883671869047619
9 0.4792875003095975 0.4543546869047619 0.47561718761609906 0.4310796880952381 0.47728593746130027 0.49244375 0.4752828123839009 0.5171296880952381 0.4812890625386997 0.5079609380952381 0.4792875003095975 0.4543546869047619
2 0.4822906247678019 0.51078125 0.47828593746130027 0.508665625 0.4752828123839009 0.5192453130952381 0.4769515622291022 0.541815625 0.4849609374613003 0.546753125 0.4822906247678019 0.51078125
9 0.5320109374613003 0.4451859369047619 0.5320109374613003 0.46140937499999995 0.5353468749226006 0.4621140630952381 0.5363484377708978 0.4282578119047619 0.5370156247678018 0.402865625 0.5333453126934984 0.4254375 0.5320109374613003 0.4451859369047619
2 0.6347874996904025 0.5580390630952381 0.6407937498452013 0.5531015630952382 0.6508046873065015 0.5481640619047619 0.6544749999999999 0.537584375 0.6521390625386997 0.5241828119047619 0.6471343752321982 0.518540625 0.6367890625386997 0.52065625 0.6277796873065016 0.522771875 0.6261109374613003 0.5340578130952381 0.6211062501547988 0.546753125 0.6267781250773994 0.5523953130952381 0.6297812501547988 0.5573328119047619 0.6347874996904025 0.5580390630952381
2 0.6915140625386997 0.4917375 0.693517187616099 0.47480937500000003 0.6905140625386997 0.4684625 0.6811703126934984 0.46775625000000004 0.6741625003095975 0.47480937500000003 0.6678218749226006 0.48256875 0.6681562501547987 0.5030234380952381 0.6701578123839009 0.52559375 0.6721609374613002 0.5333515630952381 0.6845062501547987 0.5291203130952381 0.6878437498452011 0.5143078119047618 0.6915140625386997 0.4917375
9 0.6722265622291022 0.4694984369047619 0.6729796873065015 0.475471875 0.6758046873065015 0.46511874999999997 0.67185 0.442425 0.6716609374613004 0.42888906190476195 0.6720375003095975 0.4161484369047619 0.6733562501547988 0.399825 0.6699656247678019 0.42888906190476195 0.6703421876160991 0.453175 0.6722265622291022 0.4694984369047619
9 0.6825859374613004 0.461934375 0.6816437498452013 0.469896875 0.6842812501547988 0.47069374999999997 0.6871062501547988 0.44680468690476194 0.6889906247678019 0.43446250000000003 0.6888015622291022 0.4181390619047619 0.6859765622291021 0.4026109369047619 0.6871062501547988 0.42968437499999995 0.6839046873065014 0.4476015619047619 0.6825859374613004 0.461934375
1 0.6569359374613003 0.594504688095238 0.6589406247678018 0.6146421869047619 0.6629515622291021 0.6305390619047619 0.6667125003095976 0.636898438095238 0.6717265622291022 0.641667186904762 0.6777437498452012 0.6443171869047619 0.6857656247678019 0.63901875 0.6920343752321981 0.62895 0.6970484377708978 0.6188812499999999 0.6985531250773994 0.6114625 0.6998062501547987 0.59874375 0.6983015622291021 0.5717187499999999 0.6922843752321981 0.5669484369047619 0.6860171876160991 0.5706578119047618 0.68 0.5759578119047619 0.6717265622291022 0.5817859380952382 0.6642062501547987 0.5881453130952381 0.6569359374613003 0.594504688095238
1 0.6376312501547987 0.595034375 0.6173234377708978 0.5998046880952381 0.611557812383901 0.6061624999999999 0.6110562501547988 0.616760936904762 0.614817187616099 0.6273593749999999 0.6193296873065015 0.63901875 0.62685 0.645378125 0.6346218749226007 0.654915625 0.6358765622291022 0.6580953119047619 0.6411406247678019 0.6618046880952381 0.6521718749226006 0.6602156250000001 0.6591921876160991 0.6522671880952381 0.6609468749226005 0.637957813095238 0.6606953126934985 0.6188812499999999 0.6571859374613004 0.6035140630952381 0.6521718749226006 0.5929156250000001 0.6456531250773994 0.591325 0.6376312501547987 0.595034375
3 0.7065750000000001 0.679292186904762 0.7020624996904025 0.6591546869047619 0.6985531250773994 0.641667186904762 0.6942906247678019 0.630009375 0.6902796873065016 0.6347796880952381 0.6842625003095976 0.643257813095238 0.6784953126934984 0.642728125 0.6784953126934984 0.65650625 0.6962953126934984 0.7079078119047619 0.7010593752321981 0.7163875 0.7100843752321981 0.7105578130952381 0.7065750000000001 0.679292186904762
3 0.6431468749226007 0.7285750000000001 0.647157812383901 0.755071875 0.6579374996904025 0.755071875 0.6586906247678018 0.749242188095238 0.6606953126934985 0.722746875 0.6594421876160991 0.68883125 0.655932812383901 0.657565625 0.6526734377708979 0.6612750000000001 0.6456531250773994 0.6618046880952381 0.6391343752321981 0.659685938095238 0.6383828123839008 0.676642186904762 0.6396359374613003 0.69625 0.6431468749226007 0.7285750000000001
0 0.2863921876160991 0.540453125 0.28889843777089785 0.5632390619047619 0.29466562476780184 0.5674781249999999 0.30118281238390093 0.565359375 0.30419218761609906 0.5542312500000001 0.30444218761609904 0.5415125 0.29892656222910213 0.5319734380952381 0.29215781238390093 0.530914063095238 0.2863921876160991 0.540453125
13 0.36328125015479873 0.66796875 0.41276041671826624 0.6575520833333334 0.5195312501547987 0.6549479166666666 0.5664062501547987 0.6640625 0.6315104167182662 0.6640625 0.6549479164086687 0.6640625 0.7122395832817336 0.6197916666666666 0.7057291665634675 0.6106770833333334 0.666666666873065 0.6341145833333334 0.6184895832817338 0.65234375 0.546875 0.6458333333333334 0.38411458328173376 0.640625 0.33723958328173376 0.62890625 0.2630208334365325 0.5234375 0.25520833312693497 0.5403645833333334 0.33463541671826624 0.6549479166666666 0.36328125015479873 0.66796875
13 0.31901041671826624 0.4661458333333333 0.375 0.4869791666666667 0.40625 0.4986979166666667 0.4743341535603715 0.5091107869047619 0.4388020835913312 0.5 0.3776041665634675 0.4817708333333333 0.3007812501547988 0.4427083333333333 0.31901041671826624 0.4661458333333333
13 0.5338541665634675 0.51171875 0.49823588730650153 0.5127663464285714 0.5169270835913312 0.515625 0.6914062501547988 0.48046875 0.6940104167182664 0.4596354166666667 0.6432291665634675 0.4830729166666667 0.5338541665634675 0.51171875
6 0.31119791640866873 0.703125 0.375 0.69140625 0.380208333126935 0.5872395833333334 0.3580729164086688 0.5885416666666666 0.31119791640866873 0.703125
