0 0.31416723601148533 0.550668752923844 0.2982568676656001 0.5497098170270418 0.30119597927739505 0.5009500580887272 0.3171062244632594 0.5019089902838709
2 0.35844150735135827 0.5254967090383942 0.3688979035295006 0.5265550630396907 0.36465144034161767 0.5685058051950684 0.35419504471360597 0.5674474549038897
0 0.38068751582670757 0.5631062517729141 0.3712293080678819 0.5620467375078133 0.37544135387554434 0.5244498216464332 0.3848995028721447 0.5255093325875985
2 0.3823828125 0.52033125 0.4060890625 0.52033125 0.4060890625 0.5763359375 0.3823828125 0.5763359375
9 0.38633437500004675 0.4314953124999996 0.3974760004992959 0.4309267156879298 0.4023384675184616 0.5262001588151693 0.391196842339923 0.5267687516667462
2 0.5515164523388876 0.48217502013114655 0.574179091852443 0.47958140643510716 0.5839400432080311 0.564864390836969 0.5612774067594728 0.5674579867110505
9 0.5598031919971618 0.48804037825870783 0.5506194190629685 0.4882671679318054 0.5475205980653755 0.3627855491002853 0.5567042215797073 0.3625587612738058
2 0.6443609374999824 0.5325609374999861 0.6433902097097643 0.5082724192785186 0.6594979926919677 0.5076287047752668 0.6604687501793478 0.5319171919862613
2 0.6691246321279323 0.44017208164565785 0.707260150039474 0.4373728039863521 0.7131917613297674 0.5181757393064043 0.6750562453339626 0.5209750003424973
9 0.6942031126797019 0.3664781239425503 0.6979878739321066 0.36680296943740365 0.6924895242710818 0.43086098973684034 0.6887047631785208 0.4305361455197395
9 0.6863927637708684 0.4438862985091903 0.6758374470009585 0.44455068874720155 0.670883849884035 0.3658550119127322 0.681439062499976 0.3651906250000034
0 0.703913186607906 0.6301453121459629 0.6698202054684543 0.629591804856547 0.6708262825002294 0.5676419184826915 0.7049188780509894 0.5681954226398342
1 0.37744153809842373 0.6704622562372201 0.3277316653981188 0.6669202775183196 0.33256700839115183 0.5990721743271462 0.38227623548175416 0.6026141300901997
9 0.35666361766698174 0.6691797245047438 0.3658245979244157 0.6699428257443032 0.35811410428379986 0.7624927810112415 0.34895312499998 0.7617296874999966
9 0.32980624999993324 0.7359812499999909 0.3233190525701275 0.7342569308982533 0.3409457872529629 0.6679522778699591 0.34743289579500924 0.6696765846402281
10 0.35440343212269454 0.5284090906250001 0.33238635597433586 0.5284090906250001 0.33238652813361114 0.42258522656250014 0.35440327072319633 0.42258522656250014
10 0.31832376376371485 0.4316812169197409 0.3369739662333586 0.4320142322570883 0.335183804359076 0.5322638093513068 0.3165336019434335 0.5319307964547922
10 0.34801149837289813 0.5241477265625 0.3217328992632247 0.5241477265625 0.3217331187848913 0.38068181874999985 0.3480112215304416 0.38068181874999985