2 0.31319843777089784 0.560082811904762 0.30846250030959754 0.5582625 0.3045875003095975 0.5564421869047619 0.2981281250773994 0.5537109380952381 0.29468437523219815 0.5446093750000001 0.28693437523219817 0.5364171880952381 0.2757390625386997 0.54825 0.28305937523219815 0.55553125 0.28693437523219817 0.564634375 0.29253125015479875 0.5791984380952381 0.29726718761609905 0.5892109380952381 0.30587812507739937 0.5955828119047619 0.3218093752321981 0.5873906249999999 0.3218093752321981 0.5782875000000001 0.3175031250773994 0.5673640619047619 0.31319843777089784 0.560082811904762
1 0.3670187498452012 0.590120313095238 0.3510875003095975 0.5837484369047619 0.3386015622291022 0.5773765630952381 0.33386562476780185 0.5946718750000001 0.33214218761609904 0.615607813095238 0.33774062476780187 0.631992188095238 0.34549062476780185 0.649285938095238 0.3553937498452013 0.6565671869047619 0.3670187498452012 0.6565671869047619 0.3734765622291022 0.6520171880952381 0.37993437523219814 0.6392734369047619 0.3863937498452012 0.6201578130952381 0.3863937498452012 0.6001328119047619 0.3670187498452012 0.590120313095238
9 0.3248234377708978 0.74395 0.34075468730650155 0.710271875 0.34764218761609905 0.692976561904762 0.35453125015479875 0.6574781249999999 0.3489343752321981 0.6538375 0.34592031269349843 0.68660625 0.3248234377708978 0.74395
9 0.32869843777089786 0.662029688095238 0.3390312501547988 0.648375 0.3368781250773994 0.631992188095238 0.30415625015479875 0.7148234380952381 0.3192265622291021 0.6820546880952381 0.32869843777089786 0.662029688095238
7 0.29985 0.7739890630952381 0.30587812507739937 0.784001561904762 0.31578125015479874 0.7803593750000001 0.3226703126934985 0.770346875 0.33214218761609904 0.753053125 0.32223906253869966 0.751232811904762 0.3200874996904025 0.73666875 0.3252531250773994 0.720284375 0.3213781250773994 0.7211953119047619 0.3144890625386997 0.7193734380952381 0.3067390625386997 0.7293875000000001 0.30114218761609907 0.7394000000000001 0.29726718761609905 0.751232811904762 0.29985 0.7739890630952381
7 0.7050374996904024 0.744759375 0.7045937498452013 0.7297390630952381 0.699707812383901 0.71565625 0.690825 0.695003125 0.6792781250773993 0.6893703130952381 0.6823859374613003 0.70626875 0.6854953126934985 0.72504375 0.6823859374613003 0.7381875 0.6695062501547988 0.71565625 0.6761687498452013 0.741004686904762 0.6890484377708979 0.7560250000000001 0.6948218749226006 0.76071875 0.7005968749226006 0.756964061904762 0.7050374996904024 0.744759375
1 0.6051062501547987 0.595490625 0.5993312501547988 0.6048796869047619 0.6051062501547987 0.636798436904762 0.6148765622291021 0.653696875 0.6277562501547987 0.6499406249999999 0.6424140625386997 0.6471250000000001 0.6539609374613002 0.633042186904762 0.6544062501547987 0.59736875 0.6495203126934984 0.5804703119047618 0.6348625003095976 0.5738984380952381 0.6179859374613003 0.5804703119047618 0.6051062501547987 0.595490625
9 0.650575 0.63909375 0.6469343752321981 0.6429406249999999 0.6490578123839009 0.647429686904762 0.6548218749226006 0.658971875 0.6617984377708978 0.678207811904762 0.6803031250773993 0.7262984380952381 0.6724156247678019 0.696160938095238 0.6642250000000001 0.6705125 0.6590687498452013 0.6532 0.650575 0.63909375
9 0.6372265622291021 0.6551234380952381 0.63025 0.657048436904762 0.6338890625386997 0.671154686904762 0.6396531250773994 0.6929546869047619 0.6475406247678019 0.722451561904762 0.6624046873065016 0.74938125 0.6533046873065016 0.7250156249999999 0.64845 0.7096265619047619 0.6408671876160992 0.6852609369047619 0.6372265622291021 0.6551234380952381
2 0.6457187498452013 0.4806328119047619 0.6409890625386997 0.48438125 0.6338953126934985 0.4956265630952381 0.6315312501547987 0.51686875 0.6226640625386997 0.525615625 0.6161609374613003 0.5356109369047619 0.6191171876160991 0.5468578119047619 0.6262109374613003 0.5443578119047618 0.6344874996904025 0.541859375 0.6392156247678018 0.539360936904762 0.6469015622291021 0.5381109380952381 0.6539953126934985 0.5293640630952381 0.6539953126934985 0.51686875 0.6516296873065016 0.491878125 0.6457187498452013 0.4806328119047619
2 0.6941937498452013 0.4881296880952381 0.6876906247678019 0.4793828119047619 0.6835531250773993 0.4893796869047619 0.6794140625386997 0.48313124999999996 0.6746859374613002 0.48313124999999996 0.6699562501547988 0.4856296880952381 0.6658187498452013 0.4893796869047619 0.6652265622291021 0.4806328119047619 0.6622718749226006 0.4718859369047619 0.6534031250773994 0.4681375 0.6534031250773994 0.4856296880952381 0.6510390625386996 0.499375 0.6516296873065016 0.51686875 0.6616796873065016 0.5243656250000001 0.6687734377708978 0.5218671880952381 0.6746859374613002 0.5143703119047619 0.6817796873065015 0.51561875 0.6941937498452013 0.506871875 0.6941937498452013 0.4881296880952381
2 0.6936015622291022 0.5331125 0.686507812383901 0.540609375 0.67705 0.54935625 0.6646359374613002 0.5631015630952381 0.6581328123839009 0.576846875 0.658725 0.5943390630952381 0.6640453126934984 0.6018375 0.6735031250773994 0.6018375 0.6835531250773993 0.58184375 0.6900546873065015 0.5705984369047619 0.7018781250773993 0.558103125 0.7119281250773994 0.539360936904762 0.7036515622291022 0.536860938095238 0.6936015622291022 0.5331125
2 0.3572687498452012 0.5260296869047619 0.3544421876160991 0.5166421880952381 0.35000156222910217 0.513228125 0.34232968730650154 0.52005625 0.33869531269349845 0.536271875 0.3427343752321982 0.553340625 0.3512125003095975 0.5576078130952381 0.3600953126934985 0.5559015630952381 0.3669593752321982 0.5482203130952381 0.3718046873065015 0.537125 0.368575 0.52944375 0.37018906253869965 0.5243234380952381 0.36655625015479876 0.5149359380952381 0.3572687498452012 0.5260296869047619
11 0.2199448563467492 0.684224494047619 0.22299359690402476 0.688579838095238 0.22560680371517028 0.6924996476190476 0.23475302538699688 0.6990326630952381 0.2469479876160991 0.6964194571428571 0.26219169040247675 0.6371867821428572 0.268724705882353 0.6101836511904761 0.27090237770897835 0.5535641833333333 0.268724705882353 0.5422402904761905 0.263498293498452 0.5374494119047619 0.2543520718266254 0.5348362059523809 0.24564138452012382 0.5326585345238095 0.23431749102167185 0.531351930952381 0.22604233808049537 0.5339651369047619 0.22299359690402476 0.5383204809523809 0.2203803907120743 0.5470311678571429 0.2203803907120743 0.5579195273809524 0.2203803907120743 0.5692434214285714 0.22299359690402476 0.5888424678571429 0.21950932198142417 0.6036506357142857 0.21428290959752322 0.6158455988095238 0.2107986346749226 0.6267339583333335 0.20731435975232196 0.6380578511904762 0.20600775665634674 0.6506883476190476 0.20600775665634674 0.6598345702380952 0.20862096284829723 0.6685452571428572 0.21341184086687306 0.6763848761904762 0.21733165015479874 0.6794336166666667 0.2199448563467492 0.684224494047619
11 0.7147119003095974 0.5857937273809524 0.7216804501547988 0.5857937273809524 0.7238581219814241 0.5897135369047619 0.7299556030959752 0.5975531547619047 0.7360530842105263 0.6084415142857142 0.7412794972136223 0.6223786142857143 0.7478125126934985 0.6371867821428572 0.7547810625386997 0.6511238821428572 0.7647983529411765 0.6659320511904762 0.7774288495356036 0.6724650666666667 0.7870106055727555 0.6689807916666666 0.7983344990712075 0.6528660202380953 0.7944146897832818 0.6245562857142858 0.7743801089783282 0.5644525428571429 0.7647983529411765 0.5169792964285714 0.7587008718266254 0.5148016249999999 0.7504257188854488 0.5161082273809524 0.7430216346749225 0.521770175 0.7347464811145511 0.5283031904761905 0.7299556030959752 0.5330940678571429 0.7247291907120743 0.5365783428571428 0.7181961752321981 0.5383204809523809 0.7147119003095974 0.5444179619047619 0.7129697628482973 0.5553063214285714 0.7134052972136222 0.561839336904762 0.7151474346749226 0.5709855583333333 0.716889572136223 0.5836160547619047 0.7147119003095974 0.5857937273809524
11 0.7166750204334364 0.38556800357142856 0.7131232173374613 0.3717554345238095 0.708387479256966 0.32952843690476186 0.7028624513931889 0.3086122607142857 0.7004945826625387 0.3066390369047619 0.6941802650154799 0.31571586785714284 0.6878659473684211 0.32676592380952385 0.6831302099071207 0.3417624273809524 0.6866820130030961 0.38833051785714284 0.6862873684210526 0.44634330833333336 0.6894445269349846 0.456998719047619 0.700889227244582 0.45739336428571425 0.7135178619195047 0.452262980952381 0.7218054037151703 0.43687183214285713 0.7233839826625387 0.42305926309523806 0.7222000482972137 0.4124038523809524 0.7198321795665635 0.4041163107142857 0.7166750204334364 0.39188232142857143 0.7166750204334364 0.38556800357142856
