2 0.3021859374613003 0.45034687500000004 0.30777343777089783 0.4428859369047619 0.31071406253869965 0.42361406190476186 0.31130156222910216 0.3881765619047619 0.3048328123839009 0.383825 0.29836249969040246 0.3968796880952381 0.2957156247678019 0.416153125 0.2918921876160991 0.4099359369047619 0.2821890625386997 0.4099359369047619 0.28071718761609904 0.42361406190476186 0.28630468730650155 0.42920937499999995 0.29836249969040246 0.437290625 0.3021859374613003 0.45034687500000004
1 0.32982968730650153 0.39625937499999997 0.3198296873065016 0.39190625 0.3168890625386997 0.3968796880952381 0.31218437523219816 0.403096875 0.3080671876160991 0.4192609380952381 0.30895 0.43666875000000005 0.3160078123839009 0.4546984369047619 0.3260062501547988 0.4559421880952381 0.33100468730650157 0.4571859369047619 0.3430625003095975 0.4671328119047619 0.35247343777089785 0.471484375 0.35864843777089783 0.459671875 0.36158906253869966 0.4360484380952381 0.3557078123839009 0.41553124999999996 0.34865 0.40371874999999996 0.34159218761609905 0.40123281190476195 0.32982968730650153 0.39625937499999997
2 0.3339468749226006 0.418640625 0.34512187492260066 0.4198828130952381 0.34570937523219814 0.402475 0.3389453126934984 0.3856890630952381 0.3295343752321982 0.383203125 0.3268890625386997 0.392528125 0.3277703126934985 0.405584375 0.3339468749226006 0.418640625
9 0.33953437523219815 0.3738765619047619 0.3380640625386997 0.384446875 0.34365156222910215 0.38755468690476186 0.34570937523219814 0.369525 0.34453281238390093 0.3452796880952381 0.34335625015479876 0.32351874999999997 0.3386515622291022 0.30673281190476187 0.3412984377708978 0.32911406309523805 0.34159218761609905 0.3552265619047619 0.33953437523219815 0.3738765619047619
9 0.33277031269349844 0.384446875 0.32747656222910215 0.357090625 0.3257125003095975 0.337196875 0.32453593746130033 0.31668124999999997 0.324242187616099 0.3079765619047619 0.3224765622291022 0.3421703130952381 0.324242187616099 0.3676609380952381 0.3280640625386997 0.38693281309523814 0.33277031269349844 0.384446875
9 0.3360046873065015 0.303003125 0.3357109374613003 0.3415484380952381 0.33159374984520124 0.3744984380952381 0.33247656222910216 0.38506874999999996 0.3392390625386997 0.38009375 0.3401218749226006 0.347765625 0.34070937523219813 0.3179234369047619 0.3410046873065016 0.2874609369047619 0.34070937523219813 0.2681875 0.3377687498452012 0.25761875 0.3360046873065015 0.303003125
9 0.37390468730650156 0.31250937500000003 0.3760281250773994 0.2932734369047619 0.36996093746130027 0.31763906190476193 0.36814062476780185 0.3522640630952381 0.3678375003095975 0.3727828130952381 0.37269062476780185 0.3606 0.3714781250773994 0.3311046880952381 0.37390468730650156 0.31250937500000003
1 0.3775437498452012 0.4708875 0.38391562476780183 0.463834375 0.38634218761609906 0.4490859380952381 0.3872515622291022 0.4317734369047619 0.3760281250773994 0.419590625 0.3632875003095975 0.4240796880952381 0.35752343777089785 0.43369687500000004 0.3554 0.45870468809523807 0.3578265622291022 0.46768125000000005 0.3623765622291022 0.47409375 0.36965781238390094 0.47601718809523813 0.3775437498452012 0.4708875
2 0.39817187492260064 0.4753765619047619 0.4042390625386997 0.4753765619047619 0.41030625015479877 0.4721703130952381 0.4109140625386997 0.463834375 0.4042390625386997 0.454215625 0.3990828123839009 0.446521875 0.39695937523219815 0.43369687500000004 0.39089218761609906 0.4317734369047619 0.38634218761609906 0.4420328130952381 0.38209531269349845 0.463834375 0.3872515622291022 0.4734515630952381 0.393925 0.4734515630952381 0.39817187492260064 0.4753765619047619
2 0.5777578123839009 0.463834375 0.5789718749226006 0.470246875 0.5798812501547987 0.4773 0.5865562501547988 0.47473437500000004 0.5935328123839009 0.4734515630952381 0.5980828123839009 0.47858124999999996 0.6038468749226006 0.477940625 0.6044531250773993 0.4721703130952381 0.6056671876160991 0.4561390619047619 0.6020265622291022 0.44010937499999997 0.5999031250773993 0.426003125 0.5947468749226006 0.4343390619047619 0.5911062501547987 0.451009375 0.5844328123839009 0.4561390619047619 0.5810953126934985 0.453575 0.5777578123839009 0.463834375
2 0.6187109374613003 0.4734515630952381 0.6272046873065016 0.4728109369047619 0.6305421876160991 0.46896406309523814 0.6308453126934985 0.46191093690476187 0.6302390625386997 0.4452390619047619 0.6272046873065016 0.43369687500000004 0.6205312501547987 0.42728593809523807 0.6171937498452013 0.44010937499999997 0.6168906247678019 0.452934375 0.6144640625386997 0.453575 0.6074874996904025 0.45870468809523807 0.6059703126934984 0.47152812499999996 0.6105203126934985 0.47473437500000004 0.6187109374613003 0.4734515630952381
2 0.6754390625386998 0.4381859380952381 0.672707812383901 0.4202328130952381 0.6678546873065014 0.4202328130952381 0.6599671876160991 0.42215624999999996 0.6623937498452013 0.436903125 0.6578437498452013 0.44075000000000003 0.6542031250773994 0.4452390619047619 0.652382812383901 0.44010937499999997 0.6472265622291021 0.436903125 0.6438890625386997 0.442675 0.6435859374613002 0.45036875 0.6393390625386998 0.45036875 0.6387328123839009 0.4452390619047619 0.6353953126934985 0.43946875 0.6326656247678019 0.4343390619047619 0.6287218749226006 0.4349796880952381 0.6272046873065016 0.4413921869047619 0.6269015622291021 0.4490859380952381 0.6311484377708978 0.4651171880952381 0.6329687498452012 0.47409375 0.6393390625386998 0.4753765619047619 0.6454062501547987 0.4708875 0.6502593752321981 0.4766578119047619 0.6560234377708978 0.4734515630952381 0.6578437498452013 0.467040625 0.6611812501547987 0.467040625 0.6648203126934985 0.4663984380952381 0.6693718749226006 0.460628125 0.6714953126934985 0.452934375 0.6754390625386998 0.44331562500000005 0.6754390625386998 0.4381859380952381
1 0.6939437498452014 0.3721421869047619 0.6839328123839009 0.384325 0.6733156247678018 0.39907187499999996 0.6717984377708979 0.40612499999999996 0.6717984377708979 0.42151406309523815 0.6739218749226006 0.44010937499999997 0.6751343752321982 0.452934375 0.6793812501547988 0.452934375 0.6878765622291022 0.449728125 0.6939437498452014 0.4388265619047619 0.7024375003095975 0.43754531309523814 0.7109312501547987 0.4240796880952381 0.7142671876160991 0.4106140630952381 0.7148749999999999 0.39907187499999996 0.7142671876160991 0.3824 0.7106281250773994 0.36829375000000003 0.7033468749226006 0.36380624999999994 0.6939437498452014 0.3721421869047619
9 0.697582812383901 0.3195625 0.6948531250773994 0.3343109380952381 0.6957625003095975 0.35739375 0.7003140625386998 0.3221265630952381 0.7009203126934984 0.3048140630952381 0.7015265622291021 0.27083125 0.697582812383901 0.3195625
9 0.6821125003095975 0.361240625 0.6836296873065015 0.3715 0.6890890625386997 0.361240625 0.684842187616099 0.3452109380952381 0.6827187498452013 0.3311046880952381 0.6821125003095975 0.31058593809523805 0.6821125003095975 0.361240625
9 0.6878765622291022 0.278525 0.6869656247678019 0.3003265630952381 0.6912125003095975 0.30289062499999997 0.6878765622291022 0.278525
2 0.6736187498452013 0.5003828130952381 0.6693718749226006 0.50230625 0.6657312501547987 0.5042296869047619 0.6626968749226007 0.5106421869047619 0.6572374996904025 0.5144890630952381 0.6545062501547987 0.515771875 0.6493500000000001 0.5202609369047619 0.6454062501547987 0.5209015630952382 0.6420687498452012 0.5337265619047619 0.6375187498452013 0.547190625 0.6414624996904025 0.556809375 0.6475296873065015 0.55745 0.6484406247678018 0.560015625 0.652382812383901 0.560015625 0.6551140625386997 0.570275 0.6605734377708978 0.578610936904762 0.6730109374613003 0.5901515619047619 0.6775625003095975 0.5824578130952381 0.6808984377708979 0.566428125 0.6812015622291022 0.5516796869047619 0.683325 0.5382140619047618 0.6863593752321981 0.53693125 0.6878765622291022 0.5311609369047618 0.6839328123839009 0.5209015630952382 0.6736187498452013 0.5003828130952381
9 0.7176046873065015 0.617082813095238 0.7169984377708979 0.611953125 0.7100203126934984 0.5959234380952381 0.7003140625386998 0.5818171869047619 0.6948531250773994 0.5747625 0.6830218749226006 0.56065625 0.6781687498452013 0.5696328119047619 0.6836296873065015 0.5721984369047619 0.6942468749226006 0.585664061904762 0.7039531250773994 0.5965640619047619 0.7176046873065015 0.617082813095238
9 0.7030437498452011 0.642090625 0.6984937498452012 0.6331125 0.693032812383901 0.6267015630952381 0.6872687498452013 0.618365625 0.6808984377708979 0.604259375 0.6769546873065015 0.5863046880952382 0.6739218749226006 0.5927171869047618 0.6775625003095975 0.6081062500000001 0.6842359374613003 0.6222125000000001 0.6957625003095975 0.638884375 0.7030437498452011 0.642090625
0 0.5868593752321981 0.5683515630952382 0.5871625003095975 0.5516796869047619 0.5844328123839009 0.5478328119047619 0.5807921876160991 0.550396875 0.5829156247678019 0.566428125 0.5868593752321981 0.5683515630952382
2 0.3778484377708978 0.55424375 0.37997187492260065 0.5516796869047619 0.38209531269349845 0.5414203130952381 0.3851281250773994 0.5318015630952382 0.3723875003095975 0.5273140619047619 0.3648031250773994 0.5305203130952381 0.3581296873065016 0.53693125 0.3566125003095975 0.5612984369047619 0.36146718761609903 0.5683515630952382 0.36632031269349846 0.564503125 0.36965781238390094 0.5548859380952381 0.3778484377708978 0.55424375
2 0.3420125003095975 0.5138484369047619 0.33473125015479877 0.506153125 0.3310906247678019 0.4939703130952381 0.31835 0.49781875000000003 0.3150140625386997 0.521542186904762 0.31622656222910217 0.5292375 0.3229 0.536290625 0.3265406247678019 0.5478328119047619 0.3274515622291022 0.564503125 0.3289671876160991 0.5818171869047619 0.33200156222910215 0.5779687499999999 0.33655156222910215 0.5766875 0.34140468730650153 0.570275 0.3450453126934985 0.567709375 0.35080937523219813 0.56065625 0.3541453126934984 0.5484734380952381 0.3583937498452013 0.5343671880952381 0.3580890625386997 0.522184375 0.35202187492260056 0.5170546880952381 0.3420125003095975 0.5138484369047619
9 0.36590312507739936 0.675959375 0.36640468730650155 0.6547625 0.36840937523219813 0.630385938095238 0.3706656247678019 0.608659375 0.3666546873065016 0.609189061904762 0.36540156222910214 0.625617188095238 0.3643984377708978 0.64734375 0.3638968749226006 0.67225 0.3631453126934985 0.7008671880952381 0.36590312507739936 0.675959375
9 0.30874218761609906 0.6081296869047619 0.31475937523219816 0.589053125 0.31049687492260064 0.586403125 0.30473125015479874 0.6028312499999999 0.30071874984520125 0.6282671880952381 0.2969593752321981 0.66218125 0.3004687498452012 0.64734375 0.3037281250773994 0.62985625 0.30874218761609906 0.6081296869047619
9 0.32829687492260057 0.6224375 0.3265421876160991 0.643634375 0.33080468730650153 0.6155484380952382 0.3328093752321981 0.59753125 0.33356249969040247 0.5858734380952381 0.33055312507739937 0.5821640619047619 0.33005156222910215 0.600710936904762 0.32829687492260057 0.6224375
2 0.30473125015479874 0.518571875 0.30999531269349845 0.5244015630952381 0.31300468730650155 0.5206921880952381 0.3167640625386997 0.521221875 0.31801874984520123 0.505325 0.31425781238390094 0.4931359380952381 0.30999531269349845 0.49419687500000004 0.30523281238390093 0.49419687500000004 0.2987140625386997 0.4894265630952381 0.29495312507739935 0.4835984380952381 0.2921953126934984 0.4825375 0.2866796873065015 0.48041875 0.2829187498452012 0.476709375 0.28141562476780185 0.48094843809523813 0.28266874984520124 0.4904859380952381 0.2859281250773994 0.496315625 0.28993906253869967 0.4968453119047619 0.29545468730650154 0.5047953130952381 0.30322656222910216 0.513803125 0.30473125015479874 0.518571875
0 0.2779046873065016 0.4846578119047619 0.2811640625386997 0.48677656190476193 0.28191562476780185 0.4772390619047619 0.2859281250773994 0.47935781190476195 0.2909421876160991 0.48094843809523813 0.2926968749226006 0.474059375 0.2846734377708978 0.463990625 0.27940937523219816 0.4692890630952381 0.27564843777089787 0.466640625 0.27289062476780185 0.4729984380952381 0.27063437523219813 0.47776875 0.27163750030959755 0.486246875 0.2743953126934985 0.48995625 0.2779046873065016 0.4846578119047619
11 0.19401041671826624 0.61328125 0.23307291640866873 0.6041666666666666 0.25520833312693497 0.515625 0.19791666687306503 0.4830729166666667 0.19401041671826624 0.61328125
