0 0.2644718749226006 0.3542484380952381 0.25930625015479875 0.3606203130952381 0.25370781238390094 0.37245312500000005 0.251125 0.3933875 0.2554296873065015 0.405221875 0.26102812507739936 0.40613125000000005 0.2649031250773994 0.39702968690476187 0.2644718749226006 0.382465625 0.2661937498452012 0.3615296869047619 0.2644718749226006 0.3542484380952381
2 0.2812640625386997 0.3742734369047619 0.2829859374613003 0.3942984380952381 0.27954218761609906 0.4015796880952381 0.27954218761609906 0.4179640619047619 0.2877218749226006 0.435259375 0.29375 0.43616875 0.30107031269349843 0.432528125 0.3058062501547988 0.4279765619047619 0.31140312507739937 0.41614375 0.30882031269349847 0.40067031190476193 0.30709843777089785 0.38974687500000005 0.30451406253869967 0.3879265630952381 0.3027921876160991 0.38610625 0.3036531250773994 0.38064531190476186 0.2989171876160991 0.36426093809523813 0.2915968749226006 0.349696875 0.2834171876160991 0.3606203130952381 0.2812640625386997 0.3742734369047619
2 0.3600562501547988 0.4434515630952381 0.35618125015479873 0.399759375 0.35489062476780187 0.405221875 0.3458484377708978 0.39611875 0.3385281250773994 0.4043109380952381 0.3316390625386997 0.418875 0.3264734377708978 0.4243359369047619 0.3243203126934984 0.448003125 0.33250156222910215 0.45164374999999995 0.3415421876160991 0.45619374999999995 0.35015468730650157 0.4534640619047619 0.3600562501547988 0.4434515630952381
0 0.38545937523219814 0.4106828119047619 0.3751265622291021 0.39885 0.3682374996904025 0.3879265630952381 0.3587656247678018 0.38610625 0.35790468730650155 0.402490625 0.3604874996904025 0.4243359369047619 0.3656546873065016 0.432528125 0.3725437498452012 0.4334390630952381 0.38373750030959747 0.42615625 0.38545937523219814 0.4106828119047619
2 0.4082765622291022 0.45830156190476196 0.41582656222910214 0.44985312499999996 0.4176031250773994 0.440465625 0.4113859374613003 0.42356718809523813 0.4118296873065016 0.404790625 0.40694374984520126 0.3841375 0.4016140625386997 0.38038281309523814 0.3953968749226006 0.4010359380952381 0.38651406253869963 0.4151171880952381 0.38651406253869963 0.45642499999999997 0.38740156222910216 0.4733234380952381 0.39717343777089786 0.47238437499999997 0.4082765622291022 0.45830156190476196
2 0.6001968749226007 0.4430125 0.5996453126934984 0.45117343690476186 0.6040578123839009 0.455253125 0.6090218749226006 0.4546703119047619 0.6145374996904025 0.4575859369047619 0.621982812383901 0.4669125 0.6261203126934984 0.4634140619047619 0.6263953126934985 0.44825937499999996 0.625017187616099 0.4284390630952381 0.6206046873065015 0.41445 0.6156406247678018 0.406871875 0.6115031250773993 0.39288124999999996 0.6059890625386997 0.3812234380952381 0.6035062501547988 0.39055 0.6054375003095975 0.41036875 0.6043343752321981 0.4348515619047619 0.6001968749226007 0.4430125
1 0.65425 0.45117343690476186 0.6523187498452013 0.4319375 0.6509406247678019 0.4074546880952381 0.6470796873065016 0.3975453130952381 0.6407359374613002 0.398128125 0.6244656247678019 0.4039578130952381 0.6214312501547988 0.4185296869047619 0.6272234377708978 0.44825937499999996 0.6316359374613003 0.46049999999999996 0.6418390625386997 0.4686609369047619 0.6479062501547987 0.4599171869047619 0.65425 0.45117343690476186
2 0.6713468749226006 0.34391718809523814 0.6663828123839008 0.34333437499999997 0.66335 0.3526609369047619 0.6650046873065015 0.356740625 0.6619703126934985 0.369565625 0.6575578123839009 0.3736453130952381 0.6525953126934985 0.38472031190476186 0.6495609374613003 0.395796875 0.6495609374613003 0.42027812499999995 0.6520437498452012 0.44534375 0.6559031250773993 0.4476765619047619 0.6608671876160991 0.45175625 0.6702437498452012 0.4535046880952381 0.6815515622291021 0.44359531309523814 0.6942375003095975 0.4319375 0.6986500000000001 0.4261078130952381 0.6939609374613004 0.40570625 0.689825 0.3888015630952381 0.6843093752321981 0.400459375 0.6840328123839009 0.39463125 0.6812750000000001 0.3736453130952381 0.6804484377708978 0.360821875 0.6776906247678018 0.3538265630952381 0.6727265622291022 0.3602390630952381 0.6713468749226006 0.34391718809523814
2 0.692857812383901 0.3934640630952381 0.6939609374613004 0.41328437500000004 0.696167187616099 0.42319375000000004 0.7008562501547988 0.4284390630952381 0.7063703126934985 0.4173640619047619 0.7124374996904025 0.4185296869047619 0.716575 0.40920312499999995 0.719332812383901 0.4127015630952381 0.7204359374613003 0.406871875 0.7174015622291021 0.3911328119047619 0.7118859374613004 0.3888015630952381 0.7094046873065015 0.3963796869047619 0.7041640625386997 0.40220781309523806 0.7022343752321981 0.39288124999999996 0.6975468749226007 0.387053125 0.6947890625386997 0.3888015630952381 0.692857812383901 0.3934640630952381
0 0.7287093752321983 0.38763593690476195 0.7320187498452012 0.3777265630952381 0.7284328123839009 0.3619875 0.7265031250773993 0.36431875 0.7242968749226005 0.37889218809523806 0.7287093752321983 0.38763593690476195
0 0.6901 0.503053125 0.687342187616099 0.4983890630952381 0.6845843752321981 0.494309375 0.6832062501547987 0.4972234369047619 0.6823781250773995 0.509465625 0.6865156247678018 0.5234546880952381 0.689825 0.5193749999999999 0.6914796873065016 0.5129625 0.6901 0.503053125
0 0.6754843752321981 0.5345296869047619 0.6843093752321981 0.5386109380952381 0.6848609374613004 0.5287015630952381 0.6843093752321981 0.520540625 0.6823781250773995 0.5112140630952381 0.6798968749226006 0.5048015619047619 0.6765875003095975 0.5071328119047619 0.6738296873065015 0.5176265619047619 0.6754843752321981 0.5345296869047619
0 0.6622468749226006 0.511796875 0.6553531250773994 0.5164593749999999 0.6456999999999999 0.5222890619047619 0.6525953126934985 0.5287015630952381 0.6592124996904025 0.5257859380952381 0.663625 0.5211234380952381 0.6677625003095975 0.511796875 0.6622468749226006 0.511796875
0 0.6354968749226007 0.5158765630952381 0.6374265622291022 0.531615625 0.6407359374613002 0.5479375 0.6454249999999999 0.5508515630952381 0.6470796873065016 0.5438578130952381 0.6465281250773994 0.53045 0.6410124996904025 0.5176265619047619 0.6354968749226007 0.5158765630952381
0 0.6294296873065015 0.5438578130952381 0.6346687498452013 0.5450234369047618 0.6360484377708979 0.538028125 0.6349453126934985 0.5310328130952381 0.6327390625386997 0.5211234380952381 0.6308078123839009 0.5176265619047619 0.6269468749226006 0.5240375 0.6261203126934984 0.5345296869047619 0.6294296873065015 0.5438578130952381
0 0.37792031269349846 0.5479375 0.38233281238390093 0.540359375 0.3817812501547988 0.5333640630952381 0.37929999999999997 0.5222890619047619 0.3748875003095975 0.5147109380952382 0.3724062501547988 0.5187921880952381 0.37020000000000003 0.53278125 0.3690968749226006 0.553184375 0.37268125015479875 0.55435 0.37792031269349846 0.5479375
0 0.35972031269349847 0.5386109380952381 0.3630296873065016 0.5461890619047619 0.36523593746130034 0.553184375 0.36716562476780185 0.5479375 0.3693718749226006 0.533946875 0.37020000000000003 0.52170625 0.36468437523219815 0.5211234380952381 0.36109843777089784 0.5246203119047619 0.35972031269349847 0.5386109380952381
0 0.31256249969040245 0.531615625 0.3194562501547987 0.53045 0.32386874984520125 0.525203125 0.3208359374613003 0.5135453119047619 0.31862968730650154 0.498971875 0.3153203126934984 0.5112140630952381 0.31256249969040245 0.531615625
0 0.30290937523219813 0.5257859380952381 0.3078734377708978 0.52811875 0.3122859374613003 0.525203125 0.31559531269349844 0.5176265619047619 0.31476874984520126 0.5042187499999999 0.3120109374613003 0.5013046869047619 0.308425 0.5048015619047619 0.3042890625386997 0.5147109380952382 0.30290937523219813 0.5257859380952381
9 0.4107683541795666 0.271638225 0.4034166334365325 0.271638225 0.3953297523219814 0.3465952583333333 0.3813614718266254 0.4369846273809524 0.3879780315789474 0.4715236619047619 0.40827204210526313 0.46433823571428573 0.42326631269349846 0.4215523059523809 0.4107683541795666 0.271638225
9 0.6247034105263158 0.47078879999999995 0.6261738439628483 0.4450682464285714 0.6188221238390093 0.3884830238095238 0.610735186377709 0.30029826785714286 0.5997076055727554 0.25914537976190477 0.5945614235294118 0.3590881047619048 0.5952965281733746 0.44433335714285715 0.6123161597523219 0.46433823571428573 0.6247034105263158 0.47078879999999995
9 0.651904865634675 0.46050056785714283 0.651904865634675 0.4031804821428571 0.6408772848297213 0.3076469976190476 0.6327903479876161 0.2598802547619048 0.6261738439628483 0.2554710142857143 0.6224979839009288 0.3884830238095238 0.6261738439628483 0.45094722499999995 0.6417279244582043 0.4569852952380952 0.651904865634675 0.46050056785714283
9 0.6982206154798761 0.4369846273809524 0.6960151888544892 0.4149384380952381 0.6746951325077399 0.2569407654761905 0.6585213696594426 0.2393038107142857 0.6496993275541796 0.25400126309523813 0.6489641102167182 0.3752553154761905 0.6601102773993808 0.44963235357142856 0.6982206154798761 0.4369846273809524
