0 0.2507109374613003 0.4436640630952381 0.23925000000000002 0.4327609369047619 0.23351874984520124 0.4436640630952381 0.2277890625386997 0.46183749999999996 0.23294687492260063 0.48485625 0.23753125015479878 0.48485625 0.25013906253869966 0.4787984369047619 0.2530031250773994 0.4630484380952381 0.2507109374613003 0.4436640630952381
0 0.3395390625386997 0.5333171869047619 0.34813437523219815 0.5321046880952381 0.35329218761609904 0.51514375 0.35329218761609904 0.4824328119047619 0.34584218761609903 0.47395156309523806 0.33667343777089787 0.49697187499999995 0.3326609374613003 0.517567188095238 0.3395390625386997 0.5333171869047619
0 0.34584218761609903 0.6023734380952381 0.35214687492260066 0.5878359369047619 0.34011093746130033 0.56239375 0.33094218761609906 0.5648171880952381 0.32463906253869973 0.5781437500000001 0.3234921876160991 0.60843125 0.32693125015479874 0.619334375 0.33667343777089787 0.6169125 0.34584218761609903 0.6023734380952381
0 0.3659 0.534528125 0.3722031250773994 0.523625 0.37277656222910216 0.49939374999999997 0.3624609374613003 0.492125 0.35673125015479873 0.518778125 0.36016874984520125 0.535740625 0.3659 0.534528125
0 0.5911187498452013 0.5224125000000001 0.5928390625386997 0.543009375 0.6008609374613003 0.549067188095238 0.5974234377708978 0.5163562500000001 0.5911187498452013 0.5224125000000001
1 0.6272234377708978 0.5115093749999999 0.6232109374613003 0.50060625 0.6123234377708978 0.5066640619047619 0.6020078123839009 0.5090859369047619 0.5997156247678019 0.5381625 0.6014343752321981 0.5539125 0.6083109374613003 0.5696625 0.6232109374613003 0.566028125 0.6295156247678019 0.5478546880952381 0.6272234377708978 0.5115093749999999
9 0.5979406247678019 0.38760937500000003 0.605625 0.45258437500000004 0.6085812501547987 0.4425890619047619 0.5979406247678019 0.38760937500000003
2 0.6162656247678019 0.5013171880952382 0.6127187498452012 0.4750765619047619 0.6062156247678019 0.480075 0.6097624996904025 0.523807813095238 0.6097624996904025 0.5438 0.6186296873065016 0.5413015619047619 0.6227687498452013 0.5250578119047619 0.625132812383901 0.5088140630952381 0.6227687498452013 0.5013171880952382 0.6162656247678019 0.5013171880952382
2 0.634 0.5463 0.6422765622291022 0.5500484369047619 0.6475968749226005 0.54755 0.6552812501547988 0.5400515619047619 0.662375 0.537553125 0.6688781250773994 0.522559375 0.6629671876160991 0.5138125 0.6552812501547988 0.518809375 0.6541 0.5113125 0.6458234377708979 0.5138125 0.6393203126934984 0.4988171880952381 0.6280890625386997 0.49381875 0.6292703126934984 0.522559375 0.634 0.5463
2 0.605625 0.653759375 0.6097624996904025 0.665004688095238 0.6139015622291022 0.656259375 0.6121281250773993 0.633767188095238 0.6139015622291022 0.620021875 0.6180390625386997 0.606278125 0.6162656247678019 0.5812875 0.6079890625386997 0.5787875 0.5997140625386997 0.5787875 0.5932109374613003 0.588784375 0.5979406247678019 0.603778125 0.6020781250773994 0.62751875 0.605625 0.653759375
2 0.6712421876160991 0.537553125 0.6582374996904025 0.552546875 0.6600109374613004 0.570040625 0.6671046873065016 0.5825359369047619 0.6759718749226007 0.587534375 0.6747890625386996 0.5650421880952381 0.6960718749226006 0.54755 0.6925250000000001 0.5313046880952381 0.6712421876160991 0.537553125
1 0.6493703126934984 0.6100265619047619 0.6653312501547988 0.5987796880952381 0.6659218749226006 0.5800375 0.6582374996904025 0.551298438095238 0.6475968749226005 0.5500484369047619 0.634 0.5600453119047619 0.6204031250773994 0.56254375 0.615675 0.5712906249999999 0.6139015622291022 0.5825359369047619 0.6215859374613003 0.612525 0.6304531250773994 0.617523436904762 0.6375468749226006 0.6150234380952381 0.6493703126934984 0.6100265619047619
9 0.6076015622291021 0.662553125 0.6084093752321982 0.6770624999999999 0.6176953126934984 0.714614063095238 0.6298093752321982 0.7632609380952381 0.6281937498452013 0.7478984369047619 0.6205218749226006 0.713760938095238 0.6152734377708978 0.6617 0.6076015622291021 0.662553125
9 0.6822984377708978 0.7094937499999999 0.6726078123839009 0.660846875 0.6657437498452012 0.6582859369047619 0.6822984377708978 0.7094937499999999
9 0.6350578123839009 0.6301218749999999 0.6395 0.6497515630952381 0.6451515622291022 0.6873031249999999 0.6487859374613003 0.708639063095238 0.6540343752321981 0.727415625 0.649307812383901 0.685915625 0.6487859374613003 0.6813296869047619 0.6443437498452013 0.6275625 0.6350578123839009 0.6301218749999999
13 0.4661458334365325 0.6822916666666666 0.53125 0.69140625 0.6080729164086688 0.6575520833333334 0.6640624996904025 0.62109375 0.7278645832817336 0.5768229166666666 0.71875 0.5716145833333334 0.572916666873065 0.65625 0.536458333126935 0.6640625 0.44921874984520127 0.6692708333333334 0.2682291665634675 0.5755208333333334 0.2773437498452012 0.6015625 0.3776041665634675 0.6510416666666666 0.4661458334365325 0.6822916666666666
13 0.23046874984520122 0.44140625 0.39453125015479873 0.5143229166666666 0.5065104167182662 0.52734375 0.578125 0.5065104166666666 0.7408854167182664 0.4466145833333333 0.7304687498452012 0.4283854166666667 0.6080729164086688 0.4830729166666667 0.5546875003095976 0.5052083333333334 0.515625 0.5130208333333334 0.4557291665634675 0.5065104166666666 0.4036458334365325 0.5078125 0.359375 0.4934895833333333 0.3151041665634675 0.4661458333333333 0.24218749969040249 0.4283854166666667 0.23046874984520122 0.44140625
