0 0.23884531269349846 0.553721875 0.24139531269349845 0.5438765630952381 0.24266874984520123 0.5359046869047619 0.24317812507739936 0.529809375 0.24215937523219816 0.5251203130952381 0.24012031269349846 0.527465625 0.23706249969040247 0.5330921869047619 0.23578749969040247 0.5391875 0.23782656222910217 0.5448140619047619 0.23757187492260062 0.553253125 0.23884531269349846 0.553721875
0 0.2482765622291022 0.5330921869047619 0.2462375003095975 0.528403125 0.24445312507739936 0.5340296880952381 0.24343437523219816 0.54059375 0.24190468730650153 0.550440625 0.24445312507739936 0.5476265619047619 0.2482765622291022 0.5434078119047618 0.24904062476780184 0.5373125 0.2482765622291022 0.5330921869047619
0 0.3224421876160991 0.5457515619047619 0.32320781238390095 0.5560671869047619 0.3244812501547988 0.56356875 0.326775 0.572946875 0.3346765622291022 0.5781046880952381 0.34308593746130034 0.574353125 0.34614531269349846 0.559348438095238 0.345125 0.5448140619047619 0.3413031250773994 0.532623438095238 0.3402828123839009 0.5251203130952381 0.33493125015479874 0.519025 0.32932343777089784 0.526059375 0.32550156222910215 0.5349671880952381 0.3224421876160991 0.5457515619047619
0 0.6366937498452013 0.5691953130952381 0.6423 0.5663828130952381 0.6440843752321981 0.559348438095238 0.6420453126934985 0.549971875 0.6346546873065015 0.5574734380952381 0.6349093752321981 0.5687265630952382 0.6366937498452013 0.5691953130952381
0 0.6349093752321981 0.5452828119047619 0.6313421876160991 0.546689061904762 0.630067187616099 0.551846875 0.6282828123839009 0.5560671869047619 0.630067187616099 0.561225 0.6323609374613003 0.564975 0.6346546873065015 0.5574734380952381 0.6366937498452013 0.550440625 0.6349093752321981 0.5452828119047619
0 0.682825 0.552784375 0.6820593752321982 0.5438765630952381 0.6795109374613002 0.5373125 0.675432812383901 0.5448140619047619 0.672375 0.552784375 0.6733953126934984 0.5659140630952381 0.6772171876160991 0.572946875 0.6825703126934985 0.5752906249999999 0.6840984377708977 0.5640375 0.682825 0.552784375
0 0.6846093752321981 0.5448140619047619 0.6835890625386997 0.553253125 0.6835890625386997 0.56263125 0.6861374996904024 0.5720093749999999 0.688942187616099 0.571071875 0.6948031250773994 0.5687265630952382 0.6991359374613003 0.5631 0.70245 0.5565359369047619 0.7019390625386996 0.548565625 0.7019390625386996 0.5419999999999999 0.6955687498452012 0.53871875 0.6894515622291022 0.5344984380952381 0.687157812383901 0.5373125 0.6846093752321981 0.5448140619047619
0 0.7269171876160991 0.527934375 0.7230937498452013 0.5335609369047619 0.7236031250773993 0.54153125 0.7243687498452012 0.546689061904762 0.7281906247678018 0.550440625 0.7307390625386997 0.5513781249999999 0.7292109374613004 0.53871875 0.7287 0.5316859380952381 0.7269171876160991 0.527934375
0 0.7080562501547987 0.6423406250000001 0.7118796873065015 0.6484359380952381 0.7149375003095975 0.65171875 0.7157031250773994 0.643746875 0.7146828123839009 0.634370311904762 0.7118796873065015 0.6282734380952381 0.7085656247678018 0.6348390630952381 0.7080562501547987 0.6423406250000001
0 0.7202906247678018 0.634370311904762 0.7167218749226006 0.63343125 0.7162125003095975 0.6414031250000001 0.717742187616099 0.6460921880952382 0.7192703126934984 0.65171875 0.7210546873065016 0.650310938095238 0.7223296873065016 0.645153125 0.7220734377708978 0.639996875 0.7202906247678018 0.634370311904762
0 0.6609062501547988 0.6423406250000001 0.6563187498452012 0.643746875 0.6555531250773993 0.6512484369047619 0.6545343752321982 0.656875 0.657082812383901 0.6610953119047619 0.6609062501547988 0.6653156250000001 0.6634546873065015 0.6521874999999999 0.6637093752321981 0.645623438095238 0.6609062501547988 0.6423406250000001
0 0.6071296873065015 0.650310938095238 0.6091687498452013 0.6610953119047619 0.6109515622291022 0.6671906249999999 0.6142656247678019 0.6751625 0.61605 0.671879688095238 0.6191078123839009 0.6639093749999999 0.6191078123839009 0.6559375 0.6188531250773994 0.645153125 0.6157953126934984 0.6395265630952381 0.6114625003095975 0.6348390630952381 0.6084031250773994 0.636245313095238 0.6073843752321981 0.640465625 0.6071296873065015 0.650310938095238
2 0.3425765622291022 0.692510936904762 0.34487031269349844 0.6962609380952381 0.3497124996904025 0.6962609380952381 0.3530265622291021 0.7032953119047619 0.3565953126934985 0.7000124999999999 0.35608437523219816 0.686884375 0.35582968730650155 0.67985 0.35939843777089786 0.6704734380952381 0.3573593752321982 0.6615640630952381 0.3571046873065015 0.655 0.3565953126934985 0.640934375 0.36220156222910216 0.636245313095238 0.3644953126934985 0.63015 0.3644953126934985 0.6174906250000001 0.36092812507739935 0.617959375 0.35430156222910214 0.622178125 0.35124218761609904 0.6207718750000001 0.34538125015479876 0.6170218749999999 0.34079218761609903 0.617959375 0.3336562501547987 0.618896875 0.3275390625386997 0.624523436904762 0.31989374984520125 0.627804686904762 0.31709062476780187 0.6353078130952381 0.31785468730650157 0.6498421880952381 0.3183640625386997 0.660626561904762 0.31887499999999996 0.6737546869047619 0.3201484377708978 0.67844375 0.32702968730650156 0.677975 0.3313624996904025 0.683601561904762 0.3362046873065015 0.690634375 0.3425765622291022 0.692510936904762
0 0.31581562476780184 0.6446843750000001 0.3119921876160991 0.65171875 0.3109734377708978 0.6596890630952381 0.3114828123839009 0.668128125 0.3145421876160991 0.6770375 0.31607031269349845 0.67985 0.3181093752321981 0.6700046869047619 0.31658125015479877 0.658282811904762 0.31581562476780184 0.6446843750000001
0 0.24419843777089784 0.63061875 0.24496250030959751 0.621709375 0.24088437523219813 0.6231171869047619 0.23578749969040247 0.6226468749999999 0.2319640625386997 0.6226468749999999 0.23425781238390092 0.63015 0.23757187492260062 0.6324937500000001 0.24062968730650153 0.634370311904762 0.24419843777089784 0.63061875
9 0.32359684953560375 0.6991046285714285 0.2986009839009288 0.813622330952381 0.31005739938080495 0.8188276809523809 0.3392192557275542 0.7053510321428571 0.3433852464396285 0.7147206785714285 0.3433852464396285 0.758445667857143 0.32672128359133124 0.8104991690476191 0.3308872743034056 0.8292383821428572 0.35588313993808046 0.7959241726190477 0.3673395547987616 0.7480349666666667 0.3673395547987616 0.686611819047619 0.3777544922600619 0.6085315273809524 0.34755115789473684 0.6199833214285714 0.31927080928792567 0.6213541678571428 0.3152648681114551 0.6762011190476191 0.32359684953560375 0.6991046285714285
