0 0.2685156247678019 0.48534843690476187 0.2673968749226006 0.49633125 0.27224687492260063 0.5080015619047619 0.276725 0.511434375 0.2812031250773994 0.5141796869047619 0.28381562476780187 0.5128078119047619 0.28082968730650154 0.49976406190476186 0.28045625015479875 0.490153125 0.2763515622291022 0.477109375 0.2685156247678019 0.48534843690476187
0 0.3159062501547988 0.5526234369047619 0.31926406253869966 0.5464453130952381 0.31926406253869966 0.53889375 0.3159062501547988 0.532028125 0.31254843777089786 0.5485046880952381 0.31180156222910216 0.5594875 0.3159062501547988 0.5526234369047619
2 0.38755156222910214 0.540953125 0.387925 0.532028125 0.3856859374613003 0.5176125 0.3793421876160991 0.518298438095238 0.37187968730650156 0.5203578130952381 0.37225156222910216 0.5340875 0.3703859374613003 0.5478171880952382 0.3700124996904025 0.560175 0.37187968730650156 0.5711578119047619 0.3752374996904025 0.5725312499999999 0.3834468749226006 0.5732171869047619 0.387925 0.5690984369047619 0.3860593752321982 0.553309375 0.38755156222910214 0.540953125
2 0.4043437498452013 0.551935936904762 0.4050890625386997 0.586946875 0.4103140625386997 0.599990625 0.4177765622291022 0.6075421880952381 0.4256124996904025 0.604795313095238 0.43009062476780185 0.595871875 0.42598593746130037 0.532715625 0.4207609374613003 0.528596875 0.41329843777089786 0.519671875 0.40695468730650153 0.527909375 0.4043437498452013 0.551935936904762
9 0.41889531269349845 0.5018234369047618 0.41702968730650153 0.4764234380952381 0.4155375003095975 0.44553125 0.4077015622291022 0.4029703130952381 0.41068593746130033 0.42974218809523806 0.41329843777089786 0.46337968690476194 0.41255312507739933 0.5148671869047619 0.41740312507739935 0.515553125 0.41889531269349845 0.5018234369047618
0 0.4334484377708978 0.5485046880952381 0.43009062476780185 0.56429375 0.42897031269349845 0.57665 0.4308375003095975 0.5903796880952381 0.4334484377708978 0.595184375 0.43531406253869964 0.5910656249999999 0.43904531269349845 0.5848875 0.43904531269349845 0.5711578119047619 0.43792656222910215 0.558115625 0.4334484377708978 0.5485046880952381
0 0.46180781238390095 0.532028125 0.45956874984520124 0.519671875 0.4506140625386997 0.52585 0.4461359374613003 0.5423265619047619 0.4465093752321982 0.5670390619047619 0.45173281238390095 0.58145625 0.4550921876160991 0.593125 0.4655390625386997 0.6006765619047619 0.46180781238390095 0.5883203119047619 0.45956874984520124 0.5677265630952381 0.4599421876160991 0.5471312500000001 0.46180781238390095 0.532028125
2 0.4707640625386997 0.5436984369047619 0.4633015622291022 0.536834375 0.4621812501547988 0.549876561904762 0.4621812501547988 0.5656656250000001 0.4629281250773994 0.586946875 0.46665937523219814 0.5965578130952381 0.4707640625386997 0.58900625 0.4759874996904025 0.582828125 0.47859999999999997 0.5739046869047618 0.4748687498452013 0.55605625 0.4707640625386997 0.5436984369047619
0 0.47710781238390093 0.5842015619047619 0.47113750030959756 0.593125 0.47673437523219814 0.598617186904762 0.4819578123839009 0.595184375 0.48904843777089785 0.5993046869047619 0.4961375003095975 0.6027359369047619 0.4976312501547988 0.598617186904762 0.4953921876160991 0.5910656249999999 0.4924062501547988 0.58145625 0.4849437498452013 0.5800828130952381 0.47710781238390093 0.5842015619047619
2 0.49987031269349846 0.5402671880952381 0.5017359374613003 0.56360625 0.5028546873065015 0.5965578130952381 0.5151687498452012 0.604109375 0.5259906247678019 0.603423436904762 0.5300953126934984 0.58900625 0.5308406247678018 0.570471875 0.5293484377708979 0.5464453130952381 0.5252437498452012 0.5265375 0.5170343752321982 0.52173125 0.5077062501547988 0.5231046869047619 0.49987031269349846 0.5402671880952381
9 0.5133031250773994 0.4338609369047619 0.5144218749226006 0.39473125000000003 0.5099453126934985 0.40022343690476186 0.510317187616099 0.448278125 0.5121843752321982 0.48534843690476187 0.508825 0.5210453130952382 0.515542187616099 0.5203578130952381 0.5174078123839009 0.477796875 0.5133031250773994 0.4338609369047619
7 0.5586656247678019 0.4040765619047619 0.5651140625386997 0.38293124999999995 0.5718421876160991 0.3664265630952381 0.5718421876160991 0.3452796880952381 0.5676375003095975 0.32568125 0.553057812383901 0.31794374999999997 0.5415640625386997 0.32825937499999996 0.5337140625386997 0.3478578119047619 0.5300687498452012 0.37777343809523806 0.5345546873065016 0.405625 0.5367984377708979 0.394278125 0.5387609374613004 0.3839625 0.5432453126934984 0.3684890630952381 0.549132812383901 0.35765781309523814 0.5558625003095975 0.35250000000000004 0.5628703126934985 0.3571421869047619 0.5600671876160991 0.3700359380952381 0.5586656247678019 0.386025 0.5586656247678019 0.4040765619047619
2 0.5581046873065015 0.5974890619047619 0.5614687498452012 0.5815 0.5600671876160991 0.570153125 0.5539 0.556228125 0.5550203126934985 0.5392078130952381 0.5595062501547987 0.526829686904762 0.560907812383901 0.5056828130952381 0.5606281250773993 0.4948515619047619 0.5606281250773993 0.4809265630952381 0.5555812501547988 0.4824734380952381 0.5505359374613004 0.501040625 0.5485734377708978 0.5185765619047619 0.5418437498452012 0.533534375 0.5367984377708979 0.5536484369047618 0.5407234377708978 0.56860625 0.5468906247678018 0.5856265619047619 0.5496937498452013 0.599551563095238 0.553057812383901 0.60213125 0.5581046873065015 0.5974890619047619
2 0.5861406247678018 0.532503125 0.5838968749226007 0.522703125 0.5833359374613003 0.510840625 0.5794109374613002 0.5036203130952381 0.5763281250773994 0.5025875 0.5738046873065016 0.5082609369047619 0.5743656247678018 0.497946875 0.5698796873065015 0.490725 0.5642718749226007 0.4922734369047619 0.5634312501547988 0.50155625 0.5637125003095975 0.5196078119047619 0.5581046873065015 0.52425 0.5508156247678019 0.5397234369047619 0.5505359374613004 0.557259375 0.5541796873065016 0.5634484380952381 0.5575437498452013 0.5675749999999999 0.5651140625386997 0.5747953130952381 0.5752062501547988 0.5768578130952381 0.5805328123839009 0.57840625 0.5892234377708978 0.5768578130952381 0.5906265622291021 0.5644796869047619 0.5909062501547987 0.5464281249999999 0.5861406247678018 0.532503125
9 0.5825515622291022 0.4874859369047619 0.5832468749226006 0.4695828130952381 0.5834781250773994 0.4491234380952381 0.5869531250773994 0.42653125 0.5813921876160991 0.441025 0.5728203126934985 0.463615625 0.5674906247678019 0.48791249999999997 0.5709656247678019 0.48791249999999997 0.5730515622291021 0.4725671869047619 0.5767593752321982 0.463615625 0.5800031250773994 0.4542390630952381 0.5800031250773994 0.4725671869047619 0.5797703126934984 0.48791249999999997 0.5788437498452013 0.501978125 0.5818562501547988 0.501978125 0.5825515622291022 0.4874859369047619
0 0.5920515622291022 0.5011265619047619 0.5915874996904025 0.4968640630952381 0.5888078123839009 0.4964375 0.5860265622291022 0.499846875 0.5851000000000001 0.5053890630952381 0.5846359374613004 0.513914061904762 0.5848687498452012 0.5249968749999999 0.5857953126934985 0.5309640630952381 0.5901968749226006 0.538209375 0.5918187498452012 0.5309640630952381 0.5927453126934985 0.5151921869047619 0.5920515622291022 0.5011265619047619
0 0.6078062501547987 0.5629328130952381 0.6117453126934984 0.5531296880952381 0.6159156247678019 0.54119375 0.6161468749226007 0.525421875 0.6105859374613003 0.5105031250000001 0.6052578123839009 0.501978125 0.5987703126934985 0.5024046869047619 0.5943671876160991 0.5045359380952381 0.5929781250773993 0.507946875 0.5925140625386996 0.522865625 0.5922828123839009 0.54119375 0.5895015622291022 0.55824375 0.5904296873065016 0.5723109380952381 0.5929781250773993 0.5799828130952381 0.6034046873065015 0.5769984380952381 0.6057203126934985 0.571884375 0.6078062501547987 0.5629328130952381
0 0.606242187616099 0.70185 0.6104546873065015 0.703259375 0.6125609374613004 0.70079375 0.6119875003095976 0.690225 0.6112203126934984 0.681065625 0.6093062501547988 0.674725 0.6079656247678018 0.6623953130952381 0.607007812383901 0.6539406249999999 0.6058593752321981 0.6754296869047619 0.606625 0.6898734369047619 0.606242187616099 0.70185
9 0.6367187498452012 0.6809895833333334 0.604166666873065 0.6979166666666666 0.6292156247678018 0.81496875 0.6367187498452012 0.6809895833333334
2 0.6047484377708978 0.668679688095238 0.6047484377708978 0.6583640630952381 0.6022 0.650860936904762 0.5914953126934985 0.641015625 0.5838484377708978 0.63398125 0.5792609374613003 0.6344515619047618 0.5736546873065015 0.6391390619047619 0.5756937498452013 0.65320625 0.5846140625386996 0.6578953119047619 0.5892015622291021 0.6564874999999999 0.5874171876160991 0.674304688095238 0.5902203126934985 0.6883718750000001 0.5950624996904025 0.689778125 0.5988859374613003 0.69915625 0.600925 0.6935296869047619 0.6032187498452012 0.6794625000000001 0.6047484377708978 0.668679688095238
2 0.524625 0.696648436904762 0.5279828123839009 0.7021406250000001 0.5320874996904025 0.6973343750000001 0.5376859374613003 0.655459375 0.539925 0.639670311904762 0.5395515622291022 0.634864063095238 0.5343265622291021 0.6527125 0.5350734377708978 0.663010938095238 0.5298484377708979 0.6671296869047619 0.5249984377708978 0.67468125 0.5227593752321982 0.6836046880952381 0.524625 0.696648436904762
8 0.17983281238390095 0.684978125 0.18207187492260063 0.6877234369047619 0.18916249969040247 0.6842921880952381 0.19289374984520125 0.6788 0.19326718761609907 0.6657562499999999 0.18916249969040247 0.6588921869047619 0.18244531269349845 0.6643828130952381 0.17759531269349846 0.672621875 0.17983281238390095 0.684978125
0 0.3384531250773994 0.6457843750000001 0.3382437498452012 0.6597359380952381 0.3367687498452012 0.6744609369047619 0.3350828123839009 0.6868609380952381 0.3371890625386997 0.682985938095238 0.33887500000000004 0.6779484380952381 0.3411921876160991 0.6721359369047619 0.3430874996904025 0.6632234369047619 0.34245625015479875 0.657021875 0.3384531250773994 0.6457843750000001
8 0.6670218749226007 0.46563125 0.6744843752321981 0.4649453119047619 0.677842187616099 0.46082500000000004 0.677842187616099 0.4477828130952381 0.6759765622291022 0.435425 0.6714984377708978 0.4306203119047619 0.667767187616099 0.4388578130952381 0.6651546873065015 0.458765625 0.6670218749226007 0.46563125
7 0.6311984377708979 0.4367984369047619 0.63605 0.427875 0.6382890625386997 0.4134578119047619 0.6364234377708978 0.39835625 0.6278406247678019 0.38119375 0.6166453126934984 0.374328125 0.6084359374613003 0.3887453130952381 0.6032124996904025 0.41483125000000004 0.6054515622291021 0.4271875 0.6088093752321981 0.412771875 0.612167187616099 0.4011015619047619 0.6166453126934984 0.3908046869047619 0.6229890625386997 0.38943125 0.6244812501547988 0.4031609380952381 0.6237359374613003 0.42375625 0.6226156247678019 0.44297656190476187 0.6311984377708979 0.4367984369047619
13 0.33463541671826624 0.7265625 0.37109374984520127 0.7265625 0.39973958328173376 0.7239583333333334 0.505208333126935 0.7122395833333334 0.609375 0.7265625 0.65625 0.7643229166666666 0.6888020835913313 0.7643229166666666 0.755208333126935 0.7317708333333334 0.755208333126935 0.7135416666666666 0.7122395832817336 0.7200520833333334 0.6367187498452012 0.7213541666666666 0.5533854167182662 0.6888020833333334 0.473958333126935 0.6901041666666666 0.4088541665634675 0.6901041666666666 0.35286458328173376 0.6979166666666666 0.2851562501547988 0.7005208333333334 0.27994791640866873 0.7005208333333334 0.2161458334365325 0.69921875 0.27083333312693497 0.7447916666666666 0.33463541671826624 0.7265625
13 0.234375 0.4895833333333333 0.26692708359133127 0.4947916666666667 0.401041666873065 0.5104166666666666 0.447916666873065 0.51171875 0.5898437498452013 0.5013020833333334 0.7148437498452012 0.4856770833333333 0.7408854167182664 0.45703125 0.734375 0.45703125 0.630208333126935 0.4947916666666667 0.5807291665634675 0.4986979166666667 0.5273437498452013 0.5026041666666666 0.47656250030959757 0.5026041666666666 0.3932291665634675 0.48828125 0.33593749969040243 0.4869791666666667 0.22916666687306503 0.4661458333333333 0.234375 0.4895833333333333
6 0.27083333312693497 0.7421875 0.3098958334365325 0.765625 0.3268229164086688 0.7109375 0.33203125015479873 0.6549479166666666 0.28125 0.65625 0.27083333312693497 0.7421875
6 0.23307291640866873 0.77734375 0.27083333312693497 0.7526041666666666 0.2838541665634675 0.6549479166666666 0.22005208359133127 0.6536458333333334 0.23307291640866873 0.77734375
6 0.36588541671826624 0.75390625 0.3919270835913312 0.7434895833333334 0.395833333126935 0.6497395833333334 0.36718750030959757 0.6536458333333334 0.36588541671826624 0.75390625
6 0.6419270835913313 0.7760416666666666 0.6966145832817336 0.765625 0.697916666873065 0.65625 0.6419270835913313 0.6510416666666666 0.6419270835913313 0.7760416666666666
6 0.703125 0.7708333333333334 0.8007812501547988 0.7044270833333334 0.7825520835913313 0.6158854166666666 0.703125 0.6627604166666666 0.703125 0.7708333333333334
6 0.640625 0.5651041666666666 0.682291666873065 0.5520833333333334 0.6575520835913313 0.4739583333333333 0.619791666873065 0.4947916666666667 0.640625 0.5651041666666666
6 0.6796874996904025 0.54296875 0.6940104167182664 0.5390625 0.7369791665634675 0.5104166666666666 0.7174479164086687 0.4596354166666667 0.6640625003095975 0.4765625 0.6796874996904025 0.54296875
6 0.36848958328173376 0.5036321273809524 0.3450520835913312 0.4986979166666667 0.348958333126935 0.5690104166666666 0.36848958328173376 0.5677083333333334 0.36848958328173376 0.5036321273809524
6 0.29036458328173376 0.5572916666666666 0.322916666873065 0.56640625 0.322916666873065 0.48828125 0.29036458328173376 0.4778645833333333 0.29036458328173376 0.5572916666666666
