0 0.2839585003891898 0.5137711345313036 0.27028362157011543 0.5157987753595494 0.26480053485147437 0.4788221067334004 0.2784753371422539 0.47679447169616973
2 0.3879250657131479 0.5732171875 0.3700124817920596 0.5732171875 0.3700125594207293 0.5176125000000001 0.38792497700137574 0.5176125000000001
2 0.43079432340573476 0.6066962106226936 0.40647531034153417 0.6082766146193012 0.4007697208215859 0.5204860767006706 0.4250883637593006 0.5189056848548349
9 0.4077015625000513 0.4029703124999989 0.41459636970319025 0.40267139198322915 0.4194866799432475 0.5154627943573592 0.412591872890971 0.5157617124847639
0 0.43904533325689954 0.5951843750000001 0.4289702958806174 0.5951843750000001 0.4289703377372689 0.5485046874999999 0.4390452929296771 0.5485046874999999
0 0.4655391773857218 0.6006765562561968 0.44838830102560223 0.6016086708488317 0.44398093844267805 0.5205190460804856 0.461131580102915 0.5195869378321436
2 0.4611720332330833 0.5369091044011995 0.4772817904444082 0.5363437810794146 0.4793793558476409 0.59611144544515 0.4632695988011619 0.5966767658506567
0 0.47026314413415093 0.5972435147920991 0.4744250936478238 0.5776392826058023 0.5008920363208063 0.583257577747442 0.49673014149630035 0.6028617622256058
2 0.4989384575819713 0.5226905511777385 0.5282251009645051 0.521138006910492 0.5325750693888267 0.6031866371829572 0.503288426805284 0.6047391705194238
9 0.5099966089442205 0.3946902198434437 0.5181777010020596 0.3947660732459197 0.5170060920489732 0.5211211652315912 0.5088250000000016 0.5210453124999995
2 0.5616210800166073 0.602067899840515 0.5371578934305035 0.6022488759401785 0.5362619145419103 0.4811068229866406 0.560724608168016 0.48092584872043637
2 0.5904085198723124 0.5785592480487235 0.5502154976750262 0.5779365631122437 0.5515714263885911 0.49044135971299607 0.5917638663099751 0.49106404008804955
9 0.5818425990543119 0.502180701835382 0.5665962746385276 0.5011507892633693 0.5717069656860758 0.42550134307616455 0.5869531250000364 0.42653125000000347
0 0.5842708169277557 0.4965327992639759 0.592349778114226 0.49636310126738525 0.5932274888559732 0.5381457173831956 0.5851485276873518 0.5383154148221589
0 0.5934470947886439 0.5011618304539336 0.6185626659089394 0.502897686203929 0.6131381809917684 0.5813761601975336 0.5880226109771911 0.5796403156790623
0 0.605548321739775 0.6539617690030307 0.6118810478529895 0.653870025235452 0.6125962132184668 0.7032283503465668 0.6062634871152568 0.7033200936441959
9 0.6292156602374916 0.8149687477895984 0.6248119001626264 0.8152449895897561 0.6217525410912685 0.7664824902012674 0.6261562499998945 0.7662062500000031
2 0.5695955408489226 0.6384436894694238 0.5930661139846052 0.6287495647576883 0.6187594342144394 0.6909478786259373 0.5952888985796108 0.700641937290096
2 0.5313716618198896 0.7026011638080257 0.5203804078392977 0.7011074710878382 0.5295685225372608 0.6335073751371844 0.5405596243037962 0.6350010572945205
0 0.3384531110498301 0.6457843738555554 0.3444778044835175 0.6462786290992446 0.3411075056806112 0.6873551906740343 0.3350828124999907 0.6868609374999958
10 0.6778422013193222 0.46563125 0.6651546808656121 0.46563125 0.6651547146975645 0.43062031250000005 0.6778421742117189 0.43062031250000005
6 0.7153625377754906 0.5807179208705873 0.6373693236268991 0.6022313526728564 0.605049715335781 0.4850695991950227 0.6830414675190468 0.4635563809216435
6 0.27403846093750417 0.46875000000000056 0.323013076758798 0.46814542639355355 0.324249791842135 0.568320058369965 0.27527517615749275 0.5689246272059173
6 0.37500023259485715 0.5769230837186661 0.3340251808647281 0.5756624184026202 0.33663169052181274 0.4909607574965746 0.37760618481092934 0.4922214143020665
6 0.638526064085795 0.6387588861180107 0.7589625384479177 0.6473601626407085 0.7503722420054828 0.7676252368133989 0.6299357792216824 0.7590240720675583
6 0.28180189725651417 0.5962842055064849 0.36562515703769805 0.6733903235481703 0.2812084139434319 0.765147037891889 0.19738611896048042 0.6880419234749866
6 0.37670386379500087 0.6239996909206894 0.41523701476648966 0.6331418145462222 0.3916740039370552 0.7324438955348325 0.3531408861321097 0.7233018688111762
7 0.549158546789954 0.31887028599737205 0.5960337738636099 0.33449472682847875 0.5612981463870028 0.4387015017159897 0.5144229658952781 0.42307715885767594
7 0.43269263858258 0.4302884188413523 0.3682207041509855 0.4384935716617123 0.3545634958550181 0.3311848068354059 0.4190346527136626 0.322979703258569
10 0.18692030917520697 0.6886220998688234 0.17339537898158142 0.6827057565028097 0.18529457339820965 0.6555077486004999 0.19881943195787244 0.6614240739480335