2 0.6962125003095976 0.597065625 0.6917406247678018 0.599021875 0.689825 0.6068453119047619 0.6908890625386997 0.6178 0.6945093752321981 0.6162359380952381 0.6979156247678019 0.6162359380952381 0.7019609374613003 0.615453125 0.7038765622291021 0.620539063095238 0.7085609374613003 0.620539063095238 0.7106906247678019 0.6193656249999999 0.7106906247678019 0.6064546869047619 0.716225 0.6060640619047619 0.7198453126934984 0.6044984380952381 0.7206968749226007 0.597065625 0.7179281250773993 0.58963125 0.7140968749226005 0.5884578119047619 0.7091999999999999 0.591196875 0.7023859374613003 0.5923703130952381 0.6962125003095976 0.597065625
0 0.6823734377708979 0.625234375 0.6834374996904025 0.6338406249999999 0.6862062501547987 0.6389265630952381 0.6883343752321982 0.635014061904762 0.6891859374613003 0.6295375000000001 0.6866312501547988 0.625234375 0.6836515622291022 0.621321875 0.6823734377708979 0.625234375
0 0.6830124996904025 0.635014061904762 0.6810968749226007 0.625625 0.6804578123839009 0.61975625 0.6785406247678019 0.6248421880952381 0.6776890625386998 0.6299281250000001 0.683225 0.640492188095238 0.6830124996904025 0.635014061904762
2 0.6274437498452012 0.6307109369047619 0.6278703126934985 0.641665625 0.6317015622291022 0.656532811904762 0.6342578123839009 0.6584875 0.6368125003095975 0.6534015630952381 0.6400062501547987 0.649098436904762 0.6368125003095975 0.6389265630952381 0.6431984377708978 0.6389265630952381 0.6515031250773994 0.6385359380952381 0.6546953126934985 0.635014061904762 0.6570375003095975 0.6248421880952381 0.6544828123839009 0.621321875 0.652567187616099 0.614279686904762 0.6461796873065015 0.6178 0.6404312501547987 0.6178 0.6338312501547988 0.6193656249999999 0.6302125003095975 0.624059375 0.6274437498452012 0.6307109369047619
2 0.6063671876160991 0.653010938095238 0.6093468749226006 0.652228125 0.6157343752321982 0.650271875 0.6225468749226006 0.648707811904762 0.6248890625386997 0.65575 0.627657812383901 0.66044375 0.6325546873065016 0.6596624999999999 0.6334062501547988 0.656532811904762 0.6312765622291022 0.64596875 0.6270187498452012 0.635796875 0.6214828123839009 0.6369703119047619 0.6127531250773994 0.6354062500000001 0.6097734377708978 0.632667188095238 0.6063671876160991 0.635014061904762 0.6044499999999999 0.6420562500000001 0.6063671876160991 0.653010938095238
0 0.37792031269349846 0.660835938095238 0.37344843777089787 0.652228125 0.37110625015479876 0.65770625 0.3674875003095975 0.667878125 0.3668484377708979 0.673354688095238 0.3655718749226006 0.6835265619047619 0.3653578123839009 0.692915625 0.36599687492260063 0.7023062499999999 0.367275 0.7050437500000001 0.36982968730650156 0.7034796869047619 0.37579062476780184 0.7023062499999999 0.3766421876160991 0.7015234380952381 0.380475 0.6964375 0.3832421876160991 0.6913515619047619 0.38558437523219813 0.6815703130952381 0.3840937498452013 0.66826875 0.37792031269349846 0.660835938095238
0 0.36472031269349847 0.660835938095238 0.36046250030959753 0.660053125 0.35790625015479877 0.6674859369047619 0.35556562476780185 0.673746875 0.35790625015479877 0.680396875 0.3615265622291022 0.685875 0.3638687498452012 0.6768765630952381 0.36599687492260063 0.6670953119047619 0.36472031269349847 0.660835938095238
2 0.3372281250773994 0.6559468749999999 0.3488859374613003 0.6597281249999999 0.36054531269349843 0.662248438095238 0.3639734377708978 0.6502765630952381 0.35780156222910214 0.645865625 0.3464859374613003 0.640195313095238 0.3392859374613003 0.632634375 0.3338 0.626334375 0.32865625015479877 0.63074375 0.3265984377708978 0.633895311904762 0.32797031269349847 0.640825 0.3293421876160991 0.649017186904762 0.3372281250773994 0.6559468749999999
0 0.32179843777089784 0.6515375000000001 0.3176843752321981 0.645865625 0.31322656222910217 0.6471265619047619 0.31151250030959754 0.6553171869047619 0.31288437523219814 0.665398436904762 0.3156265622291022 0.668548436904762 0.3211125003095975 0.666659375 0.3241984377708978 0.6584671869047619 0.32179843777089784 0.6515375000000001
0 0.30568281238390094 0.6483859369047619 0.30294062476780187 0.662248438095238 0.30636874984520124 0.668548436904762 0.31082656222910215 0.670439063095238 0.31459843777089785 0.657207811904762 0.31391249969040247 0.646496875 0.30876874984520125 0.6452359380952382 0.30568281238390094 0.6483859369047619
2 0.2761390625386997 0.5675656250000001 0.2833093752321981 0.5584 0.28393281238390095 0.5417890630952381 0.28237343777089785 0.532625 0.277075 0.536060938095238 0.2711531250773994 0.5354890630952381 0.26616562476780187 0.5343421869047619 0.26180156222910217 0.534915625 0.2552546873065015 0.5394984380952381 0.2536968749226006 0.5498078130952381 0.25743749969040247 0.5687109380952381 0.262425 0.5744390630952381 0.2683468749226006 0.572146875 0.2761390625386997 0.5675656250000001
0 0.2826859374613003 0.564128125 0.28580312507739936 0.5675656250000001 0.29110156222910216 0.5618375 0.29546562476780186 0.554390625 0.2973359374613003 0.5475171880952381 0.2951546873065016 0.5354890630952381 0.29266093746130034 0.5268968749999999 0.28954374984520126 0.52116875 0.28549062476780185 0.532625 0.28549062476780185 0.5417890630952381 0.28549062476780185 0.5538171869047619 0.2826859374613003 0.564128125
2 0.3434703126934985 0.5910500000000001 0.34440468730650153 0.59906875 0.3503281250773994 0.6042234369047619 0.3590562501547988 0.606515625 0.3671609374613003 0.6002140630952382 0.37027812507739943 0.5899046869047619 0.37183593746130034 0.577875 0.3712124996904025 0.5698562500000001 0.36435468730650156 0.58303125 0.36342031269349845 0.575584375 0.35999062476780186 0.5767296880952382 0.35780937523219813 0.5858953119047619 0.3543796873065016 0.59276875 0.34876874984520123 0.5899046869047619 0.34565156222910215 0.5864671869047619 0.3434703126934985 0.5910500000000001
2 0.37931718761609906 0.6059421880952381 0.38368125015479876 0.6036515619047619 0.38305781238390096 0.6013609369047619 0.37869374984520127 0.5979234369047619 0.37682343777089783 0.5904765619047619 0.3777578123839009 0.5801671880952382 0.3755765622291022 0.573865625 0.37183593746130034 0.5698562500000001 0.36903125015479876 0.584748436904762 0.36809531269349843 0.6002140630952382 0.3721468749226006 0.6036515619047619 0.37931718761609906 0.6059421880952381
2 0.6124781250773994 0.5962046880952381 0.6140374996904024 0.5904765619047619 0.6118546873065015 0.5744390630952381 0.6084265622291022 0.5572546869047619 0.6071796873065015 0.56641875 0.601257812383901 0.5698562500000001 0.6031281250773993 0.5801671880952382 0.5984515622291022 0.581884375 0.5975171876160991 0.5939140619047619 0.5962703126934984 0.60250625 0.6003218749226006 0.601932813095238 0.6046859374613003 0.59906875 0.6124781250773994 0.5962046880952381
2 0.6102968749226007 0.5767296880952382 0.6127906247678019 0.5876125 0.6152843752321981 0.59276875 0.625882812383901 0.593340625 0.6302468749226006 0.585321875 0.6355453126934985 0.575584375 0.6314937498452012 0.5727203119047619 0.6212062501547988 0.5750109369047619 0.6193359374613003 0.5687109380952381 0.6168421876160991 0.564701561904762 0.6118546873065015 0.56011875 0.6078031250773993 0.5503812499999999 0.6084265622291022 0.562409375 0.6102968749226007 0.5767296880952382
0 0.6408453126934984 0.55668125 0.6383515622291023 0.5463718750000001 0.6364812501547987 0.536060938095238 0.6324281250773994 0.5457984369047619 0.629 0.55668125 0.6283765622291022 0.564701561904762 0.6346109374613004 0.572146875 0.6408453126934984 0.57959375 0.6430265622291023 0.5704296869047619 0.6408453126934984 0.55668125
2 0.656742187616099 0.5538171869047619 0.6551843752321981 0.5618375 0.6517546873065015 0.56355625 0.6511312501547988 0.5727203119047619 0.670457812383901 0.572146875 0.6667171876160991 0.554964063095238 0.656742187616099 0.5538171869047619
2 0.6763796873065014 0.5704296869047619 0.6798093752321982 0.57329375 0.6841734377708979 0.5652734369047618 0.6807437498452011 0.56011875 0.6760687498452012 0.5584 0.673575 0.562982813095238 0.6732624996904025 0.5698562500000001 0.6763796873065014 0.5704296869047619
2 0.7128500000000001 0.5515265619047619 0.7209546873065016 0.5498078130952381 0.7184609374613002 0.533196875 0.7059937498452012 0.5337703119047619 0.7066156247678019 0.541215625 0.7084859374613003 0.5532453130952381 0.7128500000000001 0.5515265619047619
0 0.6871156247678019 0.519378125 0.6824312501547988 0.5225093749999999 0.6798765622291021 0.530725 0.6809406247678018 0.538940625 0.6879671876160991 0.5463734369047619 0.6913734377708978 0.5463734369047619 0.6913734377708978 0.5358109369047619 0.6905218749226006 0.5279859380952381 0.6871156247678019 0.519378125
0 0.7003156247678018 0.5373749999999999 0.7018046873065015 0.531115625 0.7011671876160991 0.52094375 0.6939281250773993 0.5135109369047619 0.6920109374613003 0.514684375 0.6913734377708978 0.5229 0.6911593752321982 0.5318984380952381 0.6924375003095975 0.543634375 0.6954187498452012 0.54324375 0.7003156247678018 0.5373749999999999
2 0.31461771021671825 0.6313756761904761 0.3077688891640867 0.6262390607142857 0.30134811950464396 0.6215304964285714 0.292787093498452 0.6185341369047619 0.287222426625387 0.6142536238095238 0.2825138619195046 0.6155377785714286 0.2795175027863777 0.6181060857142857 0.28122970835913313 0.6232427011904762 0.2825138619195046 0.6279512654761905 0.2842260674922601 0.6305195738095238 0.29235904210526314 0.6395086511904762 0.29663955541795667 0.6420769595238095 0.30263227368421053 0.6407928047619047 0.3111932996904025 0.6322317785714286 0.31461771021671825 0.6313756761904761
11 0.19519139566563468 0.7585069142857143 0.20118411393188856 0.7542264011904761 0.21359760185758514 0.7469495285714285 0.23285991021671829 0.7349640928571428 0.24398924458204332 0.6938711666666666 0.25768688606811146 0.6450733178571428 0.2568307839009288 0.6335159333333333 0.25041001424148607 0.6240988047619047 0.2427050904024768 0.620674394047619 0.22943550030959753 0.6159658297619047 0.2208744736842105 0.6108292142857142 0.2114573455108359 0.60612065 0.20632072941176471 0.6065487011904762 0.2007560625386997 0.6116853166666666 0.1960474984520124 0.6193902404761905 0.19305113931888543 0.6356561892857142 0.1926230879256966 0.6630514726190477 0.1900547801857585 0.727259169047619 0.18877062600619193 0.7435251190476191 0.1917669851393189 0.7555105547619048 0.19519139566563468 0.7585069142857143
11 0.7469495294117647 0.6703283452380953 0.7563666575851393 0.7020041416666667 0.7615032736842104 0.7135615273809524 0.765783786377709 0.7204103476190475 0.7739167616099071 0.7246908607142857 0.788470505882353 0.7293994261904762 0.7978876346749226 0.7358201952380953 0.802168147368421 0.731111630952381 0.7974595832817337 0.6908748083333334 0.7957473783281734 0.651066036904762 0.7961754291021672 0.6005559821428571 0.7859021981424149 0.5855741869047619 0.7790533770897833 0.5894266488095238 0.763215478637771 0.6009840333333334 0.7567947089783282 0.6031242904761905 0.7499458885448917 0.6022681880952381 0.7473775801857585 0.60612065 0.7456653752321981 0.6112572654761904 0.74309706749226 0.6198182916666667 0.7413848619195046 0.6339439845238096 0.7413848619195046 0.6446452666666667 0.7413848619195046 0.657486805952381 0.7469495294117647 0.6703283452380953
11 0.25589975665634673 0.4666467333333333 0.2642316588235294 0.4510124 0.2663146941176471 0.41974373452380953 0.2663146941176471 0.3728407345238095 0.21840599752321982 0.4134900166666667 0.20903253808049538 0.4593507035714286 0.22257190897832818 0.46873131904761905 0.23984372631578948 0.4950520845238095 0.25589975665634673 0.4666467333333333
