0 0.26377343777089785 0.47265468809523814 0.25778125015479875 0.48075625 0.2582796873065015 0.4929109380952381 0.26427343777089785 0.497975 0.2692671876160991 0.490884375 0.27226406253869967 0.47873125 0.2687671876160991 0.4625265619047619 0.26377343777089785 0.47265468809523814
2 0.28674687492260065 0.531396875 0.28425 0.5141796869047619 0.27825625015479877 0.5070890619047619 0.2587796873065015 0.491896875 0.25728125015479875 0.511140625 0.26427343777089785 0.5253203119047619 0.27026562476780186 0.5273453119047619 0.27875625015479877 0.5395 0.28425 0.5395 0.28674687492260065 0.531396875
2 0.3401859374613003 0.572921875 0.3431812501547987 0.5232953119047619 0.3441812501547987 0.5030390630952382 0.3376874996904025 0.510128125 0.3376874996904025 0.528359375 0.3321937498452012 0.5273453119047619 0.33069687492260064 0.5425375 0.32320468730650154 0.5384875 0.3172124996904025 0.5425375 0.3152140625386997 0.5658328119047619 0.3172124996904025 0.573935938095238 0.3272 0.573935938095238 0.3401859374613003 0.572921875
2 0.3611609374613003 0.5455765619047619 0.3511718749226006 0.5324093750000001 0.34517968730650156 0.5435515619047618 0.3426828123839009 0.571909375 0.3521718749226006 0.5800125 0.3696515622291021 0.5820375 0.3686515622291021 0.5658328119047619 0.3596625003095975 0.5536796869047619 0.3611609374613003 0.5455765619047619
2 0.27226406253869967 0.5557046880952381 0.2687671876160991 0.568871875 0.28974374984520124 0.6022937500000001 0.3007312501547988 0.5881140619047619 0.29473749969040247 0.58305 0.28674687492260065 0.570896875 0.27226406253869967 0.5557046880952381
2 0.40411093746130033 0.571909375 0.40461093746130034 0.5455765619047619 0.39811874984520124 0.5374734380952381 0.39055116842105264 0.518297530952381 0.3871312501547987 0.549628125 0.38513281238390096 0.5658328119047619 0.38762968730650155 0.5840640619047619 0.3956203126934984 0.586089061904762 0.40261250030959755 0.5840640619047619 0.40411093746130033 0.571909375
2 0.42508749969040244 0.569884375 0.42109218761609907 0.534435936904762 0.4160968749226006 0.5263328130952382 0.4106031250773994 0.552665625 0.4056093752321981 0.5820375 0.40610937523219814 0.5941921880952381 0.4111031250773994 0.6043203119047619 0.42358906253869966 0.6033062499999999 0.42808281238390095 0.592165625 0.42508749969040244 0.569884375
9 0.4220906247678019 0.46556406309523807 0.42059218761609907 0.39973125 0.41559843777089783 0.47873125 0.4131 0.5405125000000001 0.4220906247678019 0.530384375 0.4220906247678019 0.46556406309523807
9 0.39632968730650153 0.5139671880952381 0.39384843777089784 0.5435249999999999 0.3988109374613003 0.5366078119047619 0.3997406247678018 0.494471875 0.4006718749226006 0.4542234369047619 0.39632968730650153 0.42089375 0.39632968730650153 0.5139671880952381
9 0.3922984377708978 0.5152249999999999 0.39446874984520125 0.46868906309523806 0.39322812507739935 0.42089375 0.3913687498452012 0.5032765619047619 0.3922984377708978 0.5152249999999999
2 0.6549546873065015 0.4906984380952381 0.6558843752321981 0.5089359380952381 0.6515437498452012 0.51019375 0.6475125003095975 0.496359375 0.6456515622291021 0.514596875 0.6450312501547988 0.535978125 0.6478218749226007 0.5504421880952381 0.6521640625386997 0.564278125 0.6623968749226006 0.5605046869047619 0.6766609374613004 0.5535875 0.6819328123839009 0.547298438095238 0.6853437498452012 0.5366078119047619 0.6841031250773993 0.5240296880952381 0.679142187616099 0.51208125 0.6772812501547988 0.489440625 0.6698390625386996 0.470575 0.6627062501547988 0.463028125 0.6558843752321981 0.47560625 0.6534031250773994 0.486925 0.6549546873065015 0.4906984380952381
2 0.6927859374613003 0.5189984369047619 0.6980578123839009 0.525915625 0.7197656247678018 0.5139671880952381 0.7327890625386997 0.5057921869047619 0.7365109374613003 0.499503125 0.7272078123839009 0.48881250000000004 0.7141843752321981 0.4951015619047619 0.7089124996904025 0.48378125000000005 0.6968187498452012 0.48126562500000003 0.6940265622291022 0.4774921880952381 0.6927859374613003 0.4661734380952381 0.6903062501547987 0.4749765630952381 0.6896859374613004 0.496359375 0.6927859374613003 0.5189984369047619
0 0.6837937498452012 0.4906984380952381 0.6825531250773993 0.504534375 0.6853437498452012 0.5240296880952381 0.6918562501547987 0.5221421869047619 0.6909265622291021 0.5083078130952381 0.6865843752321982 0.4957296869047619 0.6837937498452012 0.4906984380952381
9 0.6733515622291022 0.4755578130952381 0.6733515622291022 0.4552515630952381 0.6739296873065016 0.4376796869047619 0.6727734377708978 0.4208890630952381 0.6695015622291022 0.4076125 0.6712343752321981 0.44236562500000004 0.6704640625386997 0.4552515630952381 0.6708484377708979 0.46735625000000003 0.6733515622291022 0.4755578130952381
9 0.6610281250773994 0.459546875 0.6608359374613003 0.4669671869047619 0.6646874996904024 0.4556421880952381 0.6623765622291021 0.43377499999999997 0.6558296873065016 0.4134703119047619 0.6515937498452012 0.39199375 0.6465874996904025 0.38965156309523813 0.6542890625386998 0.4220609380952381 0.657948437770898 0.44549062500000003 0.6610281250773994 0.459546875
9 0.6562156247678019 0.426746875 0.6556374996904024 0.40019375 0.6544828123839009 0.4400234369047619 0.6560218749226007 0.4646234369047619 0.6573703126934984 0.47477656309523814 0.6581406247678019 0.46735625000000003 0.6562156247678019 0.44705156190476186 0.6562156247678019 0.426746875
2 0.696457812383901 0.580596875 0.6918359374613003 0.5860640630952381 0.6933765622291022 0.592701563095238 0.6970359374613003 0.592701563095238 0.7037749999999999 0.586454688095238 0.7103218749226007 0.5782546880952382 0.716482812383901 0.5751296880952381 0.7212968749226006 0.588796875 0.7278437498452013 0.598559375 0.7336187498452013 0.598559375 0.7334265622291022 0.5891875 0.7289984377708978 0.5684921869047619 0.725532812383901 0.5517015619047618 0.7186 0.5524828119047619 0.707625 0.564978125 0.7018484377708978 0.5763015630952382 0.696457812383901 0.580596875
2 0.3350453126934984 0.621 0.32970625015479876 0.613460938095238 0.3243656247678019 0.6063921880952381 0.3178640625386997 0.598382811904762 0.30137968730650155 0.6007390619047619 0.29743281238390096 0.6224140630952381 0.2941828123839009 0.6224140630952381 0.2930218749226006 0.630896875 0.2944140625386997 0.642676563095238 0.29627187492260065 0.64833125 0.30230937523219814 0.642676563095238 0.30184374984520124 0.647389061904762 0.2981296873065015 0.6582265630952381 0.29998749969040245 0.672834375 0.3078812501547988 0.682259375 0.31531093746130034 0.6808453119047619 0.3222765622291021 0.6742484369047619 0.32692031269349847 0.6690640630952381 0.3287765622291022 0.6549281250000001 0.3345812501547987 0.64361875 0.3396890625386997 0.6370218750000001 0.3350453126934984 0.621
9 0.2947734377708978 0.7513484369047619 0.2885468749226006 0.765678125 0.29456718761609907 0.7568281250000001 0.29913281238390094 0.743342188095238 0.30411562476780185 0.72985625 0.30743593746130027 0.71510625 0.3109656247678018 0.702042188095238 0.31615468730650154 0.683078125 0.3109656247678018 0.6818140630952381 0.29581250030959755 0.742920313095238 0.30743593746130027 0.702464063095238 0.2947734377708978 0.7513484369047619
9 0.278375 0.69150625 0.2642593752321981 0.723534375 0.2692421876160991 0.717214061904762 0.2731859374613003 0.7104703130952381 0.27733750030959753 0.701198436904762 0.28314999999999996 0.688134375 0.28958437523219815 0.679284375 0.29996406253869967 0.667484375 0.29954843777089785 0.6577921880952381 0.2964343752321981 0.6628499999999999 0.28750937523219816 0.675914061904762 0.278375 0.69150625
6 0.34790970464396287 0.6543829726190477 0.34790970464396287 0.6676739047619048 0.3604188173374613 0.6817466571428571 0.37996430650154794 0.6848739345238095 0.401855253869969 0.6715830023809524 0.40263707368421053 0.6668920857142857 0.39481887801857585 0.6582920702380952 0.38543704334365325 0.6551647916666667 0.37761884767801857 0.6551647916666667 0.3729279306501548 0.652037513095238 0.35416426068111456 0.652037513095238 0.34790970464396287 0.6543829726190477
6 0.6434374984520124 0.6113828964285715 0.6496920551083591 0.6278011071428572 0.664546626625387 0.6270192880952381 0.6676739046439628 0.6192010916666667 0.6700193634674922 0.6160738142857144 0.6715830024767803 0.6121647154761904 0.6754921003095975 0.6059101595238096 0.6473465962848297 0.6074737988095238 0.6434374984520124 0.6113828964285715
