0 0.22101250030959751 0.5004328130952381 0.21649374984520123 0.4902859380952381 0.21448593746130032 0.4819828130952381 0.21247812507739938 0.475525 0.2059515622291022 0.47921562500000003 0.20243749969040248 0.4875171880952381 0.20143281238390093 0.5004328130952381 0.19992812507739938 0.5179609380952381 0.20243749969040248 0.5170375 0.2099671876160991 0.5151921869047619 0.21549062476780187 0.511503125 0.21900468730650155 0.5087359380952381 0.22101250030959751 0.5004328130952381
0 0.23255937523219813 0.5032 0.22502812507739936 0.49858749999999996 0.22201562476780184 0.5013546880952381 0.2200078123839009 0.511503125 0.22201562476780184 0.519804688095238 0.22703593746130032 0.523495311904762 0.23205625015479878 0.52165 0.23506874984520124 0.511503125 0.23255937523219813 0.5032
0 0.2641859374613003 0.5548609380952381 0.2682015622291022 0.5465578130952381 0.2682015622291022 0.5336421869047618 0.2682015622291022 0.52165 0.27322187492260064 0.511503125 0.26468750030959753 0.5050453119047619 0.25665625015479876 0.5096578119047619 0.25213750030959753 0.525340625 0.2400890625386997 0.5474796880952382 0.23306093746130033 0.5686984369047619 0.24460781238390092 0.5742328130952381 0.25213750030959753 0.578845313095238 0.2596671876160991 0.5751546869047619 0.26067187492260063 0.562240625 0.2641859374613003 0.5548609380952381
0 0.2877812501547988 0.5539375 0.2872781250773994 0.5613171880952381 0.2894281250773994 0.5725125 0.2902906247678019 0.577 0.29330312507739936 0.5668531250000001 0.2953109374613003 0.5548609380952381 0.29731874984520124 0.5373328119047619 0.29229843777089787 0.5465578130952381 0.2877812501547988 0.5539375
0 0.3865890625386997 0.563625 0.38112187492260063 0.5669734369047619 0.3768703126934984 0.5792515619047619 0.3768703126934984 0.5959953130952381 0.37929999999999997 0.6250171869047619 0.38294374984520124 0.6250171869047619 0.38901874984520124 0.6015765630952381 0.3926624996904025 0.5915296880952381 0.39144843777089783 0.5736703119047619 0.3865890625386997 0.563625
2 0.26449218761609905 0.53571875 0.27481874984520127 0.5435328130952382 0.2802859374613003 0.544648436904762 0.2869687498452012 0.5491140619047619 0.29182812507739936 0.545765625 0.29547187492260063 0.5379515619047619 0.29182812507739936 0.533485936904762 0.28393125015479875 0.5267890630952381 0.27360468730650156 0.5100453119047619 0.26449218761609905 0.53571875
2 0.3397468749226006 0.5674921880952382 0.3411171876160991 0.5637109369047619 0.3428328123839009 0.558040625 0.3459187498452012 0.5498500000000001 0.34146093746130035 0.548589061904762 0.33597499999999997 0.545439063095238 0.33151718761609905 0.54291875 0.32431562476780185 0.541659375 0.31574374984520126 0.5334671869047619 0.3085437498452012 0.530946875 0.29928593746130033 0.5391390619047619 0.2962 0.5523703119047619 0.2965421876160991 0.570642188095238 0.2968859374613003 0.578203125 0.2989421876160991 0.5838734369047619 0.3034 0.585134375 0.30751562476780187 0.5832437500000001 0.30957187492260063 0.5775734369047618 0.31197187492260064 0.5674921880952382 0.31677343777089784 0.561190625 0.3253453126934985 0.56623125 0.3397468749226006 0.5674921880952382
1 0.2787125003095975 0.4547078119047619 0.2759703126934984 0.43832499999999996 0.27425468730650154 0.42761406190476187 0.2697968749226006 0.4225734369047619 0.2619109374613003 0.416903125 0.25059531269349844 0.4061921880952381 0.24202343777089785 0.4024109380952381 0.23345156222910216 0.4024109380952381 0.23002343777089782 0.40934218690476193 0.22350781238390094 0.428875 0.22625156222910217 0.46037812499999997 0.2317375003095975 0.46541875 0.23928125015479876 0.4660484380952381 0.24888125015479876 0.46793906190476187 0.2547109374613003 0.4729796869047619 0.2605390625386997 0.480540625 0.2701406247678019 0.47928125 0.2752843752321982 0.4692 0.2787125003095975 0.4547078119047619
1 0.31917343777089785 0.4956625 0.3253453126934985 0.48495156309523807 0.3253453126934985 0.46478906190476194 0.3205453126934985 0.44840625 0.3130015622291022 0.43454531190476187 0.30511406253869966 0.428875 0.29585625015479877 0.426984375 0.28728437523219813 0.430134375 0.27905625015479874 0.4358046880952381 0.27494062476780184 0.443365625 0.2732265622291022 0.45911874999999996 0.2715124996904025 0.47235 0.27185468730650153 0.487471875 0.27562656222910215 0.4969234369047619 0.2811125003095975 0.49818281190476194 0.2886562501547988 0.497553125 0.2900281250773994 0.4962921880952381 0.2962 0.494403125 0.301 0.49818281190476194 0.31574374984520126 0.49818281190476194 0.31917343777089785 0.4956625
7 0.27802656222910216 0.3236515630952381 0.27802656222910216 0.312309375 0.27356874984520124 0.30096875 0.2643109374613003 0.2952984380952381 0.2591687498452012 0.2984484369047619 0.25436718761609906 0.3104203119047619 0.254025 0.3236515630952381 0.2560828123839009 0.333103125 0.25745312507739937 0.32743125 0.261225 0.31672031190476185 0.26328281238390094 0.3079 0.26911250030959755 0.3135703130952381 0.27116874984520123 0.3236515630952381 0.2708265622291022 0.34129375 0.27425468730650154 0.3343625 0.27802656222910216 0.3236515630952381
7 0.32705937523219814 0.34759375 0.3246593752321981 0.33625312500000004 0.31917343777089785 0.32428125 0.31334374984520125 0.31987031309523806 0.3061437498452012 0.3217609369047619 0.2996281250773994 0.32239062500000004 0.2944859374613003 0.3349921880952381 0.29928593746130033 0.346334375 0.3085437498452012 0.34444375 0.3136874996904025 0.351375 0.3181437498452012 0.36019531309523806 0.31917343777089785 0.379728125 0.3215734377708978 0.3759484380952381 0.3256874996904025 0.36712656309523806 0.32808750030959755 0.357675 0.32705937523219814 0.34759375
2 0.5835375003095975 0.5939546869047619 0.5797656247678019 0.5750531249999999 0.572907812383901 0.5693828119047619 0.5626218749226006 0.5687515619047618 0.5550781250773994 0.5794640630952381 0.5615921876160991 0.5996265630952381 0.5633078123839009 0.629239061904762 0.5694796873065016 0.6582234369047619 0.5718796873065015 0.662634375 0.5777078123839009 0.6613734380952381 0.5777078123839009 0.654442186904762 0.5773656247678018 0.6361703130952381 0.5763374996904025 0.6248296880952381 0.5787374996904024 0.618528125 0.5825093752321981 0.61726875 0.5838796873065015 0.6103375 0.5835375003095975 0.5939546869047619
7 0.5921093752321981 0.7369828119047619 0.5907374996904025 0.733203125 0.5842234377708978 0.73824375 0.5746218749226006 0.7313125 0.5701656247678019 0.719970311904762 0.5670796873065016 0.703589063095238 0.5633078123839009 0.689726563095238 0.5598781250773994 0.70106875 0.55885 0.7124093749999999 0.5581640625386998 0.7250109380952381 0.5598781250773994 0.73824375 0.5629640625386997 0.751475 0.5705078123839009 0.765967188095238 0.5790796873065016 0.7697468749999999 0.5862812501547987 0.7640765630952381 0.5934812501547988 0.752734375 0.5921093752321981 0.7369828119047619
1 0.6071968749226007 0.5656015630952381 0.5999953126934985 0.5624515630952381 0.5859374996904024 0.5574109380952381 0.5804515622291021 0.55993125 0.5780515622291021 0.587025 0.5831953126934984 0.60655625 0.5876515622291022 0.612228125 0.5941671876160991 0.62041875 0.6044531250773993 0.629239061904762 0.6137109374613002 0.6248296880952381 0.6161109374613003 0.6134875000000001 0.615082812383901 0.5977359369047619 0.6133687498452013 0.585134375 0.6113109374613003 0.5750531249999999 0.6071968749226007 0.5656015630952381
1 0.6733734377708979 0.571903125 0.6702874996904025 0.551109375 0.6661734377708979 0.5422890619047619 0.6576 0.5403984369047619 0.6466281250773993 0.5441796869047619 0.6408 0.5498500000000001 0.6329125003095976 0.554890625 0.6267406247678019 0.551109375 0.6181687498452012 0.5504796880952381 0.613025 0.55678125 0.6116546873065015 0.5693828119047619 0.6137109374613002 0.5857640619047619 0.6185109374613004 0.5989953130952381 0.6260546873065015 0.60655625 0.6339421876160991 0.617898438095238 0.6394281250773994 0.62671875 0.6500578123839009 0.629870313095238 0.659657812383901 0.629870313095238 0.6658296873065016 0.6223093749999999 0.6692593752321981 0.6078171880952381 0.6709734377708979 0.5876546869047619 0.6733734377708979 0.571903125
1 0.6846890625386998 0.524646875 0.6754312501547988 0.52590625 0.6699437498452012 0.5284265619047619 0.6648015622291021 0.54291875 0.6651437498452012 0.56308125 0.6716593752321981 0.5763125 0.6774874996904025 0.5845046880952381 0.6867453126934984 0.581984375 0.6987468749226006 0.5700125 0.7148624996904025 0.561821875 0.7272062501547988 0.54606875 0.7200062501547987 0.5151953130952381 0.7093765622291023 0.512675 0.6980609374613004 0.51645625 0.6846890625386998 0.524646875
2 0.6836593752321982 0.43517500000000003 0.6822890625386996 0.4244640619047619 0.6850312501547988 0.4194234369047619 0.6819453126934985 0.41438281190476195 0.6750874996904025 0.416903125 0.6689156247678019 0.41186249999999996 0.6637718749226006 0.3961109369047619 0.6576 0.3973703130952381 0.6565718749226006 0.4087125 0.6555437498452013 0.4206828130952381 0.6538281250773994 0.4326546869047619 0.6527999999999999 0.443996875 0.6476562501547988 0.45218749999999996 0.6493718749226006 0.47235 0.6493718749226006 0.4956625 0.6531437498452013 0.49944375 0.6610296873065015 0.5051140630952381 0.6702874996904025 0.5032234369047619 0.6781734377708978 0.5013328130952381 0.6850312501547988 0.490621875 0.6874312501547988 0.48495156309523807 0.6884609374613002 0.47424062499999997 0.6864031250773993 0.45659843690476193 0.6836593752321982 0.43517500000000003
2 0.6181687498452012 0.43832499999999996 0.6109687498452012 0.4427359380952381 0.6099390625386997 0.45218749999999996 0.6123390625386997 0.46541875 0.6188546873065016 0.4899921880952381 0.6191968749226007 0.50889375 0.6219406247678019 0.5133046869047618 0.6267406247678019 0.5133046869047618 0.6329125003095976 0.5120453130952382 0.6390843752321982 0.501964061904762 0.6383984377708978 0.484321875 0.6366843752321981 0.45911874999999996 0.6308562501547987 0.44840625 0.6233125003095975 0.443996875 0.6181687498452012 0.43832499999999996
0 0.6420734377708978 0.44543750000000004 0.6390281250773994 0.447159375 0.6366859374613003 0.45404375 0.6357499999999999 0.4643734380952381 0.6392624996904024 0.471259375 0.6413703126934985 0.46910624999999995 0.6434781250773993 0.4643734380952381 0.6432437498452012 0.4583484380952381 0.6427765622291021 0.45404375 0.6420734377708978 0.44543750000000004
2 0.5910187498452012 0.52333125 0.5957031250773994 0.5198890619047619 0.597342187616099 0.5117109380952382 0.5917218749226006 0.5078390619047619 0.5879734377708978 0.5048265619047618 0.5865687498452012 0.49535781309523813 0.5868031250773994 0.4880421869047619 0.5858656247678019 0.4815875 0.583525 0.47814375000000003 0.5797765622291022 0.47728281309523807 0.5753281250773994 0.47771406309523806 0.5708781250773993 0.476853125 0.5713468749226006 0.482878125 0.5708781250773993 0.49019375 0.5708781250773993 0.4996625 0.5713468749226006 0.509990625 0.5734546873065015 0.516015625 0.5781374996904024 0.5198890619047619 0.5804796873065016 0.52333125 0.5861000000000001 0.5224703119047619 0.5910187498452012 0.52333125
9 0.2997573851393189 0.489160625 0.31593120433436533 0.497979105952381 0.3240180854489164 0.4935698511904762 0.3203422253869969 0.4435984952380952 0.3181366866873065 0.3605578428571428 0.3071091058823529 0.3443906452380952 0.3012277628482972 0.3458603833333333 0.2997573851393189 0.3737855642857143 0.2953463640866873 0.3495347476190476 0.28578910526315787 0.34879988571428566 0.28137808421052635 0.4149384380952381 0.27867645386996903 0.48088235357142856 0.2997573851393189 0.489160625
9 0.23065120123839009 0.40538509523809524 0.22844571888544893 0.44212874404761904 0.24461948111455106 0.46637954642857143 0.2659394823529412 0.4693190488095238 0.27917260185758513 0.43918926904761907 0.26029410092879257 0.3200367654761904 0.24608985944272443 0.3355721642857143 0.23065120123839009 0.40538509523809524
9 0.6423476068111454 0.4921001 0.6254386272445821 0.4458031083333333 0.6239683052631578 0.3649670833333333 0.6224979839009288 0.31940496785714284 0.610735186377709 0.3201398297619048 0.6011779269349845 0.4031804821428571 0.5997076055727554 0.5016534702380953 0.6288602773993808 0.5194852952380952 0.6423476068111454 0.4921001
9 0.6879282513931889 0.5104719238095239 0.6857227133126935 0.4311056488095238 0.6857227133126935 0.3737855642857143 0.6746951325077399 0.3326327035714286 0.6695489504643963 0.3774599285714286 0.6599916910216718 0.3392465297619048 0.6489641102167182 0.3377767916666667 0.6438179281733746 0.3620276214285714 0.6416123900928792 0.43624976547619043 0.6349958860681115 0.48548625952380947 0.6490808656346749 0.5038602952380952 0.6879282513931889 0.5104719238095239
