2 0.3854281250773994 0.5211265630952381 0.3796187498452013 0.5249375 0.37422500000000003 0.5363734380952381 0.37256562476780186 0.552384375 0.37422500000000003 0.566870313095238 0.37422500000000003 0.57525625 0.37878906253869965 0.57830625 0.38625781238390094 0.57068125 0.3928953126934985 0.5638203130952381 0.39165000000000005 0.5401859380952381 0.3912359374613003 0.527225 0.3854281250773994 0.5211265630952381
9 0.38335312507739944 0.505115625 0.38293750030959756 0.5211265630952381 0.3912359374613003 0.5257000000000001 0.39248125015479873 0.47843125 0.3920656247678018 0.45174843809523807 0.3891609374613003 0.4357375 0.3870875003095975 0.413628125 0.38584218761609906 0.43955 0.3870875003095975 0.462421875 0.38335312507739944 0.505115625
1 0.5932875003095975 0.549334375 0.6024156247678019 0.5645828130952382 0.6156921876160991 0.579829688095238 0.6252343752321982 0.57601875 0.6310421876160991 0.566107813095238 0.6351921876160991 0.553909375 0.6339468749226006 0.5439984369047619 0.6318718749226007 0.5135015630952381 0.6264796873065015 0.501303125 0.6231593752321981 0.503590625 0.6123734377708978 0.506640625 0.5990968749226007 0.506640625 0.5907984377708979 0.5165515630952381 0.5858203126934984 0.5325625 0.5932875003095975 0.549334375
1 0.6314578123839009 0.5439984369047619 0.6360218749226006 0.5516218749999999 0.6397562501547988 0.5607703119047619 0.6501281250773995 0.56839375 0.6592546873065016 0.5653453130952381 0.6658937498452012 0.5569578119047619 0.6675531250773994 0.5417109380952381 0.6679687498452012 0.527225 0.6650640625386998 0.5165515630952381 0.6563515622291022 0.5142640630952381 0.6509578123839009 0.510453125 0.6463937498452011 0.5028281250000001 0.6376812501547988 0.5043531250000001 0.6310421876160991 0.5112140630952381 0.6289687498452012 0.5257000000000001 0.6314578123839009 0.5439984369047619
9 0.6485281250773994 0.440971875 0.647825 0.4076703119047619 0.6462406247678019 0.4041125 0.6451859374613003 0.4380625 0.6485281250773994 0.440971875
9 0.6106984377708978 0.41607656190476194 0.6063 0.45131875 0.61105 0.455521875 0.6106984377708978 0.41607656190476194
9 0.6142171876160991 0.45131875 0.6143937498452012 0.46231249999999996 0.6172093752321981 0.465221875 0.6184406247678018 0.435153125 0.6177359374613003 0.42933281309523813 0.6149218749226006 0.4358 0.6142171876160991 0.45131875
2 0.7208453126934984 0.5344156250000001 0.7240125003095975 0.5292421869047619 0.7238374996904025 0.5260078130952381 0.7227812501547988 0.5205109380952381 0.7222531250773994 0.5169546880952381 0.7213734377708978 0.513398436904762 0.7203187498452013 0.50951875 0.7197906247678019 0.505315625 0.7185578123839009 0.5001421880952381 0.7175031250773993 0.4959390630952381 0.7162703126934984 0.4904421869047619 0.7148640625386997 0.48429843809523815 0.7120484377708979 0.4813890619047619 0.7095843752321981 0.482359375 0.7057140625386997 0.483975 0.7041296873065015 0.48526874999999997 0.7016671876160991 0.4897953130952381 0.6988515622291023 0.4962625 0.6979718749226007 0.4994953130952381 0.6960359374613003 0.5043453119047618 0.693925 0.508871875 0.6921656247678017 0.513398436904762 0.68935 0.518571875 0.6860062501547988 0.5237453119047619 0.6824874996904025 0.52633125 0.6810796873065015 0.526978125 0.6794968749226007 0.5253609369047619 0.6775609374613003 0.52148125 0.6766812501547987 0.5188953130952382 0.6761531250773993 0.51436875 0.6728109374613004 0.51178125 0.6717546873065016 0.508871875 0.6696437498452013 0.5069312499999999 0.6685874996904025 0.513398436904762 0.6678843752321981 0.518571875 0.6670031250773995 0.5253609369047619 0.6664765622291022 0.535384375 0.6698187498452012 0.547671875 0.6750984377708978 0.5528453130952381 0.6787921876160992 0.554784375 0.6835437498452013 0.55543125 0.6870624996904025 0.5557546869047619 0.690757812383901 0.554460936904762 0.7016671876160991 0.5528453130952381 0.707825 0.5496109369047619 0.710817187616099 0.547025 0.7136312501547988 0.5434687500000001 0.7171515622291021 0.5389421869047619 0.7208453126934984 0.5344156250000001
0 0.750582812383901 0.5331218750000001 0.7525171876160991 0.52633125 0.7511093752321981 0.52148125 0.7495265622291022 0.5169546880952381 0.7486468749226006 0.5108125 0.7484703126934985 0.5062859380952381 0.7454796873065016 0.4994953130952381 0.7407281250773994 0.49367500000000003 0.7340421876160991 0.48656249999999995 0.7303468749226006 0.4836515619047619 0.7224296873065015 0.48559218809523813 0.7219015622291021 0.48947187500000006 0.7215499999999999 0.492059375 0.7224296873065015 0.4962625 0.7233093752321982 0.49981875000000003 0.7245406247678019 0.5043453119047618 0.7257718749226006 0.5098421869047619 0.7271796873065016 0.5188953130952382 0.7285875003095975 0.5266546880952381 0.7289390625386997 0.5282718750000001 0.7314031250773994 0.533445311904762 0.7336906247678019 0.53861875 0.7412562501547988 0.5412046869047619 0.7444234377708979 0.5399109380952382 0.7475906247678018 0.537971875 0.750582812383901 0.5331218750000001
2 0.7507578123839009 0.5243921880952381 0.7555093752321982 0.52633125 0.7620187498452012 0.5298875 0.7653625003095975 0.52891875 0.7627234377708978 0.5192187500000001 0.7590281250773994 0.5091953130952381 0.7574437498452011 0.504021875 0.75375 0.5024046869047619 0.7507578123839009 0.50208125 0.7482953126934985 0.50466875 0.7479421876160991 0.5085484369047619 0.7488218749226007 0.5156625 0.7507578123839009 0.5243921880952381
2 0.7384765622291022 0.6333218749999999 0.7398312501547988 0.636878125 0.7411859374613002 0.640434375 0.7435093752321981 0.6468359380952381 0.7454437498452012 0.6500375 0.7485406247678019 0.648259375 0.7510578123839009 0.6411468749999999 0.7533796873065015 0.6393671869047619 0.7558953126934984 0.64256875 0.7599609374613003 0.640434375 0.7620890625386998 0.63474375 0.7632515622291022 0.629765625 0.7630578123839009 0.625140625 0.7620890625386998 0.619095311904762 0.7611218749226006 0.610559375 0.7589921876160991 0.6077140630952381 0.7557031250773993 0.603090625 0.7535734377708978 0.599178125 0.7535734377708978 0.5963328130952381 0.7524124996904025 0.58993125 0.7504765622291022 0.5806828130952382 0.7489281250773994 0.5796171869047619 0.7442828123839009 0.5774828119047619 0.7396375003095975 0.5771265630952381 0.7363468749226006 0.5753484369047619 0.7318953126934984 0.5757046880952381 0.726282812383901 0.5792609369047619 0.7193156247678019 0.5853062499999999 0.713315624767802 0.59313125 0.7129281250773994 0.5973999999999999 0.7135093752321982 0.60095625 0.7150562501547988 0.60486875 0.7166046873065015 0.609848436904762 0.7189281250773993 0.6166046869047619 0.72125 0.6244296869047619 0.7233796873065015 0.629765625 0.7245406247678019 0.6326109369047619 0.7258953126934985 0.638301561904762 0.7274437498452013 0.637945313095238 0.7295734377708978 0.634032811904762 0.7305406247678018 0.629409375 0.7357671876160992 0.63083125 0.7384765622291022 0.6333218749999999
9 0.7766062501547988 0.67635625 0.7748640625386998 0.668532813095238 0.7737031250773995 0.6635531250000001 0.7713796873065016 0.6546609380952381 0.7678953126934984 0.645770313095238 0.7661546873065015 0.638301561904762 0.7626703126934985 0.63083125 0.7622828123839009 0.633676561904762 0.7595734377708978 0.6361671869047619 0.7588 0.6407906250000001 0.7613156247678019 0.648970313095238 0.7659609374613003 0.6582171880952381 0.7698312501547988 0.67244375 0.7750578123839009 0.6852484380952382 0.7760250000000001 0.6930734369047619 0.7787343752321981 0.703742188095238 0.7837671876160991 0.71796875 0.7899609374613004 0.728995313095238 0.7876374996904025 0.72188125 0.7855093752321982 0.7151234380952382 0.7833796873065015 0.709432813095238 0.7802828123839008 0.699475 0.7806703126934984 0.6927171880952381 0.7771859374613004 0.6834703130952381 0.7766062501547988 0.67635625
9 0.7502828123839009 0.6475484369047619 0.7467984377708978 0.6479031249999999 0.7438953126934985 0.6479031249999999 0.7446703126934984 0.66141875 0.7466062501547988 0.67706875 0.7491218749226006 0.6927171880952381 0.7516374996904025 0.7051656249999999 0.7551218749226005 0.7151234380952382 0.7588 0.72188125 0.7613156247678019 0.7247265619047619 0.7653796873065015 0.7311281249999999 0.7601546873065016 0.7151234380952382 0.7541546873065016 0.6955625000000001 0.7516374996904025 0.6735109380952381 0.7504765622291022 0.6607078130952381 0.7497031250773994 0.6521718750000001 0.7502828123839009 0.6475484369047619
2 0.673467187616099 0.6181843749999999 0.6714664198142414 0.6377782523809524 0.6806541021671826 0.6806541023809525 0.6994122860681116 0.6618959178571429 0.70668586749226 0.6592161773809524 0.707451507739938 0.6584505369047619 0.705920227244582 0.6527082357142857 0.7036781250773995 0.64400625 0.7060203126934985 0.6452968750000001 0.709532812383901 0.6465875 0.714217187616099 0.6534734380952381 0.716325 0.647878125 0.7179640625386996 0.6401328130952381 0.7179640625386996 0.632385936904762 0.7149203126934984 0.6130203130952381 0.7123437498452012 0.6031218749999999 0.7111718749226007 0.6031218749999999 0.6996968749226007 0.5983890630952381 0.6954812501547988 0.5992484380952381 0.6795562501547987 0.6001093750000001 0.6692515622291022 0.6044125 0.660117187616099 0.60484375 0.6594156247678018 0.6121593750000001 0.6626937498452014 0.621626563095238 0.666675 0.6285125 0.671125 0.619475 0.673467187616099 0.6181843749999999
9 0.7238406247678018 0.7443875 0.722125 0.73115625 0.7176687498452011 0.7084734369047619 0.7142390625386997 0.6920906250000001 0.7090953126934985 0.6763390630952382 0.7036093752321981 0.661846875 0.7015531250773994 0.6637375 0.6970953126934984 0.662478125 0.6981234377708979 0.669407813095238 0.7029234377708978 0.674448436904762 0.7138968749226007 0.70784375 0.7238406247678018 0.7443875
9 0.6809796873065016 0.683270313095238 0.6816656247678018 0.704692188095238 0.6919515622291021 0.743128125 0.6854375003095976 0.7097328119047619 0.6967515622291021 0.742496875 0.6916093752321982 0.726745313095238 0.6898937498452012 0.710364061904762 0.6878375003095976 0.692721875 0.6892078123839009 0.6813796880952381 0.6916093752321982 0.6700390619047619 0.6833796873065016 0.671298438095238 0.6782359374613003 0.665628125 0.6809796873065016 0.683270313095238
2 0.6573203126934984 0.615221875 0.6549203126934984 0.6114406250000001 0.6504625003095975 0.608290625 0.6463484377708978 0.60703125 0.6398328123839009 0.6171125000000001 0.6415468749226007 0.628453125 0.6422328123839008 0.637275 0.6425765622291022 0.646725 0.6446328123839009 0.6586968750000001 0.6460046873065015 0.669407813095238 0.6477187498452013 0.678859375 0.6535484377708978 0.6750796869047619 0.6545765622291021 0.6649984369047619 0.6542343752321982 0.652396875 0.6559484377708978 0.645465625 0.6590343752321981 0.641684375 0.6617781250773994 0.635384375 0.6604062501547988 0.6227828130952381 0.6573203126934984 0.615221875
9 0.6459078123839008 0.662398438095238 0.6469375003095975 0.679914063095238 0.6482249999999999 0.6926953119047619 0.6497718749226006 0.7073703119047619 0.651832812383901 0.7239390619047619 0.6531203126934985 0.7433468750000001 0.6567265622291022 0.7584953119047619 0.6595609374613003 0.76465 0.6569843752321982 0.7457140630952381 0.6554390625386997 0.7220453119047618 0.651832812383901 0.699795311904762 0.6523468749226007 0.685120311904762 0.6538937498452012 0.677073438095238 0.6495140625386997 0.6751796880952381 0.6459078123839008 0.662398438095238
0 0.6301921876160991 0.646303125 0.6294203126934985 0.633048438095238 0.6286468749226006 0.625473436904762 0.6250406247678019 0.6216875 0.6206609374613004 0.624053125 0.6191156247678018 0.638728125 0.6204031250773994 0.6472500000000001 0.6229796873065016 0.657190625 0.6258124996904024 0.661451561904762 0.6286468749226006 0.662398438095238 0.6301921876160991 0.646303125
2 0.42796562476780187 0.638254688095238 0.421525 0.6349421869047619 0.41766093746130034 0.639675 0.41508437523219816 0.6496171869047619 0.41482656222910214 0.6586109369047619 0.41740312507739935 0.6685515630952381 0.41997968730650154 0.679914063095238 0.42100937523219817 0.684173436904762 0.42126718761609905 0.688434375 0.4222984377708978 0.6969546869047619 0.4259046873065015 0.7002687499999999 0.4269343752321981 0.6979015630952381 0.42976874984520125 0.688434375 0.42847968730650154 0.676126561904762 0.4307984377708978 0.6685515630952381 0.433117187616099 0.659084375 0.4356937498452012 0.6496171869047619 0.4387843752321981 0.642042188095238 0.4338906247678018 0.642042188095238 0.42796562476780187 0.638254688095238
2 0.41482656222910214 0.648670313095238 0.41302343777089784 0.6458296880952381 0.4089015622291022 0.6392015630952381 0.40684062476780186 0.6325750000000001 0.40400781238390093 0.633995313095238 0.4016890625386997 0.6358890630952381 0.39911249969040247 0.6325750000000001 0.3955062501547988 0.631628125 0.39164218761609904 0.6325750000000001 0.39138437523219816 0.640148436904762 0.3934453126934984 0.6496171869047619 0.39576406253869967 0.6496171869047619 0.3983390625386997 0.648196875 0.39576406253869967 0.6567171869047619 0.3929296873065016 0.66381875 0.3908687498452012 0.6742328130952381 0.3911265622291022 0.684646875 0.39241406253869965 0.6903281250000001 0.39576406253869967 0.6926953119047619 0.3993703126934985 0.694115625 0.4016890625386997 0.6903281250000001 0.40271874984520123 0.684173436904762 0.40400781238390093 0.6766000000000001 0.4104468749226006 0.6780203130952381 0.41122031269349846 0.6737593749999999 0.41302343777089784 0.6657124999999999 0.41456874984520126 0.6595578130952381 0.41482656222910214 0.648670313095238
9 0.4225546873065016 0.681334375 0.4225546873065016 0.699321875 0.4228125003095975 0.714470311904762 0.42126718761609905 0.745240625 0.4143109374613003 0.7816921880952381 0.41817656222910216 0.7684375 0.4222984377708978 0.7603890630952381 0.42487343777089787 0.752815625 0.4259046873065015 0.7442937500000001 0.42719218761609906 0.729145311904762 0.4269343752321981 0.7168375 0.42847968730650154 0.70784375 0.4287374996904025 0.69316875 0.4292531250773994 0.678967186904762 0.4225546873065016 0.681334375
9 0.39189843777089783 0.6874875 0.3908687498452012 0.7050031250000001 0.3898374996904025 0.7286718750000001 0.3877765622291022 0.750921875 0.37979062476780184 0.7831125 0.3864890625386997 0.7750640630952381 0.3906109374613003 0.7660703130952381 0.39189843777089783 0.7537625 0.3942171876160991 0.744767188095238 0.3947328123839009 0.72583125 0.39782500000000004 0.7097374999999999 0.39962812507739937 0.694589063095238 0.3962781250773994 0.696009375 0.39189843777089783 0.6874875
2 0.3661375003095975 0.6510374999999999 0.3712906247678019 0.639675 0.37360781238390095 0.6292609369047619 0.3715468749226006 0.6221609380952381 0.3653656247678018 0.623579688095238 0.3553171876160991 0.620740625 0.3468171876160991 0.618373438095238 0.34063437523219814 0.61979375 0.3347093752321982 0.623579688095238 0.33110156222910214 0.631628125 0.3290406247678019 0.6429890619047619 0.3292984377708978 0.6510374999999999 0.33135937523219816 0.662871875 0.3321328123839009 0.671865625 0.331875 0.6837 0.3354812501547988 0.68938125 0.3403765622291022 0.686540625 0.3444984377708978 0.6822796869047619 0.34707343777089783 0.6818062500000001 0.35016562476780183 0.687014063095238 0.35300000000000004 0.688434375 0.3576359374613003 0.685120311904762 0.3609859374613003 0.6780203130952381 0.3617578123839009 0.670445311904762 0.36485 0.6581375 0.3661375003095975 0.6510374999999999
9 0.33872187492260064 0.7648375 0.3431921876160991 0.7538828119047619 0.3472375003095975 0.7390171869047619 0.3508578123839009 0.726496875 0.35426406253869974 0.704979686904762 0.35554218761609907 0.688939063095238 0.3563937498452013 0.68541875 0.3521343752321981 0.6912859369047619 0.3512828123839009 0.70654375 0.34702500000000003 0.731192186904762 0.33872187492260064 0.7648375
9 0.3308437498452012 0.6979375000000001 0.3359546873065016 0.6912859369047619 0.3314828123839009 0.6877656249999999 0.32637343777089783 0.699501561904762 0.31487656222910215 0.742146875 0.31807031269349845 0.734321875 0.3214765622291022 0.721803125 0.32637343777089783 0.7081093749999999 0.3308437498452012 0.6979375000000001
2 0.31828281238390094 0.60678125 0.3174312501547988 0.6138234380952381 0.3184953126934984 0.62516875 0.32020000000000004 0.63573125 0.32296718761609905 0.64355625 0.3270125003095975 0.6419921880952382 0.32977968730650153 0.6341671880952381 0.33212187492260065 0.624778125 0.3342515622291022 0.616953125 0.33340000000000003 0.611084375 0.3308437498452012 0.605215625 0.32637343777089783 0.5997390630952382 0.3223281250773994 0.598173438095238 0.3174312501547988 0.6020859369047619 0.31828281238390094 0.60678125
2 0.35985087492260065 0.5378622119047619 0.35640549411764705 0.5367137523809524 0.3548742142414861 0.5367137523809524 0.35104601300309596 0.5390106726190476 0.35028037275541796 0.5493468142857143 0.35028037275541796 0.5585344964285714 0.352577293498452 0.5665737178571428 0.36061651517027865 0.5681049988095238 0.3675072767801858 0.5615970571428571 0.3709526575851393 0.5547062952380952 0.3701870173374613 0.545135794047619 0.3675072767801858 0.5390106726190476 0.3644447157894737 0.5374793916666667 0.35985087492260065 0.5378622119047619
25 0.6063870061919505 0.5049396857142857 0.6071526464396285 0.509150705952381 0.6121293077399381 0.5106819869047619 0.6190200693498452 0.5083850654761904 0.6205513492260062 0.4808220202380952 0.6190200693498452 0.47201715833333335 0.6174887888544892 0.46818895714285713 0.6163403287925696 0.46627485714285716 0.6121293077399381 0.4639779369047619 0.6079182866873065 0.46168101666666667 0.6063870061919505 0.5049396857142857
25 0.6446690142414861 0.5053225047619048 0.6515597758513931 0.5087678857142858 0.6550051566563467 0.4528761547619048 0.6488800352941176 0.44407129285714286 0.6442861944272447 0.44024309166666664 0.6446690142414861 0.5053225047619048
7 0.2521133640866873 0.7439410738095238 0.24798035789473682 0.7499527190476191 0.24572599133126932 0.7559643642857143 0.24910754179566563 0.7600973702380953 0.2585007368421052 0.7604730976190477 0.26563956532507743 0.7555886369047619 0.26714247678018577 0.7552129083333333 0.2708997547987616 0.761600280952381 0.2727783938080495 0.7706177488095237 0.2836745003095975 0.7747507547619047 0.29419487925696597 0.7770051214285715 0.30208516346749226 0.7788837607142857 0.3126055424148607 0.7826410392857143 0.3212472817337461 0.7852711333333333 0.3298890216718266 0.7863983178571428 0.33665212260061916 0.7770051214285715 0.33702785015479875 0.7661090154761905 0.3355249386996904 0.7570915476190476 0.3302647498452012 0.7518313583333333 0.3182414594427245 0.7518313583333333 0.3058424414860681 0.7420624345238095 0.298703613003096 0.7383051571428572 0.2757842160990712 0.7311663285714286 0.2708997547987616 0.7289119619047619 0.2554949145510836 0.7375537011904763 0.2521133640866873 0.7439410738095238
6 0.2970495442724458 0.4787611702380952 0.28399242167182664 0.4809373571428571 0.2807281405572755 0.48528973214285714 0.2785519535603715 0.5016111357142857 0.28290432817337463 0.5168444452380953 0.2981376377708978 0.5244611 0.31010666749226007 0.527725380952381 0.32860425820433437 0.525549194047619 0.3340447256965944 0.5201087261904762 0.33948519380804953 0.5168444452380953 0.3438375678018576 0.5037873226190476 0.32207569659442725 0.48964210595238095 0.2970495442724458 0.4787611702380952
