1 0.44409687492260064 0.6390703119047619 0.4464640625386997 0.6090328119047619 0.44457031269349845 0.5840015630952381 0.4374656247678019 0.5729875 0.4246781250773994 0.5840015630952381 0.42041562476780187 0.5970187499999999 0.4199421876160991 0.6220500000000001 0.4218359374613003 0.64708125 0.42515156222910216 0.6560921880952381 0.4313093752321982 0.665103125 0.43604531269349844 0.659096875 0.44409687492260064 0.6390703119047619
1 0.4895640625386997 0.616042186904762 0.4867218749226006 0.5840015630952381 0.47677656222910214 0.5840015630952381 0.4677781250773994 0.5840015630952381 0.46682968730650154 0.6130375 0.46825156222910214 0.642075 0.4710921876160991 0.6580953119047619 0.4796171876160991 0.6560921880952381 0.48530156222910215 0.6550906249999999 0.48861718761609907 0.6430765630952381 0.4895640625386997 0.616042186904762
1 0.5279265622291022 0.5769921869047618 0.5189281250773994 0.5769921869047618 0.5104031250773994 0.5789953130952381 0.5080343752321981 0.5910109369047619 0.5104031250773994 0.61804375 0.5132453126934984 0.6510859369047619 0.5194015622291022 0.65709375 0.5274531250773994 0.6460796869047619 0.5307687498452013 0.621048436904762 0.5302953126934984 0.5970187499999999 0.5279265622291022 0.5769921869047618
1 0.5653421876160991 0.6120375 0.5610796873065015 0.57799375 0.54545 0.5739890630952381 0.5312421876160991 0.5769921869047618 0.5326624996904025 0.6130375 0.5378734377708978 0.6400718750000001 0.5440296873065016 0.6540890630952381 0.5501874996904025 0.669109375 0.5610796873065015 0.66710625 0.5643953126934984 0.650084375 0.5653421876160991 0.6120375
1 0.48861718761609907 0.6330640619047619 0.4961937498452012 0.6560921880952381 0.5051937498452013 0.6560921880952381 0.5094562501547988 0.641073438095238 0.5099296873065016 0.603025 0.5056671876160991 0.5769921869047618 0.4961937498452012 0.570985936904762 0.4871953126934984 0.5799968750000001 0.48909062476780185 0.60703125 0.48861718761609907 0.6330640619047619
1 0.46588281238390095 0.6040265630952381 0.46304062476780183 0.5860046880952381 0.44977968730650153 0.5870046869047619 0.4459906247678019 0.5940140619047619 0.4450437498452013 0.6190453130952381 0.4478859374613003 0.6450781250000001 0.451675 0.6520875 0.45735781238390094 0.659096875 0.46351562476780184 0.653089061904762 0.46635625015479876 0.6380703130952381 0.46588281238390095 0.6040265630952381
13 0.5625 0.640625 0.41796874984520127 0.6380208333333334 0.421875 0.6614583333333334 0.557291666873065 0.6549479166666666 0.5625 0.640625
6 0.5611979164086688 0.65625 0.6158854167182662 0.6940104166666666 0.6484374996904025 0.6940104166666666 0.7161458334365325 0.6848958333333334 0.7161458334365325 0.6028645833333334 0.5716145832817338 0.59765625 0.5611979164086688 0.65625
6 0.2682291665634675 0.6861979166666666 0.3151041665634675 0.7005208333333334 0.39843749969040243 0.6666666666666666 0.421875 0.6471354166666666 0.41536458328173376 0.60546875 0.27604166687306503 0.6119791666666666 0.2682291665634675 0.6861979166666666
6 0.2695312501547988 0.5520833333333334 0.338541666873065 0.5546875 0.473958333126935 0.5625 0.572916666873065 0.5638020833333334 0.7317708334365325 0.5598958333333334 0.7421874996904025 0.5104166666666666 0.6575520835913313 0.5390625 0.5598958334365325 0.53515625 0.4505208334365325 0.546875 0.33593749969040243 0.53515625 0.2682291665634675 0.5026041666666666 0.2695312501547988 0.5520833333333334
