2 0.2882218271195143 0.5359976976550923 0.300215299208503 0.5366845649366441 0.2987504760144475 0.5622596920108666 0.28675700405369753 0.5615728262020849
2 0.3441545815462632 0.5253477909570464 0.3599134895353018 0.5265243415303669 0.3560005687108969 0.5789298639682429 0.3402416613035939 0.5777533186003344
2 0.36258895360856513 0.5274792896120315 0.3907817583802853 0.5327686735241093 0.37791891596771165 0.6013220503623156 0.3497261199156583 0.5960326982077316
9 0.37166249193239764 0.43491093739033165 0.37685834912929295 0.4349815685271186 0.3756146071883677 0.5264690681602399 0.3704187499999989 0.5263984374999992
9 0.38410933986290274 0.46006874590339775 0.3900739484438418 0.4607641535087395 0.38260679550865007 0.5248063417243547 0.37664218750001055 0.5241109374999989
2 0.5351687750559222 0.6144734364509891 0.527848845657445 0.6147798988141348 0.5263142094217983 0.5781281570267608 0.5336340902401844 0.5778216956800432
2 0.5311112176719917 0.575760003893525 0.5418676891040377 0.5742071272016719 0.5476392703782267 0.614181505768996 0.5368828001649035 0.6157343767807762
2 0.5525853175154225 0.5644847446186684 0.5642679164988067 0.564760563822547 0.5628846870400821 0.6233425015356109 0.5512020881075159 0.6230666837916855
2 0.5648393104861498 0.5604518785740393 0.5768656868941662 0.5613862838807466 0.5729292034149012 0.6120460939013234 0.5609028275039236 0.6111116928224799
2 0.6060990560127948 0.5417508944300456 0.6311908194544458 0.54444854063276 0.6235120674941754 0.6158642194898792 0.5984203068123861 0.6131665904014371
2 0.6623990405923905 0.591719846150818 0.6276886287432717 0.5937424435486311 0.6253915041411346 0.5543230375746644 0.6601016771643344 0.5523004471572769
9 0.6082031525926368 0.5231124987360279 0.6047602006083252 0.5232702147347695 0.6020180170654612 0.463412402765855 0.60546093749997 0.46325468749999993
9 0.6129726740485921 0.5439576641996037 0.608465421375854 0.5437794522242273 0.611581864990967 0.46496710162433497 0.6160890625000093 0.46514531250000013
0 0.6590459130212594 0.5543480329333196 0.6488445667146152 0.5566187545708848 0.6449768079019123 0.5392441557611284 0.6551781250000204 0.5369734374999877
2 0.6600639932738659 0.5409414010349236 0.7094364465644958 0.536913643300708 0.7134332649893622 0.5859022200232237 0.664060813825472 0.5899299607464672
9 0.6730390625000382 0.4002734374999996 0.6774968600493594 0.3998572303883131 0.6906567490061661 0.540797533941604 0.6861989520363068 0.5412137367771471
9 0.6927134287191166 0.5445500280491378 0.6883904507432135 0.5443110676950573 0.6950708793082185 0.4234672934200906 0.6993937766376348 0.42370625147245866
9 0.6842095367370575 0.5390506261073744 0.676749518660472 0.5404305196018471 0.6584947819151239 0.4417486326182944 0.6659546874999478 0.44036875000000286
0 0.7161114848922807 0.5555221116780686 0.7065788244711939 0.5566563716120424 0.7025670907498807 0.522943344052441 0.7120996985290731 0.5218090872849961
0 0.7224781359956296 0.548959375 0.7145609267504369 0.548959375 0.7145609426592046 0.5250328125 0.7224781209271214 0.5250328125
2 0.7605284235604586 0.6460460711030782 0.7171276274974616 0.6556825354446301 0.7015791762355548 0.5856624207909359 0.7449794083546522 0.5760260214778873
2 0.6566956635032284 0.6554578582303892 0.6469125710143544 0.6147552444294033 0.7036154858575401 0.6011279636117421 0.7133987321682298 0.6418303512885619
2 0.614866049791658 0.6392064262744248 0.6362475201226516 0.6194290759522855 0.6691864881040601 0.6550352662232602 0.6478051092788064 0.6748125220315238
0 0.6169600772429931 0.6503609286862087 0.6222031594279542 0.6489347560291469 0.6277722066407705 0.6694057182321789 0.6225291256449736 0.670831887845682
0 0.6227700576487223 0.676353257852088 0.6164591045720726 0.6775899099215257 0.6123013262205177 0.6563745067966833 0.6186122524330813 0.6551378574322292
0 0.5965005146639442 0.6836911237476486 0.5915844848626648 0.6845269259436103 0.5883666970994454 0.6656030908262762 0.5932827079278695 0.6647672902778825
2 0.34849264110391687 0.5957868258345553 0.3757672311675151 0.6042685640420005 0.3590201310446446 0.6581155780781159 0.3317455612386766 0.649633885506221
2 0.25052725424416167 0.5620894764828507 0.30368916518864353 0.5802805621372128 0.2751964642545772 0.6635386147881803 0.22203462502170623 0.6453476788098517
9 0.2319341769446055 0.641704611846955 0.23993101244593618 0.6447592350702842 0.21273411496679273 0.7159494226165352 0.20473729218747394 0.7128948234374851
9 0.24665509835210742 0.6502813956232144 0.25903968612044537 0.6585568693035666 0.21413202266626286 0.7257533842011303 0.20174749130183045 0.7174779805442174
10 0.3143832253228993 0.5943031921125718 0.35409064655664224 0.6034379891631934 0.3120517061997816 0.7861485194014692 0.272344344314547 0.7770139041716895
10 0.3002070166727435 0.6017333211102487 0.32923067631486447 0.6155425716071646 0.2670000347442283 0.7463180668381003 0.23797650310450535 0.732509023217032