0 0.35002343777089784 0.4910875 0.34727656222910214 0.47771874999999997 0.3395859374613003 0.4766046880952381 0.3340921876160991 0.479946875 0.33024687492260063 0.49554375 0.33519062476780187 0.5122546880952381 0.34562812507739943 0.51336875 0.35002343777089784 0.4910875
0 0.3610109374613003 0.5122546880952381 0.35277031269349846 0.517825 0.348925 0.5278515619047619 0.3538687498452012 0.5445640630952381 0.3593624996904025 0.5401078119047619 0.36320781238390093 0.5211671880952381 0.3610109374613003 0.5122546880952381
0 0.37859062476780186 0.55681875 0.38518281238390095 0.5523625 0.3868312501547988 0.5401078119047619 0.3840843752321981 0.528967186904762 0.37804062476780187 0.5267375 0.3736468749226006 0.53899375 0.37309687492260063 0.550134375 0.37859062476780186 0.55681875
0 0.43737187492260066 0.738415625 0.44286562476780184 0.725046875 0.434625 0.7183625 0.43132968730650156 0.698309375 0.4324281250773994 0.672684375 0.42803281238390095 0.683825 0.4247375003095975 0.706107811904762 0.42253906253869966 0.72281875 0.4236390625386997 0.7339593750000001 0.4324281250773994 0.74064375 0.43737187492260066 0.738415625
2 0.4384718749226006 0.666 0.4329781250773994 0.6827109380952381 0.43517500000000003 0.698309375 0.4335265622291022 0.7116781249999999 0.43792187492260065 0.719476561904762 0.4538531250773994 0.7239328119047619 0.4615453126934984 0.7239328119047619 0.4681375003095975 0.7150203119047619 0.47472968730650156 0.7083359369047619 0.47527812507739936 0.6793687500000001 0.45495156222910216 0.6737984380952381 0.4384718749226006 0.666
7 0.4076312501547988 0.8364718750000001 0.40050156222910216 0.8494078119047619 0.39524843777089785 0.8440812499999999 0.39524843777089785 0.8296234369047619 0.397875 0.8098390630952381 0.3918718749226006 0.8242968749999999 0.3881187498452012 0.8296234369047619 0.38474218761609913 0.845603125 0.3877437498452012 0.8615828130952381 0.40012656222910215 0.863865625 0.40838125015479876 0.8532124999999999 0.4140093752321981 0.833428125 0.4140093752321981 0.8227749999999999 0.4076312501547988 0.8364718750000001
7 0.4290187498452012 0.8653875000000001 0.43089531269349846 0.847125 0.43502187492260064 0.82581875 0.426017187616099 0.842559375 0.4222640625386997 0.8570171869047619 0.4237656247678019 0.8775625 0.43239531269349846 0.8836499999999999 0.44290156222910215 0.869953125 0.44702968730650156 0.845603125 0.44065000000000004 0.8585390630952381 0.43389687492260065 0.869953125 0.4290187498452012 0.8653875000000001
0 0.5922406247678018 0.52068125 0.5914906247678018 0.5473140619047618 0.5922406247678018 0.561771875 0.594867187616099 0.5731859369047618 0.6008703126934984 0.57546875 0.6046234377708979 0.5663375 0.6068734377708979 0.5473140619047618 0.60725 0.5214421869047619 0.6019968749226007 0.5092671869047619 0.595242187616099 0.506984375 0.5922406247678018 0.52068125
2 0.8427812501547988 0.55111875 0.8405296873065016 0.5663375 0.8341515622291021 0.5701421880952381 0.8277734377708978 0.5731859369047618 0.8183921876160991 0.57546875 0.818767187616099 0.589165625 0.8135140625386997 0.5929703119047619 0.8127640625386997 0.601340625 0.8105124996904025 0.61275625 0.8165156247678018 0.6158 0.8270218749226006 0.6158 0.8337765622291022 0.611995313095238 0.8397796873065015 0.6150390619047619 0.8495359374613003 0.61275625 0.8529125003095975 0.5990578119047618 0.8540390625386997 0.5807953130952381 0.8461593752321982 0.552640625 0.8427812501547988 0.55111875
0 0.9245796873065015 0.500896875 0.9185765622291022 0.49024375000000003 0.9091968749226007 0.48719999999999997 0.9069453126934984 0.5062234380952381 0.9005656247678018 0.5183984369047618 0.8990656247678018 0.524485936904762 0.8998156247678019 0.5366609380952381 0.9046937498452012 0.5427484369047619 0.9121984377708979 0.5541625 0.9155749999999999 0.5473140619047618 0.9204531250773994 0.5381828130952381 0.9317093752321981 0.5290515630952382 0.9320843752321981 0.5176375 0.9245796873065015 0.500896875
0 0.8709234377708978 0.5351390619047619 0.8758015622291022 0.56025 0.8863078123839009 0.5632937499999999 0.8885593752321981 0.5823171869047619 0.8919359374613003 0.5678593749999999 0.8934374996904025 0.543509375 0.8923109374613003 0.52676875 0.8878078123839008 0.513071875 0.8799281250773994 0.5107890619047619 0.8773015622291022 0.5290515630952382 0.8709234377708978 0.5351390619047619
0 0.9170765622291022 0.647759375 0.9080703126934985 0.645476561904762 0.9001906247678019 0.6340625 0.8945624996904025 0.63710625 0.8934374996904025 0.6500421869047619 0.8979390625386996 0.668304686904762 0.9043187498452012 0.675914061904762 0.9088203126934985 0.674392188095238 0.9136984377708979 0.669065625 0.9170765622291022 0.6645 0.9193265622291021 0.6584125000000001 0.9170765622291022 0.647759375
0 0.8416562501547988 0.6850453130952382 0.8431562501547987 0.699503125 0.8472843752321981 0.7017859369047619 0.8495359374613003 0.7017859369047619 0.8517874996904025 0.690371875 0.8484093752321982 0.6812406249999999 0.8427812501547988 0.6812406249999999 0.8416562501547988 0.6850453130952382
0 0.8319 0.698742186904762 0.8386546873065015 0.703307813095238 0.8409062501547987 0.684284375 0.8382796873065016 0.672870313095238 0.8334015622291021 0.67971875 0.8319 0.698742186904762
2 0.8529621362229103 0.5834938166666667 0.8671264253869969 0.6051480607142857 0.8962882501547987 0.5968195011904762 0.8866666476780186 0.5606250011904762 0.8662931795665634 0.5660038214285714 0.8529621362229103 0.5834938166666667
9 0.39318155232198143 0.845159475 0.41349072817337457 0.8435978940476191 0.44004877089783284 0.7780104702380952 0.43692433746130027 0.8326666464285714 0.42755079814241487 0.8638987476190476 0.44629775727554183 0.8701451916666667 0.46973136656346753 0.7858184952380952 0.47598035294117647 0.6843141678571428 0.43692433746130027 0.6686981178571428 0.40724174179566563 0.7577096166666667 0.39318155232198143 0.845159475
