2 0.30544744607288976 0.526481537100134 0.28542065415888374 0.5437385935371776 0.25107487139223394 0.5038835462174086 0.2711015625000073 0.48662656250002606
2 0.30857806910796626 0.5613843996831426 0.3085782273932409 0.5090546624111455 0.34695624535800107 0.5090547972649148 0.34695625073732117 0.561384371071854
9 0.342892187499956 0.5140374999999974 0.33010718461150645 0.5127239372443644 0.34410431287653864 0.3764989512334824 0.35688907872759046 0.3778125016672797
9 0.33485798311994586 0.5102230759161547 0.3291497064143414 0.5106665380991007 0.319633718495993 0.38818347451200513 0.3253418976890998 0.38774001618485243
2 0.5920324257749598 0.5307635356971785 0.6077282077964128 0.5318292775028013 0.6040020315457468 0.5867016743150689 0.5883062500000733 0.5856359375000032
9 0.6036782438926593 0.5328390565342607 0.5925798290821831 0.5333959472931845 0.5870198056879872 0.4225949134405452 0.5981180424214472 0.4220380271448823
0 0.7060181234818401 0.5325366826900791 0.6948680927671376 0.5344640775876214 0.6878852852408954 0.4940714248818817 0.6990352459529277 0.4921440361763181
2 0.7005084469092253 0.53310717565762 0.6855924464754253 0.5555576534180194 0.6647949463040277 0.5417410568921011 0.6797109374999764 0.519290625000008
2 0.6736033750258912 0.6370799105428033 0.6527851269842131 0.6165719972937486 0.6813898874437427 0.5875377903028743 0.702208054220705 0.6080456251811959
2 0.6420233749905719 0.6291279905781306 0.6534142608516049 0.6536231839949337 0.6177116163195251 0.6702235489882689 0.6063208423935293 0.645728450701792
2 0.36704761951943965 0.6496279094332394 0.34480830198003787 0.6584921715888813 0.3306399852291406 0.6229498873115404 0.35287915496712685 0.6140856583187677
2 0.32203645100639733 0.6122445641313453 0.30502922743028194 0.6268793561951232 0.2783086629324316 0.5958305489117811 0.2953158091490877 0.5811958124543731
11 0.4564810745836212 0.5063095467335629 0.4258225419241626 0.512219539447092 0.38713104786450003 0.31151379186922895 0.4177888098429321 0.30560387617512097
11 0.5348541708355015 0.4871101076524427 0.4990114395282035 0.4651025267630932 0.5832251893924649 0.32795539698473786 0.6190673725901661 0.34996275795112974
10 0.3890391958344708 0.5431312853645561 0.35647606933684983 0.5436652316116635 0.3536899383096852 0.37373448381935953 0.38625230692127843 0.3732005437059297
10 0.6466537847139762 0.5872995318398908 0.615892369635958 0.5887799220554571 0.6060921377488739 0.385142907414064 0.6368526318598242 0.3836625392936628
10 0.6546509590854157 0.552225842945517 0.6370283171499977 0.5514248703103585 0.6432346166940306 0.41489138223425875 0.6608569155040414 0.41569234722697107