2 0.26839218761609906 0.5123765619047619 0.27290781238390094 0.527328125 0.28058437523219815 0.5381265630952381 0.28555 0.5397875 0.29096874984520127 0.5389578119047619 0.2959343752321981 0.5331421880952381 0.30045 0.5206828130952381 0.29503125015479875 0.518190625 0.28600156222910217 0.509054688095238 0.2814859374613003 0.5024093749999999 0.27606874984520124 0.49410312500000003 0.27110156222910214 0.48662656190476195 0.26794062476780184 0.4949328119047619 0.26839218761609906 0.5123765619047619
2 0.3085781250773994 0.5431109380952381 0.3144468749226006 0.5497562500000001 0.31986562476780184 0.556401561904762 0.3252828123839009 0.561384375 0.3352171876160991 0.5605546869047618 0.34198906253869965 0.561384375 0.34695625015479875 0.556401561904762 0.3460531250773994 0.543940625 0.34469843777089787 0.5323125 0.33747343777089783 0.5173609380952381 0.3320562501547988 0.5123765619047619 0.3252828123839009 0.509884375 0.31580156222910216 0.509054688095238 0.3121890625386997 0.5156999999999999 0.3099312501547988 0.53148125 0.3085781250773994 0.5431109380952381
9 0.3288953126934985 0.5073921869047618 0.3428921876160991 0.5140375 0.34018281238390097 0.49161093690476193 0.3428921876160991 0.4642 0.3483109374613003 0.4301421869047619 0.35688906253869973 0.3778125 0.3510203126934984 0.39359374999999996 0.3465046873065015 0.4135296869047619 0.34198906253869965 0.4351265619047619 0.3383765622291022 0.45423125000000003 0.3329593752321981 0.484965625 0.33115312507739936 0.4625375 0.3248312501547988 0.3877796880952381 0.3230265622291022 0.424328125 0.3257343752321981 0.449246875 0.3297984377708978 0.4816421869047619 0.3288953126934985 0.5073921869047618
9 0.37596718761609904 0.41218593690476185 0.37319062476780185 0.46835312500000004 0.3710328123839009 0.5040953119047619 0.37689218761609905 0.5029609380952381 0.37905 0.4138875 0.3864515622291022 0.39856875 0.37596718761609904 0.41218593690476185
2 0.5937687498452012 0.5545703130952381 0.5897953126934985 0.5637078130952381 0.5883062501547988 0.5856359380952381 0.6041984377708979 0.583809375 0.6017156247678018 0.535382813095238 0.5927765622291021 0.5308140619047619 0.5937687498452012 0.5545703130952381
9 0.5981265622291021 0.4222078130952381 0.5999765622291021 0.5073078130952381 0.5962765622291021 0.4987984369047619 0.5947343752321982 0.4222078130952381 0.5925765622291022 0.4738359369047619 0.5922671876160991 0.527165625 0.6036781250773994 0.5328390619047619 0.5981265622291021 0.4222078130952381
0 0.6461281250773994 0.565284375 0.6487390625386997 0.5501828130952381 0.6539640625386997 0.524096875 0.6513515622291022 0.5041875 0.6543375003095976 0.485653125 0.6461281250773994 0.472609375 0.6338140625386997 0.477415625 0.62635 0.481534375 0.6214999999999999 0.4911453130952381 0.6181406247678018 0.5137984380952381 0.6196343752321981 0.5337062499999999 0.6226187498452013 0.549495313095238 0.6259781250773994 0.561165625 0.6412765622291021 0.5666578130952381 0.6461281250773994 0.565284375
10 0.6506046873065016 0.4966375 0.655082812383901 0.49595 0.6565765622291021 0.47947500000000004 0.6599343752321982 0.46437187500000005 0.6625468749226006 0.4424046869047619 0.6591874996904025 0.42455625 0.651725 0.41974999999999996 0.6476203126934985 0.43347968809523807 0.6461281250773994 0.4547609380952381 0.6412765622291021 0.468490625 0.6431421876160991 0.47672812499999995 0.6446343752321981 0.4877125 0.6506046873065016 0.4966375
0 0.6916515622291022 0.5158578119047619 0.6957562501547988 0.5268421869047619 0.7032203126934984 0.5330203119047618 0.7039656247678018 0.5206640630952382 0.7013546873065016 0.505560938095238 0.6968765622291022 0.4925171880952381 0.692025 0.5035015619047619 0.6916515622291022 0.5158578119047619
2 0.6838156247678018 0.5234093750000001 0.6797109374613003 0.519290625 0.6763531250773994 0.5295875 0.6729937498452012 0.535765625 0.673367187616099 0.5474359369047619 0.6797109374613003 0.54675 0.6860546873065015 0.54675 0.6909062501547988 0.54263125 0.6957562501547988 0.5391984369047619 0.6987421876160991 0.535765625 0.6931453126934984 0.528215625 0.6882937498452012 0.532334375 0.6838156247678018 0.5234093750000001
2 0.6950109374613003 0.6030421869047619 0.6901593752321982 0.5961765630952381 0.6841890625386997 0.5968640630952381 0.6782187498452013 0.600982813095238 0.6681437498452012 0.600982813095238 0.6677703126934985 0.6092203130952382 0.6588140625386997 0.6147125000000001 0.6610531250773994 0.6202031250000001 0.6655312501547987 0.629128125 0.6707562501547988 0.6256953119047619 0.6737406247678018 0.6318734380952381 0.6800843752321981 0.6305015630952381 0.6849359374613003 0.6215765630952381 0.6909062501547988 0.619517186904762 0.6897859374613003 0.611965625 0.6950109374613003 0.6030421869047619
2 0.6420234377708979 0.636679688095238 0.6420234377708979 0.629128125 0.6080656247678019 0.644917186904762 0.6110515622291022 0.6559015619047619 0.6218734377708979 0.6517828130952381 0.6278437498452013 0.6655125 0.6323203126934984 0.6620796880952381 0.631575 0.646290625 0.6420234377708979 0.636679688095238
2 0.3580546873065016 0.62706875 0.35357656222910216 0.6305015630952381 0.34872656222910214 0.633246875 0.34238281238390095 0.6243234369047619 0.3375312501547988 0.6202031250000001 0.3352921876160991 0.634620313095238 0.3379046873065015 0.6407984380952381 0.3453671876160991 0.644917186904762 0.35021874984520124 0.653154686904762 0.3554437498452012 0.6510953130952382 0.35992031269349845 0.65246875 0.36402500000000004 0.6504093750000001 0.3614140625386997 0.6401125 0.36215937523219816 0.6373656249999999 0.3580546873065016 0.62706875
2 0.31253125015479877 0.61883125 0.3188734377708978 0.6092203130952382 0.3158890625386997 0.6051015619047618 0.31253125015479877 0.6051015619047618 0.3084265622291022 0.6023546869047619 0.30282812507739937 0.5961765630952381 0.30170937523219815 0.588625 0.2976046873065016 0.58519375 0.28827656222910214 0.5872531249999999 0.28715625015479873 0.5968640630952381 0.29126093746130033 0.603728125 0.2949921876160991 0.611279688095238 0.2957390625386997 0.616084375 0.29984374984520124 0.6202031250000001 0.30320156222910216 0.6215765630952381 0.3087984377708978 0.6236359369047619 0.31253125015479877 0.61883125
11 0.40411874984520124 0.30823906309523813 0.40411874984520124 0.3430390619047619 0.4147734377708978 0.403409375 0.42045468730650154 0.484375 0.4339484377708978 0.510653125 0.4339484377708978 0.50994375 0.45170468730650154 0.481534375 0.4403406247678019 0.4225859369047619 0.4254265622291022 0.3508515619047619 0.40411874984520124 0.30823906309523813
11 0.6008515622291022 0.338778125 0.5859374996904024 0.348721875 0.5447437498452012 0.390625 0.515625 0.4389203119047619 0.5142046873065015 0.47443124999999997 0.5333812501547988 0.48011406309523813 0.5518468749226006 0.4453125 0.5788359374613002 0.4154828119047619 0.6036937498452013 0.375 0.6008515622291022 0.338778125
10 0.3700581399380805 0.4090572404761905 0.365724906501548 0.439389875 0.35549166315789477 0.5289307523809523 0.36052502600619196 0.5260545452380953 0.35582037275541795 0.5299750892857144 0.38825772012383897 0.5407875392857142 0.3917243071207431 0.4064573011904762 0.38479113374613005 0.3752580202380953 0.381324546749226 0.3709247869047619 0.3769913133126935 0.3873910738095238 0.3700581399380805 0.4090572404761905
