2 0.23472187492260063 0.5520437499999999 0.23018750030959753 0.5452734380952381 0.2231031250773994 0.543190625 0.21743593746130033 0.54891875 0.21601874984520122 0.557771875 0.21431874984520122 0.5655828119047619 0.22027031269349845 0.5681859369047619 0.22763749969040248 0.56870625 0.2378390625386997 0.5650609369047619 0.23755625015479875 0.5593343749999999 0.23472187492260063 0.5520437499999999
0 0.24690781238390094 0.5374625 0.24605781238390095 0.523403125 0.24549062476780184 0.517154686904762 0.24067343777089784 0.5202796869047619 0.23358906253869968 0.5223625 0.23103906253869969 0.539545313095238 0.23330468730650156 0.547878125 0.23840625015479877 0.5515234380952381 0.24690781238390094 0.5515234380952381 0.24690781238390094 0.5374625
2 0.26220937523219817 0.5405875 0.25625937523219816 0.5400671869047619 0.2539921876160991 0.54891875 0.2531421876160991 0.55725 0.25229218761609906 0.5624578119047619 0.2556921876160991 0.5707890619047619 0.26787656222910217 0.5723515619047619 0.28232968730650154 0.574434375 0.29139687492260063 0.5707890619047619 0.29904843777089785 0.566103125 0.3032984377708978 0.5567296880952382 0.30443281238390096 0.5416296869047619 0.30046562476780186 0.53225625 0.29196406253869966 0.5343390619047619 0.28742968730650154 0.543190625 0.2828968749226006 0.547878125 0.27411093746130033 0.5468359380952381 0.26901093746130034 0.544753125 0.26220937523219817 0.5405875
2 0.2556921876160991 0.6124484369047619 0.2520078123839009 0.6207796869047618 0.255125 0.6280687500000001 0.257675 0.63119375 0.26249374984520124 0.637442186904762 0.2698609374613003 0.643690625 0.27779531269349844 0.645253125 0.2837468749226006 0.6515015630952381 0.2891296873065015 0.6520234369047619 0.2936640625386997 0.6410875 0.29508125015479875 0.6270281249999999 0.2891296873065015 0.624425 0.2840296873065015 0.618175 0.2780781250773994 0.61296875 0.2698609374613003 0.6098437499999999 0.26249374984520124 0.6077609369047619 0.2556921876160991 0.6124484369047619
2 0.31491718761609905 0.6202578119047619 0.31010000000000004 0.6228625000000001 0.3115171876160991 0.635359375 0.31775156222910217 0.642129686904762 0.32795312507739943 0.6447328130952381 0.33475468730650154 0.6483781249999999 0.33702031269349847 0.6520234369047619 0.3401375003095975 0.6587921869047619 0.3460890625386997 0.6582718750000001 0.35005625015479874 0.647857813095238 0.3534562501547988 0.6410875 0.3526062501547988 0.6364015630952381 0.34268906253869974 0.638484375 0.3390046873065016 0.63431875 0.33022031269349844 0.6317140630952381 0.32285156222910216 0.6280687500000001 0.31916874984520127 0.623382811904762 0.31491718761609905 0.6202578119047619
2 0.38122812507739934 0.6483781249999999 0.37584374984520125 0.64265 0.36790937523219813 0.640046875 0.36252500000000004 0.64265 0.35969062476780184 0.6447328130952381 0.35940781238390096 0.65098125 0.361675 0.654626563095238 0.36394218761609903 0.6598343750000001 0.3715921876160991 0.6645203130952381 0.37924374984520126 0.6598343750000001 0.38122812507739934 0.6483781249999999
2 0.6070781250773993 0.5385046869047618 0.6028281250773994 0.534859375 0.5982937498452012 0.539025 0.5980109374613003 0.5510015630952381 0.5974437498452012 0.5588124999999999 0.5881230637770898 0.5835690130952381 0.5998334786377709 0.5985323214285715 0.6028281250773994 0.59995 0.6084953126934984 0.610364061904762 0.6169968749226007 0.6077609369047619 0.6206796873065016 0.5978671880952381 0.6218140625386996 0.581725 0.6206796873065016 0.5619375 0.6215312501547987 0.5468359380952381 0.6178468749226006 0.546315625 0.6152968749226005 0.5452734380952381 0.6101953126934985 0.542670313095238 0.6070781250773993 0.5385046869047618
9 0.6101953126934985 0.531734375 0.6118953126934984 0.46820625 0.6101953126934985 0.4619578130952381 0.6053781250773993 0.5306937500000001 0.6101953126934985 0.531734375
2 0.7422484377708978 0.5385046869047618 0.7402656247678019 0.53225625 0.7371484377708979 0.5306937500000001 0.7297796873065014 0.53225625 0.7235453126934984 0.5379843750000001 0.7164609374613002 0.5416296869047619 0.7124937498452012 0.5483984380952381 0.7153281250773994 0.5608953119047619 0.7105109374613002 0.5655828119047619 0.7147609374613003 0.5676656250000001 0.7173109374613003 0.5676656250000001 0.7198624996904025 0.5671437500000001 0.7232624996904025 0.566103125 0.7258124996904025 0.5676656250000001 0.7297796873065014 0.5707890619047619 0.7317640625386996 0.5713109369047619 0.7328968749226007 0.5666234369047619 0.7340312501547989 0.5624578119047619 0.7362984377708979 0.5608953119047619 0.7391312501547989 0.5608953119047619 0.7442328123839009 0.55725 0.7447984377708978 0.55048125 0.7419656247678019 0.5468359380952381 0.7422484377708978 0.5385046869047618
2 0.7697359374613003 0.4989296869047619 0.7623687498452013 0.5072609369047618 0.7575515622291021 0.5129890619047619 0.7547171876160991 0.5103859369047619 0.7516 0.5114265619047619 0.7479156247678018 0.516634375 0.7487656247678018 0.5280906249999999 0.7524500000000001 0.531734375 0.7547171876160991 0.5359015619047619 0.754434375232198 0.543190625 0.7561343752321982 0.5437125 0.7592515622291021 0.5416296869047619 0.7618015622291021 0.5400671869047619 0.7683187498452012 0.5327765619047619 0.7720031250773994 0.5306937500000001 0.7745531250773994 0.5280906249999999 0.7819218749226007 0.518196875 0.7841890625386997 0.5145515619047619 0.7810718749226007 0.502575 0.7751203126934985 0.49580468690476187 0.7697359374613003 0.4989296869047619
0 0.7436656247678018 0.526528125 0.7499 0.5359015619047619 0.7527343752321981 0.5405875 0.7527343752321981 0.534859375 0.7501828123839008 0.52756875 0.7473500000000001 0.519757813095238 0.7524500000000001 0.511946875 0.7569843752321982 0.511946875 0.7595343752321982 0.508303125 0.756417187616099 0.5015328119047618 0.7513171876160991 0.4932015619047619 0.7425328123839009 0.4942421869047619 0.7436656247678018 0.50778125 0.7436656247678018 0.526528125
2 0.74565 0.579121875 0.7416812501547988 0.5879734380952382 0.7379984377708978 0.594221875 0.7331812501547988 0.604115625 0.7300640625386997 0.6098437499999999 0.7311968749226007 0.6176546869047619 0.7357312501547988 0.6213000000000001 0.7408312501547988 0.628590625 0.7467828123839009 0.6317140630952381 0.7513171876160991 0.630153125 0.7555671876160991 0.6192171869047619 0.758117187616099 0.607240625 0.7632187498452012 0.5968265630952381 0.7657687498452013 0.5905765630952381 0.7677531250773995 0.5806828130952382 0.7626515622291021 0.566103125 0.7561343752321982 0.5619375 0.7518828123839009 0.57026875 0.74565 0.579121875
2 0.6997421876160991 0.618175 0.6952078123839008 0.6207796869047618 0.6929406247678018 0.6192171869047619 0.6892578123839009 0.6197375 0.6850062501547988 0.6270281249999999 0.6793390625386997 0.635359375 0.6807562501547988 0.642129686904762 0.6838734377708978 0.6447328130952381 0.6852906247678019 0.6462953130952381 0.6878406247678018 0.6515015630952381 0.6920906247678018 0.653064063095238 0.7008765622291021 0.65254375 0.7113609374613002 0.6468156249999999 0.7173109374613003 0.635359375 0.7204281250773994 0.623903125 0.7190124996904025 0.61296875 0.7147609374613003 0.608803125 0.7093765622291023 0.6108859369047619 0.7076765622291021 0.61296875 0.7025765622291021 0.615051561904762 0.6997421876160991 0.618175
6 0.3044707894736842 0.5516906619047619 0.30382021114551083 0.5601481833333334 0.3083742613003096 0.5660033904761905 0.3155306260061919 0.5673045488095239 0.32138583343653254 0.5653528119047619 0.3233375696594427 0.5614493404761904 0.3246387263157895 0.5588470261904762 0.3226869907120743 0.5510400833333333 0.3096754185758514 0.5523412404761905 0.3044707894736842 0.5516906619047619
6 0.6486268743034056 0.6427716666666666 0.6395187739938081 0.648626875 0.6356153021671826 0.6531809249999999 0.6310612520123838 0.674650019047619 0.6479762959752322 0.6792040690476191 0.6603372897832818 0.6720477047619048 0.6700959684210527 0.662289025 0.673999440247678 0.6557832392857144 0.6753005975232198 0.6512291892857143 0.6700959684210527 0.6427716666666666 0.6544820823529413 0.6434222452380952 0.6486268743034056 0.6427716666666666
