0 0.22351905458924648 0.3912471537522624 0.24449339435250295 0.3918475118372693 0.24268735910914074 0.45494052494933374 0.22171301944968036 0.4543401693082466
0 0.2608609563422988 0.45931562975888324 0.24071779922451242 0.45422821036084243 0.25292262855839454 0.40590744634296844 0.27306565974186015 0.41099484908457795
0 0.2719657914161644 0.4683228409200634 0.25801346932280467 0.46528643209270565 0.27293597080063137 0.3967218239385047 0.28688816686474183 0.39975821845749926
2 0.2677274438946142 0.4460318380333026 0.2968730447894359 0.4480130515221059 0.293790065725716 0.49336371514313226 0.26464446551210585 0.491382508111841
0 0.37999062180824694 0.4847046872107263 0.39032388098712545 0.4856412104296043 0.38734078944878547 0.5185530824558131 0.3770075305892533 0.5176165616001112
2 0.45738319090537516 0.49642090124812704 0.4732478299060858 0.495913372440251 0.47499490287952995 0.5505199620064893 0.4591302639906871 0.5510274885962435
2 0.49472233039796265 0.5542945024042121 0.4757259452193239 0.5519104861980134 0.4826831015902826 0.4964798993378684 0.5016793181245021 0.4988639048018459
9 0.4671203359720266 0.4904515615329871 0.4581791645714475 0.4908199243453872 0.4537641994868409 0.38366113827769954 0.46270524132046376 0.38329277816570706
9 0.4864416163676424 0.3712301436112665 0.49780190205126473 0.3711358215603493 0.49883427379427303 0.4954694137245737 0.48747398812292886 0.4955637349923742
2 0.5509229830051936 0.44913732144591867 0.5808574537016966 0.4457693518491537 0.5897321925440338 0.5246424540967684 0.5597977252423334 0.5280104038400897
2 0.6195481554861999 0.5095092223298646 0.5887847420204935 0.5170646108080272 0.5747404029159497 0.4598836739078809 0.6055035604374552 0.45232831830707154
9 0.5988859528340527 0.4558281240734518 0.5898894885385744 0.45637172649192725 0.5826783880957009 0.33703479936614 0.591674721652339 0.33649120093213475
9 0.5719265770187576 0.46372812485900516 0.5658290297508302 0.46378733939117844 0.5647543435136413 0.3531238972800675 0.5708518055912464 0.3530646831655883
0 0.6708054240770025 0.48488607775876974 0.6485170662627979 0.48619645808196343 0.6454652347828187 0.4342892135574188 0.66775343205029 0.43297883793982433
0 0.7130879653417423 0.455359749114779 0.6990180296336348 0.4569993771272232 0.6949296087067296 0.4219177194619641 0.7089994783917746 0.42027809534678856
0 0.6829302602686766 0.5516425632077433 0.6746820066214241 0.5527650326511372 0.6715610560081586 0.5298332664507384 0.6798092785318204 0.5287107991594998
0 0.6275713494532056 0.5502564712589487 0.6376434379341163 0.5494338254655025 0.6395873455680885 0.5732318554035265 0.6295152572931784 0.5740544995163892
0 0.6285796980148461 0.5815218755456192 0.6200058892430889 0.5810769767990845 0.6212902248976206 0.556328874206662 0.6298639970112845 0.5567737720017468
0 0.3726609211620371 0.5599734340320058 0.3845428377412645 0.5624955674291676 0.3748343734724813 0.6082280236142127 0.3629524601471985 0.6057059007101778
2 0.35113197643090643 0.6216811746305698 0.3060097858873405 0.6042974510882501 0.33129200314078844 0.538681100269901 0.3764136927297841 0.5560647164633276
9 0.34272245564363857 0.6138787091445597 0.3512104774894169 0.6152062363815507 0.33799403859870836 0.6996995020054044 0.3295060193771633 0.6983719861225289
9 0.3129343750000544 0.6990671875000116 0.3048445774594484 0.6971484540599999 0.32514091911821197 0.6115863527422851 0.33323058314238097 0.6135050698733046
2 0.2758005917380615 0.5527877504911551 0.2962934559639052 0.5259816394490565 0.33987154008082143 0.559293368841544 0.3193788125449828 0.5860993550290605
0 0.23087569315555356 0.5532473146086291 0.21126734632264288 0.5441442053091475 0.2339445899048087 0.4953011046962972 0.253552793923177 0.5044041754370187
2 0.6742839150414284 0.48445653640840586 0.6692490411147674 0.45760534611043696 0.7095085143877213 0.450056773900511 0.7145434477919252 0.4769078853298172
2 0.694013112526136 0.5395847938490899 0.6784905593220856 0.5209591807791257 0.7154607161120339 0.4901508378418426 0.730983226915896 0.5087763804080241
2 0.664147588131641 0.48160765910820047 0.6584896268195735 0.504709721683049 0.6190359351977577 0.4950476588237978 0.6246939432539875 0.4719456653377452