2 0.4205717727065803 0.6306158162016129 0.41369373307134083 0.6526572711505347 0.3856189588949519 0.6438975590869346 0.392497033085192 0.6218561671411394
2 0.4497498697953688 0.5842866553799574 0.49190188662998935 0.5912976855532429 0.47898376807313525 0.668955411863403 0.4368317637239443 0.6619444345290392
9 0.4626374809255367 0.5073640617843317 0.470115662586295 0.5076446405587197 0.46680042597108695 0.5959967136272957 0.45932224442674396 0.5957161369455173
9 0.45282026442544066 0.5970307115872848 0.44647403727208257 0.5983068836130263 0.4293913638127833 0.5133652250532011 0.43573749999995925 0.5120890625000063
9 0.45961998935831616 0.4886965635405348 0.46614886296379154 0.4889991895543079 0.4615885112473279 0.5873761283071318 0.45505963780829006 0.5870735047516427
2 0.5349353442813936 0.680763988459061 0.5145668573620696 0.6794119686408331 0.5166723728106035 0.6476972189692773 0.5370407293842163 0.6490492344519544
2 0.8270668888511636 0.6828947329379067 0.7788224684094303 0.6841932938755554 0.7765604225593279 0.6001500911971492 0.8248040485626689 0.5988515409770255
2 0.8248959430633249 0.6072665974984985 0.8602215205810353 0.605568074529004 0.8631613018526423 0.6667016959520057 0.8278357251684838 0.6684002087779325
9 0.8139234375000797 0.6040484375000047 0.8084178130220607 0.603126910325909 0.8224086285595149 0.5195480695705432 0.8279141742164029 0.5204695899743573
9 0.7998504812649117 0.6037066325272886 0.7946282702570215 0.6041720939547267 0.787905982743041 0.5287592083170224 0.7931281249999529 0.5282937500000034
9 0.7987109375000045 0.5021328125000001 0.8023766761501747 0.5021074785997143 0.80276261193967 0.5579465412260579 0.7990968732907504 0.5579718750118124
2 0.8537437583431711 0.6886599334400365 0.8678264988627689 0.732305625510772 0.8240455919857368 0.7464295553450744 0.8099631093837161 0.702784082768438
2 0.7349016074495012 0.7204927687867181 0.7618802829025526 0.7220578283637554 0.7594081261872816 0.7646660889717698 0.7324294514139638 0.7631010369457487
2 0.4890189701757208 0.740583202277112 0.44687832659280957 0.7371197481441697 0.44969448341203133 0.7028620787085692 0.49183481072839186 0.706325519797005
2 0.4249715600061563 0.7611185388539821 0.37957123723583663 0.7436602509885748 0.4023296875000142 0.6844875000000089 0.447729442309992 0.7019456660936287
9 0.41791909130211025 0.7495673896602031 0.4300690173423618 0.7519524150338177 0.40899991682056225 0.8592631183043791 0.39685000000008586 0.8568781250000063
9 0.40733386858403264 0.7359216648153476 0.41610823984808576 0.7395634092194427 0.3739384065761442 0.8411479461869095 0.36516406250007094 0.8375062500000183
6 0.7592367331534433 0.702515476503374 0.8146272897832887 0.7004643487599499 0.8186117035095322 0.8080450510384257 0.763221148434468 0.810096153298688