0 0.27426562476780186 0.3920125 0.2697359374613003 0.38859374999999996 0.2661781250773994 0.38790937500000006 0.26100156222910215 0.39611562499999997 0.2671484377708978 0.4029546880952381 0.2713531250773994 0.4070578119047619 0.2771765622291022 0.4132125 0.2784703126934985 0.40979374999999996 0.2787937498452013 0.4002203130952381 0.27426562476780186 0.3920125
0 0.29561562476780184 0.436465625 0.2982031250773994 0.44330312499999996 0.3020859374613003 0.44672343809523807 0.3098484377708978 0.44809062499999996 0.31049531269349845 0.4426203130952381 0.3082312501547988 0.43372968690476194 0.30337968730650156 0.42962656309523806 0.3001437498452012 0.42757500000000004 0.3001437498452012 0.41936875 0.2985265622291022 0.40637500000000004 0.2946453126934984 0.4152640630952381 0.29335156222910214 0.42620625 0.29561562476780184 0.436465625
0 0.3460796873065015 0.4330453119047619 0.34155 0.44740625 0.34316874984520124 0.4583484380952381 0.3480203126934985 0.45287812499999996 0.34866718761609905 0.4426203130952381 0.3460796873065015 0.4330453119047619
0 0.3599890625386997 0.4501421880952381 0.3629 0.47612968690476193 0.3680765622291022 0.4795484380952381 0.3735765622291022 0.47202656190476194 0.3758406247678019 0.46313593690476185 0.37745781238390097 0.4392 0.37325156222910216 0.4125296880952381 0.36548906253869967 0.4282578119047619 0.3599890625386997 0.4501421880952381
0 0.3337874996904025 0.435096875 0.33443437523219816 0.44672343809523807 0.33702187492260066 0.4542453119047619 0.3402562501547987 0.4501421880952381 0.34155 0.42962656309523806 0.33734531269349843 0.42689062499999997 0.3337874996904025 0.435096875
8 0.6279531250773994 0.4476796869047619 0.6279531250773994 0.4349359369047619 0.6249390625386997 0.420371875 0.6184796873065016 0.393975 0.6124531250773994 0.37668124999999997 0.5999656247678018 0.377590625 0.5973828123839009 0.4012578119047619 0.5999656247678018 0.43311562499999995 0.6034109374613003 0.443128125 0.6120218749226006 0.44949999999999996 0.621925 0.44858906190476194 0.6279531250773994 0.4476796869047619
8 0.6339906247678019 0.4654796869047619 0.6437609374613003 0.4720515619047619 0.6517562501547988 0.4636015619047619 0.6508671876160991 0.450459375 0.6499796873065015 0.42323437500000005 0.6473140625386997 0.378171875 0.6419843752321981 0.3481296880952381 0.6357671876160992 0.3340484369047619 0.631325 0.341559375 0.6277718749226007 0.373478125 0.6251078123839009 0.40445781309523815 0.6219984377708978 0.4438875 0.6277718749226007 0.45890781309523815 0.6339906247678019 0.4654796869047619
0 0.6930609374613003 0.4016421869047619 0.6899515622291021 0.42135625000000004 0.6930609374613003 0.442009375 0.6997234377708977 0.44858125 0.7006109374613003 0.4251109380952381 0.695725 0.40821250000000003 0.6930609374613003 0.4016421869047619
0 0.7516874996904025 0.3894375 0.7556843752321982 0.3950703119047619 0.75835 0.396009375 0.7641234377708979 0.3931921869047619 0.7694531250773994 0.38005 0.7752265622291021 0.37066093690476193 0.7801124996904025 0.35470156190476193 0.7761156247678018 0.3406203119047619 0.7690093752321981 0.3453140619047619 0.7632343752321982 0.36784531190476194 0.7565734377708978 0.36784531190476194 0.7481343752321982 0.36690625000000004 0.7476906247678019 0.3809875 0.7516874996904025 0.3894375
8 0.6699656247678019 0.555603125 0.6633031250773994 0.555603125 0.6566406247678019 0.5696859369047619 0.6566406247678019 0.5987875 0.6535328123839009 0.610992188095238 0.6530874996904025 0.624135938095238 0.6575296873065015 0.632584375 0.661082812383901 0.6307062499999999 0.6681890625386997 0.618503125 0.6730750000000001 0.608176563095238 0.6775156247678019 0.5969109380952381 0.681957812383901 0.578134375 0.6775156247678019 0.5659296880952381 0.6699656247678019 0.555603125
8 0.6517562501547988 0.5903390630952381 0.6579734377708978 0.564990625 0.6588625003095976 0.54809375 0.6570859374613003 0.5293171869047619 0.6468703126934985 0.5180515630952381 0.6362109374613003 0.5199296869047618 0.6353218749226006 0.5546640630952381 0.6348781250773994 0.608176563095238 0.638875 0.6354 0.6442046873065016 0.632584375 0.6490906247678019 0.6250734380952381 0.6495343752321981 0.6072375 0.6517562501547988 0.5903390630952381
0 0.3531796873065015 0.5492046869047619 0.3578515622291022 0.53791875 0.35885156222910214 0.530865625 0.3545140625386997 0.51464375 0.3485078123839009 0.518875 0.34683906253869967 0.5245171869047619 0.34483750030959753 0.5336875 0.34483750030959753 0.552025 0.3498421876160991 0.5569625 0.3531796873065015 0.5492046869047619
0 0.2874421876160991 0.5294546880952381 0.2901124996904025 0.53791875 0.2954515622291022 0.5301609380952381 0.30045625015479877 0.5181703130952381 0.30045625015479877 0.508295313095238 0.2954515622291022 0.5033578119047619 0.2901124996904025 0.507590625 0.286775 0.516759375 0.2874421876160991 0.5294546880952381
8 0.33983125015479876 0.5442671880952381 0.3331578123839009 0.5400359369047619 0.3264843752321981 0.55766875 0.32147968730650156 0.5710703130952381 0.3154718749226006 0.592934375 0.3144718749226006 0.6084515619047619 0.31780781238390093 0.617621875 0.32314687492260064 0.616915625 0.3271515622291022 0.612684375 0.3308218749226006 0.6013984380952381 0.33382500000000004 0.5901140619047619 0.3381640625386997 0.5795328130952381 0.3415 0.5710703130952381 0.3455046873065015 0.5562578119047619 0.33983125015479876 0.5442671880952381
8 0.3191437498452012 0.5470890630952381 0.3151390625386997 0.544971875 0.3087984377708978 0.5435625 0.3017906247678019 0.54285625 0.29878749969040247 0.5513203130952381 0.2967859374613003 0.564015625 0.29511718761609906 0.5767125 0.29611874984520126 0.5872921880952381 0.3027921876160991 0.5985781250000001 0.3077984377708978 0.5992828119047618 0.31080156222910216 0.5943453119047619 0.3144718749226006 0.5865875 0.317475 0.5767125 0.3208109374613003 0.554846875 0.3191437498452012 0.5470890630952381
13 0.28776041671826624 0.5546875 0.3567708334365325 0.5768229166666666 0.39453125015479873 0.5859375 0.48828125015479873 0.6158854166666666 0.6054687498452013 0.5950520833333334 0.7408854167182664 0.52734375 0.7838541665634675 0.4921875 0.7369791665634675 0.5091145833333334 0.6601562501547988 0.5533854166666666 0.6028645832817338 0.5755208333333334 0.5585937498452013 0.5872395833333334 0.5078125003095976 0.5911458333333334 0.44531250030959757 0.5872395833333334 0.43359374984520127 0.5859375 0.333333333126935 0.5481770833333334 0.26432291640866873 0.50390625 0.20833333312693497 0.4427083333333333 0.203125 0.453125 0.23828125015479878 0.5091145833333334 0.28776041671826624 0.5546875
7 0.6497395832817336 0.6575520833333334 0.682291666873065 0.65625 0.6796874996904025 0.6067708333333334 0.6445312501547988 0.6184895833333334 0.6497395832817336 0.6575520833333334
13 0.23046874984520122 0.34375 0.29036458328173376 0.3802083333333333 0.33593749969040243 0.4088541666666667 0.37890625015479873 0.4205729166666667 0.41536458328173376 0.4296875 0.4817708334365325 0.4479166666666667 0.5533854167182662 0.4479166666666667 0.5924479164086688 0.4479166666666667 0.6588541665634675 0.4375 0.6940104167182664 0.4127604166666667 0.7148437498452012 0.3919270833333333 0.7591145832817336 0.34375 0.7591145832817336 0.3111979166666667 0.7122395832817336 0.3880208333333333 0.6380208334365325 0.4388020833333333 0.6015625003095976 0.4427083333333333 0.5338541665634675 0.4427083333333333 0.442708333126935 0.4205729166666667 0.3880208334365325 0.4114583333333333 0.32421874984520127 0.3971354166666667 0.2317708334365325 0.3190104166666667 0.23046874984520122 0.34375
6 0.37890625015479873 0.4895833333333333 0.4036458334365325 0.4791666666666667 0.395833333126935 0.4361979166666667 0.3723958334365325 0.4283854166666667 0.37890625015479873 0.4895833333333333
