0 0.31293742342654696 0.4469947975035098 0.30086987796141784 0.4512757963845778 0.28645907970565077 0.4106559866200619 0.2985265625000011 0.40637500000001836
0 0.3476575008958207 0.4586314884421056 0.34086910506437107 0.45820342685006155 0.3424699865997809 0.43281769215674193 0.3492583589974174 0.4332457530064891
0 0.3747015364813251 0.4799960136977453 0.3580480131842023 0.47887091931711084 0.3625790455097331 0.41180866026136864 0.3792324150075501 0.4129337493775726
0 0.3399857230535872 0.4544322068207959 0.33259754827918186 0.4539663233113234 0.3343170466110905 0.42669966826450184 0.3417051943839624 0.4271655509202435
0 0.35504692552592587 0.5577003683835102 0.3417011495778297 0.5558083563306729 0.34767502802594663 0.5136741862789843 0.3610207127189824 0.5155661917676317
0 0.29209763714879955 0.5021370545482708 0.3046318152804588 0.5066992293292731 0.2928985205303434 0.5389327997994834 0.28036434871171423 0.5343706374162379
7 0.32948763194804087 0.650771875 0.2934483501505838 0.650771875 0.2934485382833145 0.5915234374999999 0.3294874146199618 0.5915234374999999
7 0.6711379068781298 0.6062529562281139 0.698011443233554 0.6331231386053487 0.6547530427844777 0.6763813524034207 0.6278796663913226 0.6495113301838208
10 0.6541193786998747 0.47940340937500003 0.62642034947919 0.47940340937500003 0.6264205998011221 0.3323863640624999 0.6541191305091161 0.3323863640624999
10 0.6252787090787706 0.46203522287732457 0.5970533451136362 0.46319510734135655 0.5934291951272144 0.37500342112624785 0.6216542539449392 0.37384354277446136
10 0.39929884387424863 0.4555599997489331 0.37513705663081964 0.4544362497142199 0.3797757485385773 0.3547081380428587 0.40393724266652953 0.355831881313382
10 0.3303755131671551 0.5232518327771384 0.35256638813621066 0.527393722114126 0.33495534653923187 0.621738680017378 0.3127644807168508 0.6175968254784193
10 0.3093100121373027 0.6031017024491124 0.2815107422129586 0.5950779211268036 0.302456750937381 0.5225160443380973 0.3302556812499233 0.5305397734374878
10 0.6371156757612653 0.5076838549232819 0.6634552533788565 0.5079831403445364 0.6619775751368024 0.6380186381901926 0.6356379975491109 0.6377193561677661
10 0.6599698634607876 0.5309828093195212 0.6861990817828882 0.5336054606527143 0.6761082510993219 0.6345139645412603 0.6498790360533349 0.6318913370480417