0 0.3198718749226006 0.5228078119047619 0.3146718749226006 0.528021875 0.30994374984520123 0.5367125 0.3071078123839009 0.5540953119047619 0.31041718761609904 0.5723453119047619 0.31419843777089784 0.5845125 0.3217625003095975 0.5897265630952381 0.32507187492260065 0.5801671880952382 0.3274359374613003 0.5506187499999999 0.32412656222910213 0.531498436904762 0.3198718749226006 0.5228078119047619
2 0.660575 0.619904688095238 0.6531484377708978 0.6234671869047619 0.6447531250773995 0.625246875 0.6289296873065016 0.6347453130952381 0.6340968749226006 0.6371187500000001 0.638617187616099 0.647210936904762 0.6444296873065015 0.646617186904762 0.6495953126934985 0.6525531250000001 0.6537937498452012 0.6602687500000001 0.6576687498452013 0.654926561904762 0.6592828123839009 0.6448359369047619 0.6621890625386997 0.6400875 0.6673562501547988 0.631776561904762 0.6673562501547988 0.6240609380952381 0.660575 0.619904688095238
0 0.6308671876160991 0.6650187500000001 0.6311906247678019 0.6578953119047619 0.628607812383901 0.651959375 0.6250546873065015 0.650771875 0.6234406247678019 0.66145625 0.6266703126934984 0.6667984369047619 0.6308671876160991 0.6650187500000001
2 0.3318562501547988 0.6204984369047619 0.3266890625386997 0.618125 0.3218468749226006 0.61634375 0.31151250030959754 0.6068453119047619 0.30537812507739936 0.6092203130952382 0.30537812507739936 0.619904688095238 0.3102218749226006 0.627621875 0.31280468730650157 0.627621875 0.31700312507739936 0.632964063095238 0.3208781250773994 0.636525 0.3231374996904025 0.636525 0.32894999999999996 0.6359328119047619 0.33411718761609904 0.629403125 0.33831406253869967 0.6228734369047619 0.3318562501547988 0.6204984369047619
13 0.5843507170278638 0.6906023916666666 0.6367187498452012 0.67578125 0.7382812501547988 0.6432291666666666 0.723958333126935 0.63671875 0.5843507170278638 0.6906023916666666
13 0.510416666873065 0.6979166666666666 0.48046874984520127 0.6979166666666666 0.40625 0.69921875 0.36718750030959757 0.6888020833333334 0.33463541671826624 0.6744791666666666 0.23307291640866873 0.625 0.3046874996904025 0.671875 0.3763020835913312 0.703125 0.4205729164086688 0.7161458333333334 0.567708333126935 0.6953125 0.5714449380804953 0.6942549702380952 0.510416666873065 0.6979166666666666
13 0.22526041671826624 0.4856770833333333 0.2695312501547988 0.5169270833333334 0.30598958328173376 0.53515625 0.4544270835913312 0.5794270833333334 0.5182291665634675 0.5794270833333334 0.5716145832817338 0.5729166666666666 0.6184895832817338 0.5651041666666666 0.7213541665634675 0.49609375 0.7096354167182664 0.4856770833333333 0.6158854167182662 0.54296875 0.5872395832817338 0.5520833333333334 0.5130208334365325 0.55859375 0.4700520835913312 0.55859375 0.442708333126935 0.5546875 0.3932291665634675 0.5442708333333334 0.328125 0.5260416666666666 0.2695312501547988 0.5 0.23046874984520122 0.4283854166666667 0.22526041671826624 0.4856770833333333
11 0.18619791640866873 0.6536458333333334 0.25 0.6536458333333334 0.2369791665634675 0.5572916666666666 0.15625 0.5872395833333334 0.18619791640866873 0.6536458333333334
11 0.770833333126935 0.39453125 0.7591145832817336 0.3489583333333333 0.6953125003095975 0.4752604166666667 0.7617187498452012 0.5013020833333334 0.770833333126935 0.39453125
11 0.7330729164086687 0.6705729166666666 0.786458333126935 0.6497395833333334 0.7994791665634675 0.5729166666666666 0.734375 0.5729166666666666 0.7330729164086687 0.6705729166666666
