1 0.7581687498452012 0.41306718690476185 0.7501531250773993 0.41720625000000006 0.7414078123839009 0.4213453130952381 0.7326640625386998 0.4282453130952381 0.7210062501547987 0.429625 0.7188203126934984 0.45170312500000004 0.7217343752321982 0.465503125 0.7224625003095975 0.4751625 0.72975 0.4889609380952381 0.7377656247678018 0.4958609380952381 0.7465093752321981 0.497240625 0.7581687498452012 0.4931 0.7647265622291022 0.48758124999999997 0.7749281250773994 0.471021875 0.7800281250773994 0.4613625 0.7814859374613004 0.45170312500000004 0.777842187616099 0.43376562500000004 0.7705562501547987 0.41030625 0.7639968749226006 0.4116859369047619 0.7581687498452012 0.41306718690476185
1 0.6991453126934984 0.414446875 0.691857812383901 0.414446875 0.6831140625386998 0.42686562499999997 0.6750984377708978 0.44894375000000003 0.6780140625386998 0.4668828119047619 0.6772843752321982 0.47378125 0.6772843752321982 0.484821875 0.6801999999999999 0.49862031309523813 0.6860296873065015 0.5055203130952381 0.6969593752321981 0.5041390619047619 0.7078890625386997 0.502759375 0.7159046873065016 0.502759375 0.7246484377708978 0.49862031309523813 0.7268343752321982 0.48758124999999997 0.7246484377708978 0.46412343690476193 0.7217343752321982 0.44756406190476195 0.716632812383901 0.429625 0.7086187498452012 0.4158265630952381 0.6991453126934984 0.414446875
1 0.6459515622291022 0.502759375 0.6488671876160991 0.5082796869047619 0.6641687498452012 0.5179390619047619 0.6765562501547987 0.509659375 0.6838437498452012 0.5013796869047619 0.6823859374613003 0.4862015619047619 0.6801999999999999 0.46412343690476193 0.6765562501547987 0.44894375000000003 0.6721843752321982 0.436525 0.6648968749226006 0.4282453130952381 0.6546953126934985 0.436525 0.6474093752321981 0.4544640630952381 0.6444937498452012 0.4751625 0.6459515622291022 0.502759375
1 0.6175328123839009 0.5069 0.6233624996904025 0.5234578119047619 0.6306499999999999 0.5303578119047619 0.6401218749226006 0.52621875 0.6459515622291022 0.5206984369047619 0.6474093752321981 0.4958609380952381 0.6452234377708979 0.4751625 0.6437656247678019 0.4503234369047619 0.6393937498452013 0.439284375 0.6321062501547987 0.439284375 0.6248203126934985 0.4544640630952381 0.6197187498452013 0.471021875 0.6189906247678019 0.484821875 0.6175328123839009 0.5069
1 0.5847421876160991 0.5317375 0.5956734377708979 0.5469171880952381 0.6051453126934985 0.5455359369047619 0.6146187498452013 0.5331171880952381 0.6175328123839009 0.5041390619047619 0.6175328123839009 0.4751625 0.6131609374613003 0.4544640630952381 0.6022312501547987 0.4613625 0.5942156247678019 0.46412343690476193 0.5840140625386997 0.4668828119047619 0.5803703126934985 0.4889609380952381 0.5818281250773993 0.5110390619047619 0.5847421876160991 0.5317375
0 0.46086718761609907 0.4889609380952381 0.45868125015479877 0.522078125 0.45868125015479877 0.5331171880952381 0.4645109374613003 0.522078125 0.4652390625386997 0.5082796869047619 0.46086718761609907 0.4889609380952381
8 0.3318921876160991 0.34683125000000004 0.3318921876160991 0.3647703119047619 0.3333484377708978 0.37718906309523814 0.3282484377708978 0.39098750000000004 0.313675 0.3344125 0.3107609374613003 0.34683125000000004 0.3085734377708978 0.37718906309523814 0.3085734377708978 0.400646875 0.30638749969040247 0.432384375 0.31731874984520125 0.43790468809523814 0.3260624996904025 0.439284375 0.3355359374613003 0.44756406190476195 0.34646562476780185 0.44756406190476195 0.3515656247678019 0.43376562500000004 0.3515656247678019 0.4089265630952381 0.35010937523219815 0.3868484380952381 0.34500781238390094 0.3675296880952381 0.3399078123839009 0.3482109369047619 0.3318921876160991 0.34683125000000004
2 0.28086562476780186 0.5032765619047619 0.2918156247678019 0.4991296869047619 0.2983859374613003 0.49290937500000004 0.30276562476780183 0.47424843809523815 0.30495468730650155 0.458696875 0.30495468730650155 0.443146875 0.30385937523219814 0.4265578119047619 0.3011218749226006 0.4400359369047619 0.2918156247678019 0.43692656190476187 0.2890781250773994 0.43070625 0.28415156222910215 0.41411718809523806 0.2775812501547988 0.41411718809523806 0.2759390625386997 0.42033750000000003 0.2704640625386997 0.42966875 0.27539218761609907 0.44210937499999997 0.2732015622291022 0.4524765619047619 0.268275 0.459734375 0.2611578123839009 0.46284375 0.26006250030959754 0.4701015619047619 0.2606093752321981 0.48254218809523813 0.268275 0.485653125 0.26936874984520126 0.4991296869047619 0.28086562476780186 0.5032765619047619
0 0.24856562476780186 0.47839531190476187 0.25075625015479874 0.46284375 0.25020781238390094 0.44729375 0.25020781238390094 0.434853125 0.24911249969040247 0.417228125 0.24309062476780186 0.4275953130952381 0.24090156222910217 0.439 0.23980625015479878 0.4535140630952381 0.23706874984520124 0.46802812499999996 0.2419968749226006 0.47839531190476187 0.24856562476780186 0.47839531190476187
0 0.257325 0.44832968690476194 0.26170468730650154 0.4452203119047619 0.2638953126934984 0.43796250000000003 0.2622531250773994 0.425521875 0.2551359374613003 0.43277968690476193 0.2523984377708978 0.45040312499999996 0.257325 0.44832968690476194
9 0.27809374984520124 0.4082703130952381 0.27310468730650156 0.383925 0.26792499999999997 0.3475875 0.2702265622291022 0.3846515619047619 0.27444843777089784 0.414084375 0.27809374984520124 0.4082703130952381
9 0.2848109374613003 0.3439546880952381 0.2794374996904025 0.3868328130952381 0.2784781250773994 0.40754375 0.28308281238390093 0.41190468809523806 0.28365937523219814 0.393009375 0.28423437523219813 0.37593125 0.2848109374613003 0.3439546880952381
9 0.28634531269349844 0.416265625 0.29344531269349844 0.3555828130952381 0.28423437523219813 0.408634375 0.28634531269349844 0.416265625
1 0.3071890625386997 0.615834375 0.31465468730650153 0.60358125 0.317142187616099 0.582846875 0.31813750030959753 0.5621125 0.31365781238390095 0.5489171880952382 0.3081843752321981 0.540435938095238 0.2962390625386997 0.53855 0.2852906247678018 0.5338375 0.26687500000000003 0.5300671880952381 0.25542812507739937 0.5753078119047619 0.26687500000000003 0.5885015630952382 0.27633125015479876 0.5979265619047619 0.29026718761609904 0.6073515619047619 0.3017140625386997 0.6205468749999999 0.3071890625386997 0.615834375
1 0.31963125015479876 0.5536296869047619 0.317142187616099 0.570595311904762 0.31614687492260063 0.5951 0.3201281250773994 0.6167765630952381 0.32958437523219813 0.6309140630952381 0.34053437523219815 0.6393968750000001 0.35447031269349843 0.6318562499999999 0.36342812507739936 0.62243125 0.3708937498452013 0.60829375 0.3753734377708979 0.5903875 0.37686562476780183 0.5724796880952381 0.37387968730650156 0.5583421869047619 0.36740937523219813 0.5498609380952382 0.35894843777089785 0.5517453130952381 0.34750156222910217 0.550803125 0.3390406247678019 0.5442046869047619 0.3285890625386997 0.547975 0.31963125015479876 0.5536296869047619
1 0.37587031269349847 0.6327984369047619 0.38035 0.635626561904762 0.3908015622291022 0.635626561904762 0.3982671876160991 0.6290296869047619 0.4047374996904025 0.62714375 0.407225 0.6092375 0.4097140625386997 0.585675 0.4092156247678019 0.5715375 0.4007546873065016 0.564940625 0.39179687492260057 0.5602281250000001 0.3813453126934984 0.5592843750000001 0.3723875003095975 0.578134375 0.36840468730650155 0.5979265619047619 0.36890312507739936 0.621489063095238 0.37587031269349847 0.6327984369047619
2 0.42476250030959756 0.5969671880952381 0.42754374984520127 0.598721875 0.4312531250773994 0.6010624999999999 0.4334156247678018 0.5981375 0.4361968749226006 0.588189061904762 0.4324890625386997 0.582921875 0.42877968730650157 0.578825 0.4241453126934985 0.5753140630952381 0.4192 0.5747281249999999 0.415182812383901 0.575898436904762 0.4108562501547987 0.582921875 0.4096203126934984 0.5946250000000001 0.4074578123839009 0.6063296869047619 0.4077656247678018 0.6151078119047619 0.40931093746130026 0.614523436904762 0.41332812507739936 0.61569375 0.4164187498452013 0.6110109380952381 0.4192 0.6063296869047619 0.42198125015479876 0.6010624999999999 0.42476250030959756 0.5969671880952381
0 0.45983437523219817 0.6092359380952381 0.4651812501547988 0.5998890619047619 0.45530937523219817 0.595215625 0.4470828123839009 0.601446875 0.4409125003095975 0.6037828119047619 0.44009062476780186 0.615467188095238 0.4462609374613003 0.6185828119047618 0.4528406247678019 0.615467188095238 0.45983437523219817 0.6092359380952381
2 0.6091421876160991 0.6326031249999999 0.6140781250773993 0.6326031249999999 0.6173687498452012 0.617025 0.6251843752321982 0.6123515619047619 0.6198375003095975 0.5773 0.6013281250773993 0.5765203119047619 0.5910453126934985 0.5796359369047619 0.5902218749226007 0.587426561904762 0.5910453126934985 0.5998890619047619 0.5951578123839009 0.6006671880952381 0.5988593752321981 0.5897625000000001 0.6033843752321981 0.5921 0.6091421876160991 0.6326031249999999
9 0.6088437498452012 0.63508125 0.6114609374613003 0.6641140630952381 0.6159484377708978 0.6988109380952381 0.6234265622291022 0.737048438095238 0.6305312501547987 0.762540625 0.6193140625386997 0.6924375 0.615575 0.6527843750000001 0.6140781250773993 0.63295625 0.6088437498452012 0.63508125
13 0.380208333126935 0.6432291666666666 0.4375 0.66015625 0.45703125015479873 0.6627604166666666 0.53125 0.6640625 0.609375 0.6549479166666666 0.6223958334365325 0.65234375 0.6328125003095976 0.6471354166666666 0.6210937498452013 0.6380208333333334 0.5611979164086688 0.64453125 0.5338541665634675 0.6497395833333334 0.4973958334365325 0.6536458333333334 0.484375 0.6536458333333334 0.4088541665634675 0.6484375 0.35156249969040243 0.625 0.317708333126935 0.6158854166666666 0.29036458328173376 0.6106770833333334 0.25651041671826624 0.5846354166666666 0.24479166687306503 0.6119791666666666 0.3307291665634675 0.6536458333333334 0.380208333126935 0.6432291666666666
13 0.2161458334365325 0.4231770833333333 0.265625 0.4322916666666667 0.401041666873065 0.4622395833333333 0.43098958328173376 0.4765625 0.526041666873065 0.4856770833333333 0.5768229164086688 0.4856770833333333 0.6223958334365325 0.4752604166666667 0.6627604167182664 0.45703125 0.7565104167182664 0.4205729166666667 0.760416666873065 0.3841145833333333 0.708333333126935 0.3958333333333333 0.6744791665634675 0.42578125 0.6171874996904024 0.4375 0.6158854167182662 0.4596354166666667 0.5195312501547987 0.4700520833333333 0.4544270835913312 0.46484375 0.41015625015479873 0.4309895833333333 0.3450520835913312 0.4283854166666667 0.22005208359133127 0.4127604166666667 0.2161458334365325 0.4231770833333333
6 0.3411458334365325 0.484375 0.41536458328173376 0.4934895833333333 0.43098958328173376 0.4505208333333333 0.3450520835913312 0.4505208333333333 0.3411458334365325 0.484375
6 0.6367187498452012 0.6705729166666666 0.7174479164086687 0.65625 0.7747395832817336 0.6184895833333334 0.7565104167182664 0.5481770833333334 0.6223958334365325 0.5833333333333334 0.6367187498452012 0.6705729166666666
