0 0.2770046873065016 0.5378265630952381 0.2830296873065015 0.5452078119047619 0.2870453126934984 0.5470515619047619 0.2915640625386997 0.539671875 0.2910625003095975 0.527679686904762 0.29256718761609907 0.5055390630952381 0.28855156222910217 0.4806328119047619 0.2785109374613003 0.4815546880952381 0.2729890625386997 0.49354687500000005 0.27047968730650157 0.5138421869047619 0.27198437523219815 0.527679686904762 0.2749968749226006 0.533214061904762 0.2770046873065016 0.5378265630952381
2 0.31867343777089785 0.5249125 0.3101390625386997 0.5286015619047619 0.31064062476780185 0.5461296880952381 0.3196765622291022 0.5507421880952381 0.3236921876160991 0.5461296880952381 0.3312234377708978 0.547975 0.3357406247678018 0.5516640619047619 0.34176562476780187 0.548896875 0.3472874996904025 0.547975 0.35130468730650155 0.5387500000000001 0.3472874996904025 0.50185 0.34327187492260064 0.5055390630952381 0.3392562501547988 0.5064625 0.33323125015479876 0.5055390630952381 0.3282109374613003 0.5092296869047619 0.32620312507739935 0.5203 0.32268906253869967 0.527679686904762 0.31867343777089785 0.5249125
0 0.3779109374613003 0.5184546869047619 0.3809234377708979 0.511075 0.38042031269349846 0.5000046880952381 0.37540156222910215 0.4870890630952381 0.36586249969040247 0.484321875 0.3543156247678019 0.4870890630952381 0.34979843777089786 0.4972375 0.3503 0.523067186904762 0.3533124996904025 0.5313703130952381 0.36134374984520123 0.525834375 0.36586249969040247 0.5203 0.3779109374613003 0.5184546869047619
0 0.4070281250773994 0.5433625000000001 0.4090359374613003 0.5415171880952381 0.4095374996904025 0.525834375 0.4070281250773994 0.502771875 0.40200781238390093 0.49077968690476187 0.39046093746130034 0.49354687500000005 0.38594374984520124 0.5009265630952381 0.38242968730650156 0.5156875 0.3854406247678019 0.527679686904762 0.3919671876160991 0.535059375 0.39899531269349847 0.5433625000000001 0.4070281250773994 0.5433625000000001
0 0.43865468730650153 0.549820313095238 0.44317343777089785 0.5405953119047618 0.443675 0.5313703130952381 0.43965937523219817 0.5175328119047619 0.4341375003095975 0.5369046880952381 0.4341375003095975 0.553509375 0.43865468730650153 0.549820313095238
2 0.46124531269349844 0.529525 0.454217187616099 0.530446875 0.4522093752321981 0.547975 0.45321406253869967 0.5562765619047619 0.4557234377708978 0.5636578119047618 0.4582343752321981 0.5682703119047618 0.4607437498452012 0.5572 0.46375625015479877 0.5442843749999999 0.46124531269349844 0.529525
2 0.4903625003095975 0.5636578119047618 0.49136718761609904 0.5728828130952381 0.4963875003095975 0.5830296869047619 0.4988968749226006 0.5802625 0.5014078123839009 0.5636578119047618 0.4983953126934984 0.549820313095238 0.49186874984520124 0.548896875 0.4903625003095975 0.5636578119047618
2 0.5009046873065015 0.567346875 0.5019093752321981 0.5774953119047619 0.5054234377708978 0.5765718750000001 0.5074312501547988 0.571959375 0.5084359374613003 0.562734375 0.507932812383901 0.5572 0.5044187498452013 0.5516640619047619 0.5009046873065015 0.567346875
2 0.535042187616099 0.539671875 0.530525 0.5452078119047619 0.5300218749226006 0.5562765619047619 0.5300218749226006 0.5645796880952381 0.5340390625386997 0.5682703119047618 0.5405640625386997 0.5774953119047619 0.5395609374613003 0.565501561904762 0.5405640625386997 0.5516640619047619 0.535042187616099 0.539671875
2 0.5415687498452012 0.5378265630952381 0.5425734377708978 0.5802625 0.555625 0.5867203119047619 0.5641593752321982 0.5802625 0.5706859374613003 0.5691921880952381 0.5651640625386997 0.5221453119047619 0.5601437498452012 0.5221453119047619 0.5490984377708978 0.527679686904762 0.5415687498452012 0.5378265630952381
2 0.5765234377708978 0.5328421880952381 0.5693234377708979 0.532210936904762 0.5682937498452012 0.5416625 0.5713812501547988 0.555525 0.5748093752321981 0.5605656250000001 0.5782374996904025 0.5511140630952381 0.5806390625386997 0.546703125 0.5806390625386997 0.5378828130952381 0.5765234377708978 0.5328421880952381
2 0.6262421876160991 0.55489375 0.6255562501547988 0.5448125 0.6228125003095974 0.5372515630952381 0.6173265622291022 0.5353625 0.6080687498452012 0.5385125000000001 0.600525 0.5448125 0.6036109374613003 0.5492234380952381 0.6087546873065015 0.5530046869047619 0.6156125003095976 0.5586749999999999 0.6238421876160991 0.5605656250000001 0.6262421876160991 0.55489375
2 0.6646453126934985 0.556154688095238 0.6691031250773993 0.55174375 0.6691031250773993 0.5422921880952382 0.6677312501547987 0.533471875 0.6653312501547988 0.520240625 0.6632734377708979 0.5088984380952382 0.6588156247678019 0.5044875 0.6509296873065016 0.5076390619047619 0.644757812383901 0.5259109380952381 0.6403 0.5341015619047619 0.6502437498452012 0.556154688095238 0.6595015622291022 0.55489375 0.6646453126934985 0.556154688095238
2 0.6797328123839009 0.553634375 0.6814468749226006 0.559304686904762 0.6848749999999999 0.559934375 0.6931046873065017 0.5586749999999999 0.7051062501547988 0.556154688095238 0.7123062501547986 0.550484375 0.7167640625386997 0.5441828130952381 0.7143640625386998 0.5328421880952381 0.7116203126934985 0.51835 0.7044203126934985 0.5189796869047618 0.7003046873065015 0.519609375 0.6951624996904026 0.5278015630952381 0.6948187498452012 0.536621875 0.689332812383901 0.5359921880952381 0.6848749999999999 0.540403125 0.6797328123839009 0.553634375
2 0.7493375003095976 0.540403125 0.7541375003095975 0.53158125 0.7537953126934984 0.5221296880952381 0.7507093752321982 0.523390625 0.7411078123839009 0.523390625 0.7345937498452012 0.5259109380952381 0.726707812383901 0.536621875 0.7239640625386997 0.5460734380952381 0.731507812383901 0.54859375 0.7380218749226006 0.546703125 0.7452234377708978 0.5441828130952381 0.7493375003095976 0.540403125
0 0.677675 0.55174375 0.6831609374613004 0.5422921880952382 0.6865906247678019 0.532210936904762 0.6817890625386996 0.517089063095238 0.6763031250773993 0.5107890619047619 0.6711593752321982 0.512679686904762 0.6673890625386997 0.5189796869047618 0.6667031250773994 0.5290609369047619 0.6687593752321982 0.5473328130952381 0.6735609374613003 0.556154688095238 0.677675 0.55174375
0 0.6989343752321981 0.6582265630952381 0.7009906247678018 0.664528125 0.7037343752321981 0.6670484369047619 0.7057921876160992 0.660746875 0.7061343752321982 0.6557062499999999 0.7047624996904025 0.645625 0.6968765622291022 0.6437359369047619 0.6989343752321981 0.6582265630952381
0 0.6937906247678018 0.643104686904762 0.6913906247678019 0.6494062500000001 0.6924187498452012 0.6563374999999999 0.6937906247678018 0.660117188095238 0.6958484377708979 0.6651578130952381 0.6979046873065016 0.66956875 0.6975624996904025 0.660117188095238 0.696532812383901 0.6494062500000001 0.6937906247678018 0.643104686904762
0 0.6409859374613004 0.660746875 0.6426999999999999 0.6689390619047619 0.6457859374613003 0.6777593749999999 0.6464718749226006 0.673348436904762 0.647157812383901 0.6632671869047619 0.647157812383901 0.6582265630952381 0.6433859374613004 0.65255625 0.6409859374613004 0.660746875
0 0.6307 0.6657875 0.6341281250773994 0.673348436904762 0.6389281250773995 0.67965 0.6399578123839009 0.6714593750000001 0.6392718749226006 0.6626375 0.6382437498452013 0.6531859369047619 0.6324140625386997 0.6563374999999999 0.6307 0.6657875
0 0.3910234377708978 0.6575968750000001 0.38690781238390093 0.6468859380952381 0.38245156222910215 0.645625 0.3790218749226006 0.653817186904762 0.37970781238390094 0.661378125 0.38176562476780185 0.6765 0.3872515622291022 0.6777593749999999 0.38896562476780183 0.6689390619047619 0.3910234377708978 0.6575968750000001
0 0.35227656222910214 0.638064063095238 0.34199062476780184 0.69288125 0.3478187498452012 0.685320311904762 0.35262031269349847 0.67271875 0.3512484377708978 0.6575968750000001 0.35227656222910214 0.638064063095238
0 0.3011874996904025 0.6588578119047619 0.30324374984520125 0.6494062500000001 0.3011874996904025 0.638064063095238 0.29604374984520127 0.63239375 0.29055781238390094 0.631764061904762 0.2881578123839009 0.6342843749999999 0.2881578123839009 0.6487765619047619 0.2902140625386997 0.6651578130952381 0.2970718749226006 0.6670484369047619 0.3011874996904025 0.6588578119047619
0 0.2874718749226006 0.631764061904762 0.2823281250773994 0.6361749999999999 0.28027031269349845 0.6386953130952381 0.2789 0.6468859380952381 0.2761562501547988 0.6582265630952381 0.2806140625386997 0.6638984380952381 0.28472812507739936 0.651926563095238 0.2888437498452012 0.642475 0.2874718749226006 0.631764061904762
9 0.5728392229102167 0.5769090142857143 0.5665902365325077 0.4363645607142857 0.5665902365325077 0.39263963095238097 0.5478433969040247 0.39263963095238097 0.5492187139318885 0.5804687511904761 0.5728392229102167 0.5769090142857143
11 0.19477704272445823 0.7549320726190476 0.21664831578947366 0.6987142547619047 0.22914628854489164 0.6081411154761904 0.18398433931888544 0.6136718761904761 0.17603008359133127 0.7096455023809524 0.19477704272445823 0.7549320726190476
9 0.35100110402476786 0.49570559999999997 0.38380813250773993 0.4847743523809524 0.3541255374613003 0.36296917142857144 0.3519530891640867 0.4710937511904762 0.35100110402476786 0.49570559999999997
9 0.4103661752321981 0.51132165 0.396305986377709 0.35828430833333336 0.3753905894736842 0.3773437511904762 0.38380813250773993 0.5160064535714286 0.4103661752321981 0.51132165
11 0.7946774613003096 0.7549320726190476 0.8118619653250774 0.7486856285714286 0.7868662582043344 0.6924679297619047 0.8149866371517027 0.7283847154761904 0.8118619653250774 0.6706053166666666 0.7796874643962849 0.6175781261904761 0.7446858092879257 0.673728538095238 0.7946774613003096 0.7549320726190476
