0 0.2447245373913347 0.4833930896583544 0.23042781948947777 0.47885956582622885 0.24297316781087375 0.4392998932986332 0.25726980824322254 0.443833403894842
0 0.25835108515946104 0.5123798796772732 0.2396318479720776 0.5085651470469199 0.24962897892282854 0.4595123079454215 0.2683480818016051 0.46332702647119794
0 0.2815595433166891 0.5074105015811003 0.2680340849467484 0.5085869829284658 0.26445507145638203 0.46744326911072426 0.27798044700523405 0.46626679139574095
0 0.6316193657821714 0.5050590539969712 0.6415810986924271 0.5043815545797713 0.6444745324645282 0.5469221553748481 0.6345127997921054 0.5475996524758403
7 0.671893040701093 0.36931529243628686 0.6776848860868085 0.3260205936937619 0.7108306113585741 0.33045458597482164 0.7050388513948747 0.37374920763873093
0 0.7116973864764304 0.43567244020020984 0.7232378295178705 0.4347762654359416 0.7278898581403155 0.49467868694829537 0.7163494155500985 0.4955748578918665
0 0.6895904660264023 0.6292872729016085 0.6714106386319827 0.6330520685713373 0.6610613349423602 0.5830815727605997 0.6792409966795958 0.5793167947798571
0 0.6729584081756457 0.6450874100814046 0.6570582021248583 0.6481376558701452 0.6486290929511824 0.6042036586033631 0.6645291669091193 0.6011534258602671
0 0.34733609441832414 0.6710760820093931 0.32024227675367456 0.6655539494194593 0.3320348475498349 0.6077031018459698 0.3591283623112531 0.613225202535145
7 0.30158785185437864 0.7595469231203761 0.2705631812559659 0.751453135312198 0.288216071242573 0.683799029181757 0.31924028598893983 0.6918927542503143
7 0.32268271209034083 0.6922719035439062 0.3537844788465918 0.7027058803609231 0.32571792960277435 0.7863533072484665 0.294616211822472 0.7759194344638288
6 0.2295689453559362 0.6192862223557252 0.2731481472064843 0.5551366571051065 0.345261103073085 0.6041204866741245 0.3016824892473551 0.6682695299823106
7 0.7253465814320634 0.7291363865777081 0.7480022742367964 0.7600251210681614 0.7178236859022036 0.7821559482628112 0.6951681400017833 0.7512673466162987
10 0.7173531974322032 0.4943071328762269 0.6816005013027961 0.4988799006846088 0.6630095803458289 0.35353043088455444 0.6987616237762495 0.34895770466587045