0 0.2480718749226006 0.44349531190476194 0.24027343777089785 0.44878124999999996 0.2349375003095975 0.46463906309523806 0.23945156222910216 0.475965625 0.2427359374613003 0.48276250000000004 0.24684062476780186 0.4767203130952381 0.24971406253869968 0.467659375 0.2534078123839009 0.4540671880952381 0.25381874984520125 0.44273906309523814 0.2480718749226006 0.44349531190476194
0 0.2427359374613003 0.493334375 0.24684062476780186 0.5061703130952381 0.25381874984520125 0.51145625 0.2603859374613003 0.5023953130952381 0.26284843777089784 0.49031250000000004 0.26407968730650155 0.47823125 0.2636687498452013 0.4623734369047619 0.25833281238390093 0.4623734369047619 0.25258749969040245 0.46539375 0.24930312507739938 0.47294531309523813 0.24519843777089784 0.48200624999999997 0.2427359374613003 0.493334375
0 0.26572187492260063 0.48200624999999997 0.26859531269349846 0.492578125 0.2739312501547988 0.49635468690476187 0.2727 0.505415625 0.2784468749226006 0.50768125 0.28132031269349844 0.504660938095238 0.2784468749226006 0.49031250000000004 0.2784468749226006 0.480496875 0.2780359374613003 0.46690468809523805 0.2706468749226006 0.46690468809523805 0.26572187492260063 0.48200624999999997
0 0.3352437498452013 0.558571875 0.33677187492260063 0.5524765619047619 0.3365171876160991 0.5449734380952381 0.3319296873065016 0.537471875 0.3296359374613003 0.5459109369047619 0.3288718749226006 0.5548203119047619 0.3281062501547988 0.560915625 0.33014531269349845 0.5646671880952381 0.3324390625386997 0.563260938095238 0.3352437498452013 0.558571875
0 0.6424218749226006 0.5317125 0.6427609374613003 0.521728125 0.6403859374613003 0.51049375 0.6342796873065015 0.504878125 0.6322437498452013 0.5142390619047619 0.6332625003095975 0.5292171880952381 0.6346187498452012 0.542321875 0.6386890625386996 0.547315625 0.640725 0.542946875 0.6424218749226006 0.5317125
0 0.7236875003095975 0.4912375 0.7268484377708978 0.48126875 0.7236875003095975 0.4654875 0.7232359374613003 0.4530265630952381 0.7191734377708978 0.4447203119047619 0.7128515622291022 0.4355828130952381 0.7128515622291022 0.450534375 0.7151093752321981 0.4671484380952381 0.7155609374613003 0.485421875 0.7187218749226006 0.49539062500000003 0.7236875003095975 0.4912375
0 0.6765890625386998 0.6319796869047619 0.6814406247678019 0.6285468750000001 0.685917187616099 0.618935936904762 0.6851718749226007 0.607953125 0.6821859374613004 0.5935359369047619 0.67435 0.581179686904762 0.6702453126934984 0.581179686904762 0.6661406247678019 0.5880453119047618 0.6646484377708978 0.6004015619047619 0.6691265622291022 0.6196234380952381 0.6765890625386998 0.6319796869047619
0 0.6691265622291022 0.625115625 0.6668874996904025 0.6134453119047619 0.6612890625386997 0.601775 0.6545734377708978 0.609325 0.6515875003095976 0.6196234380952381 0.6553187498452012 0.633353125 0.660917187616099 0.642964061904762 0.6661406247678019 0.646395311904762 0.6694984377708978 0.645709375 0.6691265622291022 0.625115625
0 0.33739531269349843 0.6690499999999999 0.3437374996904025 0.6656171880952381 0.3497093752321981 0.653946875 0.3541859374613003 0.6374718749999999 0.35642500000000005 0.6264875 0.35269374984520124 0.617564061904762 0.34336562476780186 0.6100125 0.33440937523219816 0.620309375 0.3280656247678018 0.627175 0.3254531250773994 0.6450234369047619 0.3276921876160991 0.6614984369047618 0.33739531269349843 0.6690499999999999
7 0.28123819380804954 0.7097447238095238 0.27926804891640866 0.7146700869047619 0.27828297647058825 0.7284611011904762 0.27877551269349843 0.7373267535714285 0.2802531213622291 0.7442222607142858 0.2802531213622291 0.7481625511904763 0.2817307300309598 0.7521028404761905 0.28370087492260065 0.7540729857142856 0.28616355665634674 0.7550580583333334 0.2910889188854489 0.7565356666666667 0.29453667244582044 0.7550580583333334 0.29896949845201237 0.7506252321428573 0.3034023250773994 0.7447147976190476 0.3053724699690402 0.7383118261904761 0.3073426148606811 0.7353566083333334 0.30783515108359133 0.7314163190476191 0.3117754408668731 0.7255058845238095 0.31423812198142415 0.7205805214285714 0.3107903684210526 0.7333864642857143 0.3098052959752322 0.743729725 0.309312759752322 0.7471774785714286 0.3088202235294118 0.7525953773809524 0.30832768730650156 0.7555505952380953 0.3038948613003096 0.7619535654761904 0.3024172526315789 0.7673714642857143 0.3024172526315789 0.7693416095238095 0.3038948613003096 0.7713117547619048 0.3063575424148607 0.7718042904761905 0.31325304953560373 0.7732818988095238 0.3157157306501548 0.7708192178571429 0.3221187021671827 0.7668789285714286 0.33098435417956656 0.7604759571428571 0.33787986191950464 0.7555505952380953 0.3428052241486068 0.7447147976190476 0.3437902965944272 0.7383118261904761 0.3428052241486068 0.7264909559523809 0.34132761547987617 0.719102913095238 0.3388649343653251 0.711714869047619 0.33738732569659446 0.7087596511904762 0.33492464458204335 0.706789507142857 0.3270440643962848 0.7077745797619048 0.3196560210526316 0.7082671154761905 0.3122679770897833 0.7102372607142857 0.3024172526315789 0.7082671154761905 0.29453667244582044 0.6989089273809523 0.29453667244582044 0.6979238547619048 0.286656092879257 0.7023566809523809 0.28123819380804954 0.7097447238095238
6 0.28222326625386995 0.5910434904761905 0.27188000557275543 0.5900584178571429 0.266462106501548 0.5895658809523809 0.25956659938080495 0.5910434904761905 0.25858152693498454 0.5935061714285714 0.2610442080495356 0.6004016785714286 0.27188000557275543 0.6053270404761905 0.2797605851393189 0.6082822583333333 0.2891187739938081 0.6097598666666667 0.29256652755417956 0.6102524035714286 0.3038948613003096 0.6117300119047618 0.3053724699690402 0.6102524035714286 0.30487993374613004 0.6008942142857143 0.2891187739938081 0.5939987071428572 0.28222326625386995 0.5910434904761905
7 0.6772495275541796 0.3715987202380952 0.6800138117647058 0.3629109714285714 0.6827780953560371 0.3558028130952381 0.6883066631578947 0.35343342738095235 0.6977842074303406 0.3558028130952381 0.7017331839009288 0.3621211761904762 0.7064719566563467 0.3696242321428571 0.7068668538699691 0.36567525476190477 0.7076566495356037 0.35027424523809525 0.7068668538699691 0.3400069059523809 0.7044974681114551 0.32776507738095234 0.6969944117647058 0.3297395654761905 0.6894913560371517 0.3317140547619048 0.6815934024767802 0.33131915714285715 0.6784342210526315 0.33329364523809524 0.6721158575851394 0.3415864964285714 0.6650076996904025 0.35066914285714285 0.6610587226006192 0.35698750595238093 0.6590842340557276 0.36528035714285717 0.6642179040247679 0.382655855952381 0.6705362668730651 0.3842354464285714 0.6748801417956656 0.3791017761904762 0.6772495275541796 0.3715987202380952
10 0.7064719566563467 0.43912622500000004 0.7052872631578947 0.42372521428571425 0.7052872631578947 0.4047701261904762 0.7037076724458204 0.38542013928571434 0.7013382866873065 0.37396810714285716 0.6977842074303406 0.3621211761904762 0.6954148210526315 0.35185383571428575 0.6902811510835913 0.34948445 0.6851474817337462 0.3510640404761905 0.6808036068111455 0.3558028130952381 0.6733005510835913 0.3672548464285714 0.6788291182662538 0.46637416428571427 0.6835678904024768 0.4782210952380952 0.6902811510835913 0.4695333464285714 0.6977842074303406 0.456106825 0.7013382866873065 0.44702417857142857 0.7025229795665634 0.4403109178571429 0.7064719566563467 0.43912622500000004
7 0.6951883486068111 0.7464584892857142 0.6977953046439629 0.7542793583333333 0.705181681114551 0.7634037047619047 0.7103955938080496 0.7699210964285713 0.7199544334365325 0.7716590666666667 0.7316857368421054 0.7686176178571428 0.7416790693498453 0.7612312416666667 0.7412445764705883 0.7538448654761905 0.7355961715170278 0.7460239964285714 0.7234303752321981 0.7373341416666667 0.7125680575851393 0.7299477654761904 0.707354144891641 0.7256028392857143 0.6938848705882353 0.7269063166666667 0.6938848705882353 0.7321202297619048 0.6951883486068111 0.7464584892857142
