0 0.7236484377708978 0.5018109369047619 0.7236484377708978 0.4857171869047619 0.7216609374613003 0.472640625 0.7166937498452012 0.4806875 0.7117281250773994 0.489740625 0.7112312501547987 0.505834375 0.7137140625386996 0.520921875 0.7201718749226006 0.52896875 0.7236484377708978 0.519915625 0.7236484377708978 0.5018109369047619
0 0.6854046873065016 0.4977875 0.6829218749226007 0.512875 0.6809343752321981 0.5249453119047619 0.6834187498452013 0.5380203130952381 0.6923578123839008 0.5319859369047619 0.6943453126934985 0.5148859380952381 0.6913640625386998 0.4927578119047619 0.6854046873065016 0.4977875
2 0.6536187498452012 0.5571328119047619 0.6655375003095976 0.551096875 0.6690140625386997 0.5400328119047619 0.6655375003095976 0.5279625 0.6580874996904025 0.52695625 0.6585843752321981 0.5168984369047619 0.6585843752321981 0.5008046869047619 0.6620609374613002 0.487728125 0.6635515622291022 0.4776703130952381 0.6635515622291022 0.458559375 0.6595781250773993 0.4525234369047619 0.6541140625386997 0.46660625 0.6491484377708978 0.4756578119047619 0.6407046873065017 0.4927578119047619 0.6332546873065016 0.49678125 0.6272953126934985 0.4977875 0.6263015622291022 0.5309796880952381 0.630275 0.551096875 0.6407046873065017 0.5591437499999999 0.6536187498452012 0.5571328119047619
9 0.6658531250773994 0.3660109369047619 0.6678156247678019 0.3904265619047619 0.6686562501547988 0.4131375 0.6672546873065016 0.4358484369047619 0.6638906247678019 0.455153125 0.6647312501547987 0.47388906190476193 0.6680953126934985 0.46139843809523806 0.6711796873065016 0.4455 0.6717406247678018 0.42506093690476193 0.6711796873065016 0.403484375 0.6658531250773994 0.3660109369047619
9 0.6610859374613003 0.4006453130952381 0.6594046873065016 0.4159765630952381 0.6580031250773993 0.43811875 0.6557593752321981 0.45288125 0.6627687498452013 0.449475 0.6638906247678019 0.42676406309523807 0.6638906247678019 0.404053125 0.6641703126934985 0.3847484380952381 0.6622078123839009 0.3626046880952381 0.6616468749226005 0.3841796880952381 0.6610859374613003 0.4006453130952381
9 0.6518343752321982 0.4687796880952381 0.6515406247678018 0.4419703130952381 0.6582828123839009 0.35863125 0.6470687498452014 0.42108593809523814 0.6467890625386996 0.4500421880952381 0.6481906247678019 0.4716171869047619 0.6518343752321982 0.4687796880952381
9 0.6158375003095976 0.362378125 0.6133703126934985 0.354259375 0.6152203126934985 0.37486875 0.6170703126934984 0.4035984380952381 0.6170703126934984 0.449815625 0.6176875003095975 0.476046875 0.6229296873065016 0.483540625 0.6223140625386997 0.457934375 0.6213890625386996 0.432328125 0.6210796873065015 0.4079703130952381 0.6179953126934984 0.3861109380952381 0.6158375003095976 0.362378125
9 0.6161453126934984 0.4529375 0.6161453126934984 0.431078125 0.6146031250773994 0.4123421869047619 0.6142953126934985 0.38985781190476193 0.6081281250773994 0.353009375 0.6090531250773994 0.362378125 0.6099781250773995 0.3817390619047619 0.6121359374613004 0.404846875 0.6109031250773994 0.42795625 0.6118281250773994 0.457934375 0.6109031250773994 0.4891625 0.6170703126934984 0.48041875 0.6173796873065015 0.4722984380952381 0.6161453126934984 0.4529375
2 0.6041187498452013 0.519140625 0.6038093752321981 0.531007813095238 0.6056609374613003 0.544746875 0.6139874996904026 0.5516171880952381 0.6207718749226006 0.5428734380952381 0.6247812501547987 0.540375 0.6263218749226006 0.5203890619047619 0.6260140625386996 0.5078984369047619 0.6235468749226006 0.492284375 0.6223845671826626 0.4746242023809524 0.6095914619195046 0.4944535154761905 0.6087437498452013 0.50665 0.6041187498452013 0.519140625
2 0.49926562476780184 0.6084515619047619 0.503275 0.6128234369047619 0.5057421876160991 0.6028312499999999 0.5063593752321982 0.5878421880952381 0.5069765622291021 0.5703546880952381 0.5063593752321982 0.5559890630952381 0.5045093752321982 0.544746875 0.49834062476780183 0.541 0.49834062476780183 0.54974375 0.49772343777089784 0.570978125 0.49926562476780184 0.589715625 0.49926562476780184 0.6084515619047619
2 0.4940234377708978 0.5484953119047619 0.4878562501547987 0.554740625 0.4884718749226006 0.565982811904762 0.49155625015479876 0.58471875 0.49618281238390094 0.5934625 0.49926562476780184 0.5828453130952381 0.49865 0.5697296880952382 0.4958734377708978 0.5528671869047619 0.4940234377708978 0.5484953119047619
2 0.45763437523219813 0.5878421880952381 0.4607171876160991 0.5953359369047618 0.46441874984520126 0.6009578119047618 0.4647265622291022 0.58471875 0.46534374984520127 0.5741015630952381 0.4656515622291022 0.5622343750000001 0.4628765622291022 0.5466203119047619 0.45825 0.54974375 0.45578281238390095 0.5559890630952381 0.45640000000000003 0.5641078130952382 0.45640000000000003 0.57535 0.45763437523219813 0.5878421880952381
0 0.3404453126934984 0.5210140630952381 0.3435296873065015 0.5385015630952381 0.3469218749226006 0.541625 0.35247343777089785 0.531007813095238 0.35709843777089784 0.5172671869047619 0.3561734377708978 0.4991546880952381 0.35000625015479875 0.48603906190476187 0.34229531269349844 0.4779203130952381 0.33982968730650154 0.4866640619047619 0.3385953126934984 0.4941578130952381 0.3382875003095975 0.508523436904762 0.3404453126934984 0.5210140630952381
0 0.39472656222910213 0.5597234369047619 0.4029218749226006 0.547553125 0.40783906253869967 0.537595311904762 0.4116625003095975 0.5243171869047619 0.4094781250773994 0.5044015630952381 0.40237500000000004 0.48559218809523813 0.3843468749226006 0.508828125 0.3865312501547988 0.5254234380952381 0.38817031269349844 0.5409140630952382 0.3892624996904025 0.5575109380952381 0.39472656222910213 0.5597234369047619
9 0.232175 0.7548015619047619 0.23956250030959753 0.74815 0.24695156222910217 0.73734375 0.25146718761609904 0.7248749999999999 0.2572125003095975 0.7132375 0.26377968730650153 0.6966109380952381 0.2699374996904025 0.6841421869047619 0.2748625003095975 0.670010938095238 0.26501249969040247 0.6749984380952381 0.25475 0.6966109380952381 0.24818281238390094 0.718225 0.232175 0.7548015619047619
9 0.27157968730650156 0.7390062500000001 0.26829531269349843 0.74815 0.2588546873065016 0.7597890630952381 0.25639218761609905 0.771426561904762 0.26788437523219816 0.7597890630952381 0.28060937523219814 0.7365124999999999 0.2953859374613003 0.6733359380952381 0.28840781238390095 0.679154686904762 0.28758750030959757 0.7024296880952381 0.2830718749226006 0.71573125 0.27896718761609907 0.7273687499999999 0.27157968730650156 0.7390062500000001
9 0.3131464922600619 0.749356811904762 0.3127545690402477 0.7442618130952381 0.3198091832817338 0.7270171999999999 0.3205930291021672 0.7227060464285714 0.32137687554179567 0.6987987428571428 0.2912812501547988 0.805509375 0.3131464922600619 0.749356811904762
9 0.3417687498452013 0.699935936904762 0.3368437498452012 0.7024296880952381 0.3364328123839009 0.7099109369047619 0.3364328123839009 0.7340187499999999 0.33438125015479875 0.757295311904762 0.3315078123839009 0.778076563095238 0.31878281238390094 0.809665625 0.3212453126934985 0.808003125 0.3269921876160991 0.7947015619047619 0.3315078123839009 0.783064061904762 0.33602187492260066 0.7722578130952381 0.3376640625386997 0.7614515619047619 0.33971718761609904 0.7464875 0.3405374996904025 0.7282 0.3417687498452013 0.71406875 0.3417687498452013 0.699935936904762
2 0.34956718761609906 0.666684375 0.35120937523219814 0.6467343750000001 0.34874687492260065 0.645071875 0.3368437498452012 0.6350968749999999 0.32863437523219813 0.6350968749999999 0.31878281238390094 0.6384218749999999 0.31508906253869967 0.645071875 0.3130359374613003 0.660865625 0.31221562476780185 0.6766609380952381 0.3179624996904025 0.688298436904762 0.3228875003095975 0.6957796869047619 0.3315078123839009 0.6966109380952381 0.338075 0.6966109380952381 0.3442312501547987 0.6966109380952381 0.34874687492260065 0.6932859369047619 0.35120937523219814 0.683310938095238 0.34956718761609906 0.666684375
9 0.3735026371517028 0.6842975904761904 0.36723186873065017 0.6917441285714285 0.36598593746130026 0.7265375000000001 0.35408281238390094 0.838759375 0.37311071393188855 0.7180029702380952 0.37702994427244585 0.6870410523809524 0.3735026371517028 0.6842975904761904
2 0.3770687498452013 0.681648436904762 0.38692031269349847 0.651721875 0.3815843752321982 0.645071875 0.37378593746130034 0.642578125 0.366807812383901 0.6417468749999999 0.3622921876160991 0.655878125 0.3590078123839009 0.675829686904762 0.3647546873065015 0.688298436904762 0.3770687498452013 0.681648436904762
0 0.35695625015479876 0.6525531250000001 0.3565453126934985 0.636759375 0.35490312507739935 0.630109375 0.34956718761609906 0.635928125 0.34956718761609906 0.6500593750000001 0.35120937523219814 0.6733359380952381 0.35695625015479876 0.6749984380952381 0.35695625015479876 0.6525531250000001
0 0.6348421876160991 0.650890625 0.6319687498452012 0.640084375 0.6274531250773994 0.642578125 0.6241703126934985 0.653384375 0.6258109374613003 0.6716734369047619 0.6340203126934985 0.6741671869047619 0.6377156247678019 0.666684375 0.6348421876160991 0.650890625
0 0.6853296873065015 0.670010938095238 0.6914859374613003 0.6799859369047618 0.6935390625386997 0.656709375 0.6902546873065016 0.6417468749999999 0.6865609374613003 0.626784375 0.6840984377708977 0.631771875 0.6816343752321982 0.645903125 0.6824562501547988 0.657540625 0.6853296873065015 0.670010938095238
0 0.6951796873065016 0.656709375 0.6964109374613002 0.6675171880952381 0.7001062501547987 0.6808171880952381 0.7029796873065015 0.672504686904762 0.7038 0.658371875 0.7013375003095975 0.648396875 0.6964109374613002 0.6409156250000001 0.6951796873065016 0.656709375
0 0.7567499999999999 0.642578125 0.7567499999999999 0.629278125 0.7546984377708977 0.6176390619047619 0.7514140625386997 0.612651563095238 0.7460781250773993 0.612651563095238 0.7423843752321981 0.6193015630952381 0.7375225139318886 0.6275018095238096 0.7452578123839009 0.6384218749999999 0.7510031250773994 0.6525531250000001 0.7542875003095975 0.658371875 0.7567499999999999 0.642578125
10 0.2476953479876161 0.7176110476190476 0.2422084253869969 0.7297606607142857 0.23632958018575853 0.7415183511904762 0.2308426582043344 0.7509245035714285 0.228491120123839 0.7587629642857143 0.2375053492260062 0.7587629642857143 0.2516145783281734 0.7387748904761905 0.25553380804953557 0.7278010464285715 0.26180457647058825 0.7168272011904763 0.27042688297213624 0.701150280952381 0.2747380359133127 0.6846895142857142 0.2763057281733746 0.6799864380952382 0.27708957399380807 0.6768510535714286 0.27904918947368423 0.665093363095238 0.273562266873065 0.6568629797619048 0.2696430371517028 0.6603902869047619 0.26298034551083593 0.6686206702380952 0.25906111517027863 0.6760672071428571 0.25396611640866873 0.7031098952380952 0.2476953479876161 0.7176110476190476
10 0.28727957275541793 0.6760672071428571 0.2876714959752322 0.6831218214285714 0.28649572693498454 0.6952714357142857 0.27865726625386994 0.7195706619047618 0.2621964996904025 0.7564114261904762 0.2563176544891641 0.7697368083333334 0.2621964996904025 0.7716964238095239 0.27434611331269354 0.7618983488095238 0.3002130321981424 0.6995825880952381 0.302956493498452 0.6831218214285714 0.3041322625386997 0.6697964392857143 0.29903726315789475 0.6670529773809525 0.2935503411764706 0.6697964392857143 0.28884726501547986 0.6717560547619047 0.28610380371517025 0.6729318238095239 0.28727957275541793 0.6760672071428571
7 0.23554573436532508 0.7587629642857143 0.22888304272445822 0.7630741178571429 0.2269234278637771 0.7716964238095239 0.23123458080495357 0.7736560392857144 0.23789727244582043 0.7701287321428572 0.24573573250773992 0.7634660404761905 0.24651957894736842 0.762682194047619 0.2476953479876161 0.7630741178571429 0.2504388092879257 0.7677771940476191 0.25279034736842104 0.7736560392857144 0.25592573126934987 0.7795348845238095 0.2602368842105263 0.7850218071428572 0.26533188359133125 0.7873733452380952 0.27434611331269354 0.7881571904761905 0.282184573374613 0.7834541142857143 0.2880634185758514 0.7728721928571428 0.29159072569659444 0.7630741178571429 0.2782653430340557 0.7571952726190476 0.26611573003095973 0.7650337321428571 0.2602368842105263 0.7666014250000001 0.2582772693498452 0.7642498869047619 0.2637641913312694 0.7552356571428572 0.2649399609907121 0.745437582142857 0.25435803900928794 0.7426941202380952 0.2512226551083591 0.7438698892857144 0.24926304024767804 0.7462214273809524 0.24416804086687308 0.7509245035714285 0.23554573436532508 0.7587629642857143
