0 0.7236484759910127 0.52896875 0.7112312267856851 0.52896875 0.7112312833083934 0.4726406250000001 0.7236484258628479 0.4726406250000001
0 0.6915466759378432 0.5389649274797751 0.6794680425514343 0.5375611673393852 0.684764638330762 0.491990834856308 0.6968431853653101 0.49339458991981633
2 0.6701633241412992 0.5571688049484016 0.6282457840335383 0.5599790107859172 0.6212140444533816 0.4550954357150082 0.6631308860028184 0.4522852538477377
9 0.6658531144480548 0.3660109372677065 0.6730371426018564 0.36616908766654194 0.6706627804660457 0.47401963929501917 0.6634787523483965 0.4738614899987934
9 0.662207777626918 0.362604685009153 0.668939500411625 0.3630855047277238 0.6624910974983322 0.45336206699834253 0.6557593750000024 0.45288125000000246
9 0.6516563831265785 0.47182007374365087 0.6441243655606286 0.4713791477699765 0.6507509075695452 0.35819032742792867 0.6582828125000333 0.3586312500000031
9 0.6133703125000238 0.3542593749999998 0.6191684505843114 0.3540538512348311 0.6237574944020707 0.4835112823761868 0.6179593564069137 0.4837168044362981
9 0.6081281250000075 0.35300937499999935 0.6149455928286898 0.3528704332646266 0.6177205698711532 0.4890235599594794 0.6109031020762359 0.4891625004671879
2 0.6052908933531853 0.47417861070156486 0.6275114646152815 0.47475784944193367 0.6254999402988233 0.5519172882854771 0.6032793691724692 0.5513380530556607
2 0.49834062344234553 0.5409999999679347 0.5075769986061687 0.5411901393094634 0.5061010179223331 0.6128816133305228 0.49686464279818665 0.6126914751873391
2 0.4858154558600063 0.5498464040800708 0.4951245026607012 0.5483140693971312 0.5023888047793434 0.5924409537154729 0.4930797594265641 0.5939732824441858
2 0.4554916607426094 0.546855705133782 0.46515150800405536 0.5465477989520284 0.4668834842702836 0.6008792498357161 0.45722363708011926 0.6011871545560343
0 0.35831275414682295 0.5410433176853521 0.3399960162721527 0.5419786732484971 0.33673913483949036 0.47820404353984614 0.3550556916335381 0.47726869260706534
0 0.38220631549506834 0.48762849361289007 0.4076981071239061 0.4850547465132579 0.4150305589882919 0.5576734813814208 0.3895387695595218 0.56024721347672
9 0.32137651358038966 0.6987986402743315 0.330372218673574 0.7013352502512857 0.30027694192119725 0.8080459529690206 0.29128124999999727 0.8055093750000111
9 0.337387764050618 0.6991982143587416 0.3480248691447514 0.7009894179299995 0.3294199118505503 0.8114568054730966 0.31878281249998963 0.8096656249999967
2 0.31221556091009006 0.6966109854162567 0.312215756192586 0.6350967581976767 0.3512093664775193 0.6350969440840653 0.3512094148024971 0.6966109266692088
9 0.357765873020071 0.8392255083135163 0.34870793914467413 0.8380791233823208 0.3682584939303979 0.683633872860104 0.3773161208187048 0.684780238798688
2 0.36721323910012416 0.6404781000016964 0.3883547385001975 0.6472329598922266 0.37426163478744456 0.691335961655663 0.35312014973510486 0.6845811333974463
0 0.3575398876625968 0.6749832537880931 0.3502206191794812 0.6751736692961429 0.34905208485508865 0.63026159427514 0.35637128820485486 0.6300711796129529
0 0.6230490060506781 0.640884416601256 0.6353026498239842 0.6397853463667624 0.638352019746776 0.6737786634935127 0.6260983764752837 0.6748777299729064
0 0.6983192922062926 0.6784861624322962 0.6875717317537919 0.6808450216581239 0.6762040337042663 0.6290575045843634 0.6869514850865244 0.6266986577341771
0 0.6934192566510546 0.6412563987821804 0.7017421717528123 0.6403083593451351 0.7062769465725296 0.6801143038767864 0.6979540321219702 0.6810623394913548
0 0.7616495828948473 0.6570743528074826 0.7433049623489296 0.6603074796350346 0.7352416070233403 0.6145614402577952 0.7535860672882109 0.6113283278236724
7 0.22554595005624378 0.7713674860581707 0.24001455780137348 0.7354098641072574 0.29434271199261275 0.7572665488404036 0.2798743939498536 0.793223925053853
10 0.2748626553528766 0.782258576619523 0.25159800837752755 0.7755052867334432 0.2970486197240234 0.6189570556268689 0.3203125 0.625710226562506
10 0.26706120447045123 0.6153816623017389 0.3011020083903304 0.6252101106119712 0.2574802733375918 0.7762721821613204 0.22343953550694096 0.7664438983935904