1 0.38818673988794217 0.5818735130235574 0.3533764469744938 0.5771378766388116 0.3633928577335155 0.5035186452228633 0.39820272948361435 0.5082542525801862
9 0.38086871510586207 0.4284249974684525 0.3854460785211131 0.4287570818344446 0.37941173820638596 0.5119273948658065 0.3748343749999776 0.511595312500002
2 0.4096822214007716 0.5760187612924149 0.38383548671356493 0.5670696896898079 0.3945351306375642 0.5361700910441141 0.42038173404273493 0.5451191378178051
2 0.4681421875 0.5431359375 0.4789625 0.5431359375 0.4789625 0.598996875 0.4681421875 0.598996875
2 0.52739375 0.5691734375 0.5340921875 0.5691734375 0.5340921875 0.5966296875 0.52739375 0.5966296875
0 0.5295447755412397 0.5617182417007676 0.5369545824507895 0.5641829499290468 0.5291332519736898 0.5876943632257284 0.5217234475721853 0.5852296603319271
2 0.6677159662724534 0.6382767865468733 0.6525061763713893 0.6232496998796977 0.6826017838541247 0.5927917779603099 0.6978115114312686 0.607818804065018
2 0.6595501339830889 0.6671640534979443 0.6210563747583819 0.6697503707193553 0.6179153913624305 0.6230041909600574 0.6564087976190649 0.6204178856295471
2 0.3210937661773414 0.618280237694497 0.3443486972705614 0.6048824585280344 0.37082193730793733 0.6508273619767436 0.3475670565146629 0.6642250723610467
0 0.31213749828566506 0.6640516472603234 0.30374564409942195 0.6606260848524961 0.3155986660791541 0.6315926759926589 0.3239904744212936 0.6350182278508824
2 0.27669534895426295 0.5744555308096143 0.2946188036686408 0.5660954730074438 0.3173046360219587 0.6147273732326356 0.2993812066799819 0.6230873902383268
7 0.3696978655291332 0.4074682035211425 0.3906623915977434 0.4084068609419364 0.38906491342311256 0.4440839474368696 0.3681003874999078 0.443145292187498