2 0.2367781250773994 0.4878296880952381 0.23257187492260065 0.479309375 0.2259609374613003 0.49513125 0.22055156222910216 0.489046875 0.21394062476780187 0.4902640630952381 0.21093593746130032 0.5036515619047619 0.21634531269349844 0.5170390619047619 0.22055156222910216 0.524342188095238 0.23136874984520123 0.529209375 0.234975 0.521907813095238 0.24338906253869969 0.525559375 0.24699374984520123 0.51825625 0.23978281238390092 0.5 0.2367781250773994 0.4878296880952381
9 0.3263218749226006 0.3016171880952381 0.3269218749226006 0.42575781309523814 0.33413437523219813 0.4172390630952381 0.3263218749226006 0.3016171880952381
2 0.359375 0.461053125 0.35156250030959757 0.4634875 0.34855781238390093 0.4756578119047619 0.3491578123839009 0.5 0.35637031269349845 0.5036515619047619 0.36177812507739937 0.5036515619047619 0.36718749969040243 0.502434375 0.3725953126934985 0.49513125 0.37079218761609906 0.4695734380952381 0.36899062476780187 0.4561859380952381 0.36297968730650154 0.4561859380952381 0.359375 0.461053125
0 0.7969546873065017 0.4683921880952381 0.7965437498452012 0.4575859369047619 0.7916187498452013 0.441790625 0.7875140625386997 0.4467796880952381 0.7854625003095976 0.45093593690476186 0.7846406247678018 0.4559234369047619 0.7866937498452014 0.4609109380952381 0.7891562501547987 0.4733796880952381 0.7928499999999999 0.4758734380952381 0.7969546873065017 0.4683921880952381
2 0.7875140625386997 0.49333125 0.7907984377708978 0.4841859380952381 0.7875140625386997 0.4658984380952381 0.7850515622291022 0.45675468690476195 0.7805359374613002 0.4534296880952381 0.7731484377708979 0.4517671869047619 0.7657593752321982 0.4525984380952381 0.7616546873065015 0.4642359380952381 0.7600125003095975 0.4816921880952381 0.7628859374613004 0.4925 0.7665796873065015 0.50330625 0.7719171876160991 0.502475 0.773557812383901 0.49665625 0.776842187616099 0.49665625 0.7805359374613002 0.49915 0.7842312501547988 0.49748749999999997 0.7875140625386997 0.49333125
1 0.7916187498452013 0.573965625 0.7944921876160991 0.5631578119047619 0.791207812383901 0.5465328119047619 0.7846406247678018 0.5373890619047619 0.7772531250773994 0.5398828119047618 0.7669906247678019 0.5481953130952381 0.7616546873065015 0.5590015630952381 0.7522140625386997 0.5706390630952382 0.7411312501547989 0.583940625 0.7423625003095975 0.606384375 0.7489296873065016 0.6213484380952381 0.7591921876160991 0.6180234380952381 0.7657593752321982 0.613865625 0.7731484377708979 0.601396875 0.7805359374613002 0.593084375 0.7875140625386997 0.5831093749999999 0.7916187498452013 0.573965625
1 0.7427734377708978 0.587265625 0.7366171876160992 0.588096875 0.7267656247678018 0.588928125 0.7193765622291022 0.594746875 0.709525 0.603890625 0.7025484377708979 0.609709375 0.7017265622291021 0.6221796869047619 0.7041890625386996 0.642960938095238 0.709525 0.655429688095238 0.7201984377708978 0.66706875 0.7308703126934986 0.6662375 0.7386687498452013 0.6595875 0.7440046873065015 0.646285938095238 0.7468781250773995 0.6238421880952381 0.7456468749226006 0.6047218750000001 0.7427734377708978 0.587265625
1 0.7050109374613003 0.637142188095238 0.7013156247678018 0.6180234380952381 0.6968015622291022 0.617192188095238 0.6853078123839009 0.613034375 0.675867187616099 0.6122031250000001 0.6631437498452012 0.605553125 0.6631437498452012 0.6163609369047619 0.6639640625386997 0.6329859380952381 0.6668375003095975 0.6471171869047619 0.6725843752321982 0.66041875 0.6779203126934984 0.6728875 0.6853078123839009 0.68369375 0.6943390625386997 0.6903437499999999 0.7037796873065015 0.68535625 0.7066531250773994 0.67455 0.7078843752321982 0.6579234369047618 0.7050109374613003 0.637142188095238
1 0.6344109374613003 0.587265625 0.6282531250773994 0.599734375 0.6311265622291021 0.6163609369047619 0.632357812383901 0.6379734369047619 0.6405671876160991 0.655429688095238 0.6483656247678019 0.664575 0.6557546873065017 0.66041875 0.6619109374613003 0.6496109369047619 0.6635531250773994 0.6271671880952381 0.6610906247678018 0.608046875 0.6553437498452012 0.601396875 0.6479562501547989 0.595578125 0.6344109374613003 0.587265625
0 0.6270218749226006 0.609709375 0.622917187616099 0.6196859369047619 0.622917187616099 0.6329859380952381 0.6286640625386997 0.631323438095238 0.6303062501547988 0.6213484380952381 0.6311265622291021 0.608046875 0.6270218749226006 0.609709375
1 0.37130156222910216 0.597240625 0.36965937523219816 0.6188546869047619 0.3708906247678018 0.642960938095238 0.3770484377708978 0.6570921869047619 0.3848468749226006 0.6587546880952381 0.39469843777089786 0.6471171869047619 0.39921406253869973 0.6329859380952381 0.4037281250773994 0.6196859369047619 0.40578125015479877 0.6030593750000001 0.4061906247678018 0.581446875 0.3942874996904025 0.586434375 0.3778687498452012 0.588928125 0.37130156222910216 0.597240625
1 0.327792187616099 0.600565625 0.3269718749226006 0.6238421880952381 0.3327171876160991 0.6471171869047619 0.3392859374613003 0.66125 0.34872656222910214 0.6637437500000001 0.35488281238390096 0.652104688095238 0.3598078123839009 0.642129686904762 0.36637656222910214 0.6288296880952381 0.3688390625386997 0.611371875 0.3680171876160991 0.593915625 0.35611406253869965 0.588096875 0.34215781238390097 0.5922531249999999 0.327792187616099 0.600565625
1 0.3290234377708978 0.6238421880952381 0.3282031250773994 0.607215625 0.3220453126934984 0.605553125 0.3175312501547987 0.608046875 0.3064484377708978 0.607215625 0.2945437498452012 0.601396875 0.2855140625386997 0.606384375 0.2768937498452012 0.615528125 0.2785359374613003 0.641298436904762 0.28387187492260063 0.6728875 0.2924921876160991 0.6870187499999999 0.3027531250773994 0.6903437499999999 0.3101421876160991 0.6845249999999999 0.3187625003095975 0.6678999999999999 0.3236874996904025 0.655429688095238 0.3290234377708978 0.642129686904762 0.3290234377708978 0.6238421880952381
25 0.3222414848297213 0.43992289285714287 0.3198484321981424 0.4490962630952381 0.31745537956656344 0.4618592119047619 0.3166576947368421 0.47262794999999996 0.31785422167182664 0.48698626666666667 0.3210449585139319 0.49895153095238093 0.3246345380804953 0.5089225857142857 0.3338079077399381 0.5105179535714286 0.34098706625387 0.5113156380952381 0.34696969845201237 0.509720269047619 0.35215464643962846 0.502142269047619 0.35055927801857584 0.4746221607142857 0.3441778037151703 0.4574719476190476 0.3421835925696594 0.44391131428571434 0.33739748668730646 0.4243680488095238 0.33620096037151703 0.42117731190476193 0.33261138080495356 0.41958194285714284 0.328622959752322 0.42197499642857145 0.326229906501548 0.42357036428571426 0.3222414848297213 0.43992289285714287
10 0.18621773560371518 0.6262027773809523 0.17952363405572758 0.6322883238095238 0.17343808730650154 0.6401995357142857 0.16856964953560372 0.6450679726190476 0.1661354309597523 0.6511535202380953 0.1673525399380805 0.6578476214285714 0.1776979696594427 0.6596732857142856 0.18621773560371518 0.6535877380952381 0.19047761857585138 0.6475021916666667 0.197171720123839 0.6389824261904762 0.2026487120743034 0.631679769047619 0.2056914854489164 0.6225514488095238 0.20386582167182665 0.6152487928571428 0.19838882910216718 0.6122060190476191 0.1929118371517028 0.6146402380952382 0.18986906377708979 0.6207257857142857 0.18621773560371518 0.6262027773809523
6 0.24463898575851395 0.6036862535714286 0.2288165640866873 0.6030776988095238 0.22090535294117644 0.6042948083333334 0.22090535294117644 0.6140316833333334 0.2385534390092879 0.6255942226190476 0.25255019690402475 0.631679769047619 0.2665469547987616 0.6389824261904762 0.27628382972136223 0.6335054333333333 0.27871804891640867 0.624377113095238 0.26837261857585143 0.6152487928571428 0.25863574365325076 0.6091632464285714 0.24463898575851395 0.6036862535714286
13 0.20433265634674921 0.4741926821428571 0.30931736594427245 0.4720788952380952 0.5080132594427245 0.4586915833333333 0.6926172452012385 0.47912484880952383 0.7898514061919505 0.46855591904761906 0.7940789783281734 0.4037331452380953 0.7482802792569659 0.40232395476190475 0.7074137479876161 0.4290985785714286 0.6714793845201239 0.4298031738095238 0.630612853250774 0.42275722023809525 0.5996106569659443 0.41430207619047615 0.5460614092879257 0.4192342428571429 0.4763064681114551 0.4213480297619048 0.42909857832817333 0.40866531309523807 0.3889366427244582 0.41641586190476193 0.35793444643962846 0.4192342428571429 0.31918170092879256 0.42346181547619044 0.2733830024767802 0.43050776904761906 0.21067401486068113 0.42557560119047616 0.20433265634674921 0.4741926821428571
13 0.4213480291021672 0.6489323333333333 0.4558732024767802 0.6503415238095238 0.5284465250773994 0.6545690952380953 0.5883371312693498 0.6616150488095237 0.6573874773993807 0.6757069571428571 0.723619441486068 0.6834575059523809 0.7729411170278637 0.6404771880952381 0.8046479089783282 0.5897463214285714 0.7919651919504644 0.5622671023809525 0.7398251349845201 0.6038382297619047 0.6242714947368421 0.6299082583333333 0.5418338371517027 0.6052474202380952 0.41359748049535605 0.6031336345238095 0.27972436037151704 0.6404771880952381 0.29099788668730653 0.69191265 0.334682799380805 0.6862758869047619 0.3825952842105263 0.6799345285714286 0.4213480291021672 0.6489323333333333
