0 0.27646874984520126 0.52905 0.2844593752321981 0.539178125 0.2944484377708978 0.54829375 0.29694531269349844 0.54930625 0.30044062476780187 0.5412046869047619 0.2999421876160991 0.52905 0.29345 0.5219609369047619 0.2839609374613003 0.514871875 0.2759703126934984 0.5037296880952381 0.27197343777089783 0.4925890619047619 0.2649828123839009 0.497653125 0.26048749969040247 0.513857813095238 0.2684781250773994 0.522973436904762 0.27646874984520126 0.52905
0 0.31792031269349846 0.5655125 0.32591093746130034 0.566525 0.3324046873065016 0.560448438095238 0.3368984377708978 0.558421875 0.3468875003095975 0.558421875 0.3533796873065016 0.557409375 0.35687656222910213 0.5331015630952382 0.3528796873065016 0.49967968809523805 0.34738750030959753 0.501704688095238 0.34139374984520127 0.5128453119047619 0.3324046873065016 0.50879375 0.3234140625386997 0.5128453119047619 0.3159234377708978 0.5260125 0.314425 0.54829375 0.31792031269349846 0.5655125
0 0.37785156222910216 0.5513328130952382 0.3808484377708979 0.5351281250000001 0.38734062476780184 0.5239859380952381 0.38534218761609906 0.5118328119047619 0.37935 0.48144843809523813 0.36986093746130033 0.478409375 0.3628687498452013 0.494615625 0.35687656222910213 0.5098078130952381 0.35238125015479876 0.517909375 0.357375 0.5442421869047619 0.36486718761609904 0.54930625 0.37785156222910216 0.5513328130952382
2 0.40532031269349844 0.566525 0.3998265622291021 0.5442421869047619 0.3923343752321981 0.5280374999999999 0.3838453126934984 0.5341140630952381 0.37885 0.54626875 0.37835156222910216 0.566525 0.3823468749226006 0.5938703130952381 0.3888390625386997 0.5979218749999999 0.3973296873065016 0.5928578119047619 0.40482031269349844 0.5807046880952381 0.40532031269349844 0.566525
2 0.4362843752321981 0.566525 0.4332874996904025 0.538165625 0.42030156222910214 0.52905 0.4113125003095975 0.5260125 0.40482031269349844 0.5422171880952381 0.4063187498452013 0.5655125 0.4108140625386997 0.58576875 0.4163062501547988 0.5969093750000001 0.42479687492260065 0.58880625 0.4332874996904025 0.5827296869047619 0.4362843752321981 0.566525
0 0.6260640625386997 0.4925890619047619 0.6265640625386997 0.502717186904762 0.6295593752321982 0.5118328119047619 0.6355531250773994 0.5118328119047619 0.6300593752321981 0.48043593690476194 0.6290609374613003 0.48448749999999996 0.6260640625386997 0.4925890619047619
0 0.7044734377708979 0.502717186904762 0.7074703126934984 0.494615625 0.7119640625386997 0.48448749999999996 0.7184562501547987 0.47638437499999997 0.7134624996904024 0.4723328130952381 0.7069703126934985 0.4723328130952381 0.7004781250773994 0.474359375 0.6954828123839009 0.4834734369047619 0.6924875003095975 0.4936015619047619 0.6959828123839009 0.5037296880952381 0.7009765622291022 0.515884375 0.7039734377708979 0.5300640619047619 0.7059718749226006 0.516896875 0.7044734377708979 0.502717186904762
0 0.7149609374613003 0.636409375 0.7164593752321982 0.6232421880952381 0.7119640625386997 0.6151390630952381 0.708967187616099 0.6050109369047619 0.7039734377708979 0.599946875 0.6909890625386996 0.6121015630952381 0.6859937498452011 0.611089063095238 0.675007812383901 0.60805 0.6675156247678019 0.6212171869047619 0.6670171876160992 0.635395311904762 0.6745078123839009 0.654639063095238 0.6829984377708979 0.660715625 0.6899906247678019 0.659703125 0.6964828123839009 0.652614061904762 0.7064703126934984 0.6536265619047619 0.7094671876160991 0.6465375 0.7149609374613003 0.636409375
0 0.6260640625386997 0.63525 0.6173812501547988 0.637765625 0.6161406247678018 0.644682813095238 0.6170703126934984 0.6534875 0.6167609374613002 0.666065625 0.6201718749226006 0.6786421880952381 0.6273046873065016 0.6855609380952381 0.6322656247678018 0.672353125 0.6328859374613003 0.660404686904762 0.6384687498452012 0.6597765630952381 0.64405 0.664178125 0.6496312501547988 0.664807811904762 0.658625 0.660404686904762 0.6595546873065016 0.6534875 0.6576937498452012 0.6396515619047619 0.654282812383901 0.631476563095238 0.6502515622291022 0.6327343750000001 0.6434296873065015 0.6390234380952381 0.6356765622291021 0.6396515619047619 0.6260640625386997 0.63525
0 0.6673078123839009 0.647828125 0.6669968749226006 0.6383937500000001 0.664517187616099 0.63210625 0.6607953126934984 0.6339921869047619 0.658625 0.6402812499999999 0.6607953126934984 0.6497140619047619 0.6648265622291022 0.652857811904762 0.6673078123839009 0.647828125
2 0.5894718749226006 0.6780140630952382 0.5938140625386997 0.6868171880952381 0.5966046873065015 0.690590625 0.6009453126934985 0.6949937500000001 0.6071484377708978 0.697509375 0.6121093752321981 0.6868171880952381 0.6155203126934984 0.672982811904762 0.6158312501547988 0.6597765630952381 0.6130390625386997 0.644682813095238 0.6071484377708978 0.634621875 0.6006359374613003 0.634621875 0.5947437498452013 0.631476563095238 0.589782812383901 0.6333640630952381 0.5832703126934984 0.6402812499999999 0.5854406247678019 0.6591468749999999 0.5894718749226006 0.6780140630952382
2 0.5841999999999999 0.710715625 0.5882312501547987 0.7075703130952381 0.5935031250773994 0.690590625 0.5925734377708979 0.6679515630952381 0.5876109374613003 0.6453125 0.5804796873065016 0.6459406249999999 0.575517187616099 0.642796875 0.5683843752321982 0.662920311904762 0.5677656247678018 0.6799 0.5736562501547987 0.7000249999999999 0.5764484377708978 0.7050546869047619 0.5783078123839009 0.710715625 0.5841999999999999 0.710715625
0 0.4226374996904025 0.68493125 0.4198468749226006 0.6830453130952381 0.41860625015479874 0.690590625 0.4198468749226006 0.7037968750000001 0.4210874996904025 0.7182625 0.42387812507739936 0.712601561904762 0.4257390625386997 0.7044265630952381 0.42542812507739936 0.6918484380952381 0.4226374996904025 0.68493125
0 0.3897671876160991 0.7019109380952381 0.3910078123839009 0.69310625 0.3919375003095975 0.6868171880952381 0.3944187498452012 0.6805296869047619 0.3941078123839009 0.6736109380952381 0.3919375003095975 0.672982811904762 0.3872859374613003 0.672982811904762 0.383875 0.677384375 0.3776734377708978 0.6799 0.37612187492260063 0.692478125 0.37426093746130035 0.706942186904762 0.3776734377708978 0.7251796880952381 0.3820140625386997 0.7251796880952381 0.38449531269349846 0.715117188095238 0.38697656222910215 0.710085938095238 0.3897671876160991 0.7019109380952381
0 0.3665093752321981 0.644054686904762 0.36309843777089784 0.6421671880952381 0.3587562501547988 0.642796875 0.3537953126934984 0.6490859380952381 0.34852343777089784 0.664178125 0.3451125003095975 0.6780140630952382 0.34077031269349845 0.6987671880952381 0.3417015622291022 0.710085938095238 0.34635312507739935 0.7088281249999999 0.3519343752321981 0.7050546869047619 0.3572062501547988 0.697509375 0.36216718761609906 0.692478125 0.36495781238390096 0.688075 0.3686796873065015 0.6786421880952381 0.36899062476780187 0.662292188095238 0.3665093752321981 0.644054686904762
6 0.3306919281733746 0.7440007654761904 0.3306919281733746 0.6940293928571428 0.2666400866873065 0.6830982047619047 0.26507786996904026 0.7486856285714286 0.3306919281733746 0.7440007654761904
