0 0.5129015622291021 0.7174515619047619 0.5157906247678018 0.70908125 0.5166156247678019 0.6906656250000001 0.5124890625386997 0.6789468750000001 0.5075359374613003 0.669739061904762 0.5021703126934984 0.6705765619047619 0.4988671876160991 0.6848062500000001 0.49845468730650155 0.7057328119047619 0.5034078123839009 0.7266578119047619 0.5096 0.7258218750000001 0.5129015622291021 0.7174515619047619
2 0.7159718749226006 0.679784375 0.7126703126934985 0.672251561904762 0.7032164303405574 0.674192880952381 0.699875 0.704895311904762 0.7023515622291022 0.713265625 0.7052406247678018 0.7149390619047619 0.7097812501547988 0.7174515619047619 0.714732812383901 0.713265625 0.7155593752321981 0.6973625 0.7159718749226006 0.679784375
9 0.7060656247678019 0.669739061904762 0.7151468749226007 0.673925 0.7167968749226006 0.631235936904762 0.7176234377708978 0.5751546869047619 0.7126703126934985 0.6203546869047619 0.7060656247678019 0.669739061904762
9 0.7378468749226006 0.634584375 0.7378468749226006 0.66304375 0.7461015622291022 0.6588578119047619 0.7448640625386997 0.61784375 0.7465140625386997 0.59524375 0.7510546873065016 0.5793406249999999 0.7576593752321982 0.5626 0.7506421876160991 0.57180625 0.7407359374613003 0.6044515619047619 0.7378468749226006 0.634584375
9 0.7572468749226006 0.63876875 0.7621984377708979 0.61868125 0.7671515622291022 0.583525 0.7498171876160992 0.651325 0.7518812501547988 0.66220625 0.7572468749226006 0.63876875
0 0.7617859374613003 0.712428125 0.7650890625386998 0.722473436904762 0.7749937498452012 0.7174515619047619 0.7782968749226006 0.703221875 0.7782968749226006 0.6881546869047619 0.7704546873065016 0.6848062500000001 0.7650890625386998 0.6923390630952381 0.7617859374613003 0.712428125
2 0.7906781250773993 0.7333546880952381 0.7931546873065015 0.7266578119047619 0.7910906247678019 0.710754686904762 0.7811859374613004 0.713265625 0.7741687498452012 0.7174515619047619 0.7667390625386997 0.723309375 0.7679781250773994 0.7325171869047619 0.7725171876160991 0.735028125 0.7791218749226005 0.7400500000000001 0.7832484377708978 0.7392140630952381 0.7906781250773993 0.7333546880952381
2 0.7370218749226006 0.7149390619047619 0.734957812383901 0.7207984369047619 0.7361968749226007 0.73000625 0.743625 0.7316796869047619 0.7502296873065015 0.736703125 0.7580718749226006 0.735028125 0.7626124996904025 0.7258218750000001 0.7638499999999999 0.712428125 0.7621984377708979 0.68648125 0.7593093752321981 0.681457811904762 0.7531187498452012 0.675598436904762 0.7485781250773994 0.66304375 0.7432125003095975 0.66220625 0.7399109374613003 0.6647171869047619 0.7366093752321982 0.6705765619047619 0.734957812383901 0.681457811904762 0.7378468749226006 0.689828125 0.7370218749226006 0.7149390619047619
2 0.8290640625386997 0.7082437500000001 0.8236984377708979 0.710754686904762 0.8166812501547988 0.716614061904762 0.8150296873065015 0.73000625 0.8241478891640868 0.7394958678571428 0.8326130910216718 0.7376818964285714 0.8422718749226007 0.724146875 0.8455734377708979 0.7182875 0.8364937498452012 0.7099171880952381 0.8290640625386997 0.7082437500000001
0 0.7543562501547987 0.794457811904762 0.7498171876160992 0.806176561904762 0.7564203126934985 0.82040625 0.7601359374613004 0.818732813095238 0.763025 0.8086875 0.7626124996904025 0.7978062499999999 0.7605484377708978 0.7877625 0.7543562501547987 0.794457811904762
0 0.7448640625386997 0.816220313095238 0.7469281250773994 0.794457811904762 0.7428 0.788598436904762 0.7370218749226006 0.791109375 0.7378468749226006 0.8095249999999999 0.7448640625386997 0.816220313095238
0 0.6973984377708978 0.777717188095238 0.6932703126934984 0.788598436904762 0.692032812383901 0.8078500000000001 0.6965734377708979 0.82040625 0.7035890625386998 0.8229171880952382 0.7073046873065016 0.8195687500000001 0.7064781250773994 0.812873438095238 0.7044140625386998 0.8053390630952382 0.699875 0.791109375 0.7002875003095975 0.7735328119047619 0.6973984377708978 0.777717188095238
2 0.7271156247678018 0.7559546869047619 0.7188609374613002 0.7551171869047619 0.7114312501547988 0.7576281250000001 0.7048281250773994 0.7626499999999999 0.7023515622291022 0.771020311904762 0.7011124996904025 0.783576563095238 0.7027640625386996 0.7961328119047619 0.7044140625386998 0.807014063095238 0.7081296873065016 0.818732813095238 0.7159718749226006 0.817895311904762 0.7192734377708979 0.829614061904762 0.7254640625386998 0.832125 0.7316562501547987 0.8312875000000001 0.7361968749226007 0.8254281250000001 0.7390859374613004 0.807014063095238 0.7328937498452012 0.7902734369047619 0.7308312501547988 0.7793921869047619 0.7312437498452012 0.7618140619047619 0.7271156247678018 0.7559546869047619
9 0.7423874996904024 0.861420311904762 0.735782812383901 0.82040625 0.7324812501547987 0.83045 0.7320687498452012 0.837984375 0.7353703126934985 0.8538875 0.7394984377708977 0.878160938095238 0.7489906247678018 0.93340625 0.7444515622291022 0.8915546880952381 0.7423874996904024 0.861420311904762
9 0.7221625003095975 0.904109375 0.7275281250773994 0.925035938095238 0.7283546873065014 0.9183390619047619 0.7267031250773994 0.901598438095238 0.7271156247678018 0.869790625 0.7279406247678019 0.832125 0.7229890625386997 0.884857811904762 0.72175 0.829614061904762 0.7184484377708978 0.8271031249999999 0.7188609374613002 0.861420311904762 0.7221625003095975 0.904109375
2 0.554175 0.7785546869047619 0.5537624996904025 0.771020311904762 0.5471593752321982 0.7634875000000001 0.5422062501547987 0.758465625 0.5347765622291022 0.75344375 0.5298234377708978 0.759303125 0.5273468749226007 0.758465625 0.5215687498452012 0.7567921880952381 0.518267187616099 0.7618140619047619 0.5153781250773994 0.7676734369047619 0.51125 0.765998438095238 0.5071234377708979 0.7668359369047619 0.5075359374613003 0.783576563095238 0.5075359374613003 0.795295313095238 0.5096 0.8053390630952382 0.5145515622291021 0.816220313095238 0.5186796873065015 0.8170578130952382 0.5203312501547988 0.8229171880952382 0.5190921876160991 0.8346359380952382 0.5203312501547988 0.839657813095238 0.5248703126934985 0.837984375 0.5277593752321982 0.8371468750000001 0.5339515622291021 0.8346359380952382 0.5380781250773994 0.83045 0.5430312501547987 0.816220313095238 0.5471593752321982 0.7986437500000001 0.554175 0.7785546869047619
9 0.5405546873065016 0.826265625 0.5363843752321982 0.8293656250000001 0.5368281250773994 0.8541859380952381 0.5343640625386997 0.895739063095238 0.5339390625386997 0.837042186904762 0.5306484377708978 0.8371468750000001 0.5306484377708978 0.8547250000000001 0.5289984377708978 0.8764875 0.5318874996904025 0.901598438095238 0.5310625003095976 0.927546875 0.5327124996904025 0.9233609380952381 0.5368406247678018 0.90996875 0.5364281250773993 0.9007609369047619 0.5384906247678019 0.884857811904762 0.539317187616099 0.859746875 0.5405546873065016 0.826265625
9 0.5199171876160991 0.836309375 0.5157906247678018 0.855560936904762 0.512075 0.883184375 0.5075359374613003 0.928384375 0.5149656247678018 0.89825 0.518267187616099 0.884857811904762 0.525282812383901 0.8404953130952382 0.5199171876160991 0.836309375
10 0.8312468749226005 0.9039359369047619 0.8326093752321981 0.868028125 0.8244375003095975 0.8643453130952381 0.8158109374613003 0.8615828130952381 0.809 0.8707906249999999 0.8135406247678019 0.8956500000000001 0.8208046873065016 0.9094609369047619 0.8262531250773995 0.908540625 0.8312468749226005 0.9039359369047619
