0 0.48326874984520124 0.5730578119047619 0.48615781238390093 0.5831031249999999 0.49028437523219814 0.5872875 0.494825 0.5831031249999999 0.4968890625386997 0.5730578119047619 0.4989531250773994 0.5521328119047619 0.49028437523219814 0.5479468749999999 0.48574531269349847 0.5563171880952381 0.48326874984520124 0.5730578119047619
0 0.7581562501547988 0.5655249999999999 0.7598078123839009 0.5479468749999999 0.7602203126934984 0.5345546869047619 0.7626968749226006 0.521998438095238 0.7602203126934984 0.5144656249999999 0.7540281250773994 0.5203249999999999 0.7441234377708978 0.5295328130952381 0.7420593752321982 0.542925 0.7383437498452012 0.5613390619047619 0.7420593752321982 0.5722203119047619 0.7437109374613002 0.5797546880952381 0.7486624996904024 0.588125 0.7548546873065015 0.588125 0.7581562501547988 0.5780796869047619 0.7581562501547988 0.5655249999999999
2 0.8283234377708978 0.60905 0.8374031250773993 0.604865625 0.8374031250773993 0.5914734380952381 0.8361656247678019 0.574732813095238 0.8287359374613004 0.5713843749999999 0.8204812501547988 0.57640625 0.8225437498452012 0.55296875 0.8254343752321982 0.5479468749999999 0.8254343752321982 0.5295328130952381 0.8237828123839009 0.5186515630952381 0.8213062501547987 0.5111171869047619 0.8171781250773994 0.5119546880952381 0.8134640625386997 0.5245093749999999 0.8085109374613003 0.5286953119047619 0.8031453126934985 0.5286953119047619 0.8002562501547987 0.5286953119047619 0.7953031250773994 0.5345546869047619 0.7944781250773993 0.5462734369047619 0.7911765622291023 0.5596656249999999 0.7899375003095975 0.5847765619047619 0.7948906247678018 0.5914734380952381 0.7986046873065016 0.5964953119047619 0.8019078123839009 0.604865625 0.8056218749226006 0.605703125 0.80975 0.603190625 0.8122265622291021 0.604865625 0.8159406247678018 0.610725 0.8217187498452012 0.6123984380952381 0.8283234377708978 0.60905
9 0.8354187498452013 0.490275 0.8439453126934985 0.465371875 0.8480390625386998 0.43355000000000005 0.8487218749226005 0.4197140630952381 0.8425812501547987 0.454303125 0.8343953126934985 0.4798984380952381 0.8285953126934985 0.4965 0.8210906247678019 0.5137953130952381 0.8248437498452013 0.519328125 0.8354187498452013 0.490275
9 0.8343953126934985 0.421790625 0.8279140625386997 0.44323437499999996 0.8224562501547987 0.482665625 0.8197265622291022 0.5110281249999999 0.8241609374613003 0.5061859380952382 0.826207812383901 0.48128125 0.8299609374613003 0.44807656309523813 0.8343953126934985 0.421790625
9 0.8152921876160991 0.4439265619047619 0.8152921876160991 0.4778234380952381 0.8159750000000001 0.5151781249999999 0.8197265622291022 0.50964375 0.8183624996904024 0.480590625 0.8190453126934985 0.4197140630952381 0.8152921876160991 0.4439265619047619
0 0.8831734377708979 0.5898890630952381 0.8845375003095975 0.5864296869047619 0.8865843752321981 0.5774375 0.8848796873065016 0.558759375 0.8821500000000001 0.536623438095238 0.8783984377708979 0.530396875 0.8753281250773993 0.540773438095238 0.8688468749226007 0.562909375 0.8698703126934985 0.5788203130952381 0.8749874996904025 0.591271875 0.8831734377708979 0.5898890630952381
0 0.8935734377708979 0.549075 0.8898203126934985 0.5352390630952382 0.8884562501547987 0.5483828119047619 0.8898203126934985 0.5573765619047619 0.8905031250773994 0.5656765630952381 0.8932328123839008 0.569828125 0.8959609374613003 0.5753609369047619 0.8993718749226006 0.576053125 0.9027828123839009 0.569828125 0.8980078123839009 0.5601421869047619 0.8935734377708979 0.549075
0 0.9239328123839009 0.646879688095238 0.9201796873065016 0.644804688095238 0.9174515622291022 0.646879688095238 0.9096046873065015 0.6579484369047619 0.9024421876160991 0.660023438095238 0.9034656247678019 0.6683250000000001 0.9102874996904025 0.6717828119047619 0.9164281250773993 0.667632813095238 0.9222265622291022 0.6627906250000001 0.9239328123839009 0.646879688095238
0 0.8819750000000001 0.66140625 0.8785640625386998 0.66348125 0.8761765622291021 0.6717828119047619 0.8765171876160991 0.6828515619047619 0.8802703126934984 0.6842343750000001 0.883340624767802 0.68354375 0.8847046873065015 0.671090625 0.8819750000000001 0.66140625
0 0.8335375003095975 0.699453125 0.8376312501547988 0.68976875 0.8369484377708978 0.6793921869047619 0.8318312501547988 0.672475 0.8287625003095975 0.676625 0.8287625003095975 0.6925359380952381 0.8335375003095975 0.699453125
0 0.7752078123839009 0.677317188095238 0.7775953126934985 0.6939203119047619 0.7796421876160992 0.6932281250000001 0.7830531250773994 0.6870015619047619 0.7837359374613003 0.678009375 0.7806656247678018 0.6669406250000001 0.7762312501547987 0.6704 0.7752078123839009 0.677317188095238
8 0.7298390625386997 0.817745311904762 0.7332515622291021 0.808753125 0.7329093752321981 0.7866156249999999 0.7329093752321981 0.7534109380952381 0.7322281250773994 0.7319671869047619 0.7332515622291021 0.7049875 0.7274515622291021 0.709829688095238 0.7161953126934985 0.709139061904762 0.7083499999999999 0.7015296869047619 0.7093734377708978 0.721590625 0.7155125003095976 0.752720311904762 0.7155125003095976 0.78108125 0.7196062501547987 0.808753125 0.7243812501547987 0.8198203119047619 0.7298390625386997 0.817745311904762
0 0.7151718749226007 0.743034375 0.718582812383901 0.7499531250000001 0.7254046873065015 0.7485687499999999 0.7308625003095975 0.732657813095238 0.7329093752321981 0.707754686904762 0.7325687498452013 0.7029125 0.7305218749226007 0.698070313095238 0.7277937498452012 0.7029125 0.723017187616099 0.711214063095238 0.7168781250773995 0.708446875 0.7107375003095976 0.699453125 0.7090312501547988 0.708446875 0.7114203126934985 0.725048436904762 0.7151718749226007 0.743034375
7 0.7257468749226006 0.8212046869047618 0.7216531250773993 0.814978125 0.7192656247678019 0.800451561904762 0.7165359374613003 0.7796984380952381 0.7117609374613002 0.788690625 0.7124437498452012 0.8142859380952381 0.7144890625386997 0.8364234380952381 0.7247234377708978 0.844725 0.7318859374613004 0.830196875 0.7342734377708978 0.8191296880952381 0.7329093752321981 0.793534375 0.7298390625386997 0.8163625 0.7257468749226006 0.8212046869047618
0 0.5002718749226006 0.669015625 0.498907812383901 0.6787 0.5023187498452012 0.6842343750000001 0.5070937498452013 0.6828515619047619 0.5091406247678019 0.6759343750000001 0.5067531250773993 0.6669406250000001 0.503 0.6669406250000001 0.5002718749226006 0.669015625
0 0.4746890625386997 0.7015296869047619 0.47980468730650155 0.6883859369047619 0.4794640625386997 0.677317188095238 0.47332343777089786 0.6752421869047619 0.4692312501547987 0.671090625 0.4651375003095975 0.6704 0.4620671876160991 0.672475 0.46104374984520125 0.6883859369047619 0.46104374984520125 0.7056796869047619 0.4651375003095975 0.707754686904762 0.47025312507739936 0.707754686904762 0.4746890625386997 0.7015296869047619
0 0.4381890625386997 0.7001453119047619 0.4433062501547988 0.712596875 0.45046874984520124 0.72020625 0.45797343777089783 0.71813125 0.46036093746130036 0.7056796869047619 0.45763281238390097 0.695303125 0.4538812501547988 0.68769375 0.45012812507739935 0.6752421869047619 0.44774062476780185 0.6683250000000001 0.4436468749226006 0.660023438095238 0.44091874984520124 0.667632813095238 0.43716562476780185 0.6793921869047619 0.4381890625386997 0.7001453119047619
13 0.7148437498452012 0.7239583333333334 0.838541666873065 0.71875 0.921875 0.6979166666666666 0.9296874996904025 0.69140625 0.8671874996904025 0.69921875 0.8111979164086687 0.7109375 0.744791666873065 0.69921875 0.7252604167182664 0.6966145833333334 0.640625 0.6770833333333334 0.5911458334365325 0.6731770833333334 0.5390625003095976 0.7018229166666666 0.505208333126935 0.7109375 0.4518229164086688 0.7265625 0.3619791665634675 0.7083333333333334 0.35286458328173376 0.7018229166666666 0.3268745981424149 0.6833784107142857 0.38411458328173376 0.75390625 0.6223958334365325 0.6953125 0.6640625003095975 0.7096354166666666 0.7148437498452012 0.7239583333333334
13 0.32031250030959757 0.5325520833333334 0.3463541665634675 0.53515625 0.38151041671826624 0.5377604166666666 0.46484374984520127 0.52734375 0.4856770835913312 0.51953125 0.5195312501547987 0.5104166666666666 0.5638020835913312 0.4973958333333333 0.6106770835913312 0.4986979166666667 0.6744791665634675 0.5078125 0.7213541665634675 0.5182291666666666 0.776041666873065 0.5286458333333334 0.8242187498452012 0.5260416666666666 0.911458333126935 0.5260416666666666 0.9244791665634675 0.4973958333333333 0.8789062501547988 0.5130208333333334 0.8632812501547988 0.515625 0.8059895832817336 0.5169270833333334 0.7643229164086687 0.5182291666666666 0.7265625003095975 0.5065104166666666 0.6809895832817336 0.49609375 0.6315104167182662 0.4869791666666667 0.5768229164086688 0.4817708333333333 0.5481770835913312 0.4869791666666667 0.43098958328173376 0.5299479166666666 0.317708333126935 0.5208333333333334 0.32031250030959757 0.5325520833333334
