0 0.36469137121298445 0.5226181556406949 0.3805340088782714 0.5242459173734965 0.37622072229589776 0.566222434443165 0.36037808550008776 0.5645946784073107
0 0.3942367422221196 0.5721559155983958 0.3865824614114217 0.572327359864094 0.3858330496805138 0.538871295384761 0.39348728708785075 0.5386998516058744
2 0.3941015625 0.5341625 0.4124875 0.5341625 0.4124875 0.5821015625 0.3941015625 0.5821015625
1 0.7591946176571582 0.5437323307811622 0.7842909025156359 0.5936533443210166 0.7074681997427206 0.632269071306518 0.6823723664060708 0.5823484441770841
9 0.749115159318194 0.613714571205838 0.7658254733230478 0.59231775441547 0.8208481159297207 0.6352838561456471 0.8041379563114788 0.6566805310207856
1 0.6327555403811402 0.6461821023414668 0.6296911969926668 0.5917674505400911 0.6970253695124029 0.5879759464955753 0.7000900372221395 0.6423902525924269
9 0.6681840687499516 0.6434005140625092 0.6824921333419525 0.6388902388963412 0.7207763054846055 0.7603227503063528 0.7064682687285995 0.7648329642074689
9 0.6735986961508615 0.7799265585467418 0.6589554296941742 0.7801503683878264 0.6568896439484888 0.6450012885974786 0.6715324911037897 0.644777481909411
2 0.6091787496604866 0.6007408477855722 0.6300298922262755 0.5978628170916894 0.6388428435419655 0.6617045338110005 0.6179917046317769 0.6645825466813066
9 0.6458285547855667 0.8020197903942001 0.638315036549443 0.8029194751607761 0.6215851472928762 0.6632262336777046 0.6290984375000335 0.6623265625000011
0 0.3311584895576516 0.6399999587001959 0.34031411413286605 0.6409407295487566 0.3377353117180064 0.666034518488026 0.328579687499996 0.6650937499999953
0 0.3834984419798957 0.6761609379019389 0.3780842084174765 0.675675167572553 0.3804966291143046 0.6487909610483016 0.3859108333875838 0.6492767300565676
0 0.271634375028043 0.6304526408748111 0.28825019604744284 0.6313147441665055 0.28447832053336697 0.7040027219248272 0.26786250000009204 0.7031406250000022
0 0.32839733938055815 0.6673219285479522 0.31970052416693306 0.6666074493867207 0.3219297942641788 0.6394761477808466 0.3306265625000151 0.6401906249999989
0 0.7528184625793983 0.5221368496283922 0.7280800070427631 0.5198140262558958 0.7334677773155818 0.46243873858207846 0.7582060216911941 0.464761552014304
9 0.803175728336555 0.6671910395355511 0.7735543249710872 0.6860196229358013 0.7284641545624027 0.6150915978367457 0.7580851984374704 0.5962631656250015