0 0.13945312507739938 0.5131234369047619 0.13808437523219816 0.4963515630952381 0.13123906253869969 0.48209375 0.12530625015479877 0.4737078119047619 0.12074218761609908 0.483771875 0.11982968730650155 0.4963515630952381 0.12119843777089784 0.50976875 0.126675 0.524864063095238 0.13443281238390092 0.5257031249999999 0.13945312507739938 0.5131234369047619
2 0.13534531269349845 0.5198328119047619 0.13078281238390094 0.53325 0.13488906253869967 0.5366046880952381 0.13899687492260063 0.5416375 0.14264843777089783 0.539959375 0.14766874984520123 0.527379688095238 0.14538593746130032 0.5156390630952381 0.14127968730650156 0.5089296869047619 0.13534531269349845 0.5198328119047619
0 0.2266218749226006 0.5558937500000001 0.23209843777089784 0.560925 0.23666250030959754 0.5592484369047619 0.23666250030959754 0.5416375 0.2403140625386997 0.521509375 0.24259531269349843 0.5148015619047619 0.24213906253869968 0.4997046869047619 0.23666250030959754 0.5064140619047619 0.23072968730650154 0.5198328119047619 0.22479687492260061 0.529057811904762 0.22388437523219815 0.5449921880952381 0.2266218749226006 0.5558937500000001
1 0.23894374984520125 0.5575718749999999 0.2462468749226006 0.5726671869047619 0.2544609374613003 0.576859375 0.2654140625386997 0.576021875 0.2695218749226006 0.5659578130952381 0.2713468749226006 0.5340890630952381 0.2690656247678018 0.5173171880952381 0.2594812501547988 0.512284375 0.2480718749226006 0.5106078119047619 0.24259531269349843 0.5148015619047619 0.2403140625386997 0.5223484380952381 0.23894374984520125 0.534928125 0.23894374984520125 0.5575718749999999
1 0.26815312507739936 0.5810531250000001 0.27727968730650154 0.594471875 0.2909718749226006 0.5953093749999999 0.3014687498452012 0.5894390619047619 0.30283749969040247 0.5709890619047618 0.3014687498452012 0.544153125 0.29690468730650155 0.524864063095238 0.28732031269349845 0.5080921869047619 0.27682343777089785 0.5131234369047619 0.2695218749226006 0.5340890630952381 0.26724062476780186 0.548346875 0.26632656222910217 0.5634421880952382 0.26815312507739936 0.5810531250000001
9 0.26404531269349846 0.451903125 0.26313281238390096 0.4024234369047619 0.2599375003095975 0.47035312500000004 0.25674374984520126 0.492996875 0.2635890625386997 0.5047375 0.26404531269349846 0.451903125
9 0.2541687498452012 0.4192953119047619 0.2523656247678019 0.46284687500000005 0.25648749969040247 0.4619 0.2541687498452012 0.4192953119047619
9 0.2841640625386997 0.3809109369047619 0.28227812507739936 0.3864546880952381 0.2819 0.408634375 0.28152343777089783 0.507051561904762 0.29057499999999997 0.509825 0.2841640625386997 0.3809109369047619
0 0.307925 0.5437859380952381 0.3041531250773994 0.5465578130952381 0.3026453126934984 0.5659640619047619 0.30377656222910215 0.58051875 0.30679374984520125 0.5819046869047619 0.31132031269349847 0.574975 0.3139609374613003 0.5618062500000001 0.312075 0.54794375 0.307925 0.5437859380952381
0 0.329425 0.551409375 0.32602968730650156 0.557646875 0.32602968730650156 0.56804375 0.33131093746130036 0.574975 0.3316875003095975 0.5472515619047619 0.329425 0.551409375
0 0.3350828123839009 0.54794375 0.3343281250773994 0.5735890619047619 0.3388531250773994 0.5701234380952381 0.34149374984520126 0.5618062500000001 0.3399859374613003 0.553489063095238 0.3350828123839009 0.54794375
0 0.3660109374613003 0.5638859380952381 0.36789687492260065 0.5756671880952381 0.37204531269349844 0.5832921880952381 0.3724218749226006 0.5659640619047619 0.3724218749226006 0.5493296880952381 0.36940468730650156 0.5424 0.3648781250773994 0.5507171880952381 0.3660109374613003 0.5638859380952381
0 0.3795890625386997 0.5500234369047619 0.3746859374613003 0.54794375 0.3746859374613003 0.5562609369047619 0.3739312501547987 0.5708156249999999 0.3746859374613003 0.5846781249999999 0.3799656247678019 0.578440625 0.38222812507739934 0.56735 0.38222812507739934 0.5569546880952382 0.3795890625386997 0.5500234369047619
0 0.4154203126934985 0.564578125 0.4180609374613003 0.56735 0.4131562501547988 0.5403203119047619 0.4116484377708978 0.5486375 0.41202500000000003 0.5521031249999999 0.41277968730650155 0.558340625 0.4154203126934985 0.564578125
0 0.4173062501547988 0.5527953119047619 0.4176828123839009 0.5694296880952381 0.4207 0.5659640619047619 0.4233406247678019 0.557646875 0.4244718749226006 0.5500234369047619 0.4225859374613003 0.5417062500000001 0.41919218761609905 0.5375484369047618 0.4173062501547988 0.5527953119047619
1 0.4512515622291021 0.544478125 0.45389218761609906 0.56804375 0.46181250030959753 0.5791328130952381 0.4719953126934984 0.5812125 0.485575 0.5701234380952381 0.4878374996904025 0.5361625 0.4863281250773994 0.5139828130952381 0.47991718761609903 0.4855671869047619 0.47275 0.479328125 0.4636984377708978 0.4814078130952381 0.4550234377708978 0.489725 0.4512515622291021 0.5042796869047619 0.4497421876160991 0.52160625 0.4512515622291021 0.544478125
1 0.4851968749226006 0.5035859380952381 0.4851968749226006 0.5153687499999999 0.4859515622291022 0.52923125 0.48934531269349846 0.5424 0.4946265622291022 0.5500234369047619 0.5048093752321982 0.554875 0.5112218749226006 0.553489063095238 0.5198968749226006 0.5403203119047619 0.5210281250773994 0.5278453130952381 0.5214062501547988 0.5174484369047618 0.5172562501547987 0.492496875 0.5123531250773994 0.47794218690476187 0.5040562501547987 0.4848734380952381 0.4965124996904025 0.4945765630952381 0.4897234377708979 0.4959625 0.4851968749226006 0.5035859380952381
1 0.5221593752321981 0.469625 0.5146171876160991 0.47586249999999997 0.5119765622291022 0.4848734380952381 0.5100906247678019 0.49111093690476193 0.5100906247678019 0.50289375 0.5146171876160991 0.518834375 0.5232921876160991 0.532696875 0.5346062501547988 0.5396265630952382 0.5440359374613003 0.5375484369047618 0.5496937498452013 0.531309375 0.553842187616099 0.519528125 0.5527109374613003 0.500121875 0.550825 0.4834875 0.5470531250773994 0.47586249999999997 0.5425281250773993 0.47586249999999997 0.5383781250773993 0.47725 0.5312125003095975 0.47031875 0.5221593752321981 0.469625
2 0.4965124996904025 0.532003125 0.5044328123839009 0.5223 0.501792187616099 0.509825 0.5006609374613002 0.4980421869047619 0.5006609374613002 0.4834875 0.49575781238390093 0.47655625 0.49160937523219816 0.47794218690476187 0.4878374996904025 0.47101093690476187 0.48255625015479875 0.47725 0.4851968749226006 0.4945765630952381 0.4863281250773994 0.505665625 0.4863281250773994 0.52299375 0.4965124996904025 0.532003125
9 0.5255546873065016 0.42526718690476195 0.521782812383901 0.3795234380952381 0.5206515622291021 0.44051562499999997 0.5255546873065016 0.42526718690476195
9 0.4829343752321982 0.4647734369047619 0.48934531269349846 0.47170468809523813 0.49726718761609906 0.47655625 0.4968890625386997 0.45437812499999997 0.49726718761609906 0.42318906309523807 0.4961359374613003 0.4023953130952381 0.4923640625386997 0.3774453119047619 0.4938718749226006 0.4190296869047619 0.4927406247678019 0.4488328130952381 0.49349531269349844 0.4682390619047619 0.4889687498452012 0.46200156190476194 0.4859515622291022 0.43774375 0.4836890625386997 0.41209999999999997 0.48180312507739936 0.389228125 0.4795390625386997 0.37883125 0.4776531250773994 0.3906140630952381 0.48104843777089784 0.4321984380952381 0.4821796873065015 0.45021874999999995 0.4829343752321982 0.4647734369047619
9 0.4603031250773994 0.427346875 0.4636984377708978 0.421109375 0.46068125015479877 0.3836828130952381 0.45879531269349844 0.3518 0.45653125015479873 0.3240765619047619 0.4557781250773994 0.3670484380952381 0.45766406253869973 0.401009375 0.45879531269349844 0.4190296869047619 0.4603031250773994 0.427346875
0 0.6096640625386996 0.47586249999999997 0.6074015622291021 0.4654671869047619 0.6021203126934984 0.47378437500000004 0.5938234377708979 0.4855671869047619 0.5926921876160991 0.4952703119047619 0.5957093752321981 0.5084390630952381 0.6047609374613003 0.518834375 0.6138140625386996 0.5146765619047619 0.6311640625386997 0.5112109380952381 0.6379531250773993 0.500121875 0.6379531250773993 0.48903125 0.6356890625386997 0.47725 0.6413468749226006 0.46685312500000004 0.6394609374613003 0.4509125 0.6356890625386997 0.44952656190476187 0.6270140625386996 0.45368437500000003 0.6217343752321981 0.4647734369047619 0.6187171876160991 0.47378437500000004 0.6096640625386996 0.47586249999999997
9 0.6123046873065016 0.3573453119047619 0.6134359374613003 0.4030890619047619 0.6141906247678018 0.43150625000000004 0.6141906247678018 0.4425953130952381 0.6096640625386996 0.421803125 0.6055156247678019 0.3968515630952381 0.6058921876160991 0.37883125 0.6081562501547987 0.3698203130952381 0.6100421876160991 0.3608109369047619 0.6055156247678019 0.36635625000000005 0.602875 0.3836828130952381 0.6024984377708978 0.408634375 0.6066468749226006 0.43635781309523813 0.6089093752321981 0.45021874999999995 0.6100421876160991 0.46200156190476194 0.6077781250773994 0.4723984369047619 0.6111734377708978 0.479328125 0.6194703126934985 0.47794218690476187 0.6236203126934984 0.47031875 0.6232421876160991 0.45645625 0.6281453126934985 0.4419015630952381 0.631917187616099 0.41348593690476193 0.6338031250773993 0.3961578119047619 0.6341812501547986 0.3712078130952381 0.6296546873065015 0.3469484380952381 0.6304093752321981 0.37328593690476186 0.6304093752321981 0.39893125 0.6247515622291022 0.42526718690476195 0.6213562501547988 0.4398234380952381 0.6194703126934985 0.420415625 0.6183390625386996 0.38021718690476186 0.6175843752321981 0.34001875 0.6153218749226006 0.3240765619047619 0.6130593752321982 0.319225 0.6123046873065016 0.3573453119047619
0 0.6228656247678018 0.6124015619047619 0.6315406247678019 0.6214109369047619 0.6402156247678018 0.6186390630952382 0.6507765622291022 0.60755 0.6492671876160991 0.591609375 0.644742187616099 0.571509375 0.6379531250773993 0.5569546880952382 0.6334265622291021 0.5493296880952381 0.6262593752321982 0.5465578130952381 0.6247515622291022 0.5638859380952381 0.6221109374613003 0.578440625 0.6183390625386996 0.5985390619047619 0.6228656247678018 0.6124015619047619
2 0.5919374996904024 0.5687375 0.5787359374613004 0.5722015630952381 0.5787359374613004 0.5812125 0.5851484377708979 0.5992328130952381 0.5923140625386997 0.617253125 0.5968406247678019 0.617253125 0.602875 0.6144812500000001 0.6051390625386996 0.5992328130952381 0.6085328123839009 0.5909156249999999 0.6164531250773994 0.5798265619047619 0.6228656247678018 0.5722015630952381 0.6224890625386997 0.5562609369047619 0.6160765622291022 0.5555687500000001 0.6111734377708978 0.557646875 0.6040062501547988 0.5597265630952382 0.6002343752321981 0.5659640619047619 0.5919374996904024 0.5687375
2 0.5485624996904025 0.5812125 0.5425281250773993 0.5825984369047619 0.5440359374613003 0.617945311904762 0.5474312501547988 0.629728125 0.5504484377708979 0.6387390630952381 0.5568593752321982 0.640125 0.5617640625386997 0.6366593749999999 0.5776046873065016 0.6477484380952381 0.5840171876160991 0.6415109369047619 0.585525 0.6325 0.5904281250773994 0.62071875 0.57685 0.60685625 0.5723234377708979 0.6082421869047618 0.568175 0.604084375 0.562517187616099 0.592995311904762 0.5583687498452012 0.5943812500000001 0.5542203126934985 0.592995311904762 0.5485624996904025 0.5812125
9 0.5859031250773994 0.663689061904762 0.5817531250773994 0.64705625 0.5764734377708978 0.6498281250000001 0.5836390625386997 0.6747796869047619 0.5896734377708978 0.6941859380952381 0.5949546873065016 0.712898436904762 0.5998578123839009 0.728839061904762 0.6002343752321981 0.719135936904762 0.5926921876160991 0.688640625 0.5859031250773994 0.663689061904762
9 0.5478343752321981 0.6969218749999999 0.5494734377708979 0.7184390619047619 0.5532218749226007 0.7309203119047619 0.5579046873065016 0.7416781250000001 0.5555625003095975 0.723173438095238 0.5569687498452013 0.6934796880952381 0.5581390625386997 0.6706703119047619 0.5600124996904026 0.651734375 0.5611843752321981 0.6418375000000001 0.5565 0.6418375000000001 0.5511140625386997 0.6418375000000001 0.5473656247678019 0.677125 0.5478343752321981 0.6969218749999999
0 0.5518156247678019 0.5854609380952381 0.5518156247678019 0.5893343750000001 0.5560312501547987 0.59320625 0.5607156247678019 0.59320625 0.5614187498452012 0.584170313095238 0.5546265622291022 0.5781453119047619 0.5483031250773994 0.5656640619047619 0.5412765622291021 0.5635125 0.5375296873065015 0.5673859380952381 0.5408093752321982 0.5729796869047619 0.5433843752321982 0.5772843750000001 0.5464296873065015 0.5824484369047619 0.5518156247678019 0.5854609380952381
2 0.5204343752321982 0.609560936904762 0.5255859374613003 0.6065484369047619 0.526757812383901 0.5975109369047619 0.5262890625386997 0.5846 0.5209015622291022 0.5871828130952381 0.5173890625386998 0.585890625 0.5131734377708977 0.582878125 0.5091921876160991 0.5846 0.5035718749226007 0.5884734369047618 0.50685 0.6035359369047619 0.5098953126934984 0.6026750000000001 0.5155156247678019 0.607409375 0.5204343752321982 0.609560936904762
0 0.49326718761609906 0.633659375 0.49982499999999996 0.63236875 0.501932812383901 0.622901563095238 0.49982499999999996 0.61429375 0.49654531269349844 0.6091296880952382 0.49326718761609906 0.607409375 0.4897546873065015 0.6065484369047619 0.4857734377708978 0.6018140630952381 0.4836656247678019 0.60525625 0.486475 0.6112812500000001 0.48670937523219815 0.6190281249999999 0.48952031269349844 0.6289265619047619 0.49326718761609906 0.633659375
0 0.47055 0.6383937500000001 0.4759375003095975 0.6439890619047619 0.4785124996904025 0.642696875 0.4801515622291022 0.633229686904762 0.4796843752321981 0.62333125 0.4785124996904025 0.6117125 0.4761703126934984 0.607409375 0.475 0.610851561904762 0.47101874984520126 0.622470313095238 0.4700812501547988 0.63538125 0.47055 0.6383937500000001
1 0.4028687498452012 0.6260281249999999 0.392925 0.6241375 0.38058125015479877 0.6285484380952381 0.37749531269349845 0.6367390619047619 0.37886718761609905 0.6619421869047619 0.383325 0.683364063095238 0.3918968749226006 0.7041578119047619 0.39909687492260065 0.7003765619047619 0.4035546873065015 0.687775 0.4056125003095975 0.6669828119047619 0.40458437523219815 0.6449296869047619 0.4028687498452012 0.6260281249999999
9 0.4059546873065015 0.7205390630952381 0.40252656222910216 0.6928156249999999 0.39532500000000004 0.699746875 0.39738281238390094 0.7091984380952381 0.40081249969040245 0.736290625 0.40424062476780187 0.75204375 0.40664062476780183 0.754564063095238 0.4083546873065016 0.749523436904762 0.4059546873065015 0.7205390630952381
2 0.19748125015479875 0.615315625 0.20228125015479875 0.621617186904762 0.20296718761609908 0.6316984380952381 0.2108531250773994 0.6285484380952381 0.2159968749226006 0.6253968750000001 0.22148281238390094 0.6228765630952381 0.22936874984520123 0.624767186904762 0.23245468730650154 0.618467188095238 0.23417031269349844 0.609645311904762 0.23074062476780188 0.6064953119047619 0.22354062476780184 0.603975 0.21874062476780184 0.6027140630952381 0.21188281238390094 0.5995640619047619 0.20468125015479877 0.596414061904762 0.19885312507739938 0.6033453130952381 0.19748125015479875 0.615315625
2 0.15050625015479877 0.5844421880952381 0.14604843777089782 0.5806625 0.14159062476780185 0.57688125 0.14124843777089785 0.5831828130952381 0.14056249969040246 0.591373436904762 0.14296249969040248 0.60019375 0.14707656222910218 0.6046046869047619 0.14879062476780186 0.6115359369047619 0.15393437523219813 0.6178359380952381 0.16045 0.6083859380952381 0.16353593746130032 0.6064953119047619 0.1717640625386997 0.6090156250000001 0.17519374984520122 0.605865625 0.17862187492260062 0.602084375 0.18136562476780185 0.596414061904762 0.17999374984520125 0.59389375 0.16799218761609908 0.59074375 0.15976406253869968 0.591373436904762 0.15359218761609905 0.588853125 0.15050625015479877 0.5844421880952381
0 0.12873125015479878 0.592789063095238 0.12564531269349846 0.5972000000000001 0.12633125015479876 0.612321875 0.1273609374613003 0.6148421880952382 0.13147499999999998 0.61358125 0.1355890625386997 0.60728125 0.13284687492260064 0.598459375 0.12873125015479878 0.592789063095238
0 0.10061562476780186 0.602240625 0.11227343777089784 0.6003499999999999 0.11947343777089783 0.592789063095238 0.126675 0.581446875 0.13147499999999998 0.5808171869047619 0.1331890625386997 0.57325625 0.136275 0.5612843750000001 0.1355890625386997 0.549314061904762 0.129075 0.5430125 0.12084531269349845 0.5398625 0.11261562476780186 0.5423828119047619 0.11124531269349845 0.53293125 0.10232968730650156 0.5190703119047619 0.09444374984520124 0.5197 0.08552812507739939 0.5310406249999999 0.08004218761609908 0.5398625 0.07627031269349845 0.554984375 0.08004218761609908 0.574517186904762 0.09101406253869969 0.594048436904762 0.10061562476780186 0.602240625
7 0.557291666873065 0.7565104166666666 0.5768229164086688 0.7604166666666666 0.5807291665634675 0.7161458333333334 0.5507812501547987 0.7213541666666666 0.557291666873065 0.7565104166666666
7 0.6627604167182664 0.7161458333333334 0.6367187498452012 0.6966145833333334 0.6119791665634675 0.7239583333333334 0.6497395832817336 0.7513020833333334 0.6627604167182664 0.7161458333333334
6 0.557291666873065 0.5182291666666666 0.5859374996904024 0.5247395833333334 0.5911458334365325 0.4596354166666667 0.5533854167182662 0.4635416666666667 0.557291666873065 0.5182291666666666
6 0.19791666687306503 0.546875 0.20963541671826624 0.4895833333333333 0.17578125015479878 0.4817708333333333 0.19791666687306503 0.546875
13 0.12509620495356039 0.6501322571428572 0.19855323653250773 0.6767181916666666 0.32358636037151706 0.6970485916666667 0.3548446408668731 0.6923569702380952 0.39079159256965945 0.6751543380952381 0.42204987306501546 0.6798459595238096 0.4736260842105263 0.6814098130952381 0.5455201065015479 0.6657710357142856 0.5845929572755417 0.6485684023809524 0.6627386594427244 0.6204186130952382 0.6814936996904025 0.5985243 0.6674274495356037 0.5953965321428571 0.6127254582043343 0.6204186130952382 0.5627121368421052 0.6344934785714286 0.4767518643962848 0.6563877916666666 0.4142353027863777 0.6657710357142856 0.3017055399380805 0.6735904238095238 0.2735730390092879 0.6704627166666667 0.23918897770897832 0.6657710357142856 0.18761276718266254 0.6501322571428572 0.15635448606811145 0.6251102345238094 0.12040753436532507 0.6157269916666667 0.08914919442724459 0.5797577535714286 0.06726843343653251 0.5656828892857143 0.07820884334365324 0.6063436892857142 0.12509620495356039 0.6501322571428572
13 0.42986444334365326 0.49218061785714284 0.36734788173374616 0.503127775 0.31577179009287926 0.5156387857142857 0.25325522848297216 0.49843615357142856 0.2016790173374613 0.48436122857142855 0.13447378513931887 0.47497798571428573 0.1097655894736842 0.4339843761904762 0.11571874489164087 0.48592508333333334 0.16104327616099073 0.5015638619047619 0.2001161269349845 0.5000000071428571 0.2470035479876161 0.5172026404761905 0.286076399380805 0.5297137107142857 0.3267121405572755 0.5312775642857143 0.3720366718266254 0.5265859428571429 0.4329903430340557 0.5078193964285714 0.48144065448916407 0.503127775 0.5345797560371517 0.4812334619047619 0.5783412773993808 0.46715859642857144 0.6080366681114551 0.4562114392857143 0.6250249164086688 0.4405726309523809 0.570526707120743 0.4405726309523809 0.5423943263157895 0.4609030619047619 0.48144065448916407 0.4702863047619048 0.42986444334365326 0.49218061785714284
