0 0.24778593448695574 0.42409843732113384 0.25701690875064287 0.42464643327966844 0.25446223748144803 0.46767723938151 0.2452312633567999 0.46712924502777164
2 0.3813687993322219 0.5369546875 0.36439683565890846 0.5369546875 0.3643969061441794 0.489378125 0.3813687435101656 0.489378125
9 0.36862187216433995 0.35853593746608065 0.3720790721594085 0.3585772915341342 0.37131344999249905 0.4225804164096048 0.3678562499999316 0.4225390624999995
9 0.3742810711059974 0.36098376306798674 0.37834087593932964 0.36114891526869536 0.3762566798031912 0.4123807767006023 0.372196874999986 0.4122156249999983
9 0.39671562008470573 0.36266562493802 0.39938788807273795 0.36269932085491347 0.39836601798515403 0.4437352582478223 0.395693749999964 0.44370156249999954
9 0.4030534107954509 0.4350711923897332 0.3980301193577134 0.43478447428187944 0.4015079500665024 0.3738564887966347 0.40653120398610554 0.37414320583417193
0 0.6574795878526629 0.5075563718791456 0.6492842132358874 0.505867560292913 0.6569657205578778 0.468594030594864 0.6651610499329763 0.4702828373497422
2 0.6760270121566236 0.5845398875456288 0.723709197122389 0.5711169259892483 0.7510110402405417 0.6680898527626462 0.7033289078336793 0.6815126854451828
9 0.7410636338382801 0.7533111113673561 0.7316965367705279 0.7565278625327215 0.7047002461586089 0.6779276595043764 0.7140671874999498 0.674710937500014
9 0.769832309900039 0.7253260333671852 0.7583932853164015 0.7309505828344172 0.7189721537108653 0.650788591909844 0.7304110015625156 0.6451640937499794
0 0.40638094300106786 0.6269702685411013 0.41900519346688725 0.6267812120047584 0.4197148730634126 0.6741640693870057 0.40709062261726103 0.6743531250356838
2 0.4014296041009402 0.677297100594817 0.3599310852707731 0.6714336182576556 0.3700096671090023 0.6001139797582463 0.41150761964547655 0.6059774217951001
9 0.3757764540393964 0.6658343662502336 0.3840280064620174 0.6665000376114817 0.3749937389452498 0.7784703506917264 0.36674218749999454 0.7778046875000018
0 0.36019842467749186 0.6544815193718138 0.34117830259731363 0.6501383617676684 0.3552781907495728 0.5883982597576618 0.3742980935854803 0.5927413913481704
7 0.21354034821513324 0.6514324115184583 0.17124614074236888 0.6559633897999386 0.16410286473262659 0.5892901054309355 0.20639653846728834 0.5847591560647282
6 0.30984165918891904 0.5768317837993455 0.34279406225266484 0.618650883155587 0.2877597982599127 0.6620111337809168 0.25480769218745536 0.6201923078125078
7 0.3771831834317254 0.8092827625024334 0.35295631892245183 0.804763964538031 0.36414764479604855 0.7447756927932585 0.38837416339777064 0.7492944573553227
7 0.39301991870343045 0.7636313574292509 0.4236605259205817 0.767146833128693 0.417703423196258 0.8190586879014243 0.3870628197083761 0.8155432343480555
7 0.27998275974834996 0.7378069166015765 0.3087035538763985 0.7458832525163057 0.29814398376595364 0.7834282682733065 0.2694232044736964 0.7753519688252622
7 0.7476162963724846 0.7651707853262562 0.7346104166181249 0.7643580604814508 0.7366021945849752 0.7324902755508736 0.7496079793952504 0.7333029974103942
7 0.770477893040038 0.7001298842535063 0.7883449682802848 0.7090065213688489 0.7712618960937334 0.7433862136322565 0.7533948453913126 0.7345096140180665
7 0.4408057657149129 0.37261281319597467 0.4174944433885912 0.37506653956381664 0.4129845651718824 0.33222209574490513 0.43629578149136705 0.32976837496980854
6 0.6991860545790587 0.6811683780913487 0.6478365390624958 0.6911057687499951 0.6325455204358832 0.6121007707220483 0.6838942312499512 0.6021634609375025