0 0.2233858187430542 0.45598648434740763 0.2319629551438993 0.456166138004852 0.23126743231239288 0.48937000476000503 0.22269029592473544 0.48919035153137075
0 0.2699557239055821 0.49974327544823005 0.2532524512641885 0.4992674823136947 0.25456017362091643 0.4533639947597448 0.2712633340439652 0.45383978628610167
0 0.27415997575212714 0.45824685715810687 0.2834123025089639 0.4587048611354283 0.28141262237011233 0.49909846016025916 0.27216029571138733 0.49864045753290936
0 0.32211001856103394 0.5119675903421751 0.3147938294010828 0.5118015773750998 0.3154481400478062 0.48296911209121834 0.3227642972932472 0.48313512469642433
0 0.325600276753903 0.4705460446391522 0.33538665342791774 0.471514392069354 0.33061484770064453 0.5197360174035563 0.3208284715510672 0.5187676735061838
2 0.3491605060413576 0.5378638532178803 0.32802209830595075 0.5253969964754912 0.35046047058517615 0.48735439224045274 0.37159876423618243 0.49982120589889467
2 0.40495085745453707 0.5338412237221828 0.36463930239335696 0.5489858077119313 0.34184964031896925 0.4883292436591 0.3821608262562677 0.4731847368436738
2 0.4177421162638666 0.5331695603233999 0.3986998822847454 0.539386572559777 0.38693319383298785 0.5033489221823573 0.4059753222531981 0.4971319285967513
0 0.39954975144257787 0.4753610639073145 0.40817043399238173 0.47697773042229386 0.40195423452735213 0.510122455352901 0.39333355309008766 0.5085057929317326
0 0.3836959514133014 0.491402665806084 0.3934498832403506 0.4910091106625316 0.3941723173494438 0.508912679906145 0.38441838555411323 0.5093062345129551
2 0.5509021848174598 0.48545445850027347 0.5706915112064053 0.48980614758963276 0.5592576622094612 0.541797504281361 0.5394683416344606 0.5374458333766831
2 0.5906721786205935 0.5514434734959821 0.5507198197650496 0.5376562918110903 0.5686493206651448 0.48570515004857334 0.6086013642787975 0.4994922726502223
2 0.645771875 0.49486875 0.6798375 0.49486875 0.6798375 0.52695 0.645771875 0.52695
2 0.7394600306420216 0.5960989377637264 0.6846922778834141 0.6115147709273556 0.6671348042250429 0.5491435430677786 0.721901975725018 0.5337277963392661
0 0.6782945642679579 0.5805877415914442 0.6939487511434663 0.5764448301659558 0.7052580269754571 0.619172892060175 0.6896038465064294 0.6233157867857947
0 0.6608545980542431 0.5888358495430964 0.6778258468484637 0.5847724226163955 0.6852496930675898 0.6157753752578482 0.6682784484180502 0.6198387902911728
2 0.6224791069212188 0.5597272211744562 0.6744225629872744 0.5503059340318421 0.683379559822356 0.5996846660711126 0.6314361151160028 0.6091059114286321
2 0.6311217133982154 0.59584753580311 0.5944010581324619 0.6028032875258661 0.5859828352164413 0.5583658262780324 0.6227032056953021 0.5514101022902564
2 0.5944254444348189 0.6107978937196189 0.5679362860115589 0.6116970805765507 0.5665463748865704 0.5707528596481003 0.5930353382814246 0.5698536761029002
0 0.572755586767471 0.6163155776536764 0.5644481522696196 0.6182539722627992 0.5597275491755909 0.5980249769054035 0.5680349529992554 0.5960865860242139
0 0.4242232805009962 0.6314159198065147 0.40562811482755023 0.6304034645645299 0.40855311558414087 0.5766896141614286 0.42714809544372656 0.5777020642945656
2 0.3702055156680899 0.609383887820529 0.37468938252584394 0.5654592410803588 0.4145134298320272 0.5695240958465952 0.410029734257364 0.6134485852644291
2 0.37593242901425583 0.6156794155051739 0.31575049316631976 0.6125550462136568 0.31875249678546425 0.5547430587730982 0.37893381145499916 0.5578674118819228
0 0.2891038936355699 0.5562505094344196 0.3213317746960911 0.5617070476024821 0.31046138319413785 0.6259039812792198 0.2782335100647515 0.6204474751587159
0 0.26012913832528284 0.5636612195387577 0.26657613005659186 0.5639656824234666 0.26510071107429667 0.595204477350954 0.2586537194019911 0.5949000153066295
2 0.26704526269270445 0.5996404882475346 0.24149197515077958 0.5601924063087945 0.2929666614132884 0.5268519270694741 0.31851991648375133 0.5662998018537664
7 0.2485410617839534 0.6614557811806934 0.2690479971415698 0.6827408266355761 0.2388408452288786 0.7118394256446177 0.21833400513583 0.6905544739806245
7 0.6364020487760627 0.7256787420975584 0.6387120229188668 0.7560323330440518 0.6152933958486528 0.757814173479334 0.6129835077293819 0.7274606632394789
9 0.3858323586150618 0.4818142629785823 0.38039813146190227 0.4815123809599396 0.3839101342663298 0.4182967060626254 0.38934431448365103 0.41859858677686024
9 0.37238447812501363 0.3663820000000015 0.37857426484390544 0.36614166496452993 0.3827875273522068 0.4746479942883507 0.37659774073119934 0.4748883276503967
7 0.36701404034477036 0.3487359118350384 0.40036751573211404 0.3564364756284928 0.383381402227883 0.43000523854878914 0.3500279384094256 0.42230470887041005
6 0.5937238897467978 0.4634731560718259 0.640625 0.4627403843749992 0.6418530266220159 0.5413345406197192 0.5949519164786352 0.542067307921223