0 0.23037812507739938 0.4792796869047619 0.23166718761609909 0.4702859380952381 0.23166718761609909 0.4627109380952381 0.22805937523219816 0.45608437500000004 0.2247109374613003 0.458925 0.22316562476780186 0.46649843809523805 0.22290781238390095 0.47880625 0.22419531269349843 0.489221875 0.22599843777089784 0.483540625 0.23037812507739938 0.4792796869047619
0 0.2538218749226006 0.4792796869047619 0.2545937498452012 0.48448749999999996 0.25717031269349844 0.4930078119047619 0.26077656222910217 0.498215625 0.26618750030959754 0.4996359369047619 0.26850468730650157 0.49348125 0.27030937523219817 0.48732812499999995 0.2705656247678018 0.4783328119047619 0.27005156222910215 0.46791875000000005 0.26953593746130033 0.4627109380952381 0.26695937523219815 0.4537171880952381 0.2623218749226006 0.4627109380952381 0.25717031269349844 0.468865625 0.2538218749226006 0.4792796869047619
0 0.2806125003095975 0.49348125 0.28215937523219814 0.48401406309523815 0.2819015622291022 0.4736 0.28112812507739937 0.46791875000000005 0.27829531269349844 0.4584515619047619 0.2757187498452012 0.46507812499999995 0.27391562476780185 0.47265312499999995 0.2731421876160991 0.47880625 0.27262656222910214 0.489221875 0.2731421876160991 0.49868906309523814 0.2806125003095975 0.49348125
0 0.31513437523219817 0.4967953130952381 0.31745156222910215 0.50484375 0.32105937523219813 0.51194375 0.3223468749226006 0.501529686904762 0.32260468730650155 0.49016875000000004 0.3197703126934984 0.4830671880952381 0.3164218749226006 0.4887484369047619 0.31513437523219817 0.4967953130952381
0 0.32646874984520124 0.5124171869047619 0.3305906247678019 0.5053171880952381 0.33239374984520126 0.4977421869047619 0.33368125015479877 0.4887484369047619 0.33265156222910214 0.4783328119047619 0.32775625015479876 0.47075937500000004 0.3249234377708978 0.4773859380952381 0.32389218761609906 0.4887484369047619 0.3223468749226006 0.503423436904762 0.3236343752321982 0.519045313095238 0.32646874984520124 0.5124171869047619
2 0.3609890625386997 0.511470313095238 0.3599578123839009 0.500109375 0.35764062476780184 0.49158906309523814 0.3548062501547988 0.4920609369047619 0.350942187616099 0.4920609369047619 0.34836562476780186 0.495375 0.3481078123839009 0.5024765619047619 0.3501687498452012 0.50815625 0.3470781250773994 0.510996875 0.34166718761609904 0.510996875 0.33651562476780184 0.510996875 0.3339390625386997 0.5180984380952381 0.3318781250773994 0.527565625 0.33651562476780184 0.53040625 0.34553281238390093 0.5323 0.3517156247678018 0.5270921869047619 0.3563515622291022 0.525671875 0.35970156222910216 0.5199921880952381 0.3609890625386997 0.511470313095238
2 0.38391718761609905 0.47785937500000003 0.3797953126934984 0.4740734369047619 0.3715515622291022 0.4792796869047619 0.36407968730650153 0.48780156190476187 0.3591859374613003 0.4939546869047619 0.3563515622291022 0.51005 0.3555796873065016 0.524725 0.357125 0.5289859369047619 0.3591859374613003 0.533720313095238 0.36150468730650154 0.53750625 0.36742968730650155 0.5417671869047619 0.3733546873065015 0.5427140619047619 0.37824843777089784 0.5370328130952381 0.38494687492260066 0.5389265630952381 0.392675 0.538453125 0.3980859374613003 0.5294593750000001 0.3988578123839009 0.517625 0.39499374984520125 0.5086296880952381 0.38958437523219813 0.5062640630952381 0.38391718761609905 0.50815625 0.3828859374613003 0.49632187499999997 0.38391718761609905 0.47785937500000003
2 0.3942218749226006 0.525671875 0.3980859374613003 0.531353125 0.40272187492260064 0.5356140630952381 0.4073593752321982 0.5365593750000001 0.4140578123839009 0.531353125 0.4156031250773993 0.52661875 0.4117390625386997 0.5214109369047619 0.4073593752321982 0.5124171869047619 0.407875 0.50295 0.40555625015479874 0.49726875000000004 0.40195000000000003 0.49868906309523814 0.3991156247678019 0.504370313095238 0.3931906247678018 0.507209375 0.39293281238390093 0.5152578119047618 0.3942218749226006 0.525671875
0 0.3984734377708978 0.502871875 0.4013765622291022 0.49824843809523806 0.4037 0.4957578130952381 0.4052484377708978 0.4925578130952381 0.40292500000000003 0.48437656190476186 0.40021562476780187 0.47548593690476193 0.396925 0.48935625000000005 0.39499062476780183 0.4996703119047619 0.3936359374613003 0.5085625 0.39576406253869967 0.506784375 0.3984734377708978 0.502871875
0 0.3940218749226006 0.50891875 0.3938281250773994 0.506428125 0.3938281250773994 0.5003828130952381 0.3926671876160991 0.493625 0.3903453126934985 0.49113437499999996 0.3870546873065015 0.4929125 0.3839578123839009 0.4978921880952381 0.3843453126934984 0.5074953130952381 0.38627968730650153 0.5057171869047619 0.38840937523219815 0.5060734380952381 0.39111874984520123 0.5060734380952381 0.3940218749226006 0.50891875
9 0.3758390625386997 0.4739234369047619 0.3849640625386997 0.478828125 0.38645468730650157 0.4616140619047619 0.38602812507739936 0.453790625 0.3887968749226006 0.4166234369047619 0.3845390625386997 0.435403125 0.3828359374613003 0.4514421869047619 0.38006718761609903 0.462396875 0.3790031250773994 0.45535468809523805 0.3783640625386997 0.4283609380952381 0.3781515622291022 0.4048859380952381 0.37091249969040246 0.36106875 0.37410625015479876 0.3821953119047619 0.3766609374613003 0.41192812500000003 0.3758390625386997 0.4335984380952381 0.3758390625386997 0.4739234369047619
2 0.5606109374613003 0.5343828119047619 0.5629531250773994 0.52499375 0.5633781250773994 0.514821875 0.561675 0.5015203119047619 0.558907812383901 0.49486875 0.5563531250773994 0.486653125 0.5514562501547988 0.4913484380952381 0.5471968749226006 0.502303125 0.5431531250773994 0.5206906250000001 0.5444296873065015 0.5336015619047618 0.5491140625386997 0.5375125 0.5540109374613003 0.54064375 0.557417187616099 0.539078125 0.5606109374613003 0.5343828119047619
2 0.5887140625386996 0.5156046880952381 0.5833906247678018 0.5175609369047619 0.5816874996904025 0.508953125 0.5806234377708979 0.5015203119047619 0.5780687498452013 0.49486875 0.5770046873065016 0.490175 0.572532812383901 0.48704531309523813 0.568275 0.490565625 0.5650812501547988 0.49604375 0.5621015622291022 0.505040625 0.5618875003095976 0.512865625 0.5640171876160991 0.5261671869047619 0.5661453126934984 0.535165625 0.5699781250773994 0.5363390619047619 0.574875 0.5382953130952381 0.5787078123839009 0.5426 0.5865843752321981 0.5500328130952381 0.5931843752321981 0.5441640619047619 0.5987203126934985 0.5281234380952381 0.6010624996904025 0.5175609369047619 0.5997843752321981 0.500346875 0.5974437498452012 0.4956515619047619 0.5953140625386997 0.4956515619047619 0.5912687498452013 0.49995468690476186 0.5895656247678019 0.5054328119047619 0.5902046873065016 0.5152125 0.5887140625386996 0.5156046880952381
2 0.6549265622291022 0.5265593749999999 0.6636562501547988 0.5269499999999999 0.6730234377708978 0.5242109380952381 0.6798375003095974 0.519125 0.6743015622291021 0.4956515619047619 0.6651468749226006 0.4991734369047619 0.6593984377708978 0.49486875 0.6547140625386998 0.4991734369047619 0.6457718749226006 0.502303125 0.6457718749226006 0.52108125 0.6461984377708978 0.52499375 0.6479015622291021 0.5265593749999999 0.6549265622291022 0.5265593749999999
2 0.7319984377708978 0.58798125 0.7345531250773993 0.5844609369047619 0.7351921876160992 0.5809390619047619 0.7332765622291021 0.5762453130952381 0.730507812383901 0.566464061904762 0.7283796873065015 0.5586390630952381 0.7256109374613003 0.5469031249999999 0.7228437498452013 0.540251563095238 0.7179468749226006 0.539078125 0.712625 0.5363390619047619 0.7094312501547988 0.54064375 0.7068765622291021 0.5457296869047619 0.7028312501547987 0.5457296869047619 0.6966562501547988 0.546120311904762 0.6906953126934984 0.5484671880952381 0.6836687498452012 0.5504234380952381 0.6764312501547988 0.554728125 0.6743015622291021 0.5602046869047619 0.6749406247678019 0.568029686904762 0.6768562501547988 0.583678125 0.6815406247678019 0.5852437500000001 0.6855859374613004 0.583678125 0.6875015622291022 0.5797656250000001 0.6877140625386996 0.5719421880952381 0.690907812383901 0.56959375 0.6945281250773994 0.56959375 0.6981468749226005 0.573115625 0.7038953126934984 0.5742890630952381 0.7073015622291021 0.5782015619047619 0.7107078123839009 0.5887640630952381 0.7147531250773994 0.598153125 0.71965 0.601675 0.7245468749226007 0.6001093750000001 0.7298703126934986 0.595415625 0.7319984377708978 0.58798125
0 0.6819656247678019 0.593459375 0.6836687498452012 0.6008921880952381 0.6879281250773994 0.6067609380952381 0.689417187616099 0.6130203130952381 0.6915468749226006 0.622801561904762 0.6936765622291021 0.6188890630952381 0.6951656247678019 0.611846875 0.6970828123839009 0.6044140619047619 0.6979343752321981 0.591503125 0.6947406247678019 0.5840703119047619 0.6902687498452011 0.57741875 0.6864374996904025 0.5789828119047619 0.6845203126934984 0.5832875 0.6798375003095974 0.5864171880952381 0.6819656247678019 0.593459375
0 0.6732375003095976 0.59580625 0.6700437498452013 0.5965890630952381 0.6668499999999999 0.5946328119047619 0.6642953126934984 0.591503125 0.6628046873065015 0.5969796880952382 0.6657859374613003 0.6059781249999999 0.6674890625386998 0.6165421869047619 0.6738765622291021 0.6184984380952381 0.6774953126934984 0.615367186904762 0.6787718749226006 0.6122375 0.6789859374613003 0.59971875 0.6796249999999999 0.592285936904762 0.6774953126934984 0.5848515619047618 0.6755796873065015 0.59189375 0.6732375003095976 0.59580625
2 0.6415140625386998 0.6071515630952381 0.6444953126934985 0.598153125 0.6457718749226006 0.585634375 0.647475 0.5868078130952381 0.664507812383901 0.5801578119047619 0.6642953126934984 0.5868078130952381 0.6657859374613003 0.5950234369047619 0.6694046873065015 0.5961968750000001 0.6730234377708978 0.5950234369047619 0.6760046873065015 0.5887640630952381 0.6794109374613003 0.583678125 0.6798375003095974 0.5801578119047619 0.6774953126934984 0.568029686904762 0.6751531250773993 0.5582484380952382 0.6723859374613004 0.5566828130952381 0.6670625003095975 0.557075 0.6615265622291021 0.5598140619047619 0.6549265622291022 0.559421875 0.6461984377708978 0.5586390630952381 0.6393859374613003 0.5582484380952382 0.6327859374613003 0.5578578130952381 0.6266109374613004 0.5598140619047619 0.6257593752321982 0.5672468749999999 0.6268234377708978 0.577809375 0.6274625003095975 0.5871999999999999 0.6291656247678019 0.5965890630952381 0.6321468749226006 0.601284375 0.6378953126934984 0.607934375 0.6415140625386998 0.6071515630952381
2 0.6161781250773993 0.5950234369047619 0.6195843752321981 0.5965890630952381 0.6234171876160991 0.5942421869047619 0.6270374996904025 0.5965890630952381 0.6285265622291022 0.5871999999999999 0.6270374996904025 0.5742890630952381 0.6253328123839009 0.565290625 0.6223531250773994 0.5578578130952381 0.6191593752321982 0.555509375 0.6136234377708978 0.5582484380952382 0.6112812501547987 0.5582484380952382 0.6080874996904025 0.5566828130952381 0.6010624996904025 0.555509375 0.5987203126934985 0.5617687499999999 0.5959531250773994 0.5625515630952381 0.5921203126934985 0.565290625 0.5899906247678018 0.57155 0.5906296873065016 0.5828953130952381 0.5938234377708979 0.59971875 0.5955265622291022 0.6020656249999999 0.5982953126934984 0.6020656249999999 0.6017015622291022 0.6008921880952381 0.6034046873065015 0.59580625 0.603192187616099 0.5868078130952381 0.5997843752321981 0.5797656250000001 0.6019140625386997 0.5762453130952381 0.6051078123839009 0.5707671869047619 0.6068109374613003 0.5727234380952381 0.6091531250773994 0.5782015619047619 0.6104296873065015 0.5782015619047619 0.6149015622291022 0.577809375 0.6138359374613004 0.5825046880952381 0.6136234377708978 0.587590625 0.6161781250773993 0.5950234369047619
2 0.5801984377708979 0.5723328130952381 0.5770046873065016 0.57155 0.572532812383901 0.5723328130952381 0.5687015622291022 0.5785921869047619 0.5672109374613004 0.590329686904762 0.570617187616099 0.5977625 0.5718937498452012 0.598153125 0.5753015622291022 0.595415625 0.5761531250773994 0.590329686904762 0.5780687498452013 0.5911109369047619 0.5793468749226006 0.6020656249999999 0.5819015622291022 0.6087171880952381 0.5865843752321981 0.6110640630952381 0.5908437498452013 0.6087171880952381 0.5940359374613002 0.6024578119047619 0.5938234377708979 0.5930671869047619 0.5933984377708978 0.5805484369047619 0.5891390625386996 0.5699859369047618 0.5850953126934985 0.5707671869047619 0.5801984377708979 0.5723328130952381
0 0.5674234377708979 0.6165421869047619 0.5699781250773994 0.61419375 0.5712562501547988 0.609890625 0.5693390625386997 0.601675 0.5667843752321982 0.5985453130952381 0.5625265622291022 0.597371875 0.5608234377708978 0.6001093750000001 0.561675 0.6063703130952381 0.5633781250773994 0.6134124999999999 0.5650812501547988 0.61810625 0.5674234377708979 0.6165421869047619
0 0.41477031269349846 0.577028125 0.4139187498452013 0.5821140630952382 0.4137062501547987 0.5899375 0.4126421876160991 0.5977625 0.40923593746130027 0.6055875 0.4066812501547987 0.6110640630952381 0.4066812501547987 0.6188890630952381 0.4083843752321981 0.6278875 0.41051250030959746 0.6294515619047619 0.4169 0.6310171869047619 0.4232874996904025 0.6251484380952381 0.42499062476780186 0.6173234369047619 0.4256296873065015 0.6055875 0.4222218749226006 0.59385 0.4192421876160991 0.5852437500000001 0.41477031269349846 0.577028125
2 0.3922031250773994 0.5672468749999999 0.3845390625386997 0.5688109369047619 0.3779390625386997 0.5727234380952381 0.37389374984520124 0.577028125 0.37219062476780185 0.5899375 0.37346718761609904 0.6048046869047619 0.37517031269349843 0.609890625 0.37985468730650157 0.609890625 0.3849640625386997 0.6087171880952381 0.3883703126934985 0.60754375 0.39135156222910217 0.601284375 0.39199062476780183 0.60363125 0.3936937498452013 0.6110640630952381 0.3981640625386997 0.6122375 0.4047640625386997 0.61028125 0.40987343777089785 0.59971875 0.41242968730650154 0.5899375 0.4120031250773994 0.5789828119047619 0.40582812507739935 0.5719421880952381 0.39965468730650155 0.568029686904762 0.3922031250773994 0.5672468749999999
2 0.36026718761609905 0.6091078130952381 0.3636734377708978 0.6095 0.3677187498452012 0.607934375 0.37091249969040246 0.6063703130952381 0.37346718761609904 0.6048046869047619 0.3753828123839009 0.598935938095238 0.3775125003095975 0.5852437500000001 0.3779390625386997 0.577028125 0.3766609374613003 0.568029686904762 0.37410625015479876 0.5625515630952381 0.36920937523219816 0.5602046869047619 0.3611187498452012 0.5645078130952381 0.35984218761609904 0.5598140619047619 0.35728593746130033 0.5598140619047619 0.35324218761609905 0.5598140619047619 0.3504734377708978 0.559421875 0.34600312507739933 0.5562921880952381 0.3391890625386997 0.5559015630952381 0.3259890625386997 0.55511875 0.32002812507739936 0.5621609380952381 0.3174734377708978 0.579375 0.3179 0.5950234369047619 0.318325 0.605195311904762 0.32173125015479875 0.6122375 0.3247124996904025 0.6130203130952381 0.32897031269349847 0.6095 0.33195156222910216 0.605195311904762 0.3342921876160991 0.6024578119047619 0.3383374996904025 0.598153125 0.3413187498452012 0.595415625 0.34174531269349845 0.592285936904762 0.34344843777089784 0.586025 0.3481312501547988 0.5828953130952381 0.35068593746130033 0.5844609369047619 0.35409374984520126 0.5844609369047619 0.35409374984520126 0.5907203119047619 0.3557968749226006 0.601284375 0.36026718761609905 0.6091078130952381
0 0.30257031269349843 0.6161500000000001 0.30512500000000004 0.6145859369047619 0.30853125015479876 0.6087171880952381 0.31193749969040246 0.604021875 0.31555781238390096 0.59580625 0.3161953126934985 0.5868078130952381 0.31555781238390096 0.5758531250000001 0.31683437523219815 0.5684203119047619 0.3193890625386997 0.561378125 0.31385468730650157 0.5633343749999999 0.3106609374613003 0.5703765619047619 0.3076796873065015 0.573896875 0.30533750030959755 0.577809375 0.30193125015479877 0.57741875 0.2970343752321981 0.573896875 0.29000937523219816 0.57350625 0.28638906253869967 0.5762453130952381 0.2842609374613003 0.5848515619047618 0.28340937523219817 0.5926765619047619 0.28127968730650155 0.6024578119047619 0.28660156222910216 0.617715625 0.2921374996904025 0.622801561904762 0.29597031269349844 0.621235938095238 0.2978859374613003 0.617715625 0.30257031269349843 0.6161500000000001
0 0.26403437523219814 0.59385 0.2638218749226006 0.5887640630952381 0.26573750030959753 0.5817218749999999 0.26595 0.5746796880952381 0.26488593746130035 0.564117188095238 0.26147968730650156 0.563725 0.25977656222910217 0.57350625 0.25935 0.5801578119047619 0.258925 0.58915625 0.2612671876160991 0.5950234369047619 0.26403437523219814 0.59385
2 0.3075 0.5734375 0.31092968730650156 0.56885625 0.3146703126934985 0.5608359380952381 0.30968281238390094 0.555109375 0.3071890625386997 0.5488078130952381 0.30220156222910216 0.5476624999999999 0.2956546873065016 0.5459437500000001 0.28661562476780184 0.5430796880952381 0.2785109374613003 0.540215625 0.2679125003095975 0.5430796880952381 0.2619906247678019 0.54938125 0.25887343777089783 0.5637 0.262925 0.561409375 0.26479531269349843 0.5659921880952381 0.2660421876160991 0.574584375 0.2635484377708978 0.5797390630952381 0.26386093746130035 0.5871859369047618 0.26417187492260064 0.5952046869047619 0.2694718749226006 0.59806875 0.27477031269349844 0.5934859380952381 0.27975781238390096 0.5894765619047618 0.28505781238390093 0.5854671880952381 0.28599218761609907 0.5740109380952381 0.2897328123839009 0.5740109380952381 0.2987718749226006 0.5757296869047619 0.30375937523219815 0.5757296869047619 0.3075 0.5734375
6 0.5088288315789473 0.5193437130952381 0.5129433498452012 0.52025805 0.5156863628482973 0.5179722059523809 0.5175150377708978 0.5166007 0.5188865442724458 0.5143148559523809 0.5225438941176471 0.509286 0.5262012439628483 0.5047143119047619 0.5284870879256967 0.49877111904761906 0.5289442569659443 0.4946566 0.525286906501548 0.4937422619047619 0.5220867250773994 0.4973996119047619 0.5202580501547988 0.4992282869047619 0.5170578687306502 0.501514130952381 0.5083716625386997 0.5047143119047619 0.5074573250773994 0.5120290130952381 0.5088288315789473 0.5193437130952381
6 0.6112346340557275 0.4896277428571429 0.6075772835913312 0.492827925 0.6030055962848296 0.500142625 0.6039199337461301 0.5120290130952381 0.6180921653250774 0.51294335 0.6249496965944272 0.508828830952381 0.6322643969040247 0.5047143119047619 0.6354645783281734 0.500142625 0.6359217467492261 0.49008491190476194 0.6222066842105263 0.48779906785714283 0.6112346340557275 0.4896277428571429
7 0.3690513114551084 0.4337701214285714 0.37752639380804953 0.41759041904761907 0.3798377801857585 0.3952470202380952 0.3813787040247678 0.38214916547619043 0.3806082421052632 0.37367408333333335 0.37752639380804953 0.36134669166666666 0.37598546996904025 0.35441253333333333 0.37136269783281733 0.3497897607142857 0.36982177337461297 0.3513306845238095 0.36365807739938083 0.3698217738095238 0.35672391888544897 0.3844605523809524 0.35210114674922605 0.39986979285714286 0.35133068482972135 0.4191313428571429 0.35595345696594427 0.43299965952380953 0.3690513114551084 0.4337701214285714
