0 0.3099116404640654 0.5884521340411167 0.257150751168183 0.5803388666573527 0.26581314889403984 0.5240140064383119 0.3185735398230918 0.5321272349319136
0 0.32384997930773807 0.5746031181840253 0.32915194707345563 0.5763495758269107 0.3204410282481831 0.6027917657810408 0.31513906249995216 0.601045312499985
0 0.6403421134108385 0.5912379033889934 0.6581156098485508 0.5877354088122817 0.6672905693889106 0.6342887601383838 0.6495170774569488 0.6377912392008899
0 0.7221950905883432 0.6640101006230762 0.6722110191039974 0.6679074973023733 0.6639138196192107 0.5615020437457824 0.7138968749999322 0.5576046875000035
0 0.7204215994643164 0.5490089223280502 0.7426806609508958 0.547107775405759 0.7478269115451894 0.6073552590740645 0.7255678513499788 0.6092563958480035
7 0.6702701455152464 0.6791578832670819 0.7148464442389013 0.6624072636142728 0.74821949125419 0.751205287779 0.7036432827098906 0.767955733164198
2 0.6763385887463755 0.48053718883104185 0.7227949560812021 0.4722047022392058 0.7327127886048856 0.5274957760355362 0.6862564306408103 0.5358282267202521
11 0.21002449915465604 0.5233930387644395 0.2730951653147713 0.5446771126355737 0.22557252455021626 0.685484851291182 0.16250199603155124 0.6642010669646887
11 0.2622298140596513 0.29029947793858574 0.3101262835753005 0.2957955319452347 0.28908985083819516 0.4791142486668111 0.24119339051458155 0.4736182540230069
11 0.8594186588696857 0.6692584557805142 0.8021779031945471 0.6806108283047766 0.7696785731727687 0.5167570370653158 0.8269177055443606 0.505404826802689
11 0.7342723640458644 0.2745080676886708 0.7824139601909792 0.26643303264615686 0.8080591243473236 0.4193188240716411 0.7599175437184158 0.4273937924809759
7 0.2612633368985371 0.6843280863731982 0.2780195053525176 0.6963624351073758 0.26096805060535644 0.7201006390275436 0.24421191395890673 0.7080663279228455
7 0.24402102433646178 0.7156463396857526 0.23175524021178262 0.7104497537994908 0.24398585813821683 0.6815856150812545 0.25625157043350555 0.6867821836227663