25 0.35164687492260066 0.42318906309523807 0.34808281238390093 0.43753749999999997 0.34416093746130033 0.4594359369047619 0.34309218761609905 0.4843546880952381 0.34594374984520126 0.4888859380952381 0.35307343777089784 0.49115156190476195 0.3623421876160991 0.490396875 0.3680453126934985 0.4836 0.3726796873065016 0.4737828119047619 0.3698281250773994 0.45037499999999997 0.36447968730650154 0.4322515630952381 0.36055630092879254 0.3982889369047619 0.35164687492260066 0.42318906309523807
9 0.3577078123839009 0.39525 0.3612718749226006 0.4065765630952381 0.36305468730650153 0.392984375 0.36555 0.37410625000000003 0.3659062501547987 0.34541093690476193 0.3577078123839009 0.39525
2 0.40084062476780186 0.49190625000000004 0.4069015622291022 0.47604843690476195 0.4065453126934985 0.4533953119047619 0.4022671876160991 0.4405578119047619 0.39763281238390097 0.44584375000000004 0.39121562476780186 0.46396718809523807 0.38337343777089783 0.4654765619047619 0.38266093746130037 0.45415 0.3808781250773994 0.43980312499999996 0.3726796873065016 0.4405578119047619 0.3719656247678018 0.44961875 0.36911406253869966 0.4669875 0.36555 0.477559375 0.36626249969040253 0.4964375 0.3712531250773994 0.5077640630952381 0.37802656222910214 0.5145609380952381 0.3848 0.511540625 0.3937109374613003 0.497946875 0.40084062476780186 0.49190625000000004
2 0.4536 0.509275 0.45787656222910217 0.503232813095238 0.46215468730650155 0.4934171869047619 0.4625109374613003 0.47831406190476194 0.4625109374613003 0.4654765619047619 0.45752031269349847 0.46321093690476195 0.4546687498452012 0.4768046869047619 0.4536 0.509275
2 0.4507484377708978 0.5054984380952381 0.45288593746130035 0.5138046869047619 0.4546687498452012 0.507009375 0.4546687498452012 0.49190625000000004 0.45502499999999996 0.4745390619047619 0.4539562501547988 0.45868125000000004 0.44896562476780183 0.4526390630952381 0.44433125015479874 0.460190625 0.4461140625386997 0.490396875 0.4507484377708978 0.5054984380952381
0 0.5216234377708978 0.47390625000000003 0.5230937498452013 0.501946875 0.5227265622291022 0.520640625 0.5256687498452012 0.5346624999999999 0.5308156247678019 0.530767186904762 0.5315515622291022 0.520640625 0.5304484377708978 0.508178125 0.5293453126934985 0.4910421869047619 0.5282421876160991 0.47780156309523814 0.5216234377708978 0.47390625000000003
2 0.6102484377708979 0.501946875 0.6073062501547988 0.477021875 0.6025265622291022 0.4598859380952381 0.5984812501547988 0.45832812500000003 0.5922296873065016 0.45832812500000003 0.5929640625386997 0.47468593690476185 0.5889187498452012 0.4840328119047619 0.5841390625386997 0.4848109380952381 0.5804609374613003 0.47780156309523814 0.5775187498452012 0.47234843809523813 0.5756812501547988 0.48325312499999995 0.5745781250773994 0.5003890630952381 0.5767843752321982 0.5128515630952382 0.5804609374613003 0.5190828130952381 0.5867124996904025 0.5214203130952381 0.5951703126934985 0.5245359369047619 0.6017906247678019 0.5299875000000001 0.6109843752321982 0.5190828130952381 0.6102484377708979 0.501946875
10 0.6201781250773993 0.3905625 0.6157640625386998 0.39134062500000005 0.6098812501547988 0.41081406190476194 0.6065703126934985 0.4419703130952381 0.6069390625386997 0.4536546869047619 0.613557812383901 0.468453125 0.6190734377708978 0.4630015630952381 0.6220156247678019 0.45131718809523813 0.6242218749226006 0.43885468809523814 0.6260609374613003 0.42327656190476187 0.6264296873065015 0.4045828119047619 0.6256937498452012 0.393678125 0.6201781250773993 0.3905625
2 0.6665125003095975 0.4700125 0.6672484377708978 0.4575484380952381 0.6665125003095975 0.433403125 0.6621 0.42561406190476186 0.6580546873065015 0.43729687500000003 0.6518031250773993 0.4295078130952381 0.6495968749226005 0.43807656309523807 0.6455515622291021 0.44119218690476186 0.6444484377708979 0.46377968809523806 0.6374609374613003 0.4630015630952381 0.6345187498452013 0.4754640630952381 0.6330484377708978 0.495715625 0.6370937498452013 0.510515625 0.6422421876160991 0.5198625 0.648125 0.516746875 0.6529062501547989 0.5151890619047619 0.6617328123839009 0.510515625 0.6617328123839009 0.482475 0.6665125003095975 0.4700125
9 0.5936718749226007 0.38125624999999996 0.5901843752321981 0.40950937499999995 0.5889187498452012 0.3586265619047619 0.5870812501547987 0.43262343809523807 0.5874484377708978 0.4606640619047619 0.5856093752321981 0.48636875 0.5914937498452013 0.48169531309523805 0.5929640625386997 0.46923281309523807 0.5955390625386997 0.45521249999999996 0.5922296873065016 0.42405624999999997 0.5936718749226007 0.38125624999999996
9 0.6422421876160991 0.32980624999999997 0.6459187498452013 0.387446875 0.6466546873065016 0.41003593690476187 0.651067187616099 0.4295078130952381 0.6576875003095976 0.4263921880952381 0.6525390625386998 0.39134062500000005 0.6470218749226005 0.360184375 0.6422421876160991 0.32980624999999997
9 0.6657765622291021 0.3485015619047619 0.6613640625386997 0.40925625000000004 0.6639390625386997 0.42171875 0.6646734377708978 0.3835515619047619 0.6657765622291021 0.3485015619047619
2 0.6473906247678018 0.5580296869047618 0.6547453126934986 0.5595875 0.6628359374613003 0.5556921869047619 0.6661453126934984 0.5486828119047619 0.670925 0.54089375 0.6698218749226006 0.5253140630952381 0.6621 0.52609375 0.6518031250773993 0.5315453130952381 0.6415062501547988 0.526871875 0.6323124996904025 0.52609375 0.6286359374613003 0.5284296880952382 0.6256937498452012 0.5346624999999999 0.6275328123839009 0.547903125 0.6315781250773994 0.566596875 0.6345187498452013 0.5650390619047619 0.6396671876160991 0.56348125 0.6381968749226007 0.547903125 0.6426093752321982 0.547903125 0.6473906247678018 0.5580296869047618
9 0.6223843752321981 0.646825 0.6201781250773993 0.62813125 0.6198093752321981 0.610995313095238 0.6198093752321981 0.5961968750000001 0.6148125003095976 0.60114375 0.6165 0.6242375 0.6223843752321981 0.646825
10 0.6315781250773994 0.677982811904762 0.6326812501547987 0.658509375 0.6297390625386997 0.633584375 0.6301062501547987 0.611775 0.6290031250773994 0.5837328119047619 0.6249578123839009 0.582175 0.6187062501547987 0.5860703119047619 0.6106156247678018 0.5845125 0.6054671876160991 0.591521875 0.6087781250773994 0.6218999999999999 0.6131906247678018 0.6569515630952381 0.6190734377708978 0.6810984369047619 0.6253265622291021 0.688107811904762 0.6315781250773994 0.677982811904762
2 0.39695937523219815 0.5369984369047619 0.39879687492260063 0.52609375 0.39328125015479876 0.5214203130952381 0.3873968749226006 0.5221984369047619 0.379675 0.5253140630952381 0.37599687492260064 0.5369984369047619 0.37673281238390094 0.5580296869047618 0.38261718761609903 0.5595875 0.391075 0.5556921869047619 0.3947515622291022 0.5455671880952381 0.39695937523219815 0.5369984369047619
9 0.3881328123839009 0.560365625 0.38629374984520126 0.5775015630952381 0.38445468730650156 0.5985328119047619 0.3715843752321981 0.7036859369047619 0.37930781238390093 0.6624046880952381 0.38445468730650156 0.633584375 0.3892359374613003 0.5954171880952381 0.39217812507739935 0.560365625 0.3881328123839009 0.560365625
0 0.3256171876160991 0.5673765619047619 0.32892656222910216 0.57594375 0.33885625015479875 0.57205 0.3476812501547988 0.57594375 0.35466874984520125 0.5845125 0.36018437523219815 0.585290625 0.3675390625386997 0.575165625 0.37048125015479877 0.56348125 0.3730546873065016 0.5401140619047619 0.3737906247678019 0.5346624999999999 0.3734234377708978 0.5214203130952381 0.37011406253869966 0.5151890619047619 0.36312656222910217 0.510515625 0.35540312507739935 0.504284375 0.3473140625386997 0.501946875 0.33959062476780183 0.5190828130952381 0.3366484377708978 0.544009375 0.3300296873065015 0.5525765619047619 0.3256171876160991 0.5673765619047619
2 0.32341093746130034 0.544009375 0.3274562501547988 0.5299875000000001 0.3270875003095975 0.510515625 0.31752656222910214 0.4972734369047619 0.30281718761609905 0.48325312499999995 0.29252031269349843 0.4754640630952381 0.28626874984520123 0.48169531309523805 0.28001718761609906 0.4964953119047619 0.27965 0.5074 0.2840625003095975 0.5245359369047619 0.2921531250773994 0.5369984369047619 0.30392031269349845 0.544009375 0.3061265622291022 0.5362203119047619 0.30465625015479875 0.5245359369047619 0.3105390625386997 0.5245359369047619 0.31936562476780184 0.547125 0.32341093746130034 0.544009375
7 0.3252484377708978 0.651498436904762 0.32377812507739934 0.6670781250000001 0.31679062476780184 0.677203125 0.3145843752321981 0.67019375 0.3138484377708978 0.6530562499999999 0.3131140625386997 0.6366999999999999 0.3061265622291022 0.637478125 0.2995078123839009 0.646046875 0.2980359374613003 0.666298436904762 0.29913906253869965 0.684992188095238 0.3042874996904025 0.6966765630952381 0.3131140625386997 0.7021281250000001 0.3212046873065016 0.70135 0.3256171876160991 0.6904453119047619 0.32855937523219814 0.673309375 0.3252484377708978 0.651498436904762
2 0.28970279566563467 0.3915809130952381 0.2913798018575851 0.4008044464285714 0.29096054984520126 0.41505899761904763 0.2901220470588235 0.42721729166666667 0.2901220470588235 0.4402140880952381 0.291799053250774 0.45027612499999997 0.2968300712074303 0.45949965833333334 0.31821189845201237 0.4712387011904762 0.32659692879256963 0.4687231916666667 0.32240441362229105 0.4548878916666667 0.31905040123839007 0.43057130357142853 0.32240441362229105 0.41463974642857143 0.32156591021671826 0.40331995595238096 0.3144386346749226 0.39661193095238095 0.3085691133126935 0.3894846559523809 0.30060333498452013 0.3899039071428571 0.28970279566563467 0.3911616619047619 0.28970279566563467 0.3915809130952381
2 0.4704001975232198 0.5655702916666667 0.4712387009287926 0.5685050511904762 0.47207720371517026 0.5760515785714286 0.47249645510835914 0.5781478369047619 0.4750119640866873 0.5831788547619047 0.4787852278637771 0.5835981059523809 0.48171998823529416 0.580244094047619 0.48591250340557274 0.5643125369047619 0.48633175541795665 0.5584430154761905 0.48591250340557274 0.5567660095238095 0.48507400061919503 0.5559275059523809 0.4842354978328174 0.5555082547619048 0.46998094613003094 0.5580237642857143 0.46998094613003094 0.5605392726190476 0.4704001975232198 0.5655702916666667
2 0.48842801238390093 0.5747938238095238 0.48968576718266255 0.5781478369047619 0.49052426996904025 0.5798248428571429 0.4934590309597523 0.580244094047619 0.4980707975232198 0.5798248428571429 0.5018440613003096 0.5773093333333333 0.5072943306501548 0.5731168178571429 0.5081328340557276 0.5676665488095238 0.5085520854489164 0.5563467583333334 0.5060365764705882 0.5521542428571429 0.4972322947368421 0.5529927452380953 0.49429753374613006 0.5542505 0.49178202476780186 0.5555082547619048 0.48633175541795665 0.560958525 0.4871702582043344 0.5655702916666667 0.48842801238390093 0.5747938238095238
2 0.5785670879256966 0.5714398119047619 0.5856943634674923 0.578567088095238 0.5903061306501548 0.5789863392857143 0.5953371486068112 0.5764708309523809 0.5961756513931888 0.5672472976190476 0.5974334061919505 0.5546697511904762 0.5953371486068112 0.5433499607142858 0.5882098730650155 0.5391574452380952 0.5768900817337461 0.548800230952381 0.5739553213622292 0.5571852607142858 0.5726975665634675 0.5546697511904762 0.5739553213622292 0.5630547821428572 0.5785670879256966 0.5714398119047619
