9 0.36127187499994307 0.4065765624999971 0.35630174787490887 0.405921752871332 0.3643022154715254 0.34519960671202865 0.3692723077795108 0.34585441399938505
2 0.4081464630156688 0.440765140847488 0.4055085079635319 0.5155306320219316 0.3642614943606759 0.5140752389006734 0.3668996654696457 0.4393099716917596
2 0.45511878032016284 0.463131897652766 0.4631428212355786 0.46339598695587153 0.4616240408702197 0.5095390884012315 0.4536000000000513 0.5092750000000016
2 0.44390318280863994 0.4529378336477647 0.45371589187823247 0.4523587150527493 0.45732704055751583 0.5135425872080283 0.4475143317160928 0.5141217031971586
0 0.5325585009528595 0.5341489820840195 0.5237822199197808 0.5348031098640079 0.5192561970627594 0.4740826897545725 0.5280323958855888 0.473428565062949
2 0.6133968436207624 0.5286175846382388 0.5783978306737936 0.5327486178905357 0.5699240738726985 0.46096093388120174 0.6049227122764478 0.45682992285261326
2 0.6603773698747091 0.5220024419457997 0.6294572940387297 0.5183538888987097 0.6406995457547282 0.42308880263678234 0.6716191987602542 0.42673733046374895
9 0.5889187241500622 0.3586265618303548 0.5980351399906567 0.3588627238649087 0.5947257907688481 0.4866049100767345 0.58560937499999 0.48636875000000107
9 0.6579956871144077 0.4284901918859062 0.6495475338360848 0.42973101100738853 0.6350261548744811 0.330866107911493 0.6434742074671931 0.3296252965226207
9 0.6639390627955208 0.42171875000741604 0.6610531087802656 0.42164632562270454 0.6628906337869012 0.34842913843727663 0.6657765625000138 0.34850156249999986
2 0.6246513772417757 0.5271577498516525 0.6692182522385792 0.5209681651738814 0.6747235814914347 0.5606047204626962 0.6301567109561574 0.5667942846192059
2 0.39060864177361054 0.561646382211748 0.37095098586667064 0.5565818711838839 0.38083683278875924 0.5182141782940753 0.40049436707874975 0.5232786728875759
9 0.388185807359946 0.5599047120546043 0.39326852495514686 0.5604915116338354 0.3766670911760457 0.7042727289565502 0.37158437499999764 0.7036859374999959
0 0.34476302598102393 0.5012060215908345 0.3855263009454575 0.5129994907704056 0.3640493469648618 0.5872264396969802 0.32328610353965814 0.5754330461601256
2 0.343951886882337 0.5224604755255405 0.31203232609743736 0.5559463061525005 0.26144912688528166 0.5077327918439147 0.29336852545407055 0.47424714411315816
7 0.29634771038661256 0.6376892532747236 0.3263529617108816 0.6359188744099349 0.3302004903753186 0.7011199930469695 0.30019524012004695 0.7028903601085921
2 0.32674016578778264 0.4705827156771449 0.292659699766773 0.47320414479690087 0.2863365334600303 0.39100129901282077 0.3204166370102257 0.38837988378088556
2 0.4691757652066144 0.5579175739423445 0.48582159457112084 0.5552545040449767 0.4900677612757818 0.5817930829804394 0.47342193339591176 0.584456146673115
2 0.48539650657335187 0.5547858703467111 0.5078012977327262 0.5513915378210872 0.5117943492183485 0.5777457243046945 0.48938955983521737 0.5811400490197857
2 0.5707632379034067 0.5417741936537297 0.5949548200626396 0.5381457985000093 0.6008438214244052 0.5774058392401069 0.5766522420059346 0.5810342221057926
7 0.3396516361608519 0.6535123898353083 0.3559761519690028 0.6591407585984683 0.34124900573522154 0.7018494268176242 0.32492450263123374 0.6962210843203219
7 0.662654635959143 0.6701808417772958 0.6911773771115577 0.6670913320030301 0.6968950863832788 0.7198703354237356 0.6683723480765593 0.7229598278270177
7 0.6017191093750398 0.7025004187499976 0.6138002462030272 0.7018078014275797 0.6150486317559398 0.7235797040548374 0.6029674950676736 0.7242723197353897
10 0.6385528930882174 0.6817483817269574 0.6138982142027771 0.6839894550859876 0.6046071689416976 0.5817865059272075 0.6292613640625859 0.5795454546874956
10 0.611695528553355 0.4008002620571264 0.6296270218914515 0.4025933093537922 0.6230591809090811 0.4682718137078862 0.605127688721609 0.46647877422904266