2 0.3640329001576674 0.5894625 0.31810613078903316 0.5894625 0.3181063501275503 0.5330890625 0.36403267614662127 0.5330890625
10 0.36344517292161527 0.40861048059424065 0.38637721390728075 0.4060565710590021 0.3991224977114598 0.5204918534570526 0.37619046014401647 0.5230457422331113
0 0.40741194776614975 0.5718351223435568 0.39566940456438715 0.573941127853479 0.3909209038774861 0.5474670962236107 0.4026633943890374 0.5453610955595175
0 0.6726449486174033 0.5869745826371022 0.6590148444548731 0.5887434617151929 0.6502830275380802 0.521466188929293 0.6639129773046761 0.5196973200052023
2 0.6534371201663589 0.7053021058947613 0.6211092479463787 0.7014902308922631 0.6303528395026206 0.6231100454026346 0.6626802050150218 0.6269218903776828
9 0.6907986235937642 0.7757594009672215 0.6773759285332517 0.779456472399443 0.646616685909521 0.667798587946034 0.6600390625000045 0.6641015624999868
9 0.6642675311749144 0.8121734023527687 0.652155852121723 0.8134120493975077 0.639931119338371 0.6938966457329802 0.6520424687500963 0.6926580156249953
10 0.3607896790867926 0.6896439494643709 0.3880847189890346 0.6917632246936901 0.3785088161529302 0.8150746509040091 0.351213779725299 0.8129554058898503
10 0.3329022239563528 0.7886904603738185 0.3098744060378067 0.7811221491271146 0.3425877969572184 0.6816040042568576 0.36561511875913766 0.6891722275095102
0 0.3399280319945319 0.7071928664163385 0.29964565384068464 0.7034981008275544 0.3075814165209749 0.6169934725617928 0.3478630883778351 0.6206882054085202
6 0.6682692312499512 0.6971153843750074 0.643051802424452 0.6354798626717268 0.6959362937162723 0.613845603627416 0.7211538510254059 0.6754807788941793