2 0.31810625015479876 0.5710796869047619 0.33260937523219813 0.5808828119047619 0.34046562476780184 0.5894625 0.3471124996904025 0.5894625 0.3543640625386997 0.5894625 0.36403281238390095 0.5870109380952381 0.36403281238390095 0.567403125 0.36040625015479877 0.54656875 0.3471124996904025 0.552696875 0.3440906247678019 0.54534375 0.3380468749226006 0.5330890630952381 0.32958750030959755 0.5330890630952381 0.3211265622291022 0.54534375 0.31810625015479876 0.5588234369047619 0.31810625015479876 0.5710796869047619
10 0.38518281238390095 0.4191171880952381 0.37914062476780186 0.4068625 0.37128437523219815 0.4142140619047619 0.36886718761609905 0.4411765630952381 0.370075 0.4681375 0.37430625015479874 0.506128125 0.39606093746130033 0.5208328130952381 0.39545625015479874 0.5 0.39424687492260063 0.476715625 0.38820468730650154 0.4436265619047619 0.38518281238390095 0.4191171880952381
0 0.39309374984520123 0.55958125 0.3963953126934985 0.5738109369047619 0.4017609374613003 0.5713 0.4050640625386997 0.566278125 0.4050640625386997 0.558745311904762 0.40341250030959747 0.5495375 0.3980468749226006 0.5461890619047619 0.39309374984520123 0.55958125
0 0.6556000000000001 0.5344703119047619 0.6543609374613004 0.552885936904762 0.6576640625386997 0.5687890619047619 0.6646796873065016 0.578834375 0.6708718749226006 0.5872046869047619 0.6716968749226007 0.5796703119047619 0.6675687498452012 0.5478640619047619 0.664267187616099 0.5244265619047619 0.6597265622291022 0.520240625 0.6556000000000001 0.5344703119047619
2 0.6262953126934985 0.657515625 0.6300093752321981 0.6717453119047619 0.6362 0.6750921880952381 0.6386765622291022 0.6884859380952381 0.6456937498452012 0.7043890630952381 0.6506468749226006 0.697692188095238 0.6560125003095976 0.6834625000000001 0.6568375003095975 0.67341875 0.656425 0.6600265619047619 0.6605531250773994 0.6449593750000001 0.6584890625386997 0.62821875 0.648582812383901 0.6265453130952381 0.6452812501547988 0.6248703119047619 0.6386765622291022 0.62905625 0.6341375003095975 0.6391000000000001 0.6279453126934984 0.6474703130952381 0.6262953126934985 0.657515625
9 0.654682812383901 0.7595765630952381 0.6521453126934985 0.73385 0.6507359374613003 0.718414063095238 0.6521453126934985 0.7098375 0.6569374996904025 0.705264061904762 0.6651125003095976 0.71326875 0.672725 0.7344218749999999 0.6848468749226007 0.76300625 0.689357812383901 0.7761562500000001 0.6882296873065016 0.766435936904762 0.6803359374613004 0.738423438095238 0.672442187616099 0.7161265619047619 0.6645500000000001 0.696117188095238 0.6600390625386997 0.664101561904762 0.6572203126934985 0.668103125 0.6577828123839009 0.681253125 0.6549640625386998 0.687540625 0.6487625003095975 0.698403125 0.6442515622291022 0.698975 0.6448156247678019 0.715554688095238 0.6442515622291022 0.736135936904762 0.6479171876160991 0.7652937500000001 0.6563734377708978 0.792164061904762 0.6467890625386996 0.724129686904762 0.6555281250773994 0.7818734380952381 0.664267187616099 0.8121734380952381 0.6617296873065016 0.795021875 0.6577828123839009 0.776728125 0.654682812383901 0.7595765630952381
9 0.3765140625386997 0.72565625 0.37801562476780187 0.695979688095238 0.3693859374613003 0.693696875 0.3690093752321982 0.724134375 0.3671343752321981 0.758376563095238 0.35775312507739937 0.8025109369047619 0.36450781238390095 0.7842484369047619 0.3705109374613003 0.7629421880952381 0.3765140625386997 0.72565625
9 0.3281109374613003 0.781204686904762 0.3303624996904025 0.7713125000000001 0.3397421876160991 0.7340265619047619 0.35062343777089783 0.696740625 0.3476218749226006 0.6868484380952381 0.34462031269349847 0.693696875 0.3348640625386997 0.723373436904762 0.3288609374613003 0.758376563095238 0.323982812383901 0.7857703119047619 0.3281109374613003 0.781204686904762
10 0.35625312507739937 0.7408750000000001 0.35062343777089783 0.788814063095238 0.35174999999999995 0.8078375 0.3618812501547988 0.812403125 0.36863437523219816 0.7994671869047619 0.3772640625386997 0.7766390619047618 0.3813921876160991 0.7462015630952381 0.38176718761609907 0.689892186904762 0.3742624996904025 0.691414061904762 0.3581281250773994 0.692175 0.35850312507739934 0.7058718749999999 0.35625312507739937 0.7408750000000001
10 0.34049374984520125 0.688370313095238 0.3333640625386997 0.7089156249999999 0.323982812383901 0.747723438095238 0.323982812383901 0.781204686904762 0.3273609374613003 0.7834875 0.3348640625386997 0.7720734369047619 0.3397421876160991 0.75609375 0.34687187492260063 0.7401140619047619 0.35362656222910216 0.7248953130952381 0.3596296873065016 0.7066328130952381 0.35475156222910215 0.6891312500000001 0.3479968749226006 0.68 0.34049374984520125 0.688370313095238
0 0.3363656247678019 0.6373875 0.3262343752321981 0.626734375 0.3142281250773994 0.6176031249999999 0.30709843777089785 0.6313000000000001 0.3052218749226006 0.6427140619047619 0.3048468749226006 0.675434375 0.308975 0.691414061904762 0.3172296873065016 0.7051109380952381 0.3284859374613003 0.70435 0.3371156247678019 0.6860875 0.34312031269349846 0.672390625 0.3461218749226006 0.639670311904762 0.3412437498452012 0.641192186904762 0.3363656247678019 0.6373875
6 0.6752713622291021 0.6389571535714286 0.6692189938080495 0.6424156488095238 0.6683543696594427 0.6501972654761905 0.6770006099071207 0.6666251214285714 0.6916992185758514 0.6623020011904761 0.6968869628482973 0.6320401607142857 0.6899699702786378 0.6294462892857142 0.6787298582043344 0.6389571535714286 0.6752713622291021 0.6389571535714286
