0 0.26174531269349843 0.4325375 0.2621218749226006 0.4221421869047619 0.26136718761609906 0.41313125 0.25684218761609906 0.4145171869047619 0.25231562476780184 0.417290625 0.24929843777089786 0.424221875 0.24778906253869967 0.436003125 0.25042968730650156 0.4505578130952381 0.25533281238390093 0.455409375 0.2602359374613003 0.4602609380952381 0.26363125015479877 0.463034375 0.2621218749226006 0.44501406309523805 0.26174531269349843 0.4325375
0 0.2278 0.43115156309523806 0.22365 0.423528125 0.22025625015479877 0.4290734380952381 0.21837031269349844 0.436003125 0.21535312507739937 0.443628125 0.21761562476780186 0.4505578130952381 0.21950156222910217 0.4505578130952381 0.22365 0.4484796880952381 0.22666718761609905 0.44501406309523805 0.2278 0.4380828119047619 0.2278 0.43115156309523806
10 0.3141718749226006 0.4380828119047619 0.3122859374613003 0.42699375 0.31304062476780187 0.4152109380952381 0.31153125015479877 0.4027359369047619 0.30964531269349843 0.384021875 0.30097031269349844 0.365309375 0.29908437523219816 0.36114999999999997 0.2971984377708978 0.35283281190476196 0.29342812507739935 0.345209375 0.28512968730650157 0.3396640630952381 0.27909531269349847 0.344515625 0.27532343777089785 0.364615625 0.2760781250773994 0.3736265630952381 0.27004218761609905 0.3729328119047619 0.26777968730650153 0.384715625 0.26777968730650153 0.40065625 0.2704203126934985 0.4249140630952381 0.2772093752321982 0.4484796880952381 0.2794718749226006 0.44570625 0.28550625015479875 0.44085468690476187 0.29380468730650156 0.44570625 0.2949359374613003 0.456103125 0.2979531250773994 0.4699640630952381 0.3013484377708978 0.4768953130952381 0.3134171876160991 0.4768953130952381 0.3160578123839009 0.462340625 0.3141718749226006 0.4380828119047619
2 0.33303125015479873 0.436003125 0.32775 0.44570625 0.3224703126934984 0.45333125 0.3160578123839009 0.463034375 0.3183203126934985 0.4963015619047619 0.33944218761609907 0.5053124999999999 0.3484953126934984 0.4907578119047619 0.3541531250773994 0.47828125000000005 0.3541531250773994 0.449171875 0.35038125015479876 0.4443203119047619 0.34434531269349844 0.4526375 0.3432140625386997 0.44501406309523805 0.33982031269349844 0.44016249999999996 0.33303125015479873 0.436003125
9 0.33189843777089784 0.3958046869047619 0.3313265386996904 0.43880277976190474 0.33835112941176476 0.43833447380952384 0.3383109374613003 0.348675 0.3345390625386997 0.345209375 0.33378437523219817 0.3694671880952381 0.33189843777089784 0.3958046869047619
10 0.6049734377708978 0.417290625 0.6045953126934984 0.4020421880952381 0.6030875003095976 0.38818125 0.5940343752321982 0.38540781309523814 0.5853593752321982 0.390259375 0.5804562501547987 0.40065625 0.5781937498452012 0.4145171869047619 0.5759296873065015 0.4325375 0.5732906247678019 0.4443203119047619 0.5763078123839009 0.458875 0.5785703126934985 0.47204375 0.582342187616099 0.481746875 0.5917718749226006 0.4838265619047619 0.5993156247678019 0.47204375 0.6019546873065016 0.4519453130952381 0.6045953126934984 0.4373890619047619 0.6049734377708978 0.417290625
10 0.6298656247678018 0.4075875 0.6211906247678018 0.3951109380952381 0.6117625003095976 0.3951109380952381 0.6064812501547988 0.41035937499999997 0.6064812501547988 0.42629999999999996 0.6019546873065016 0.44570625 0.6042187498452012 0.4512515619047619 0.6098765622291021 0.4616484369047619 0.6166656247678018 0.463034375 0.6253406247678018 0.4651125 0.6309984377708978 0.4637265630952381 0.6347687498452013 0.4540234369047619 0.6343921876160991 0.4387765630952381 0.6309984377708978 0.4179828130952381 0.6298656247678018 0.4075875
7 0.6242093752321982 0.404121875 0.628357812383901 0.413825 0.6309984377708978 0.42976562500000004 0.6317515622291021 0.42075625 0.6340156247678019 0.40827968690476185 0.6306203126934985 0.39233906309523814 0.6257171876160991 0.3833296880952381 0.6177968749226006 0.37778437499999995 0.6132703126934984 0.378478125 0.6083671876160991 0.3757046869047619 0.6045953126934984 0.36738750000000003 0.5944124996904024 0.36808124999999997 0.5864906247678019 0.37431875 0.5842281250773994 0.39233906309523814 0.5876234377708979 0.38818125 0.5913953126934984 0.3861015619047619 0.5974296873065015 0.38818125 0.6030875003095976 0.3951109380952381 0.6064812501547988 0.40135000000000004 0.6102531250773994 0.39649843690476194 0.6136484377708978 0.3916453119047619 0.6185515622291021 0.39233906309523814 0.6242093752321982 0.404121875
10 0.7320796873065015 0.42629999999999996 0.7362296873065015 0.436003125 0.7418874996904025 0.43946875 0.747167187616099 0.442240625 0.7498078123839009 0.436696875 0.7539562501547987 0.417290625 0.7505624996904026 0.3992703119047619 0.7422640625386997 0.4062015630952381 0.7362296873065015 0.41313125 0.7320796873065015 0.42629999999999996
10 0.6094984377708978 0.6397703119047619 0.6211906247678018 0.651553125 0.6298656247678018 0.6640296869047619 0.6392953126934984 0.670267186904762 0.6513656247678019 0.6730390630952381 0.6645656247678019 0.6695734369047619 0.6694687498452012 0.66125625 0.6649437498452013 0.6425437500000001 0.6558906247678019 0.632146875 0.6479703126934985 0.6231375 0.6404265622291022 0.619671875 0.6389187498452013 0.6252156249999999 0.6374093752321981 0.6286812500000001 0.6298656247678018 0.625909375 0.6264718749226006 0.62175 0.6208140625386998 0.6155124999999999 0.614025 0.62175 0.6117625003095976 0.626603125 0.6079906247678019 0.632146875 0.6094984377708978 0.6397703119047619
0 0.2896562501547988 0.5954140619047619 0.2919187498452012 0.5905625 0.2926734377708978 0.585710936904762 0.29342812507739935 0.5767 0.2919187498452012 0.564917188095238 0.2866390625386997 0.564225 0.2828671876160991 0.5635312499999999 0.2798484377708978 0.5683828119047619 0.2779640625386997 0.5746203119047619 0.2772093752321982 0.586403125 0.2806031250773994 0.5988781249999999 0.28098125015479875 0.6085828130952381 0.28512968730650157 0.6030375 0.2896562501547988 0.5954140619047619
0 0.24741250030959752 0.6155124999999999 0.25307031269349844 0.609275 0.25684218761609906 0.5905625 0.25457812507739935 0.579471875 0.2500531250773994 0.566303125 0.24439531269349843 0.5517484380952381 0.23534218761609907 0.5489765630952381 0.22817656222910218 0.564225 0.22327343777089784 0.5843234369047619 0.22251874984520123 0.6051171869047619 0.22214218761609908 0.62244375 0.23383437523219813 0.62244375 0.23798281238390093 0.62175 0.24741250030959752 0.6155124999999999
10 0.19121406253869971 0.544125 0.1840468749226006 0.5690765630952381 0.17725781238390093 0.5877890630952382 0.17876718761609905 0.607195311904762 0.1851781250773994 0.616898436904762 0.18819531269349846 0.5981859369047619 0.19196718761609907 0.586403125 0.1957390625386997 0.5753140630952381 0.201775 0.564225 0.2085640625386997 0.5517484380952381 0.19121406253869971 0.544125
10 0.21271249969040248 0.5621453130952381 0.20516874984520125 0.5760078130952381 0.19837968730650155 0.5829375 0.19498437523219814 0.5947203119047619 0.19800312507739937 0.60996875 0.20667812507739938 0.6051171869047619 0.21535312507739937 0.594026563095238 0.22100937523219813 0.58986875 0.21950156222910217 0.580165625 0.21610625015479876 0.5732343750000001 0.21271249969040248 0.5621453130952381
7 0.19121406253869971 0.593334375 0.18895 0.6078890619047619 0.18555625015479876 0.612046875 0.18102968730650157 0.6134343750000001 0.17725781238390093 0.60373125 0.17763593746130033 0.593334375 0.17084531269349845 0.6016515630952382 0.16745156222910218 0.62175 0.1689609374613003 0.632146875 0.1825390625386997 0.63630625 0.197625 0.6300671869047619 0.20365937523219815 0.618978125 0.2044140625386997 0.612046875 0.1961171876160991 0.60996875 0.19498437523219814 0.5968 0.19121406253869971 0.593334375
0 0.7364740068111455 0.5686090916666667 0.7439346699690403 0.5707407095238095 0.7583230910216718 0.5707407095238095 0.7673824674922601 0.5654116654761905 0.7732444167182663 0.5595497154761905 0.7732444167182663 0.545161294047619 0.7711127987616099 0.530239969047619 0.7636521356037153 0.5238451142857143 0.7567243777089784 0.5222464011904762 0.7460662879256965 0.5366348226190476 0.7338094842105264 0.5483587214285714 0.7332765801857585 0.5563522892857142 0.7364740068111455 0.5686090916666667
13 0.2066789436532508 0.440726330952381 0.4133578866873065 0.49451948095238096 0.6379678798761609 0.48413834642857145 0.732341826625387 0.46148859999999997 0.7408354823529412 0.39637057619047616 0.7002546848297213 0.39542683690476194 0.6681675430340558 0.42373902142857145 0.5586937647058824 0.4275139785714286 0.45676990216718266 0.4284577178571429 0.3378587294117647 0.41524536547619045 0.21517259876160988 0.3765520476190476 0.2066789436532508 0.440726330952381
13 0.34918360309597524 0.6577864095238095 0.42279528173374614 0.6747737190476191 0.5652999411764705 0.6587301488095237 0.6143743931888545 0.6455177964285714 0.6728862402476781 0.6643925857142857 0.7464979188854489 0.6039932595238096 0.7757538421052631 0.5747373357142858 0.7653727083591331 0.5256628833333333 0.7191294743034057 0.5671874202380952 0.6577864086687306 0.5917246464285714 0.5483126309597524 0.6162618726190476 0.38127074489164087 0.617205611904762 0.21611633808049538 0.5643562011904762 0.21422885944272446 0.617205611904762 0.2840655795665635 0.6492927535714287 0.34918360309597524 0.6577864095238095
