2 0.2899031250773994 0.4697671880952381 0.2871718749226006 0.459715625 0.27733750030959753 0.5019296880952381 0.27952343777089783 0.510975 0.28771718761609905 0.5149953119047619 0.2953671876160991 0.520021875 0.3035609374613003 0.5280625 0.3128484377708978 0.52705625 0.31885937523219815 0.5260515619047619 0.32322968730650153 0.4938890619047619 0.31885937523219815 0.48584843690476187 0.32268281238390095 0.475796875 0.31339531269349846 0.46675156190476186 0.31448749969040246 0.4426296880952381 0.30301562476780186 0.45770625 0.29919062476780184 0.4476546880952381 0.29809843777089784 0.465746875 0.2899031250773994 0.4697671880952381
9 0.3002828123839009 0.4406203119047619 0.28225468730650155 0.37126875 0.29700625015479876 0.4567015619047619 0.3002828123839009 0.4406203119047619
9 0.3052 0.4536859369047619 0.31339531269349846 0.4567015619047619 0.3204984377708978 0.3381015630952381 0.3052 0.4536859369047619
0 0.345082812383901 0.4838390619047619 0.3423515622291022 0.47680312500000005 0.3374343752321981 0.475796875 0.3330640625386997 0.47981875 0.3325171876160991 0.5019296880952381 0.3341562501547987 0.5210265619047619 0.3418046873065016 0.5139906249999999 0.345082812383901 0.50595 0.3467218749226006 0.4959 0.345082812383901 0.4838390619047619
1 0.5586984377708978 0.4989140619047619 0.5548734377708978 0.5139906249999999 0.5565124996904025 0.5340921880952381 0.5586984377708978 0.54916875 0.5652531250773993 0.557209375 0.5718093752321981 0.5582140619047619 0.5789125003095975 0.551178125 0.5789125003095975 0.5320828130952381 0.5772734377708978 0.5099703119047619 0.5723562501547987 0.4989140619047619 0.5658000000000001 0.49690468809523813 0.5586984377708978 0.4989140619047619
1 0.6045890625386997 0.530071875 0.6024046873065015 0.5019296880952381 0.5931171876160991 0.49690468809523813 0.5838296873065015 0.4959 0.5734484377708978 0.50595 0.5772734377708978 0.5330875 0.5827359374613004 0.54916875 0.5909312501547987 0.5622343750000001 0.5996718749226005 0.560225 0.6062281250773993 0.547157811904762 0.6045890625386997 0.530071875
1 0.6319062501547987 0.5582140619047619 0.6373687498452013 0.547157811904762 0.6324515622291021 0.497909375 0.6193406247678018 0.4938890619047619 0.6067750000000001 0.4938890619047619 0.5974874996904025 0.500925 0.6013109374613003 0.5220312500000001 0.6045890625386997 0.545148438095238 0.6116921876160991 0.55921875 0.6182484377708979 0.5632390619047619 0.62535 0.5632390619047619 0.6319062501547987 0.5582140619047619
9 0.6109374996904025 0.45484375000000005 0.6090625003095975 0.49234375 0.6151562501547988 0.49375 0.6148625003095975 0.434034375 0.619067187616099 0.4046359369047619 0.6192187498452012 0.46187500000000004 0.6176562501547987 0.47671875 0.6165624996904024 0.48140625000000004 0.6171874996904024 0.49312500000000004 0.6215625003095975 0.49406249999999996 0.6221515622291022 0.4056671880952381 0.6199078123839009 0.39535156309523806 0.6143015622291021 0.412371875 0.6109374996904025 0.45484375000000005
2 0.612057812383901 0.6150671869047619 0.6075734377708978 0.617646875 0.6016859374613003 0.61713125 0.5972 0.616615625 0.5915921876160991 0.617646875 0.5921531250773994 0.648592186904762 0.5938359374613003 0.6516875 0.5972 0.6480765619047619 0.6008437498452013 0.65271875 0.6064515622291021 0.6537499999999999 0.6092546873065016 0.6418875 0.6109374996904025 0.6320874999999999 0.6165437498452012 0.6305406250000001 0.6185062501547988 0.618678125 0.612057812383901 0.6150671869047619
9 0.6020187498452012 0.6571125 0.6037156247678018 0.7026703119047619 0.6020187498452012 0.7394906250000001 0.6054109374613003 0.7894171869047619 0.604732812383901 0.74635625 0.6060890625386997 0.71203125 0.6064281250773994 0.683323438095238 0.6074468749226006 0.6527437500000001 0.6020187498452012 0.6571125
2 0.29230312507739936 0.5716140630952381 0.2868765622291022 0.59408125 0.29094687492260063 0.59345625 0.29298281238390095 0.6034421869047619 0.30214062476780185 0.608434375 0.3062124996904025 0.6021937500000001 0.313675 0.600321875 0.3180843752321982 0.58534375 0.3085859374613003 0.5784796869047619 0.30485468730650156 0.57660625 0.29976718761609905 0.5734859369047619 0.29230312507739936 0.5716140630952381
11 0.5770283015479877 0.3827497880952381 0.6155672458204334 0.33418015952380953 0.6319330990712074 0.28297087857142855 0.6166231071207431 0.2903619083333333 0.6044807003095974 0.2988088 0.5838914012383901 0.312535 0.5643579634674923 0.3273170607142857 0.5474641801857585 0.33945946785714287 0.5390172879256966 0.34632256666666666 0.5099810972136223 0.37747048095238095 0.5120928204334365 0.4186490785714286 0.5221235040247678 0.43607079285714284 0.5437686650154798 0.4323752785714286 0.5569669331269349 0.39594805714285713 0.5770283015479877 0.3827497880952381
6 0.6468438185758514 0.5297258845238095 0.6497840173374614 0.5316860178571429 0.6527242167182662 0.5302159178571428 0.6556644160990712 0.5277657523809524 0.6541943164086688 0.5238454857142857 0.6517441504643963 0.5184551214285714 0.6483139176470588 0.513064755952381 0.6458637517027863 0.5111046226190477 0.643413585758514 0.511594655952381 0.6345929882352942 0.5204152535714286 0.6355730551083592 0.5238454857142857 0.6468438185758514 0.5297258845238095
6 0.6355730551083592 0.6497840178571429 0.6502740507739939 0.6478238845238095 0.6659551126934985 0.6375331880952381 0.6713454780185758 0.6267524571428572 0.663504946749226 0.623322225 0.6561544489164086 0.621852125 0.639493320123839 0.6292026238095239 0.6306727226006191 0.6355730547619047 0.6238122582043344 0.6478238845238095 0.6355730551083592 0.6497840178571429
6 0.3310034055727554 0.6162410666666668 0.30971701300309595 0.6226269845238095 0.30865269349845204 0.6247556238095238 0.3214245287925696 0.6290129023809524 0.3405822823529412 0.6343345011904763 0.35761139628482974 0.6364631404761906 0.3629329944272446 0.6353988202380952 0.3650616340557275 0.6183697059523809 0.33845364334365324 0.6173053869047619 0.3310034055727554 0.6162410666666668
13 0.38571565510835915 0.6718303928571429 0.4491557300309597 0.6807120035714286 0.5030797931888545 0.6794432011904762 0.5544662538699691 0.6756367976190476 0.6090247182662539 0.6895936130952381 0.6927656173374613 0.6800776023809524 0.7308296619195046 0.6489919654761904 0.7149696433436532 0.6109279202380952 0.6711959919504643 0.6394759547619048 0.5024453925696595 0.6318631452380953 0.3679524340557276 0.6261535380952381 0.2689859170278638 0.5836486880952381 0.2626419095975232 0.630594344047619 0.3140283702786378 0.6705615904761905 0.38571565510835915 0.6718303928571429
13 0.27786752755417954 0.4884885761904762 0.429489306501548 0.5151334071428572 0.6477231640866874 0.5221118154761905 0.7460552798761609 0.5214774154761904 0.7447864786377709 0.4732629583333333 0.6756367969040248 0.46565014880952377 0.6426479578947368 0.4643813476190476 0.576035879256966 0.46945655357142857 0.48848857647058824 0.47897256547619044 0.44661812693498454 0.45994054285714286 0.3590708235294117 0.4548653369047619 0.2835771343653251 0.43646771547619045 0.27786752755417954 0.4884885761904762
