0 0.43195468730650155 0.7502374999999999 0.436025 0.755854686904762 0.4380593752321982 0.7502374999999999 0.4370421876160991 0.7396281250000001 0.4339890625386997 0.7246515619047619 0.42991874984520123 0.731515625 0.42991874984520123 0.7402531250000001 0.43195468730650155 0.7502374999999999
0 0.44009531269349844 0.7283953119047619 0.4380593752321982 0.7340125000000001 0.4390781250773994 0.7446218750000001 0.44043437523219814 0.7521109369047619 0.4465406247678018 0.7483656249999999 0.44857656222910214 0.739004686904762 0.4462015622291022 0.7246515619047619 0.44145312507739937 0.72090625 0.44009531269349844 0.7283953119047619
0 0.3338218749226006 0.7073515630952381 0.3322921876160991 0.7171984380952381 0.3338218749226006 0.7247 0.3348421876160991 0.733140625 0.3356062501547988 0.737359375 0.33840937523219816 0.7289203130952381 0.33917499999999995 0.7167296869047619 0.33993906253869965 0.7078203119047619 0.33840937523219816 0.7021937500000001 0.3338218749226006 0.7073515630952381
0 0.5379703126934985 0.759865625 0.5382250000000001 0.77018125 0.5402640625386997 0.778151561904762 0.5423031250773993 0.774401563095238 0.5451062501547987 0.76924375 0.5438328123839009 0.7612734369047619 0.5423031250773993 0.755646875 0.5395 0.751426563095238 0.5379703126934985 0.759865625
0 0.6490921876160991 0.7884671869047619 0.6437406247678018 0.786592186904762 0.6399171876160991 0.7842484369047619 0.6330359374613003 0.79221875 0.6302328123839009 0.8001890619047619 0.6261546873065016 0.802534375 0.6210578123839009 0.798314063095238 0.6192734377708978 0.79503125 0.6154499999999999 0.7945625000000001 0.6174890625386996 0.7997203119047618 0.6200375003095975 0.8034718750000001 0.6253906247678018 0.8053468749999999 0.6304875003095975 0.807692186904762 0.6348203126934985 0.8062843749999999 0.6445046873065016 0.8044093750000001 0.6513859374613002 0.8001890619047619 0.6521515622291021 0.79315625 0.6490921876160991 0.7884671869047619
0 0.7377234377708979 0.771715625 0.7429468749226006 0.7772078130952381 0.7451859374613002 0.758671875 0.7444390625386997 0.7373906250000001 0.747425 0.7216015619047619 0.748917187616099 0.707185936904762 0.748917187616099 0.698260938095238 0.7459328123839009 0.6907109380952381 0.7403359374613002 0.698260938095238 0.7321265622291021 0.698948438095238 0.727275 0.7092453119047619 0.7227968749226006 0.718170313095238 0.7198125003095975 0.7319000000000001 0.7224234377708979 0.74425625 0.7317531250773994 0.7470015630952381 0.7317531250773994 0.7545531249999999 0.7336187498452013 0.762790625 0.7377234377708979 0.771715625
2 0.7909515622291021 0.750784375 0.7926343752321982 0.743564063095238 0.7912328123839009 0.7353109369047619 0.7917937498452012 0.7234484380952381 0.7901109374613003 0.717259375 0.7870281250773994 0.7115859380952381 0.7811406247678019 0.7033343750000001 0.7769343752321981 0.7017859369047619 0.7741312501547988 0.7053968749999999 0.7710468749226006 0.7115859380952381 0.771607812383901 0.7198375 0.7718875003095975 0.72860625 0.7699250000000001 0.7265437499999999 0.7665609374613004 0.718290625 0.7631968749226007 0.717259375 0.7589921876160991 0.719321875 0.7545062501547987 0.7213859369047619 0.7522640625386997 0.724995311904762 0.7511421876160991 0.7296374999999999 0.7503015622291022 0.7415 0.7528234377708979 0.748721875 0.7584312501547988 0.750784375 0.7623562501547987 0.758004688095238 0.7679640625386996 0.7662578119047619 0.7760937498452012 0.7688359380952381 0.7788968749226006 0.7714140630952381 0.7842234377708979 0.767289061904762 0.7887093752321981 0.761615625 0.7909515622291021 0.750784375
2 0.8276781250773995 0.7611 0.8262765622291023 0.7559421869047619 0.8243140625386998 0.7476890630952381 0.8237531250773993 0.739953125 0.8254359374613003 0.72860625 0.8220718749226006 0.718290625 0.8181468749226006 0.71674375 0.8125390625386998 0.71880625 0.8083343752321981 0.72860625 0.8072124996904024 0.722417188095238 0.8030078123839008 0.715196875 0.7959984377708978 0.7157125 0.7920734377708978 0.722932813095238 0.7903921876160991 0.7337640619047618 0.7923546873065016 0.746657813095238 0.794317187616099 0.750784375 0.7962796873065016 0.7554265630952381 0.8007640625386996 0.7647093749999999 0.8049703126934985 0.7683203130952381 0.809175 0.767804688095238 0.8156234377708977 0.7631625000000001 0.8187078123839009 0.76213125 0.8231937498452013 0.7636781250000001 0.8276781250773995 0.7611
2 0.8402953126934984 0.701270313095238 0.8344078123839008 0.691471875 0.8293609374613004 0.6904390630952381 0.8254359374613003 0.698692188095238 0.824875 0.711070311904762 0.8290796873065015 0.7265437499999999 0.8288 0.7451109369047619 0.8307624996904025 0.748721875 0.8341265622291021 0.75233125 0.8386124996904025 0.7492375 0.8445 0.7482046869047619 0.8478640625386997 0.746657813095238 0.8481437498452012 0.722932813095238 0.8461812501547987 0.713648436904762 0.8436593752321981 0.7043656250000001 0.8402953126934984 0.701270313095238
2 0.8784234377708978 0.72860625 0.8770203126934984 0.715196875 0.871975 0.7079749999999999 0.8691703126934984 0.7115859380952381 0.86805 0.71880625 0.8655265622291022 0.717775 0.8616015622291022 0.721901561904762 0.8604796873065015 0.71468125 0.864125 0.7043656250000001 0.8624421876160991 0.6961125 0.8587984377708979 0.689923436904762 0.8526296873065016 0.6909546880952381 0.8495468749226007 0.697660938095238 0.846742187616099 0.7038500000000001 0.8442203126934985 0.71880625 0.8464625003095975 0.7265437499999999 0.8501062501547987 0.7389218750000001 0.8543125003095975 0.7482046869047619 0.8590781250773994 0.7533624999999999 0.8669281250773994 0.753878125 0.8725359374613004 0.7451109369047619 0.8773015622291022 0.73840625 0.8784234377708978 0.72860625
0 0.8946828123839009 0.7100390630952381 0.8938421876160991 0.6997234369047619 0.8918796873065015 0.689407811904762 0.8879546873065015 0.694565625 0.8879546873065015 0.7017859369047619 0.8896375003095975 0.7074593750000001 0.8946828123839009 0.7100390630952381
0 0.89945 0.7043656250000001 0.9005703126934985 0.7002390619047619 0.9000093752321981 0.694565625 0.8969265622291022 0.69301875 0.8969265622291022 0.70281875 0.8972062501547988 0.7079749999999999 0.89945 0.7043656250000001
1 0.8662718749226006 0.7848250000000001 0.859542187616099 0.7801828119047619 0.8502906247678018 0.7863718749999999 0.8444031250773993 0.788434375 0.8401984377708978 0.787403125 0.8275828123839009 0.792045311904762 0.8186109374613003 0.8044234380952381 0.8160875003095975 0.813707813095238 0.8172093752321982 0.832275 0.821975 0.8487796880952381 0.8278625003095975 0.853421875 0.8376750000000001 0.851357811904762 0.8528140625386997 0.8462015619047619 0.8617859374613003 0.836401563095238 0.8693546873065016 0.829696875 0.8749624996904025 0.8198968750000001 0.8738406247678018 0.8064874999999999 0.873 0.7925609380952381 0.8662718749226006 0.7848250000000001
9 0.8472078123839009 0.9241828119047619 0.8601031250773993 0.963896875 0.8505718749226006 0.921603125 0.8472078123839009 0.9241828119047619
9 0.879167187616099 0.919025 0.8842140625386997 0.943265625 0.8816906247678018 0.916445311904762 0.879167187616099 0.919025
1 0.8177703126934984 0.813809375 0.8116015622291022 0.809682813095238 0.8059953126934984 0.80555625 0.7970234377708978 0.806071875 0.7877718749226007 0.807103125 0.7813234377708979 0.804009375 0.7717921876160991 0.800914061904762 0.7614187498452012 0.80761875 0.760017187616099 0.82515625 0.7611390625386997 0.8468171869047619 0.7673062501547987 0.854039061904762 0.7743156247678018 0.8571328130952381 0.7832859374613004 0.8524906250000001 0.7933796873065015 0.848365625 0.8015093752321981 0.8452703119047619 0.8101999999999999 0.849396875 0.8177703126934984 0.847848438095238 0.8172093752321982 0.826703125 0.8177703126934984 0.813809375
9 0.8191718749226006 0.9283078119047619 0.8242187498452012 0.9504859380952381 0.8216953126934984 0.9236671880952382 0.8191718749226006 0.9283078119047619
7 0.7838468749226006 0.9597703130952381 0.7855296873065015 0.9721484369047619 0.7891734377708979 0.9829796869047619 0.7936593752321981 0.988653125 0.8020703126934984 0.9902000000000001 0.8090796873065015 0.98916875 0.8130046873065017 0.984526563095238 0.8146859374613004 0.9783375 0.8130046873065017 0.96338125 0.8107609374613003 0.9504859380952381 0.8071171876160991 0.941203125 0.8017890625386996 0.937592186904762 0.7936593752321981 0.937592186904762 0.7959031250773994 0.945328125 0.7967437498452012 0.9530656249999999 0.7995468749226007 0.9618328119047619 0.8017890625386996 0.970085936904762 0.8017890625386996 0.974728125 0.7970234377708978 0.980917188095238 0.7916968749226007 0.97524375 0.7869312501547987 0.96750625 0.7838468749226006 0.9597703130952381
0 0.46816874984520124 0.842175 0.46480468730650154 0.8463015630952382 0.4628421876160991 0.85094375 0.46340312507739934 0.863321875 0.46592656222910217 0.8695109369047619 0.46844843777089784 0.860228125 0.47069218761609904 0.851975 0.47237343777089785 0.8463015630952382 0.4718140625386997 0.840628125 0.46816874984520124 0.842175
2 0.46368281238390097 0.8303125 0.4667671876160991 0.8236078130952381 0.46592656222910217 0.81741875 0.4614406247678019 0.814325 0.4547109374613003 0.812776563095238 0.447982812383901 0.813809375 0.44237656222910215 0.813809375 0.43592812507739936 0.813809375 0.4249937498452013 0.81741875 0.4171437498452012 0.8199984369047618 0.4182656247678018 0.854554688095238 0.4233125003095975 0.8597125 0.43004062476780186 0.8612593749999999 0.43705 0.8586796869047619 0.44433906253869965 0.857648438095238 0.44770312507739934 0.851459375 0.4502265622291022 0.8457859369047619 0.4547109374613003 0.8401124999999999 0.4586359374613003 0.835985936904762 0.46368281238390097 0.8303125
2 0.40284687492260063 0.802978125 0.39920156222910214 0.804009375 0.39639843777089784 0.8065875 0.39107187492260065 0.8112296869047619 0.3868656247678019 0.809682813095238 0.3823796873065015 0.804009375 0.37733437523219815 0.8014296880952381 0.37312812507739934 0.800914061904762 0.3694843752321981 0.8107140619047619 0.370325 0.8163874999999999 0.3708859374613003 0.8246390619047619 0.3736890625386997 0.8303125 0.378175 0.8303125 0.38434218761609906 0.8318609369047619 0.3851843752321981 0.8401124999999999 0.38714687492260064 0.8468171869047619 0.39107187492260065 0.84888125 0.3941546873065015 0.8468171869047619 0.3980796873065015 0.841659375 0.4006031250773994 0.839596875 0.4006031250773994 0.8432078119047619 0.39920156222910214 0.85094375 0.40004218761609905 0.8561015619047619 0.40284687492260063 0.8581640630952381 0.4084531250773994 0.854039061904762 0.4123781250773994 0.849396875 0.4140609374613003 0.8452703119047619 0.41574218761609905 0.841659375 0.41658281238390094 0.835985936904762 0.4168640625386997 0.8287656250000001 0.41658281238390094 0.821029686904762 0.4160234377708978 0.8153562500000001 0.41293906253869966 0.8081359369047619 0.40957499999999997 0.804525 0.40705156222910216 0.804525 0.4048093752321982 0.802978125 0.40284687492260063 0.802978125
0 0.3588312501547988 0.8287656250000001 0.3591109374613003 0.8339234380952381 0.3591109374613003 0.8401124999999999 0.3605125003095975 0.8437234369047618 0.3627562501547988 0.8432078119047619 0.36752187492260063 0.8370187499999999 0.3661203126934985 0.827734375 0.3621953126934984 0.8230921880952381 0.3588312501547988 0.8287656250000001
