2 0.3056796873065015 0.5263953119047619 0.30412968730650153 0.5169609369047619 0.29916718761609906 0.52010625 0.2948265622291022 0.5320546869047619 0.2895546873065016 0.5339406250000001 0.2852140625386997 0.529539061904762 0.27932187492260063 0.529539061904762 0.27373906253869973 0.52828125 0.27001874984520124 0.5251375 0.2681578123839009 0.5251375 0.2644359374613003 0.52828125 0.2644359374613003 0.535828125 0.26691718761609906 0.5408593749999999 0.26939843777089784 0.544003125 0.27249843777089783 0.548404686904762 0.27653125015479874 0.550292188095238 0.27994218761609907 0.5496624999999999 0.2842828123839009 0.55155 0.28986562476780187 0.5553234369047618 0.29327656222910214 0.5553234369047618 0.2966874996904025 0.55469375 0.30009843777089784 0.55658125 0.30381874984520124 0.5553234369047618 0.30537031269349846 0.5509203119047619 0.30599062476780187 0.5377140630952382 0.3056796873065015 0.5263953119047619
2 0.31312187492260063 0.5150750000000001 0.30878125015479874 0.5106734380952381 0.30692031269349845 0.52325 0.30537031269349846 0.530796875 0.30412968730650153 0.5427453130952381 0.30412968730650153 0.5553234369047618 0.30754062476780186 0.5679 0.31157187492260063 0.5716734369047619 0.3165328123839009 0.5697875 0.3187046873065016 0.567271875 0.32459687492260064 0.5660140630952382 0.3270765622291022 0.5634984369047619 0.3295578123839009 0.5528078130952381 0.3267671876160991 0.5477765630952381 0.32025468730650153 0.53834375 0.32025468730650153 0.525765625 0.31684374984520125 0.5194765619047619 0.31312187492260063 0.5150750000000001
0 0.34878437523219813 0.54463125 0.3475437498452012 0.531425 0.34382187492260063 0.517590625 0.337 0.5138171880952381 0.3314187498452012 0.5245078130952381 0.3289375003095975 0.5370859380952381 0.32986718761609907 0.5496624999999999 0.3295578123839009 0.5559515630952381 0.3326593752321982 0.5590968749999999 0.3373109374613003 0.559725 0.3419624996904025 0.55658125 0.34878437523219813 0.54463125
2 0.33923286006191955 0.5630323166666666 0.34971406253869974 0.5760765630952381 0.35467656222910215 0.5792203130952381 0.36428906253869964 0.5792203130952381 0.3732828123839009 0.57293125 0.3751421876160991 0.569157813095238 0.3751421876160991 0.557209375 0.3751421876160991 0.543375 0.3732828123839009 0.5351984380952381 0.36863125015479875 0.528909375 0.36397968730650154 0.5276515619047619 0.3602578123839009 0.5339406250000001 0.35219531269349846 0.5396015630952381 0.3484734377708978 0.5414875 0.3456828123839009 0.5509203119047619 0.33923286006191955 0.5630323166666666
2 0.3813453126934984 0.577334375 0.383825 0.5848796869047619 0.389717187616099 0.5924265630952381 0.39840000000000003 0.5955703130952381 0.4046031250773994 0.5917984369047619 0.40677343777089786 0.588653125 0.4092531250773994 0.58110625 0.40894374984520127 0.5697875 0.40739374984520127 0.5603546880952381 0.40398281238390094 0.549034375 0.4021218749226006 0.5377140630952382 0.39685 0.52828125 0.38847656222910215 0.530796875 0.3850656247678019 0.5402296869047619 0.3813453126934984 0.55469375 0.3813453126934984 0.577334375
9 0.37018125015479875 0.4647640630952381 0.3652187498452012 0.49432187499999997 0.3636687498452012 0.5163328119047619 0.3596374996904025 0.52828125 0.37018125015479875 0.522621875 0.37266250030959747 0.4773421880952381 0.3748328123839009 0.449671875 0.3757624996904025 0.42074375 0.37452187492260064 0.4125671880952381 0.37235156222910215 0.425775 0.37018125015479875 0.4647640630952381
9 0.40243125015479875 0.5012390630952381 0.40305156222910216 0.4603625 0.4018109374613003 0.43583593809523813 0.3993312501547988 0.4194859369047619 0.39995156222910216 0.45784687500000004 0.39902031269349847 0.49998125 0.39622968730650154 0.5238796880952381 0.3980906247678019 0.44778437499999996 0.3965390625386997 0.4251453130952381 0.39467968730650155 0.418228125 0.3934390625386997 0.497465625 0.39126874984520127 0.5213640619047619 0.3887875003095975 0.5339406250000001 0.39685 0.5326828119047619 0.40150156222910216 0.529539061904762 0.40243125015479875 0.5012390630952381
9 0.4197968749226006 0.3880421880952381 0.4163859374613003 0.3874125 0.4213484377708978 0.4144546869047619 0.42289843777089786 0.4484140630952381 0.42289843777089786 0.491178125 0.4182468749226006 0.529539061904762 0.42879062476780183 0.5351984380952381 0.42847968730650154 0.509415625 0.4281703126934984 0.4823734380952381 0.42755 0.4326921869047619 0.42444843777089786 0.403134375 0.4197968749226006 0.3880421880952381
2 0.4095640625386997 0.567271875 0.40987343777089785 0.588025 0.41049374984520126 0.606890625 0.4173171876160991 0.615065625 0.42537968730650155 0.6056328119047619 0.4306515622291021 0.5930562500000001 0.4334421876160991 0.5804781250000001 0.4349921876160991 0.569157813095238 0.4334421876160991 0.550292188095238 0.42941093746130027 0.535828125 0.42475937523219814 0.5326828119047619 0.4213484377708978 0.5339406250000001 0.41669687492260066 0.5458890630952381 0.41049374984520126 0.5528078130952381 0.4095640625386997 0.567271875
2 0.6294265622291022 0.590540625 0.6315968749226006 0.5798484380952381 0.6294265622291022 0.5697875 0.6238437498452012 0.5660140630952382 0.6185718749226006 0.570415625 0.6139203126934984 0.583621875 0.6080281250773993 0.5930562500000001 0.6089593752321981 0.610035936904762 0.6139203126934984 0.607520311904762 0.6185718749226006 0.60123125 0.6278750000000001 0.5955703130952381 0.6294265622291022 0.590540625
2 0.6601265622291022 0.5452609369047619 0.6570250000000001 0.56475625 0.6576453126934985 0.5848796869047619 0.6591953126934984 0.59116875 0.6632265622291021 0.594942186904762 0.6694296873065015 0.593684375 0.6762515622291022 0.5924265630952381 0.6836937498452013 0.5892828130952381 0.6827625003095976 0.583621875 0.6830734377708979 0.570415625 0.6843140625386996 0.55469375 0.6864843752321982 0.5427453130952381 0.6871046873065015 0.5320546869047619 0.6799718749226006 0.5194765619047619 0.6706687498452012 0.520734375 0.6675687498452012 0.525765625 0.6641578123839009 0.542117186904762 0.6601265622291022 0.5452609369047619
9 0.6827625003095976 0.4830015619047619 0.6796624996904025 0.47608437499999995 0.6774921876160991 0.459734375 0.6756312501547989 0.4352078130952381 0.6747 0.4144546869047619 0.6759406247678019 0.4647640630952381 0.6750109374613003 0.4924359369047619 0.6743906247678019 0.504384375 0.6716 0.507528125 0.6663281250773995 0.5131875 0.6660171876160992 0.5238796880952381 0.6663281250773995 0.5263953119047619 0.6706687498452012 0.51821875 0.6747 0.515703125 0.6812124996904024 0.5169609369047619 0.6827625003095976 0.4830015619047619
2 0.7199749999999999 0.613807811904762 0.7119124996904025 0.61758125 0.7066406247678019 0.6232421880952381 0.7010593752321981 0.6226125 0.6973375003095975 0.625757811904762 0.6923765622291022 0.628271875 0.6880343752321981 0.632045313095238 0.6880343752321981 0.6509124999999999 0.6926859374613004 0.6685203130952381 0.6985781250773995 0.6710359369047619 0.7019890625386997 0.678582813095238 0.7088125003095975 0.6798406250000001 0.7119124996904025 0.688645313095238 0.7171843752321981 0.6905312499999999 0.7193546873065015 0.6842421880952381 0.7212156247678019 0.679210936904762 0.7249374996904024 0.67418125 0.7277281250773994 0.6603453119047619 0.7267984377708978 0.6496546880952381 0.7264875003095975 0.6395921880952381 0.7314484377708979 0.6295296880952381 0.7295890625386996 0.6200968750000001 0.7249374996904024 0.611921875 0.7199749999999999 0.613807811904762
9 0.7162546873065015 0.6855000000000001 0.7174953126934985 0.69870625 0.7233859374613004 0.7175734369047619 0.7264875003095975 0.7370687499999999 0.7305187498452013 0.754676561904762 0.7339296873065015 0.75845 0.7379609374613003 0.7678828119047619 0.7376515622291021 0.7622234369047619 0.7336203126934984 0.7527906249999999 0.7298984377708978 0.734553125 0.7261781250773993 0.71883125 0.7261781250773993 0.7024796869047619 0.7246265622291022 0.696190625 0.7230765622291021 0.681726563095238 0.7162546873065015 0.6855000000000001
2 0.6867953126934985 0.662860938095238 0.6877249999999999 0.6565718749999999 0.6880343752321981 0.6502828119047619 0.6883453126934984 0.6395921880952381 0.6867953126934985 0.6245 0.6815234377708979 0.6232421880952381 0.6740796873065016 0.6238703119047619 0.6688093752321981 0.627015625 0.6622968749226006 0.628271875 0.6570250000000001 0.6295296880952381 0.6505124996904025 0.632675 0.6477218749226006 0.632675 0.6433796873065016 0.6339328119047619 0.6393484377708978 0.638334375 0.6387281250773994 0.643995313095238 0.6409 0.657829686904762 0.644 0.66223125 0.649892187616099 0.658459375 0.6526828123839009 0.653428125 0.6545437498452013 0.661603125 0.6582656247678018 0.6590875 0.6619859374613003 0.6527984380952381 0.6619859374613003 0.6590875 0.6632265622291021 0.6647468750000001 0.6681890625386997 0.6678921880952381 0.67315 0.6653765630952381 0.6756312501547989 0.65594375 0.6771812501547988 0.6465093749999999 0.6815234377708979 0.65405625 0.6836937498452013 0.658459375 0.6867953126934985 0.662860938095238
25 0.6120609374613003 0.6490250000000001 0.6123703126934985 0.66223125 0.6145406247678019 0.6855000000000001 0.6179515622291022 0.7037375 0.6226031250773993 0.7062531249999999 0.6235343752321981 0.7024796869047619 0.6374750829721363 0.7500815464285714 0.6371781250773995 0.688015625 0.6396593752321981 0.6810984369047619 0.6371781250773995 0.6678921880952381 0.6350078123839009 0.6546859380952381 0.6359374996904025 0.6521703119047619 0.6362484377708978 0.6477671869047619 0.6353171876160991 0.640221875 0.6328375003095975 0.638964061904762 0.6300453126934985 0.63581875 0.6238437498452012 0.642107813095238 0.6173312501547987 0.6446234380952381 0.6120609374613003 0.6490250000000001
9 0.6399687498452011 0.745871875 0.6362484377708978 0.7490171869047619 0.6365578123839009 0.76348125 0.6399687498452011 0.775429686904762 0.6455515622291021 0.797440625 0.6502031250773994 0.8181937499999999 0.6474109374613003 0.7968109369047619 0.64245 0.772914063095238 0.6399687498452011 0.745871875
9 0.6039968749226007 0.7609656250000001 0.6052374996904025 0.778573438095238 0.6070984377708978 0.797440625 0.6086484377708978 0.8175640619047619 0.6105093752321981 0.813790625 0.6098890625386997 0.7917812500000001 0.6080281250773993 0.762851563095238 0.6039968749226007 0.7609656250000001
2 0.36149843777089785 0.61758125 0.35374531269349846 0.611921875 0.34723437523219813 0.60940625 0.34475312507739936 0.611921875 0.3404109374613003 0.611921875 0.33917031269349845 0.608148436904762 0.3332796873065016 0.60940625 0.32924843777089785 0.6156953119047619 0.3270765622291022 0.632045313095238 0.3249062501547988 0.6509124999999999 0.3280078123839009 0.6572015619047619 0.3342093752321982 0.6572015619047619 0.33793125015479875 0.65594375 0.3419624996904025 0.6496546880952381 0.3475437498452012 0.645251563095238 0.3503343752321982 0.638334375 0.35219531269349846 0.6339328119047619 0.3549859374613003 0.6414796880952381 0.3574671876160991 0.645251563095238 0.3627390625386997 0.6446234380952381 0.3664593752321982 0.645251563095238 0.3695609374613003 0.6370765619047619 0.37018125015479875 0.625757811904762 0.36615000000000003 0.6219843749999999 0.36149843777089785 0.61758125
2 0.3252156247678019 0.6062624999999999 0.31994531269349846 0.5980859369047619 0.3112625003095975 0.5924265630952381 0.30412968730650153 0.5924265630952381 0.29854843777089785 0.5873953119047619 0.291725 0.5867671869047619 0.28397343777089784 0.594942186904762 0.2811812501547987 0.604375 0.27715 0.610035936904762 0.2749796873065016 0.61758125 0.27529062476780186 0.625757811904762 0.27622031269349845 0.6339328119047619 0.2805624996904025 0.635190625 0.2827328123839009 0.6295296880952381 0.2852140625386997 0.62764375 0.2852140625386997 0.63770625 0.2873843752321981 0.65405625 0.2966874996904025 0.663489061904762 0.30226874984520125 0.6609750000000001 0.3063 0.658459375 0.31157187492260063 0.6527984380952381 0.3165328123839009 0.643995313095238 0.32149531269349846 0.645251563095238 0.32583593746130035 0.6395921880952381 0.32769687492260063 0.62764375 0.32769687492260063 0.613807811904762 0.3252156247678019 0.6062624999999999
9 0.2895546873065016 0.691789063095238 0.28459374984520125 0.7087687500000001 0.27777031269349844 0.72700625 0.26691718761609906 0.74524375 0.2805624996904025 0.7332953130952381 0.28397343777089784 0.7251203130952381 0.28862499999999996 0.710026561904762 0.29296562476780186 0.69241875 0.29761718761609907 0.677325 0.30071874984520125 0.6647468750000001 0.2935859374613003 0.659717188095238 0.28800468730650153 0.6565718749999999 0.2864531250773994 0.6477671869047619 0.2780812501547988 0.6766968750000001 0.2678468749226006 0.7037375 0.25823437523219817 0.72700625 0.2635062501547988 0.723232811904762 0.26846718761609906 0.7150578130952381 0.27373906253869973 0.70059375 0.2796312501547988 0.682984375 0.28552343777089784 0.672923438095238 0.2895546873065016 0.669778125 0.29141562476780186 0.670407811904762 0.291725 0.6760671880952381 0.2895546873065016 0.691789063095238
7 0.28232395727554177 0.7418807678571429 0.27920243962848296 0.7599162047619048 0.28197712198142416 0.7703212642857142 0.2857923108359133 0.7755237952380952 0.29238218204334365 0.7755237952380952 0.2968910414860681 0.7724022761904762 0.30278724210526314 0.7685870880952381 0.3093771133126935 0.765812405952381 0.31249863095975233 0.7599162047619048 0.31527331393188857 0.7508984869047619 0.31249863095975233 0.7477769678571429 0.30417458328173375 0.7588756988095239 0.29931888854489164 0.7599162047619048 0.2968910414860681 0.7533263333333333 0.29446319380804953 0.7391060857142857 0.29931888854489164 0.7248858369047618 0.30105306501547985 0.7176022952380953 0.3031340773993808 0.713787105952381 0.29793154736842103 0.7141339416666667 0.2896074990712074 0.7248858369047618 0.28232395727554177 0.7418807678571429
7 0.3145796427244582 0.7349440607142858 0.3138859721362229 0.7911313845238095 0.318741666873065 0.8070858095238096 0.3267188792569659 0.8105541630952381 0.3360834334365325 0.8043111273809525 0.3398986222910217 0.7970275845238095 0.34544798699690404 0.7855820190476192 0.34718216408668734 0.7720554416666666 0.34614165820433435 0.7595693690476191 0.3284530563467492 0.7821136654761904 0.33781760990712073 0.7377187440476191 0.33573659814241485 0.7033820464285714 0.3353897628482972 0.7033820464285714 0.3218631851393189 0.714827611904762 0.3145796427244582 0.7349440607142858
25 0.6082633647058824 0.7646874059523809 0.6054364241486068 0.7086197523809523 0.6096768346749226 0.6921292666666667 0.6044941108359133 0.6681002714285713 0.5983690730650154 0.6624463904761905 0.5903594080495356 0.6681002714285713 0.5894170947368421 0.6784657202380953 0.5908305647058824 0.6897734821428572 0.5941286619195046 0.7105043797619047 0.5997825430340558 0.7618604654761906 0.6021383269349845 0.7628027785714285 0.6082633647058824 0.7646874059523809
6 0.6417154941176471 0.5493687714285714 0.6337058291021672 0.5507822416666667 0.6327635157894738 0.554080338095238 0.6318212018575852 0.5583207488095238 0.6346481424148607 0.5644457869047619 0.639830866873065 0.5682150404761904 0.647840531888545 0.5724554511904761 0.6525520990712075 0.571041980952381 0.6586771368421053 0.5668015702380952 0.659148293498452 0.5559649654761905 0.6596194501547987 0.5550226523809524 0.6417154941176471 0.5493687714285714
