10 0.33035000000000003 0.42250468809523806 0.3262640625386997 0.413296875 0.31899999999999995 0.42526718690476195 0.31309843777089785 0.439078125 0.30583437523219814 0.45473125 0.3067421876160991 0.4639375 0.3081031250773994 0.4759078130952381 0.3103734377708978 0.48603593690476193 0.31400625015479877 0.497084375 0.3194546873065015 0.48695625 0.32263281238390096 0.4694625 0.33080468730650153 0.45473125 0.3321671876160991 0.441840625 0.33035000000000003 0.42250468809523806
0 0.45656874984520124 0.43815781190476194 0.4529359374613003 0.44644375 0.45339062476780184 0.4584140630952381 0.45974687492260063 0.456571875 0.4670109374613003 0.45933437499999996 0.4779078123839009 0.45933437499999996 0.47926874984520124 0.45104687499999996 0.48380937523219814 0.433553125 0.4751828123839009 0.434475 0.4670109374613003 0.434475 0.45656874984520124 0.43815781190476194
2 0.5028218749226007 0.44413125 0.4971937498452012 0.43119531190476196 0.4889390625386997 0.433478125 0.4848109374613003 0.4388046869047619 0.48255937523219816 0.448696875 0.47843281238390095 0.4692421869047619 0.4776812501547988 0.4897875 0.4776812501547988 0.50805 0.4848109374613003 0.5072890630952381 0.49419218761609907 0.49130937500000005 0.5001953126934985 0.479134375 0.5028218749226007 0.46619843809523814 0.5028218749226007 0.44413125
9 0.5046984377708978 0.43195625000000004 0.5043234377708978 0.3847765619047619 0.5050734377708979 0.3436859380952381 0.5054484377708978 0.30944375 0.5013203126934984 0.2881375 0.4998203126934984 0.33075 0.5013203126934984 0.37640625 0.49794374984520123 0.4045609369047619 0.49344062476780187 0.43271718809523807 0.4998203126934984 0.433478125 0.5046984377708978 0.43195625000000004
0 0.5602312501547988 0.4844609369047619 0.5591046873065015 0.49891874999999997 0.5628578123839009 0.5194640619047619 0.5662343752321981 0.5255515630952381 0.5699859374613003 0.514898438095238 0.5692359374613003 0.5027234380952381 0.5733640625386998 0.488265625 0.5752390625386997 0.48065625 0.5741140625386997 0.4677203130952381 0.5718625003095975 0.4616328130952381 0.5643578123839009 0.463915625 0.5609812501547988 0.473046875 0.5602312501547988 0.4844609369047619
10 0.6803015622291021 0.43119531190476196 0.6791765622291022 0.41978125 0.6705468749226007 0.4174984380952381 0.6634171876160991 0.4281515619047619 0.6585390625386998 0.4464140619047619 0.6540359374613003 0.46467656190476186 0.6487828123839009 0.4897875 0.6536609374613003 0.4905484380952381 0.6607906247678018 0.4981578130952381 0.6649187498452013 0.50500625 0.6709218749226006 0.505767186904762 0.6731734377708978 0.49891874999999997 0.675425 0.47989531190476187 0.6784265622291021 0.46467656190476186 0.6806781250773994 0.447175 0.6803015622291021 0.43119531190476196
10 0.6773 0.45935 0.6806781250773994 0.471525 0.6836796873065015 0.4829390630952381 0.6851796873065015 0.50500625 0.6863062501547988 0.512615625 0.6934343752321982 0.5133765619047619 0.6975624996904025 0.50500625 0.6986875003095975 0.4890265619047619 0.6949359374613003 0.47076406190476194 0.691934375232198 0.45478437499999996 0.6855546873065016 0.442609375 0.6806781250773994 0.4464140619047619 0.6773 0.45935
10 0.7347093752321981 0.512615625 0.732832812383901 0.49130937500000005 0.7373359374613002 0.47380781309523806 0.7403374996904025 0.45935 0.7425890625386997 0.4433703119047619 0.7410875003095975 0.43195625000000004 0.732832812383901 0.41978125 0.7227015622291022 0.43195625000000004 0.7118203126934985 0.4494578130952381 0.7084437498452012 0.4601109369047619 0.7013140625386998 0.47532968809523807 0.6979375003095976 0.4981578130952381 0.6960609374613003 0.5209859369047619 0.705817187616099 0.5202249999999999 0.7133218749226007 0.51718125 0.7140718749226006 0.50500625 0.7166984377708978 0.49207031309523813 0.7227015622291022 0.5019625 0.7215765622291023 0.5225078119047619 0.7283312501547988 0.52935625 0.732457812383901 0.5263125000000001 0.7347093752321981 0.512615625
10 0.7478421876160991 0.643496875 0.7418390625386997 0.625995313095238 0.733207812383901 0.625995313095238 0.7257046873065015 0.6381703130952382 0.732457812383901 0.651867186904762 0.7380859374613002 0.6701296869047619 0.7407124996904024 0.6876312499999999 0.7440906247678019 0.6960015619047619 0.7482171876160991 0.708176563095238 0.7519703126934985 0.702089061904762 0.7564718749226006 0.692196875 0.7545968749226006 0.6701296869047619 0.7478421876160991 0.643496875
10 0.7076937498452013 0.6914359369047619 0.7189500000000001 0.714264063095238 0.7317078123839008 0.7340484380952381 0.7373359374613002 0.7340484380952381 0.7414640625386997 0.725678125 0.7407124996904024 0.710459375 0.7377109374613003 0.689153125 0.7320828123839009 0.667846875 0.7287062501547987 0.6731734380952381 0.7189500000000001 0.679260936904762 0.7114453126934984 0.6693687500000001 0.7073187498452012 0.655671875 0.7009390625386996 0.646540625 0.6934343752321982 0.641975 0.6968124996904025 0.65415 0.7009390625386996 0.6746953130952381 0.7076937498452013 0.6914359369047619
7 0.7313328123839009 0.7507890619047619 0.7410875003095975 0.7545953119047619 0.7478421876160991 0.7477453130952381 0.7504687498452013 0.738614061904762 0.7545968749226006 0.722634375 0.7542203126934984 0.708176563095238 0.7444656247678019 0.6998062500000001 0.7399625003095975 0.692196875 0.7410875003095975 0.7051328130952381 0.7429640625386996 0.727960938095238 0.7403374996904025 0.737092188095238 0.733207812383901 0.7378531249999999 0.7253281250773993 0.72415625 0.718575 0.7203515619047619 0.7230781250773993 0.7340484380952381 0.7313328123839009 0.7507890619047619
10 0.6150140625386997 0.692196875 0.6153890625386997 0.6716515630952381 0.6033812501547988 0.6701296869047619 0.5988781250773993 0.6785000000000001 0.5955015622291021 0.6929578119047619 0.5955015622291021 0.722634375 0.5985031250773993 0.732526561904762 0.6045078123839009 0.7294828119047619 0.6075093752321982 0.715785938095238 0.6123875003095975 0.7051328130952381 0.6150140625386997 0.692196875
10 0.412017187616099 0.772096875 0.4202734377708978 0.769814061904762 0.42252343777089785 0.7591609369047619 0.4195218749226006 0.74241875 0.41839687492260064 0.727960938095238 0.4180218749226006 0.713503125 0.4195218749226006 0.6937187499999999 0.42102343777089785 0.6686078119047619 0.42214843777089783 0.647301563095238 0.4195218749226006 0.6533890619047619 0.412017187616099 0.6625203119047619 0.4052640625386997 0.6609984369047619 0.3981343752321982 0.6495843750000001 0.3970093752321981 0.6785000000000001 0.3958828123839009 0.710459375 0.3958828123839009 0.740896875 0.4048890625386997 0.7637265630952381 0.412017187616099 0.772096875
7 0.3658421876160991 0.821360938095238 0.37033749969040247 0.8173093750000001 0.3748312501547988 0.81021875 0.37982499999999997 0.797053125 0.37982499999999997 0.778821875 0.3773281250773994 0.7919890630952381 0.3733328123839009 0.800090625 0.3678390625386997 0.8051546869047619 0.3598484377708978 0.7990781250000001 0.3598484377708978 0.7818609380952382 0.35834999999999995 0.790976563095238 0.3573515622291022 0.8051546869047619 0.35884999999999995 0.8142703130952381 0.3658421876160991 0.821360938095238
7 0.3159 0.7686937500000001 0.32189218761609906 0.775784375 0.3308828123839009 0.771732811904762 0.33737500000000004 0.7616046880952381 0.33887343777089785 0.750464063095238 0.3393718749226007 0.7271687499999999 0.33687500000000004 0.7372968750000001 0.33587656222910217 0.7454 0.3308828123839009 0.751476561904762 0.32339062476780184 0.752489061904762 0.32039531269349847 0.7454 0.32039531269349847 0.72919375 0.31490156222910215 0.744385938095238 0.3144015622291022 0.7605921880952381 0.3159 0.7686937500000001
7 0.3094078123839009 0.6653875 0.3009171876160991 0.681592188095238 0.2969218749226006 0.6947593750000001 0.28743281238390095 0.707925 0.28094062476780185 0.711976563095238 0.28593437523219817 0.72919375 0.2929265622291022 0.7302078130952381 0.30441250030959754 0.712989063095238 0.3069109374613003 0.6907078119047619 0.3094078123839009 0.6653875
7 0.4182812501547988 0.770720311904762 0.4127875003095975 0.7737578130952381 0.4072937498452012 0.76768125 0.40329843777089786 0.7575531249999999 0.4008015622291022 0.7484375 0.3958078123839009 0.740335936904762 0.39380937523219817 0.751476561904762 0.3903140625386997 0.7605921880952381 0.3918124996904025 0.7838859369047619 0.3958078123839009 0.797053125 0.40979062476780187 0.8041421869047619 0.4177812501547988 0.798065625 0.42177656222910215 0.7869250000000001 0.42177656222910215 0.76970625 0.4212781250773994 0.7555281250000001 0.4182812501547988 0.770720311904762
0 0.39680625015479876 0.613734375 0.3998031250773994 0.597528125 0.40230000000000005 0.573221875 0.39630625015479876 0.5711953119047619 0.38681718761609907 0.5813234380952381 0.3843203126934985 0.6025921869047619 0.3898140625386997 0.624875 0.39380937523219817 0.6289265619047619 0.39680625015479876 0.613734375
8 0.23848906253869967 0.6279125 0.24947656222910217 0.6238625 0.2604640625386997 0.615759375 0.26246093746130034 0.6025921869047619 0.23848906253869967 0.6279125
10 0.24647968730650152 0.6299390619047619 0.25746718761609905 0.617784375 0.26296093746130034 0.60360625 0.25547031269349846 0.5823359380952381 0.24298437523219812 0.5671437500000001 0.23399531269349844 0.553978125 0.2270031250773994 0.552965625 0.22500468730650153 0.56511875 0.22150937523219813 0.5884140619047619 0.2195109374613003 0.6096828130952381 0.22250781238390094 0.6238625 0.22899999999999998 0.622848438095238 0.23449374984520124 0.6127203130952381 0.24048750030959753 0.595503125 0.23649218761609908 0.620823438095238 0.23898906253869967 0.6279125 0.24647968730650152 0.6299390619047619
10 0.28556045386996903 0.6534085773809524 0.2820020681114551 0.6649733309523809 0.27488529659442723 0.6858788476190476 0.2771092879256966 0.7152355297619049 0.2846708575851393 0.7103427488095237 0.29801480371517025 0.6925508202380953 0.305576373374613 0.6703109095238095 0.31625153065015477 0.6511845869047619 0.3251474947368421 0.6333926583333334 0.3304850736842105 0.6191591154761905 0.3295954773993808 0.6124871416666666 0.32559229287925695 0.6053703702380953 0.31892032012383903 0.5978088011904762 0.31447233808049535 0.5906920285714286 0.3126931448916409 0.5933608190476191 0.31135875046439626 0.595140011904762 0.305576373374613 0.6040359761904762 0.30468677708978326 0.6084839583333334 0.30023879504643963 0.6173799226190477 0.2989044 0.6236070976190476 0.29623561114551084 0.630723869047619 0.2935668216718266 0.6396198333333334 0.28556045386996903 0.6534085773809524
10 0.33004027554179566 0.694774811904762 0.3229235040247678 0.7477057988095238 0.33448825758513934 0.7499297904761905 0.3407154321981424 0.7325826595238095 0.35628337027863777 0.6347270523809523 0.35450417708978327 0.6289446761904762 0.34872180061919505 0.6284998773809524 0.34382901981424147 0.6276102809523809 0.3407154321981424 0.6271654833333332 0.33626745015479875 0.6267206845238096 0.33004027554179566 0.694774811904762
6 0.3620742334365325 0.4688657904761905 0.3468182965944272 0.47191697857142856 0.34173298452012385 0.4729340404761905 0.3213917349845201 0.4881899773809524 0.3173234854489164 0.4922582273809524 0.31935761052631584 0.5024288523809524 0.33766473436532507 0.4973435392857143 0.3468182965944272 0.4912411642857143 0.3691936705882353 0.4881899773809524 0.3864837318885449 0.47395110357142856 0.3803813572755418 0.4708999154761905 0.3620742334365325 0.4688657904761905
13 0.4749681653250774 0.682448905952381 0.5929474099071207 0.686008625 0.6621076569659442 0.6885512809523809 0.6590564693498452 0.6244763464285714 0.5349748501547987 0.6102374714285714 0.35902304582043343 0.6010839095238095 0.35698892074303407 0.6549882202380952 0.4302174179566563 0.6682100321428571 0.4749681653250774 0.682448905952381
13 0.21948116594427244 0.466733419047619 0.37894095232198144 0.476587675 0.4676292600619195 0.466733419047619 0.6432141931888544 0.5151088595238095 0.6638185473684209 0.45508747857142856 0.5903595448916409 0.44523322261904763 0.5052546030959753 0.4389623321428572 0.3932744160990712 0.43537896666666664 0.27233581424148606 0.41656629523809524 0.2167936414860681 0.42283718571428575 0.21948116594427244 0.466733419047619
