0 0.45293591653148724 0.4593343767619404 0.45293595825671673 0.43355307285878836 0.48380937499996435 0.43355312499997645 0.4838093874252536 0.4593343744704129
2 0.4865057144106686 0.42904873957817713 0.5093614660153207 0.43363906199873026 0.49376701061157746 0.5112806278101906 0.47091126658756366 0.5066903313605365
9 0.5013202540424118 0.2881374968141648 0.5144429215463333 0.28885265869625476 0.506540835861756 0.4338443785070946 0.4934181688017816 0.43312922245734276
0 0.5618617478452279 0.4609074812564389 0.5765939917096148 0.4619759765390149 0.5719525908665446 0.5259662893583342 0.5572203475625201 0.5248977992144415
7 0.7399624205933151 0.6921968146888218 0.771717616417618 0.7163155461306123 0.7403356700125414 0.7576268934462956 0.7085805952527835 0.7335083006046875
7 0.35930766645446965 0.7773773042223932 0.38110252312208104 0.7789118219819781 0.37805267675071264 0.8222206409090294 0.356257820919609 0.8206861312721099
7 0.3154555093324234 0.7264310018912267 0.3395919383549426 0.7271755382935324 0.3380768443606712 0.7762836202728914 0.31394041552653107 0.7755390880625551
7 0.30940766698529387 0.6653874111000014 0.32694984377144465 0.6761045245803211 0.2921796477901353 0.7330091824515523 0.2746375288014633 0.7222921452845311
7 0.42297106171611176 0.8036789084969302 0.39186706518705705 0.8047721823932471 0.38960968396270346 0.7405537970500321 0.4207132076058997 0.7394605315095418
0 0.38811900557641366 0.5702342625976118 0.4028049384296537 0.5719581531586927 0.39608568506548636 0.6291937630049901 0.38139975382966895 0.6274698815177729
8 0.26246087891013303 0.6025921320370352 0.2679819558743475 0.6078185550634662 0.24401012273176548 0.6331389058881473 0.2384890624999798 0.6279124999999609
7 0.6454789800145591 0.7722935134252911 0.653909744201087 0.7731696921870147 0.6470639130639029 0.8390288016499997 0.6386331499770677 0.838152630024399
6 0.38827402177946624 0.5014773833588523 0.31971153906249583 0.5024038468749994 0.31845763305705077 0.4095803044078641 0.3870192312500649 0.40865384687499984
6 0.6544459134622684 0.6289196634814291 0.70911205457287 0.6336725862231042 0.7029152896753885 0.704935689588617 0.6482491530690595 0.7001828015354431
6 0.26999456602868577 0.5673899364539454 0.3126030358599792 0.5719545988536562 0.3029725832192298 0.6618392358078634 0.26036411943789517 0.6572746120471039
10 0.7045106737580227 0.4497308588601486 0.7422497681501454 0.45433284371203436 0.732669620949423 0.5328903438238002 0.6949305314153662 0.528288386160922
10 0.6733443342153578 0.4438001102377231 0.692434115622973 0.4404803868664095 0.7058170765740215 0.5174327900289845 0.6867273000387968 0.5207524945088536
10 0.6726042463433259 0.5079059871443177 0.6496835573691442 0.504967624501294 0.6610437365612825 0.41635991153044544 0.6839641446076712 0.41929825609790744
10 0.48062867403518794 0.4583307795273818 0.44979364000914757 0.45400018704829753 0.47184006581676385 0.29703257907222375 0.502674569486885 0.30136313485132243
10 0.32157573951042195 0.4925845469595131 0.30097530607940826 0.48878997906640825 0.31472603060899473 0.41414379515680033 0.3353262534267287 0.41793834314943357
10 0.24531241680858784 0.574999977210432 0.27051830195023285 0.5819049026518618 0.25489337036401594 0.6389361375906387 0.22968749999995453 0.6320312499999835
10 0.2254525927363602 0.5525833063624769 0.24955327444035902 0.5563634099686989 0.23820477725075762 0.6287101054118915 0.21410410115254308 0.6249300267843131
10 0.3351560535493263 0.5945312284276235 0.3630219432263857 0.5975911986108148 0.3455492122566284 0.7566866196714964 0.31768333034233365 0.7536267006992936
10 0.31718721906111114 0.5757811482936318 0.34356546702065316 0.5853306766604551 0.2953427791097738 0.7185175601125334 0.2689645977188775 0.7089681653858803
10 0.4218474184593788 0.7766257600950986 0.39530588089132834 0.7763171829483443 0.39689676171724386 0.6395351775629229 0.42343749999997726 0.6398437500000002
10 0.5945312425652673 0.671093749743669 0.6143352850614292 0.6717765450554457 0.6123246383588139 0.7300854855164363 0.592520596069221 0.7294026944675688
10 0.7656776808419181 0.7255704306235791 0.7423939380707907 0.7302894703613135 0.7211497866570653 0.6254845844631608 0.7444330341226078 0.6207655963638146
10 0.69140625 0.6414062499999944 0.7290588965310008 0.6317755034218813 0.7570255770093581 0.741099573778632 0.7193729725756839 0.7507302056886352