2 0.23286941090316304 0.5059585686795129 0.22649624744462926 0.5631445613374797 0.19822024660015813 0.5599934873220139 0.2045935249059312 0.5028076265784386
2 0.22030857145637128 0.5748052133691914 0.2229855852046967 0.5137254900038178 0.2736129404967187 0.5159442499933186 0.2709361952178142 0.5770237135827424
9 0.2191876655830356 0.5031609198537337 0.20385892097863234 0.5047945113464392 0.19392614904688799 0.411596080145775 0.20925468749999254 0.4099625000000059
0 0.27356504243300606 0.5163201957256213 0.2860488555279517 0.5153504861742704 0.2886125578488645 0.5483521794823594 0.2761287450520058 0.5493218864278278
2 0.32100468749820266 0.5442778450352549 0.321004946129392 0.5853936475435274 0.2693515772906494 0.5853937710285025 0.2693515016889023 0.544278151790642
2 0.34759353405661386 0.5769914174934861 0.3240328672244459 0.5855290496365734 0.3089414781788946 0.5438862882819492 0.3325019821470505 0.5353486887273173
2 0.36254435573550836 0.5623669976036669 0.3762889179359945 0.5638600728619134 0.3742457093195526 0.5826670440394126 0.36050114751878937 0.5811739712435947
0 0.6047763779225761 0.5992860651566008 0.5918216124783839 0.6010915987036477 0.586531258924424 0.5631367773944083 0.5994859374999351 0.5613312500000073
2 0.6329394851641155 0.5623169094782894 0.6394844566724487 0.5972402612069228 0.6031157469491291 0.6040552667070819 0.5965709056720243 0.5691320294322054
2 0.6861891982430279 0.558179388652228 0.6877324520083903 0.5988616633687197 0.6349317206097567 0.6008641867488388 0.6333886635320596 0.5601821015680615
2 0.7099417873204175 0.5232529178266313 0.7462912664905161 0.5384513303845863 0.7219274068164623 0.5967159288117478 0.685577974402122 0.5815175980778166
2 0.7537087775483542 0.5710034299343034 0.7304862922608208 0.5719931269091635 0.7289512113852652 0.5359758151505605 0.7521735548525612 0.5349861212143574
2 0.736386941381852 0.6821753574693042 0.688665787230434 0.6860190009939042 0.6825642718581548 0.6102706157228747 0.7302847174437375 0.6064270008236117
9 0.7066217188227029 0.6734434307913608 0.7340832731683804 0.6663200380590418 0.7573189611172211 0.755882989521411 0.7298574334729437 0.7630063104650193
2 0.6409938668884934 0.6849390018262945 0.6327351672022132 0.6355569812858664 0.6863793102847922 0.6265866010957877 0.6946382221741487 0.675968355267878
0 0.6897396184086801 0.660836953891864 0.7029082864977454 0.6567085117542285 0.7127638132290031 0.6881408129560103 0.6995951514323906 0.6922692411049872
0 0.6945367988447515 0.6942932355203744 0.6858818786532765 0.6961342992758451 0.6807424997526823 0.6719772187691974 0.6893973769001605 0.6701361597506059
2 0.5987123288418843 0.6363817759282581 0.6328840175124242 0.6291328867458361 0.6441471445327807 0.6822210942350799 0.6099754680178648 0.6894699439852009
2 0.5865981328813632 0.6418406981282191 0.6011774803755543 0.6390465264613013 0.6061968031388005 0.6652328400889378 0.5916174577290576 0.6680270043448097
2 0.3428907824667249 0.6788656604066596 0.31920552980045613 0.6645162846798521 0.34803525671327407 0.6169359851618248 0.3717203085083156 0.6312852818412232
2 0.2860234084490685 0.6116853050323589 0.34123542278075547 0.622313211113374 0.33313225389531453 0.6644040295098202 0.2779202528078031 0.6537761677334677
2 0.24113414167413794 0.5983444022143632 0.28724720297634576 0.602243046944619 0.2828697258617012 0.6540136272466259 0.23675666714223098 0.6501150018760428
7 0.650562389093011 0.8046250901526248 0.6092624745599551 0.8321531807258166 0.5765564849765497 0.7830940702239765 0.6178559658361564 0.7555661776204474