10 0.28247656222910217 0.5008953119047619 0.27699062476780184 0.5153875 0.2697890625386997 0.523578125 0.26533281238390094 0.5412203119047619 0.26910468730650156 0.5594921869047619 0.2759609374613003 0.5500406250000001 0.2841906247678018 0.5550812500000001 0.29104843777089784 0.560753125 0.29687812507739936 0.556971875 0.30202031269349844 0.556342188095238 0.3092218749226006 0.556342188095238 0.31265 0.54878125 0.3075078123839009 0.536809375 0.3009921876160991 0.5210578119047619 0.2944781250773994 0.5027859380952381 0.2886484377708978 0.49459375 0.28247656222910217 0.5008953119047619
2 0.44431874984520126 0.63258125 0.4494609374613003 0.636992188095238 0.45529062476780185 0.6332109369047619 0.46112031269349846 0.630690625 0.46763437523219814 0.630060938095238 0.47037812507739934 0.621240625 0.4652343752321981 0.6017078130952381 0.4645484377708978 0.5966671880952381 0.46180468730650154 0.5916265630952381 0.4604343752321981 0.5783953119047619 0.4566624996904025 0.575875 0.45462198390092884 0.5580430988095239 0.448775 0.5765046880952381 0.4477468749226006 0.5916265630952381 0.4460328123839009 0.606748438095238 0.44431874984520126 0.63258125
9 0.4498046873065015 0.45363906309523805 0.4491187498452012 0.4706515619047619 0.4498046873065015 0.4788421880952381 0.4498046873065015 0.503415625 0.4504906247678019 0.5305093750000001 0.4484328123839009 0.5557124999999999 0.45906250030959755 0.5550812500000001 0.45631874984520127 0.5418499999999999 0.45529062476780185 0.52861875 0.4535765622291022 0.4971140630952381 0.4498046873065015 0.45363906309523805
10 0.5777 0.50530625 0.5777 0.5216875 0.5787296873065015 0.5443703119047618 0.5783859374613003 0.5613828130952381 0.582157812383901 0.579654686904762 0.5883296873065015 0.594146875 0.5969015622291022 0.600446875 0.6034171876160991 0.5916265630952381 0.6027312501547988 0.560753125 0.6030734377708978 0.5418499999999999 0.6017031250773994 0.5185375 0.6003312501547988 0.4958546869047619 0.5876437498452013 0.48325312499999995 0.5787296873065015 0.4958546869047619 0.5777 0.50530625
10 0.7097109374613003 0.5626421880952381 0.7055968749226006 0.52861875 0.7007968749226007 0.503415625 0.6911953126934984 0.4876640619047619 0.6819374996904025 0.49144375 0.6809093752321981 0.5059359369047619 0.6757656247678019 0.4971140630952381 0.668907812383901 0.5021546880952381 0.6637640625386997 0.5172765630952381 0.65965 0.53176875 0.6538203126934985 0.550671875 0.65965 0.5645328119047619 0.666165624767802 0.5752437499999999 0.6730218749226006 0.5840656249999999 0.6812515622291022 0.582175 0.6826234377708978 0.5651625 0.6819374996904025 0.54878125 0.6843374996904025 0.538070311904762 0.6884531250773994 0.5393296869047619 0.6908531250773994 0.5513015630952381 0.6911953126934984 0.5651625 0.6966812501547986 0.5865859380952381 0.701825 0.5991875 0.708682812383901 0.5935171880952381 0.7097109374613003 0.5859562500000001 0.7097109374613003 0.5626421880952381
9 0.613017187616099 0.7151218749999999 0.6126750000000001 0.6930687499999999 0.6140468749226006 0.6747968750000001 0.6075312501547987 0.6766875 0.6089031250773994 0.7081906250000001 0.6095890625386997 0.7365437499999999 0.6092453126934985 0.755446875 0.6161031250773994 0.774348438095238 0.614732812383901 0.751665625 0.613017187616099 0.7151218749999999
10 0.3843472291021672 0.7324924214285714 0.3846909789473684 0.7444642964285715 0.38331910402476777 0.7602158595238095 0.38880504148606815 0.7778580464285714 0.398062853869969 0.7778580464285714 0.4052644160990712 0.7684080464285714 0.4069784786377709 0.7394236714285715 0.4066347287925697 0.7129611714285714 0.40149254117647054 0.7154814845238096 0.3963487913312693 0.7198908595238095 0.38846285386996904 0.7299721095238095 0.3843472291021672 0.7324924214285714
6 0.3016449182662539 0.5558884916666667 0.2908718854489164 0.5677388285714285 0.2973357052631579 0.5871302869047619 0.3285775003095975 0.5989806226190476 0.3371959263157895 0.6022125333333334 0.3565873851393189 0.5903621964285715 0.35443277894736847 0.5817437702380952 0.34258244272445815 0.5645069178571429 0.31026334427244584 0.5580430988095239 0.3016449182662539 0.5558884916666667
6 0.2693258198142415 0.6916287047619047 0.2897945820433437 0.7034790416666667 0.31026334427244584 0.7067109511904762 0.3404278359133127 0.6991698285714285 0.34581435232198143 0.655000394047619 0.26824851640866876 0.650691180952381 0.2693258198142415 0.6916287047619047
10 0.6173457962848298 0.7736358714285715 0.620601839628483 0.7723334547619047 0.6186482136222909 0.7059101726190476 0.6179970049535604 0.6876763297619047 0.6186482136222909 0.6746521571428571 0.6127873362229103 0.6681400714285715 0.6108337102167183 0.6681400714285715 0.6030192061919505 0.6694424880952381 0.6010655801857585 0.675954575 0.6030192061919505 0.7462851083333334 0.6069264582043343 0.7716822452380953 0.6173457962848298 0.7736358714285715
10 0.5795756947368421 0.474079894047619 0.5769708606811146 0.45519484404761906 0.5743660260061919 0.44217067023809525 0.5678539393188855 0.43761221071428574 0.559388227244582 0.44412429642857143 0.5541785578947368 0.5294326297619047 0.5444104278637771 0.5496200976190476 0.5489688885448917 0.5652491047619048 0.5606906445820433 0.5678539392857143 0.5698075653250775 0.5639466880952381 0.5795756947368421 0.474079894047619
7 0.5645978959752322 0.44477550476190475 0.5750172346749226 0.44151946190476193 0.5743660260061919 0.4493339654761905 0.5769708606811146 0.4597533035714286 0.5834829467492261 0.46821901666666665 0.5854365727554179 0.4669165988095238 0.5860877814241485 0.45324121785714283 0.5847853640866874 0.4454267142857143 0.5821805294117647 0.43761221071428574 0.5795756947368421 0.429797705952381 0.5776220693498452 0.4265416630952381 0.5769708606811146 0.4252392464285714 0.5756684433436532 0.4252392464285714 0.5685051479876161 0.43044891547619046 0.5659003133126935 0.43370495833333333 0.5639466873065015 0.43500737500000003 0.5606906445820433 0.4389146273809524 0.5645978959752322 0.44477550476190475
6 0.6414405164086687 0.6863739130952381 0.6336260123839009 0.6883275392857143 0.6303699696594427 0.6909323738095238 0.6303699696594427 0.6967932511904762 0.6355796383900928 0.7000492940476191 0.6459989770897833 0.7039565464285714 0.6499062291021671 0.7039565464285714 0.6596743585139319 0.7033053380952381 0.6603255671826624 0.7020029202380953 0.6648840278637771 0.6987468773809523 0.6700936965944272 0.6974444595238095 0.6655352365325077 0.698095669047619 0.6570695238390093 0.689629955952381 0.6414405164086687 0.6863739130952381
13 0.5177108736842105 0.7150270928571428 0.6173457962848298 0.7130734678571429 0.6284163436532507 0.7078637988095238 0.6297187609907121 0.6635816107142857 0.50208186625387 0.6805130357142857 0.3718401368421053 0.6746521571428571 0.34318695665634674 0.6713961142857143 0.32560432321981425 0.7260976404761904 0.41091265572755414 0.7300048928571429 0.5177108736842105 0.7150270928571428
13 0.21685247925696594 0.5515737238095239 0.34774541671826625 0.5841341559523809 0.41807595108359136 0.5782732773809524 0.6329748037151703 0.5795756952380953 0.7540996123839009 0.5470152630952381 0.7456338996904025 0.5053379095238095 0.631672386996904 0.5463640535714286 0.515106039009288 0.5502713059523809 0.35946717275541795 0.5515737238095239 0.23183027801857584 0.5138036214285714 0.21685247925696594 0.5515737238095239
