2 0.44928796263889126 0.5576892144484097 0.474483949857472 0.5593608340779956 0.46924588070760365 0.6383048036816357 0.44404989458394084 0.6366331961422991
9 0.44843281435714744 0.5557125312696999 0.44239686621187957 0.4540789469159324 0.45302647386176886 0.45344774943942723 0.4590624999999591 0.5550812500000463
6 0.28525409280769054 0.5825475806324304 0.30621586537824896 0.5272912143962907 0.371167191202062 0.5519284995026512 0.3502058111972701 0.6071845323411394
7 0.5589871793115435 0.43635943054184595 0.5765701340833402 0.4246381535104987 0.5988116766675375 0.4580004796944232 0.5812287478333928 0.46972172478501745
7 0.6214963383973782 0.7656419295438428 0.6299387587320098 0.7765532780019136 0.6140469011965024 0.7888469677950299 0.6056045091911528 0.7779356452954376
6 0.36153750738640156 0.6555111770521798 0.3454328137587481 0.7303939383771613 0.22265955030729856 0.7039923529946954 0.23876494087403444 0.6291105793005871
6 0.7430159849294569 0.5942293166507354 0.7800893723130002 0.6739239976996153 0.637742200490834 0.7401321399613144 0.6006703078201099 0.6604387298999159
10 0.6746365595787438 0.4866943806007127 0.6998228192460374 0.4824131159458896 0.7189590561379191 0.5949802788412528 0.6937728064913244 0.5992615034228306
10 0.682244597525937 0.5914283183825142 0.6506588591473701 0.5881611309585806 0.6608199698101771 0.4899394743317283 0.6924052025738092 0.49320663553219835
10 0.6023117037417478 0.5992034615212829 0.5793777572620229 0.5996714585681902 0.577059905156716 0.48608677543153894 0.5999934238543574 0.4856187827318737
10 0.5593426349475976 0.42875283412734067 0.5885964742790293 0.43107963992340353 0.5748879344768056 0.6034177445091266 0.5456340986482928 0.6010909702500942
10 0.40036394414414644 0.765344012599802 0.37817753114234165 0.7624817030739012 0.3915030632095977 0.6592114501514497 0.41368897733059384 0.6620737269269216
10 0.28027757190045577 0.4982492614568373 0.32235959995523444 0.508450066348311 0.30848826137435026 0.5656695062864423 0.2664062500000455 0.5554687499999984
10 0.5984375000000455 0.6625000000000005 0.6231287007922219 0.6608899703675705 0.6310146423300012 0.7818090068679331 0.6063234437029905 0.7834190148168539