0 0.7736000000000001 0.41709218809523807 0.7600015622291022 0.40424062499999996 0.7544031250773995 0.42030468809523813 0.7520031250773993 0.437975 0.7552031250773994 0.45885937499999996 0.7608015622291021 0.47974218809523805 0.7727999999999999 0.48938125 0.7807984377708979 0.4733171869047619 0.7895968749226007 0.46046562500000005 0.7863984377708978 0.437975 0.7799984377708978 0.4219109380952381 0.7736000000000001 0.41709218809523807
0 0.7448046873065016 0.48135 0.7456031250773995 0.4684984369047619 0.7432046873065016 0.455646875 0.7304062501547988 0.454040625 0.7384046873065016 0.48135 0.7416046873065015 0.4958078130952381 0.7448046873065016 0.48135
0 0.7112093752321982 0.507051561904762 0.7024109374613002 0.48616875000000004 0.6968109374613004 0.5102656250000001 0.6992109374613004 0.5327546880952381 0.7072093752321982 0.5231171880952381 0.7112093752321982 0.507051561904762
0 0.6552171876160992 0.571309375 0.664015624767802 0.566490625 0.664015624767802 0.5504265630952381 0.6624156247678019 0.5327546880952381 0.6536171876160991 0.5279359380952381 0.6488187498452012 0.5407875 0.6488187498452012 0.560064061904762 0.6552171876160992 0.571309375
0 0.6368203126934985 0.5809484380952381 0.6416187498452013 0.566490625 0.6400187498452012 0.553639063095238 0.6320203126934985 0.5472125 0.6368203126934985 0.5809484380952381
0 0.4450437498452013 0.5402109380952381 0.44886874984520125 0.5511828119047619 0.45105312507739936 0.5621546880952382 0.4526921876160991 0.533628125 0.45105312507739936 0.51716875 0.44559062476780187 0.5215578130952381 0.4444984377708978 0.529239063095238 0.4450437498452013 0.5402109380952381
0 0.25109687492260063 0.49741875 0.2538281250773994 0.4985171869047619 0.2598375003095975 0.48864218690476185 0.26584843777089784 0.48315625 0.26857968730650156 0.466696875 0.2702187498452012 0.45353125 0.26694062476780184 0.4381703119047619 0.2620234377708978 0.4217109380952381 0.2538281250773994 0.41403125 0.25000468730650155 0.422809375 0.24727187492260064 0.43158593690476194 0.24290156222910217 0.45353125 0.2407171876160991 0.46450312499999996 0.23962343777089784 0.48315625 0.24399531269349847 0.4897390619047619 0.25000468730650155 0.4908359380952381 0.25109687492260063 0.49741875
0 0.3412421876160991 0.640057813095238 0.3346859374613003 0.6367656249999999 0.33031562476780185 0.632376561904762 0.33523125015479877 0.6170156250000001 0.3275828123839009 0.6170156250000001 0.32375937523219817 0.6214046880952381 0.3204812501547988 0.633473436904762 0.3204812501547988 0.6499328119047619 0.3232124996904025 0.6620015619047619 0.32812968730650155 0.6565156249999999 0.3346859374613003 0.6543203130952381 0.3412421876160991 0.6477375000000001 0.3412421876160991 0.640057813095238
2 0.34451874984520126 0.644445311904762 0.34451874984520126 0.6532234380952381 0.3472515622291022 0.658709375 0.35326093746130033 0.6554187499999999 0.3576312501547988 0.6576125 0.3636406247678019 0.658709375 0.36910468730650153 0.6510296869047619 0.37402187492260064 0.6466406250000001 0.37402187492260064 0.6356687500000001 0.36582656222910215 0.629084375 0.3576312501547988 0.6246968749999999 0.351075 0.6159187500000001 0.34069531269349845 0.6115296880952381 0.3341390625386997 0.6137234380952381 0.3308609374613003 0.6367656249999999 0.33741718761609907 0.643348436904762 0.34451874984520126 0.644445311904762
0 0.3893187498452012 0.6707796869047619 0.38276249969040244 0.658709375 0.37620625015479875 0.66529375 0.37347499999999995 0.6751671880952381 0.37402187492260064 0.6916265630952381 0.37347499999999995 0.705890625 0.37675312507739933 0.7102781250000001 0.3838546873065016 0.6982093749999999 0.390957812383901 0.6905296880952381 0.3936890625386997 0.6850421880952381 0.3893187498452012 0.6707796869047619
2 0.5045937498452012 0.7234453119047619 0.5067796873065016 0.731126563095238 0.5106031250773994 0.7344171869047619 0.5122421876160991 0.7168625 0.5138812501547988 0.7091812500000001 0.5099587566563467 0.6823733833333333 0.5017022811145511 0.6823733833333333 0.487617705882353 0.6843160833333334 0.48956040619195046 0.7100568583333333 0.5045937498452012 0.7234453119047619
2 0.5264468749226007 0.6971124999999999 0.5231687498452012 0.712473438095238 0.5275406247678018 0.7333203119047619 0.5302718749226006 0.7245421869047619 0.5302718749226006 0.711376561904762 0.529725 0.6982093749999999 0.5264468749226007 0.6971124999999999
9 0.5428375003095975 0.7333203119047619 0.5362812501547988 0.7333203119047619 0.538467187616099 0.858403125 0.5428375003095975 0.7333203119047619
7 0.4947609374613003 0.8770546880952381 0.5084187498452012 0.889125 0.514975 0.8957078130952381 0.5237156247678019 0.888028125 0.5280859374613003 0.872665625 0.5264468749226007 0.8529171869047618 0.5231687498452012 0.833167186904762 0.5193453126934984 0.846332811904762 0.5127890625386996 0.850721875 0.5067796873065016 0.83975 0.5078718749226007 0.8156109369047619 0.5007703126934985 0.8221953130952381 0.49366718761609907 0.830971875 0.4882046873065015 0.849625 0.4882046873065015 0.870471875 0.4947609374613003 0.8770546880952381
0 0.5707 0.7344171869047619 0.5739781250773994 0.737709375 0.5788953126934985 0.731126563095238 0.5778031250773994 0.7201531250000001 0.5739781250773994 0.6993062499999999 0.5690609374613003 0.7102781250000001 0.5679687498452013 0.7223484369047619 0.5707 0.7344171869047619
0 0.5821734377708978 0.737709375 0.5859968749226007 0.725639061904762 0.5843578123839009 0.711376561904762 0.5821734377708978 0.6993062499999999 0.5799875003095974 0.715765625 0.5794421876160991 0.742098436904762 0.5821734377708978 0.737709375
2 0.6056656247678018 0.7289312499999999 0.6105828123839009 0.7289312499999999 0.6122218749226006 0.7091812500000001 0.6083968749226006 0.6938203119047619 0.6002015622291021 0.686140625 0.5931 0.6839453130952381 0.5816265622291021 0.6927234369047619 0.5909140625386996 0.7091812500000001 0.5936468749226006 0.7212515619047619 0.5991093752321981 0.732223438095238 0.6056656247678018 0.7289312499999999
0 0.6056656247678018 0.747584375 0.6067578123839009 0.7333203119047619 0.6018406247678019 0.725639061904762 0.5963781250773994 0.7300281249999999 0.5996562501547987 0.743195313095238 0.6056656247678018 0.747584375
2 0.6171390625386997 0.725639061904762 0.6264265622291022 0.7201531250000001 0.6357140625386997 0.713570313095238 0.6422687498452012 0.702598438095238 0.6395374996904024 0.6872375 0.6324359374613003 0.676265625 0.6269718749226006 0.6718765619047619 0.6171390625386997 0.6620015619047619 0.6094890625386997 0.6620015619047619 0.6029343752321982 0.674070311904762 0.6073046873065016 0.6927234369047619 0.6111281250773993 0.708084375 0.6171390625386997 0.725639061904762
9 0.6204156247678019 0.7289312499999999 0.6220546873065016 0.7618484380952381 0.6297046873065015 0.776110938095238 0.6280656247678018 0.7146671880952381 0.6204156247678019 0.7289312499999999
9 0.6253328123839009 0.79805625 0.6340749999999999 0.8485281250000001 0.6291578123839009 0.806832813095238 0.6269718749226006 0.7848890619047619 0.6253328123839009 0.79805625
9 0.6828937498452012 0.7234906249999999 0.6784156247678018 0.730985938095238 0.7049093752321981 0.8089249999999999 0.6828937498452012 0.7234906249999999
9 0.6731906247678019 0.806676563095238 0.6832671876160991 0.820165625 0.6586390625386997 0.73623125 0.6593843752321982 0.755715625 0.6631156247678018 0.7737015619047619 0.6679671876160991 0.7916875000000001 0.6731906247678019 0.806676563095238
7 0.6877437498452013 0.8141703119047619 0.6866249999999999 0.8254109380952381 0.6825203126934984 0.8269109369047619 0.67655 0.8291578119047619 0.6795343752321982 0.8359031250000001 0.6855046873065015 0.8411484369047619 0.6903562501547987 0.842648436904762 0.6952078123839008 0.8389000000000001 0.6944609374613003 0.8291578119047619 0.6877437498452013 0.8141703119047619
0 0.6836390625386997 0.6732812499999999 0.6855046873065015 0.686020311904762 0.6896093752321981 0.6957625000000001 0.6937140625386997 0.6972625 0.6993125003095975 0.6875203119047619 0.698192187616099 0.6755296880952381 0.693342187616099 0.6620390630952381 0.6855046873065015 0.663539063095238 0.6836390625386997 0.6732812499999999
0 0.7261781250773993 0.67178125 0.7366265622291022 0.6740296880952381 0.7358812501547989 0.659790625 0.7336421876160991 0.6493 0.7295374996904025 0.6343109369047619 0.7265515622291022 0.62456875 0.7231937498452014 0.619323438095238 0.7194625003095975 0.628315625 0.7190890625386996 0.6478015619047619 0.7205812501547987 0.660540625 0.7261781250773993 0.67178125
0 0.7593890625386998 0.643304686904762 0.7578968749226006 0.6275671869047619 0.755657812383901 0.612578125 0.7511796873065015 0.605834375 0.7467015622291022 0.6035859380952381 0.7437171876160992 0.5908453130952381 0.7373734377708978 0.589346875 0.7366265622291022 0.59309375 0.7332687498452013 0.610329688095238 0.7325218749226006 0.6305640619047619 0.7358812501547989 0.6485500000000001 0.7411046873065016 0.6672859380952381 0.7467015622291022 0.6650375 0.755657812383901 0.654545311904762 0.7593890625386998 0.643304686904762
7 0.21588091269349846 0.7747118821428571 0.216564079876161 0.7904247333333333 0.22271258699690405 0.8184345988095237 0.22544525696594428 0.8443949619047619 0.2309105962848297 0.8491771333333333 0.24252444272445822 0.8519098035714285 0.25208878699690407 0.8491771333333333 0.25755412693498453 0.8430286273809524 0.26165313126934986 0.8355137845238095 0.26506896842105265 0.8252662738095238 0.26643530340557275 0.8109197571428571 0.26506896842105265 0.8013554130952382 0.2602867962848297 0.7876920642857143 0.25687095913312696 0.7808603892857143 0.24935611702786378 0.7699297107142857 0.239791773374613 0.7610485333333333 0.23364326625386997 0.7583158630952381 0.2213462520123839 0.7671970404761905 0.21588091269349846 0.7747118821428571
10 0.6852874334365325 0.8149626607142857 0.6814020334365325 0.8003924095238095 0.6799450086687306 0.7877648595238096 0.6770309585139319 0.7790227095238096 0.6750882582043344 0.7649381345238095 0.6726598835913313 0.7498822095238096 0.6731455585139319 0.7406543845238095 0.6741169083591331 0.7391973595238096 0.6930582334365325 0.8023351095238096 0.7047144340557275 0.8076775345238095 0.7100568588235294 0.8091345595238095 0.7085998340557275 0.7974783595238096 0.7056857839009287 0.7848508095238095 0.7003433585139318 0.7697948845238095 0.6925725585139318 0.7455111345238095 0.6886871585139319 0.7299695345238095 0.6877158086687307 0.7100568583333333 0.6862587832817337 0.7042287583333333 0.6789736582043343 0.7003433583333333 0.6644034080495357 0.7052001083333334 0.6551755832817338 0.7066571333333334 0.6459477578947369 0.7144279333333333 0.643530891640867 0.723692586904762 0.6605180080495356 0.7780513595238094 0.671688533126935 0.8251618357142857 0.6862587832817337 0.8339039857142857 0.6852874334365325 0.8149626607142857
10 0.6964579585139319 0.49101743095238093 0.6935439083591332 0.46819070595238094 0.6974293089783282 0.44730668095238096 0.6984006588235294 0.41865185476190475 0.6964579585139319 0.4050529547619048 0.6935439083591332 0.4011675547619048 0.6823733832817338 0.3895113547619048 0.667803133126935 0.3822262297619048 0.6605180080495356 0.3817405547619047 0.6556612582043343 0.3904827047619048 0.6576039585139319 0.4060243047619047 0.656146933126935 0.506559030952381 0.6546899083591331 0.5172438809523809 0.6721742086687307 0.5187009059523809 0.6882014835913313 0.5230719809523809 0.6954866086687307 0.519186580952381 0.6925725585139318 0.506559030952381 0.6964579585139319 0.49101743095238093
6 0.343379320743034 0.4911364833333333 0.3388009294117647 0.49405000476190475 0.33630362538699693 0.4948824392857143 0.3317252346749226 0.506536525 0.3346387560371517 0.5111149166666666 0.34171445139318884 0.5156933071428572 0.34379553808049534 0.5127797857142857 0.3462928421052631 0.5073689595238096 0.347541494117647 0.5032067857142857 0.3512874501547988 0.49529865595238093 0.34587662476780184 0.49238513452380955 0.343379320743034 0.4911364833333333
11 0.20005785944272444 0.6972700642857144 0.20983267368421055 0.6901018678571429 0.22091079628482974 0.6725072023809524 0.2508868922600619 0.6321046380952381 0.2684815578947368 0.5975669619047619 0.2626166693498452 0.5747590630952382 0.25805508916408665 0.5688941738095238 0.24306704148606811 0.546086275 0.23524719009287925 0.5428280035714286 0.2274273386996904 0.5245816845238095 0.2183041789473684 0.5337048440476191 0.21309094489164088 0.5512995095238096 0.20787771083591333 0.5786689880952381 0.20136116842105262 0.6164649357142857 0.1857214656346749 0.6477443404761904 0.1779016148606811 0.6614290797619047 0.1759466520123839 0.6777204369047619 0.1824631944272446 0.6933601392857143 0.20005785944272444 0.6972700642857144
