0 0.7471362436911022 0.40621179042784844 0.780742607199727 0.40106277575577953 0.7937825503787508 0.4861664164390669 0.7601761939234848 0.4913154009787196
0 0.7304062499999873 0.45404062500000214 0.7419446437360193 0.45094721781156727 0.7531430447403409 0.4927144237256213 0.741604654736193 0.4958078212838512
0 0.7024109269991641 0.4861687475598433 0.7153629804089405 0.4891785092430019 0.704927374206477 0.5340830523890927 0.691975324439909 0.5310733014988466
0 0.64881875 0.5279359375 0.664015625 0.5279359375 0.664015625 0.571309375 0.64881875 0.571309375
0 0.6320203125000035 0.5472125000000035 0.6389638238455291 0.546224663804752 0.6437638095549119 0.5799606061380056 0.6368202988198846 0.5809484394462281
0 0.44391616128859823 0.5175234331091367 0.4518721201761764 0.5171280486911036 0.4541024545262644 0.5620031466234233 0.44614649574930354 0.5623985295861146
0 0.263045725999973 0.5000466415388102 0.23557543538083792 0.49548856223725934 0.24921938701538693 0.4132665287319862 0.27668936420752743 0.4178245814231524
0 0.32048125 0.617015625 0.3412421875 0.617015625 0.3412421875 0.6620015625 0.32048125 0.6620015625
2 0.3794513287721202 0.6403415653872828 0.3566659084302728 0.6668121094449431 0.31747567271372645 0.6330817897709691 0.34026100472590315 0.6066113782162109
0 0.373475 0.658709375 0.3936890625 0.658709375 0.3936890625 0.710278125 0.373475 0.710278125
2 0.5100246384283764 0.6812253900217349 0.5172364413667765 0.7335022661979511 0.4932511214610713 0.7368105163596232 0.48603946989510405 0.6845337762914778
2 0.5302718862826623 0.7333203125 0.5231687285624957 0.7333203125 0.5231687657956172 0.6971125 0.5302718676661016 0.6971125
9 0.5362812500000018 0.7333203124999995 0.5428354987365083 0.733205793646242 0.5450214039142338 0.8582886084316238 0.5384671552268401 0.8584031255638835
7 0.5298958319048097 0.894469708580204 0.4904678435146934 0.8977413715776484 0.4838173569700075 0.8176069581843707 0.5232445234649958 0.814335329443791
0 0.5807949730805149 0.7364588090285079 0.5708910967805423 0.7382756970914335 0.564074328979018 0.701123130489377 0.5739781250000533 0.6993062499999912
0 0.5803291352260658 0.699268063444408 0.5865403115690242 0.6993966667822411 0.5856533638249175 0.7422270402326735 0.5794421875000353 0.7420984374999999
2 0.5802150887568587 0.6893735269987443 0.6025573401169595 0.6799610769271941 0.6212901711751329 0.7244204182580811 0.5989479479616193 0.7338328194435945
0 0.595667949824815 0.7271755673532267 0.6046701332639941 0.724934739959334 0.6100380486655013 0.7464959917377473 0.6010358672476741 0.7487368135450206
2 0.6002313296169177 0.6643055339881947 0.6318697886346172 0.6564316678910381 0.6472317930026747 0.7181499273535065 0.6155933531960045 0.7260237406526615
9 0.6340750730948912 0.8485281168430782 0.6310045451490396 0.8488707683211336 0.6239013951476409 0.7852317112835236 0.6269718750000948 0.7848890624999946
7 0.6988096550054479 0.8388605233294462 0.6838618093731839 0.8455585503616717 0.6727959931729401 0.8208683164757226 0.6877437499999814 0.8141703124999994
0 0.682230932237303 0.6636660679987163 0.6961561604759936 0.6616270163047445 0.701214106295879 0.6961642828122251 0.6872888796655161 0.6982033271338604
0 0.7388204719421765 0.673561492324166 0.7240338441038148 0.6767170582755855 0.7122812121189099 0.6216522584558934 0.7270676812803458 0.6184967100077746
0 0.7633342440036586 0.6639656926029569 0.7380749281442149 0.6677384674126903 0.7266052169877639 0.5909552461355723 0.7518641640539272 0.5871824993389282
11 0.2217568138032675 0.522788156690859 0.2857347536898942 0.543023676267499 0.2331122798910883 0.7093796554464703 0.16913448405432518 0.6891444672705785
7 0.7397598824475153 0.7879571202175196 0.7525818538114208 0.777592410949782 0.7664474321841226 0.7947420022150073 0.7536254856992173 0.8051066839553033
7 0.25302294347920906 0.7564368307674079 0.24067042853096154 0.7728365662796655 0.22174907529586108 0.7585871905773514 0.2341015718750441 0.7421874999999591
7 0.2209182109375 0.7599893125 0.2618053296875 0.7599893125 0.2618053296875 0.8550518625000001 0.2209182109375 0.8550518625000001
6 0.32349391442267006 0.4505883109264291 0.35872823823581257 0.4511565624347967 0.3572168553738493 0.5448628000379354 0.3219825316263041 0.5442945525667122
10 0.7017564458323022 0.5582721086972415 0.6803755304522383 0.558729425129124 0.6768523447775578 0.3940111661345147 0.6982327539889184 0.39355385508511465
10 0.6859834542701719 0.5871174159176934 0.6593259207168103 0.5877373175213965 0.6540349231897835 0.3602077608328486 0.6806916275891126 0.35958786851822155
10 0.6488726572190444 0.6755781722211422 0.6765401030438625 0.6667261326277513 0.7246075427893857 0.8169387240769309 0.6969401694334465 0.8257906043338777
10 0.695015310864278 0.83752806204058 0.6696152371656581 0.8440753577460899 0.6291765384345354 0.6872218395041566 0.6545756937642864 0.6806746688088862