2 0.23379218761609907 0.5944828130952381 0.2333359374613003 0.600353125 0.23881249969040247 0.610417186904762 0.2465718749226006 0.6129328119047619 0.2520484377708978 0.613771875 0.25615468730650154 0.6162875 0.26163125015479877 0.6162875 0.2698468749226006 0.6129328119047619 0.27760468730650156 0.606223438095238 0.2808 0.59280625 0.27760468730650156 0.56513125 0.2771484377708978 0.554228125 0.2698468749226006 0.5575828130952382 0.2671078123839009 0.563453125 0.26573906253869967 0.5751953119047619 0.2570687498452012 0.572678125 0.23379218761609907 0.5944828130952381
2 0.3086531250773994 0.5908078130952381 0.30927656222910216 0.581070313095238 0.3102109374613003 0.5707609369047619 0.30647031269349845 0.566178125 0.3002359374613003 0.5667515619047618 0.29774218761609905 0.5707609369047619 0.2924437498452012 0.5707609369047619 0.29213125015479874 0.5862265630952381 0.2943140625386997 0.6079921869047619 0.29649531269349844 0.6079921869047619 0.30085937523219813 0.6079921869047619 0.3061593752321981 0.613148438095238 0.3099 0.61429375 0.31364062476780186 0.612001561904762 0.3176921876160991 0.6079921869047619 0.3233031250773994 0.6074203130952381 0.32299218761609905 0.6022640630952381 0.3217453126934985 0.6016921880952382 0.3176921876160991 0.5953906250000001 0.3176921876160991 0.5896625 0.3155109374613003 0.5845078119047619 0.31208125015479876 0.5845078119047619 0.3086531250773994 0.5908078130952381
0 0.33296562476780184 0.567896875 0.3295374996904025 0.574196875 0.32829062476780185 0.5827890630952381 0.32985000000000003 0.5885171880952381 0.33172031269349844 0.5931 0.3342124996904025 0.5959640619047619 0.3360828123839009 0.5896625 0.334525 0.5787796869047619 0.33296562476780184 0.567896875
2 0.6004171876160991 0.579353125 0.6022875003095975 0.5885171880952381 0.6022875003095975 0.5999734380952381 0.5966765622291021 0.600546875 0.5954296873065016 0.609710936904762 0.5960531250773994 0.6223124999999999 0.5991703126934985 0.6251765619047619 0.6035343752321982 0.6234578119047619 0.6097687498452012 0.6234578119047619 0.6144437498452012 0.6240312499999999 0.6216125003095975 0.6228859369047619 0.6237953126934984 0.6171578130952381 0.6256656247678019 0.612001561904762 0.6256656247678019 0.6028375 0.6234828123839009 0.587371875 0.6200546873065016 0.5787796869047619 0.6166265622291022 0.56846875 0.6122625003095975 0.5656046880952381 0.6085218749226007 0.567896875 0.6025984377708978 0.5701875 0.6004171876160991 0.579353125
2 0.6262890625386996 0.61085625 0.6290937498452013 0.614865625 0.6315874996904025 0.61429375 0.6356406247678018 0.611429686904762 0.6393812501547987 0.611429686904762 0.6409390625386997 0.606846875 0.6400046873065015 0.5976828119047619 0.6378218749226006 0.5833625 0.6334578123839009 0.581070313095238 0.6319 0.5730515630952381 0.6269124996904025 0.5667515619047618 0.6228593752321981 0.569615625 0.6206781250773994 0.5747703130952382 0.6228593752321981 0.58794375 0.6247296873065016 0.5971093749999999 0.6262890625386996 0.61085625
9 0.5994812501547988 0.46135624999999997 0.5997937498452013 0.546703125 0.6025984377708978 0.54269375 0.5994812501547988 0.46135624999999997
9 0.602013147368421 0.5773280892857143 0.6085218749226007 0.559304686904762 0.6016640625386996 0.4607828130952381 0.602013147368421 0.5773280892857143
2 0.6730453126934985 0.579353125 0.671175 0.577634375 0.6686812501547988 0.5713328130952381 0.6668125003095975 0.562740625 0.6612015622291022 0.562740625 0.6583953126934985 0.5610234369047619 0.6530968749226007 0.5638875 0.6502906247678019 0.5690421880952381 0.64655 0.5759156249999999 0.6468624996904025 0.58794375 0.6506031250773994 0.614865625 0.6537203126934985 0.6177296880952381 0.6608890625386997 0.6211671880952381 0.6680593752321982 0.6217390630952381 0.6739812501547987 0.612001561904762 0.6827093752321981 0.608565625 0.6858265622291021 0.605128125 0.6898781250773994 0.5999734380952381 0.6948656247678018 0.5925265619047619 0.6926843752321982 0.5896625 0.6873843752321982 0.587371875 0.6842671876160991 0.577634375 0.6805265622291022 0.5759156249999999 0.6774093752321981 0.5753421880952381 0.6730453126934985 0.579353125
0 0.6876968749226006 0.56045 0.6908140625386996 0.5667515619047618 0.6933078123839009 0.5701875 0.6948656247678018 0.56846875 0.6917484377708979 0.5575859369047619 0.6886312501547988 0.5461296880952381 0.6883203126934985 0.556440625 0.6876968749226006 0.56045
0 0.7313359374613003 0.4911421880952381 0.7307125003095976 0.48255 0.728842187616099 0.476821875 0.7235437498452012 0.4739578130952381 0.7229203126934985 0.4802578119047619 0.7232312501547988 0.49400625000000004 0.7244781250773994 0.5088984380952382 0.7266609374613003 0.5037437499999999 0.7291546873065016 0.502025 0.7313359374613003 0.4911421880952381
0 0.7818343752321982 0.564459375 0.780275 0.5535765619047619 0.7777812501547988 0.5438390630952381 0.7737296873065015 0.5415484380952381 0.7678062501547988 0.5444125000000001 0.7653124996904025 0.540975 0.7643781250773993 0.5375375 0.76095 0.548421875 0.7581437498452013 0.553003125 0.7506624996904024 0.5610234369047619 0.7475453126934984 0.56216875 0.7472343752321982 0.567323436904762 0.7478578123839009 0.5730515630952381 0.7500390625386998 0.585653125 0.7553390625386996 0.5959640619047619 0.7575203126934985 0.5982546869047619 0.7640656247678018 0.5976828119047619 0.7715468749226007 0.5902359369047618 0.7752875003095975 0.5862265630952381 0.7793406247678019 0.5787796869047619 0.7805875003095976 0.5707609369047619 0.7818343752321982 0.564459375
2 0.6967359374613002 0.5971093749999999 0.6939312501547987 0.6079921869047619 0.6986062501547988 0.6171578130952381 0.703282812383901 0.6240312499999999 0.7098281250773993 0.6211671880952381 0.714192187616099 0.6188750000000001 0.7179328123839008 0.612001561904762 0.7213609374613004 0.6022640630952381 0.7235437498452012 0.5942453130952381 0.728842187616099 0.58794375 0.7260375003095976 0.5833625 0.7210500000000001 0.573625 0.7176203126934985 0.567896875 0.7126343752321982 0.5787796869047619 0.7085812501547988 0.5885171880952381 0.7035937498452013 0.5885171880952381 0.6967359374613002 0.5971093749999999
0 0.6422390625386997 0.660110936904762 0.6428624996904024 0.661353125 0.6457656247678019 0.664909375 0.6496374996904024 0.668465625 0.6518562501547988 0.6635515619047619 0.6507953126934984 0.6513640630952381 0.64925 0.6432140630952381 0.6451859374613003 0.6425015630952381 0.6413140625386997 0.645703125 0.6397656247678019 0.650682811904762 0.6405406247678018 0.656728125 0.6422390625386997 0.660110936904762
0 0.623507812383901 0.6730890619047619 0.6233140625386997 0.6666875000000001 0.6225406247678018 0.659929686904762 0.6177015622291022 0.6538828119047619 0.6161531250773994 0.656017186904762 0.6173140625386997 0.662064061904762 0.618475 0.6702437499999999 0.6207984377708978 0.6777125 0.6217656247678018 0.67806875 0.623507812383901 0.6730890619047619
0 0.6182828123839009 0.681625 0.6186687498452013 0.669176563095238 0.6151859374613003 0.659929686904762 0.61325 0.6666875000000001 0.61325 0.6730890619047619 0.6169281250773994 0.6784234369047619 0.6182828123839009 0.681625
0 0.38021562476780185 0.710434375 0.3869906247678019 0.7043875 0.38757031269349845 0.697985938095238 0.3877640625386997 0.6890937500000001 0.3885390625386997 0.6866046880952381 0.3912484377708978 0.680914063095238 0.39221562476780186 0.676645311904762 0.3935703126934984 0.671310936904762 0.3931843752321981 0.664553125 0.3871843752321982 0.6631312500000001 0.3827328123839009 0.6641984369047619 0.3786671876160991 0.6631312500000001 0.3757640625386997 0.6581515619047619 0.37595781238390097 0.652817186904762 0.3742156247678019 0.652104688095238 0.37208749969040245 0.652104688095238 0.37092499999999995 0.654239061904762 0.36840937523219813 0.6617078119047619 0.36705468730650154 0.6666875000000001 0.36647343777089786 0.6762906249999999 0.36589374984520123 0.681625 0.364925 0.688026561904762 0.36318437523219815 0.6965625 0.3626031250773994 0.701542188095238 0.3614421876160991 0.709010936904762 0.3635703126934985 0.7196812499999999 0.3699578123839009 0.7182578130952381 0.3757640625386997 0.7122125 0.38021562476780185 0.710434375
10 0.3256343752321981 0.684826561904762 0.3238937498452012 0.6855375 0.32273125015479875 0.6855375 0.3198281250773994 0.6873156250000001 0.31770000000000004 0.6901609369047619 0.31402187492260064 0.697985938095238 0.3087968749226006 0.7050984369047619 0.3097640625386997 0.7075890630952382 0.3146031250773994 0.70794375 0.3180859374613003 0.7033203119047619 0.32215156222910213 0.6994078119047619 0.3250546873065015 0.694784375 0.32718281238390096 0.691584375 0.3277640625386997 0.684114063095238 0.3256343752321981 0.684826561904762
2 0.18790870650154798 0.5521392547619047 0.18841248297213622 0.5652374488095239 0.19546535665634676 0.571282769047619 0.20151067678018578 0.5778318666666666 0.20805977399380804 0.5868998464285714 0.21410509411764705 0.593448944047619 0.22468440495356037 0.5853885166666667 0.22821084148606813 0.5758167595238095 0.2241806278637771 0.5617110119047619 0.22166174489164087 0.5576807988095238 0.21561642414860682 0.5521392547619047 0.21108243405572755 0.5491165952380953 0.20402956037151704 0.5445826047619048 0.19848801671826627 0.5445826047619048 0.195969133126935 0.5481090416666666 0.18790870650154798 0.5521392547619047
6 0.2695205306501548 0.6513832630952381 0.26246765696594426 0.6715343309523809 0.2745582972136223 0.679090980952381 0.31486043281733744 0.6780834285714286 0.317883092879257 0.675564544047619 0.33350017027863776 0.6649852345238094 0.3324926167182663 0.6569248071428571 0.32493596656346746 0.6503757095238095 0.31889064643962844 0.6498719333333334 0.30881511269349843 0.6523908166666667 0.2780847343653251 0.64735305 0.2695205306501548 0.6513832630952381
6 0.6604512439628483 0.6498719333333334 0.6584361368421052 0.6564210297619049 0.6624663504643964 0.660451244047619 0.6725418842105263 0.6589399142857143 0.6881589616099072 0.6508794869047619 0.6947080588235294 0.6428190595238096 0.6987382724458203 0.634254855952381 0.6911816222910216 0.6332473023809524 0.6715343312693499 0.6423152833333333 0.6604512439628483 0.6498719333333334
6 0.7032722625386997 0.5324919642857143 0.7022647095975232 0.5435750511904762 0.7022647095975232 0.556169469047619 0.7093175832817337 0.5607034583333333 0.7173780099071208 0.5526430321428571 0.7214082235294117 0.5425674976190475 0.7229195535603715 0.5274541964285715 0.7209044470588236 0.5143560035714285 0.7168742334365324 0.5128446726190476 0.7022647095975232 0.5229202071428571 0.7032722625386997 0.5324919642857143
0 0.3442718346749226 0.5599274428571428 0.34077471702786377 0.5778016011904762 0.3403861479876161 0.5890700916666667 0.3431061287925697 0.5952871904761905 0.3497117962848297 0.5941214845238095 0.3602031498452012 0.5812987190476191 0.3625345622291022 0.5711959333333333 0.36175742476780187 0.5630359916666667 0.35748316965944277 0.556041755952381 0.3543746198142415 0.552156069047619 0.3508775021671826 0.5517675 0.3442718346749226 0.5599274428571428
