2 0.34656562476780184 0.4459984380952381 0.34008437523219814 0.44119218690476186 0.3332796873065016 0.45698125 0.3329546873065015 0.46727968809523807 0.3368437498452012 0.476203125 0.3423531250773994 0.49130625 0.3468906247678018 0.4940515619047619 0.34980625015479877 0.4878734369047619 0.352075 0.497484375 0.3650374996904025 0.4906203119047619 0.37022343777089783 0.48444062499999996 0.3699 0.4713984380952381 0.3653625003095975 0.45698125 0.3614734377708978 0.4624734380952381 0.3566125003095975 0.4611015619047619 0.34915937523219814 0.4611015619047619 0.3485109374613003 0.45560937500000004 0.34656562476780184 0.4459984380952381
2 0.3825375003095975 0.4967984380952381 0.3841578123839009 0.5029765619047619 0.38545468730650156 0.5132734380952382 0.3899921876160991 0.5221984369047619 0.39971406253869973 0.520825 0.4052234377708978 0.5146468750000001 0.40878750030959754 0.5091546869047618 0.4117046873065015 0.5064093749999999 0.41494531269349844 0.4961109380952381 0.42142656222910213 0.48856093690476193 0.419157812383901 0.476203125 0.413 0.4686515630952381 0.40262968730650156 0.4686515630952381 0.39420468730650154 0.476890625 0.38739843777089783 0.48375468809523814 0.3825375003095975 0.4967984380952381
2 0.45675 0.5091546869047618 0.44962031269349845 0.50778125 0.4437874996904025 0.5242578119047618 0.4489718749226006 0.5345546869047619 0.45675 0.54141875 0.46031406253869966 0.5366140619047619 0.46161093746130033 0.5283765630952382 0.4619343752321981 0.5180796880952381 0.45675 0.5091546869047618
2 0.483 0.5496578119047619 0.48883281238390097 0.546225 0.4923984377708978 0.539359375 0.49174999999999996 0.527003125 0.4868890625386997 0.5201390619047619 0.47975937523219814 0.5146468750000001 0.47522187492260065 0.5290625 0.47230468730650155 0.531121875 0.47327812507739936 0.5434781249999999 0.47716718761609905 0.548284375 0.483 0.5496578119047619
2 0.5241562501547987 0.5304359369047619 0.5192953126934985 0.520825 0.5102218749226006 0.520825 0.5050359374613004 0.531121875 0.5043890625386998 0.5379875 0.5066562501547988 0.5434781249999999 0.5111937498452013 0.55034375 0.5154062501547987 0.546910938095238 0.520267187616099 0.5400468749999999 0.5241562501547987 0.5304359369047619
2 0.55235 0.5304359369047619 0.5510546873065015 0.5180796880952381 0.5448968749226006 0.5132734380952382 0.5377671876160991 0.5132734380952382 0.5371187498452012 0.527003125 0.5413328123839009 0.5366140619047619 0.5442484377708978 0.5379875 0.5474890625386997 0.5379875 0.5520265622291022 0.5345546869047619 0.55235 0.5304359369047619
2 0.6630515622291022 0.52680625 0.6600374996904025 0.5294671869047619 0.6537578123839008 0.533721875 0.6457203126934985 0.5369140619047619 0.6384375003095976 0.54010625 0.6376828123839009 0.55234375 0.6389390625386997 0.55713125 0.6401953126934985 0.5624515630952381 0.6439625003095976 0.573090625 0.648484375232198 0.5869234369047619 0.6530046873065015 0.579475 0.6537578123839008 0.56564375 0.652 0.555534375 0.6557671876160991 0.5544703130952381 0.6607906247678018 0.5544703130952381 0.666317187616099 0.54383125 0.6713406247678019 0.5448953130952381 0.6753593752321981 0.5390421880952381 0.6738515622291023 0.5209546880952381 0.6683265622291023 0.5257421880952381 0.6630515622291022 0.52680625
2 0.6381859374613003 0.55234375 0.6293953126934985 0.5475546880952381 0.61985 0.55713125 0.6065375003095975 0.5603234380952381 0.5969937498452013 0.5699 0.5997562501547988 0.581603125 0.6012640625386997 0.58745625 0.607542187616099 0.5869234369047619 0.6095515622291022 0.598628125 0.6108078123839009 0.6113968750000001 0.6168359374613003 0.637996875 0.6226124996904024 0.6353359380952381 0.6226124996904024 0.625228125 0.6243718749226006 0.619907811904762 0.6314046873065016 0.6215046869047619 0.6354234377708978 0.616184375 0.6354234377708978 0.6039484380952381 0.639692187616099 0.6050125000000001 0.6442140625386997 0.598628125 0.6434609374613003 0.573090625 0.6381859374613003 0.55234375
9 0.6326593752321982 0.6215046869047619 0.6381859374613003 0.641189063095238 0.646725 0.6576812500000001 0.6547468749226006 0.6736078119047619 0.6512468749226007 0.6592765619047619 0.6442140625386997 0.638528125 0.6369296873065016 0.6172484369047619 0.6326593752321982 0.6215046869047619
9 0.635925 0.703434375 0.6304 0.6885374999999999 0.6246218749226006 0.667257811904762 0.6218593752321981 0.637464061904762 0.6180921876160991 0.6364000000000001 0.621607812383901 0.6635328119047619 0.6286406247678018 0.6965171880952381 0.6384375003095976 0.7172656249999999 0.6404468749226007 0.7156703130952381 0.635925 0.703434375
2 0.3955531250773994 0.5587265619047619 0.38927343777089785 0.550215625 0.38148749969040247 0.550215625 0.37370156222910217 0.5486187499999999 0.36290156222910214 0.5427671869047619 0.36089218761609904 0.5369140619047619 0.34833281238390096 0.536382813095238 0.3455703126934984 0.5486187499999999 0.3413 0.5736234380952381 0.3453187498452013 0.5762828130952381 0.3473281250773994 0.57521875 0.3493374996904025 0.5714953119047619 0.35285468730650155 0.5699 0.35787812507739936 0.5762828130952381 0.3644078123839009 0.5784109369047619 0.36541250030959754 0.5709640619047619 0.3684265622291022 0.5714953119047619 0.37545937523219813 0.5847953130952381 0.3797296873065016 0.594903125 0.3855062501547987 0.5933078119047619 0.3897765622291022 0.5933078119047619 0.3890234377708978 0.5885203130952381 0.3965578123839009 0.5672390630952381 0.3955531250773994 0.5587265619047619
13 0.3736979164086688 0.6145833333333334 0.43359374984520127 0.6536458333333334 0.4830729164086688 0.6783854166666666 0.5429687498452013 0.6666666666666666 0.6054687498452013 0.63671875 0.640625 0.6171875 0.7018229164086687 0.5690104166666666 0.6888020835913313 0.5572916666666666 0.5846354167182662 0.6302083333333334 0.5625 0.6432291666666666 0.5299479164086688 0.6484375 0.47786458328173376 0.6471354166666666 0.442708333126935 0.6393229166666666 0.3919270835913312 0.6197916666666666 0.3411458334365325 0.5872395833333334 0.2942708334365325 0.5364583333333334 0.28645833312693497 0.5442708333333334 0.32421874984520127 0.5924479166666666 0.3736979164086688 0.6145833333333334
13 0.296875 0.3958333333333333 0.44401041671826624 0.4765625 0.47656250030959757 0.4830729166666667 0.5221354167182662 0.4817708333333333 0.5598958334365325 0.4765625 0.5911458334365325 0.4674479166666667 0.614583333126935 0.453125 0.6888020835913313 0.3919270833333333 0.6861979164086687 0.3841145833333333 0.5872395832817338 0.4661458333333333 0.5338541665634675 0.4791666666666667 0.47656250030959757 0.4778645833333333 0.4231770835913312 0.4583333333333333 0.375 0.4322916666666667 0.30208333312693497 0.375 0.296875 0.3958333333333333
27 0.40625 0.5143229166666666 0.4557291665634675 0.5338541666666666 0.5338541665634675 0.5455729166666666 0.583333333126935 0.5260416666666666 0.6002604167182662 0.4856770833333333 0.5429687498452013 0.5078125 0.479166666873065 0.50390625 0.4205729164086688 0.4713541666666667 0.40625 0.5143229166666666
27 0.5442708334365325 0.625 0.578125 0.5989583333333334 0.5846354167182662 0.578125 0.5533854167182662 0.578125 0.5299479164086688 0.59375 0.5039062501547987 0.5989583333333334 0.463541666873065 0.5885416666666666 0.44140625015479873 0.5768229166666666 0.41536458328173376 0.5651041666666666 0.4075520835913312 0.5885416666666666 0.473958333126935 0.640625 0.5442708334365325 0.625
11 0.7096354167182664 0.2513020833333333 0.6744791665634675 0.21484375 0.6744791665634675 0.22005208333333334 0.6744791665634675 0.3098958333333333 0.6809895832817336 0.3567708333333333 0.708333333126935 0.3723958333333333 0.7369791665634675 0.328125 0.7096354167182664 0.2513020833333333
