2 0.28054218761609906 0.4609515630952381 0.27517656222910214 0.47099531309523807 0.2739390625386997 0.48438749999999997 0.27517656222910214 0.502803125 0.2768281250773994 0.5086625 0.2710484377708978 0.507825 0.26650937523219814 0.5161953119047619 0.26362031269349845 0.5337734369047619 0.2652703126934985 0.54214375 0.2706359374613003 0.5404703130952381 0.27806562476780183 0.537121875 0.28962343777089783 0.5496765630952382 0.29622656222910215 0.5538625 0.30613281238390094 0.5446546880952381 0.30737031269349846 0.5212171880952381 0.3053062501547988 0.47434375 0.30324374984520125 0.467646875 0.29911562476780185 0.47099531309523807 0.2995281250773994 0.4835515619047619 0.2958140625386997 0.47518125 0.29044843777089785 0.469321875 0.2867328123839009 0.4609515630952381 0.28054218761609906 0.4609515630952381
1 0.31356249969040245 0.548003125 0.32346718761609905 0.548840625 0.3391515622291022 0.5496765630952382 0.3523593752321981 0.54298125 0.36185312507739936 0.530425 0.36639374984520123 0.5212171880952381 0.3593765622291022 0.4986171869047619 0.34947031269349843 0.4860625 0.3383265622291021 0.4776921869047619 0.3255312501547988 0.4785296880952381 0.3123234377708978 0.4860625 0.30654531269349844 0.49694375 0.30778281238390093 0.513684375 0.30778281238390093 0.5404703130952381 0.31356249969040245 0.548003125
9 0.2893328123839009 0.4315890619047619 0.28809218761609906 0.40391875 0.28685156222910213 0.378134375 0.28499062476780185 0.36744375 0.28499062476780185 0.3976296880952381 0.28095937523219816 0.3768765619047619 0.2784796873065015 0.36304062499999995 0.2732078123839009 0.35297968809523805 0.27661874984520124 0.37121718809523807 0.2825109374613003 0.39574375 0.28344062476780185 0.4183828119047619 0.28437187492260063 0.4391359380952381 0.28437187492260063 0.4548578119047619 0.2831312501547988 0.4624046880952381 0.2899531250773994 0.4655484380952381 0.2893328123839009 0.4315890619047619
9 0.2663859374613003 0.40895 0.2713468749226006 0.437878125 0.2753781250773994 0.4605171869047619 0.27599843777089783 0.46995 0.28065 0.4636609380952381 0.2769281250773994 0.4441671869047619 0.27196718761609906 0.42026875 0.2697968749226006 0.3925984380952381 0.26793593746130034 0.3718453119047619 0.26576562476780186 0.3850515619047619 0.2663859374613003 0.40895
9 0.30731874984520124 0.40832031190476187 0.2998765622291022 0.3800203119047619 0.3035968749226006 0.401403125 0.30669843777089784 0.4215265630952381 0.31383125015479874 0.44856875 0.32251406253869974 0.4800125 0.32716562476780187 0.47498124999999997 0.32654531269349846 0.467434375 0.32065312507739935 0.45234218809523813 0.31414062476780186 0.435990625 0.30731874984520124 0.40832031190476187
1 0.3079390625386997 0.5416421880952381 0.3150718749226006 0.548559375 0.3256140625386997 0.54793125 0.3398796873065016 0.5473015630952381 0.35197343777089785 0.5410140630952381 0.36127656222910215 0.5340953130952381 0.3643765622291022 0.5208890630952381 0.36034531269349845 0.50328125 0.3541437498452012 0.49510625 0.3454609374613003 0.49007500000000004 0.3302656247678018 0.4818984380952381 0.3200328123839009 0.482528125 0.31042031269349846 0.4881875 0.30731874984520124 0.49887812499999995 0.3079390625386997 0.52151875 0.3079390625386997 0.5416421880952381
1 0.46174843777089786 0.467434375 0.46236874984520127 0.49510625 0.46744218761609907 0.5058578130952381 0.4769515622291022 0.5068812500000001 0.4836968749226006 0.5054515619047619 0.49089531269349845 0.503190625 0.49634999999999996 0.4949859369047619 0.4971937498452012 0.437403125 0.4946203126934985 0.414609375 0.4918140625386997 0.4052109369047619 0.48531718761609904 0.3976296880952381 0.4800453126934985 0.39574375 0.4722921876160991 0.399515625 0.46826093746130026 0.4076921869047619 0.4629890625386997 0.42592968809523807 0.46112812507739936 0.446053125 0.46174843777089786 0.467434375
1 0.4952406247678019 0.4271875 0.4952406247678019 0.44542499999999996 0.4933796873065015 0.47498124999999997 0.4943093752321982 0.49887812499999995 0.4971 0.50139375 0.49958125015479876 0.503909375 0.5039234377708979 0.505796875 0.5119859374613003 0.506425 0.520357812383901 0.505796875 0.5240796873065016 0.4995078130952381 0.5256296873065015 0.48567187500000003 0.5259406247678018 0.4573734380952381 0.5253203126934984 0.430959375 0.5253203126934984 0.41712499999999997 0.5197374996904025 0.40203125 0.5107453126934984 0.39574375 0.5048531250773994 0.3982578130952381 0.49741093746130033 0.4076921869047619 0.4952406247678019 0.4271875
9 0.5144656247678019 0.397 0.5157062501547988 0.36304062499999995 0.5150859374613003 0.32908125 0.5178781250773994 0.2963796869047619 0.5129156247678018 0.3121015630952381 0.5122953126934985 0.34606093809523814 0.5095046873065016 0.38127812499999997 0.5082640625386997 0.3925984380952381 0.5144656247678019 0.397
9 0.4806656247678019 0.341659375 0.48128593746130033 0.30958749999999996 0.47973437523219814 0.3089578130952381 0.4766343752321981 0.35738125 0.4753937498452012 0.39637187500000004 0.4815953126934985 0.3982578130952381 0.47973437523219814 0.3693296880952381 0.4806656247678019 0.341659375
0 0.5281109374613003 0.49824999999999997 0.5315218749226006 0.49887812499999995 0.5352437498452013 0.49259062499999995 0.5374140625386997 0.48127031190476194 0.5361734377708979 0.4636609380952381 0.5346234377708978 0.45171249999999996 0.5321421876160991 0.442909375 0.5281109374613003 0.44542499999999996 0.5268703126934984 0.45925937499999997 0.5265609374613003 0.4730953119047619 0.5265609374613003 0.490703125 0.5281109374613003 0.49824999999999997
2 0.450275 0.4969921869047619 0.4543062501547988 0.5026515619047619 0.46112812507739936 0.5051671880952381 0.46205937523219814 0.4944765619047619 0.4629890625386997 0.4762390630952381 0.46330000000000005 0.46680625000000003 0.46205937523219814 0.456115625 0.45740781238390094 0.45674375 0.4533765622291022 0.4624046880952381 0.4524453126934984 0.4718375 0.44965468730650154 0.48315625 0.450275 0.4969921869047619
0 0.6016046873065016 0.4712078119047619 0.6000546873065015 0.467434375 0.600675 0.45800156190476193 0.5997437498452012 0.454228125 0.5966437498452012 0.4529703130952381 0.5916812501547988 0.456115625 0.5904406247678018 0.45925937499999997 0.5870296873065015 0.4686921880952381 0.5854796873065016 0.47561093809523813 0.5826890625386997 0.4787546880952381 0.580207812383901 0.4888171880952381 0.5774171876160991 0.503909375 0.5777265622291022 0.51145625 0.5836187498452012 0.5183734380952382 0.5898203126934984 0.52151875 0.5963328123839009 0.5208890630952381 0.5985031250773993 0.5120859380952382 0.5997437498452012 0.5001359369047619 0.602225 0.4888171880952381 0.6043953126934984 0.4800125 0.6016046873065016 0.4712078119047619
9 0.6059468749226006 0.383165625 0.6143187498452012 0.346690625 0.6050156247678019 0.37436093809523807 0.5985031250773993 0.3982578130952381 0.5941624996904025 0.4215265630952381 0.5907515622291022 0.449196875 0.594782812383901 0.4536 0.5988140625386996 0.4573734380952381 0.5997437498452012 0.45045468690476187 0.6019156247678019 0.41523750000000004 0.6059468749226006 0.383165625
2 0.6704468749226006 0.49824999999999997 0.6664156247678019 0.49384843690476193 0.6608343752321981 0.48567187500000003 0.6546328123839009 0.4881875 0.6521515622291021 0.4869296880952381 0.6493609374613003 0.4919609369047619 0.6509109374613004 0.500765625 0.6484296873065015 0.5051671880952381 0.6471890625386998 0.513971875 0.6512203126934984 0.525292188095238 0.6496703126934984 0.5460453130952381 0.6406781250773994 0.54793125 0.6385062501547988 0.55799375 0.6422281250773993 0.5586218749999999 0.6502906247678019 0.559879686904762 0.6512203126934984 0.5680546869047619 0.6568031250773995 0.5674265630952381 0.6611437498452012 0.5705703130952381 0.6670359374613003 0.571828125 0.6744781250773993 0.571828125 0.6800609374613004 0.56616875 0.6806812501547987 0.5542203130952381 0.6809906247678018 0.530951563095238 0.6794406247678019 0.510828125 0.67665 0.4995078130952381 0.6754093752321981 0.49321875 0.6726187498452013 0.5001359369047619 0.6704468749226006 0.49824999999999997
2 0.7101406247678018 0.5303218749999999 0.7116906247678019 0.5095703119047619 0.7144812501547987 0.4737234369047619 0.7085890625386997 0.4712078119047619 0.7036281250773994 0.467434375 0.6999062501547988 0.469321875 0.6964953126934985 0.4787546880952381 0.6940156247678018 0.48944531309523814 0.6930843752321981 0.4963625 0.6896734377708978 0.5001359369047619 0.6862625003095976 0.4976203119047619 0.6837812501547987 0.495734375 0.6806812501547987 0.5101984380952381 0.6791296873065016 0.52151875 0.6781999999999999 0.5429 0.6788203126934984 0.559879686904762 0.6831609374613004 0.5623953119047619 0.6909140625386997 0.563653125 0.6952546873065015 0.56428125 0.7005265622291021 0.5655390630952382 0.7061093752321982 0.563025 0.7120015622291022 0.569942186904762 0.7138609374613004 0.5712 0.7144812501547987 0.566796875 0.7144812501547987 0.5611375 0.7154124996904024 0.5586218749999999 0.7188234377708979 0.5567359369047619 0.7185125003095976 0.54793125 0.7172718749226007 0.5366109369047619 0.7116906247678019 0.5359828130952381 0.7101406247678018 0.5303218749999999
9 0.665175 0.4863015630952381 0.6633156247678019 0.490703125 0.6673468749226006 0.49824999999999997 0.6726187498452013 0.48064062500000004 0.6775796873065015 0.4636609380952381 0.6822312501547987 0.449196875 0.6844015622291021 0.4397640630952381 0.6750984377708978 0.45674375 0.6692062501547987 0.47498124999999997 0.665175 0.4863015630952381
9 0.6626953126934986 0.4844140619047619 0.6608343752321981 0.46177500000000005 0.6630046873065016 0.44165156190476185 0.6648656247678019 0.4253 0.6698265622291022 0.40391875 0.6614546873065015 0.43473281190476193 0.6605234377708977 0.42215624999999996 0.6614546873065015 0.40957812499999996 0.663625 0.397 0.6676562501547988 0.38379375 0.6589734377708978 0.404546875 0.6561828123839009 0.41964062500000004 0.6537015622291021 0.44793906190476196 0.653392187616099 0.4762390630952381 0.6530812501547987 0.48944531309523814 0.6583531250773994 0.48567187500000003 0.6626953126934986 0.4844140619047619
9 0.7200640625386998 0.4253 0.7154124996904024 0.4441671869047619 0.7113812501547988 0.46177500000000005 0.7070390625386996 0.4718375 0.7141718749226007 0.474353125 0.7213046873065015 0.435990625 0.7234750000000001 0.41523750000000004 0.7253359374613003 0.39574375 0.725025 0.3793921869047619 0.7225437498452012 0.406434375 0.7200640625386998 0.4253
9 0.7095203126934985 0.435990625 0.7129312501547987 0.41712499999999997 0.716342187616099 0.40203125 0.7160328123839009 0.3900828119047619 0.7138609374613004 0.3762484380952381 0.7141718749226007 0.399515625 0.7113812501547988 0.412721875 0.7089 0.4208984380952381 0.7095203126934985 0.435990625
9 0.7089 0.41209375 0.7085890625386997 0.3951140619047619 0.7098296873065015 0.38065 0.7070390625386996 0.3850515619047619 0.7089 0.41209375
2 0.6671187498452011 0.608584375 0.6653249999999999 0.615860938095238 0.6625062501547988 0.621057811904762 0.6571250000000001 0.6262546869047619 0.6537921876160991 0.6304125 0.650717187616099 0.641846875 0.6543046873065016 0.6475640619047619 0.6578937498452012 0.6486031250000001 0.6602 0.6501625 0.6640437498452012 0.648084375 0.6704515622291022 0.6428859380952381 0.6781390625386997 0.635610938095238 0.6822406247678018 0.6293734369047619 0.6855718749226006 0.6194984369047619 0.6858281250773993 0.6106625 0.681215624767802 0.605985938095238 0.6783953126934984 0.606504688095238 0.6763453126934984 0.6033875 0.6735265622291022 0.6033875 0.6709640625386997 0.609103125 0.6671187498452011 0.608584375
1 0.33984687492260063 0.582596875 0.3362593752321982 0.5831171880952382 0.32933906253869966 0.585715625 0.32523906253869966 0.592471875 0.3257515622291021 0.6106625 0.3262640625386997 0.634051563095238 0.3283140625386997 0.6402875 0.3380531250773994 0.6491234380952381 0.35445468730650154 0.651721875 0.36624374984520125 0.6538015630952381 0.3741890625386997 0.651721875 0.37982656222910216 0.634051563095238 0.3844406247678019 0.615340625 0.38546562476780183 0.5914328119047619 0.3821343752321981 0.5831171880952382 0.37547031269349845 0.5784390630952382 0.3703453126934984 0.5794796880952381 0.36470625015479874 0.58415625 0.3567625003095975 0.5846765619047619 0.3480484377708978 0.5836375 0.33984687492260063 0.582596875
1 0.30447968730650155 0.5877953130952381 0.2988421876160991 0.587275 0.29525468730650156 0.5836375 0.2901281250773994 0.5831171880952382 0.2819281250773994 0.5846765619047619 0.2757765622291022 0.5914328119047619 0.2703953126934984 0.6075453130952381 0.26962656222910214 0.6293734369047619 0.27193281238390093 0.6361296880952381 0.27500781238390093 0.644965625 0.28244062476780185 0.6475640619047619 0.2957671876160991 0.6501625 0.30473593746130034 0.648084375 0.31601249969040246 0.644965625 0.3229328123839009 0.6428859380952381 0.32728906253869966 0.635610938095238 0.3280578123839009 0.621578125 0.3280578123839009 0.6075453130952381 0.32549531269349846 0.5966296880952381 0.3183203126934985 0.5909125 0.31498750030959755 0.5914328119047619 0.3088374996904025 0.587275 0.30447968730650155 0.5877953130952381
2 0.29422968730650156 0.6044265630952381 0.29089687492260063 0.615340625 0.28320937523219814 0.6194984369047619 0.28244062476780185 0.641846875 0.28551562476780185 0.64964375 0.2880781250773994 0.65328125 0.2957671876160991 0.6553593750000001 0.3029421876160991 0.6564 0.30755625015479876 0.651201561904762 0.310375 0.6439265619047619 0.31755 0.641328125 0.32165156222910213 0.63353125 0.3242140625386997 0.621578125 0.3247265622291022 0.6049453130952381 0.3180625003095975 0.5976703130952381 0.31088749969040247 0.60390625 0.3070437498452012 0.6044265630952381 0.2985859374613003 0.6044265630952381 0.29422968730650156 0.6044265630952381
2 0.3726515622291022 0.640807813095238 0.37290781238390097 0.634051563095238 0.36880781238390087 0.605985938095238 0.35240468730650154 0.59715 0.3406156247678019 0.5966296880952381 0.33241562476780184 0.617420313095238 0.32908281238390097 0.635090625 0.33549062476780184 0.6428859380952381 0.3370281250773994 0.65328125 0.34138437523219817 0.6538015630952381 0.3452296873065015 0.64704375 0.3541984377708978 0.646525 0.36163125015479874 0.64704375 0.36650000000000005 0.635090625 0.3726515622291022 0.640807813095238
9 0.35958125015479875 0.6995374999999999 0.3588125003095975 0.7166890619047619 0.35547968730650154 0.73955625 0.35778750030959755 0.733839063095238 0.361375 0.714609375 0.36214374984520126 0.7036953130952381 0.36265625015479874 0.6907015619047618 0.36214374984520126 0.6719921869047619 0.36035 0.67615 0.35855625015479875 0.674070311904762 0.3590687498452012 0.68290625 0.35958125015479875 0.6995374999999999
9 0.35547968730650154 0.6782281250000001 0.3565062501547988 0.6475640619047619 0.35205156222910217 0.648770311904762 0.3521484377708978 0.6922609380952381 0.35240468730650154 0.715648438095238 0.35061093746130034 0.745273438095238 0.35240468730650154 0.731240625 0.3549671876160991 0.702135938095238 0.35547968730650154 0.6782281250000001
9 0.3257515622291021 0.7166890619047619 0.3226765622291022 0.7447546869047619 0.324982812383901 0.7348796869047619 0.32882656222910217 0.720846875 0.33292812507739933 0.7047343749999999 0.3370281250773994 0.6886234380952381 0.34087187492260057 0.668873436904762 0.34420468730650156 0.6543203130952381 0.34087187492260057 0.65691875 0.3370281250773994 0.670951561904762 0.3321593752321982 0.69278125 0.3257515622291021 0.7166890619047619
9 0.33087812507739933 0.675629686904762 0.32985156222910217 0.6839453130952381 0.32523906253869966 0.7036953130952381 0.31985781238390093 0.742675 0.32549531269349846 0.714609375 0.32959531269349845 0.6932999999999999 0.3336968749226006 0.6782281250000001 0.33087812507739933 0.675629686904762
9 0.29730468730650156 0.683425 0.29499843777089785 0.702135938095238 0.2901281250773994 0.724484375 0.28423437523219813 0.744234375 0.2911531250773994 0.731760938095238 0.29371718761609905 0.7224062499999999 0.2965359374613003 0.7140906250000001 0.30012343777089784 0.697457813095238 0.3016609374613003 0.6777093750000001 0.30422343777089783 0.6564 0.29935468730650155 0.6564 0.2985859374613003 0.664715625 0.29730468730650156 0.683425
9 0.2903843752321982 0.6865437499999999 0.28782187492260064 0.7083734369047618 0.28038906253869966 0.742675 0.28679687492260064 0.724484375 0.2903843752321982 0.7114906249999999 0.29320468730650157 0.6938203119047619 0.2955109374613003 0.6787484380952381 0.2975609374613003 0.6589984380952381 0.2921781250773994 0.6543203130952381 0.29192187492260063 0.6600375 0.2914093752321982 0.6704328130952381 0.2903843752321982 0.6865437499999999
9 0.2870531250773994 0.6501625 0.2839781250773994 0.6439265619047619 0.28244062476780185 0.6475640619047619 0.2798765622291022 0.6610765630952381 0.2757765622291022 0.6777093750000001 0.26885781238390094 0.69641875 0.2642437498452012 0.7166890619047619 0.2609125003095975 0.7390375 0.26706249969040247 0.715648438095238 0.2706515622291022 0.707853125 0.27500781238390093 0.6969390630952381 0.27962031269349846 0.6808265619047619 0.28525937523219813 0.663676563095238 0.2901281250773994 0.6543203130952381 0.2870531250773994 0.6501625
6 0.3763020835913312 0.69921875 0.40625 0.6888020833333334 0.4075520835913312 0.5963541666666666 0.38151041671826624 0.60546875 0.3763020835913312 0.69921875
6 0.6132812501547987 0.6940104166666666 0.6432291665634675 0.69921875 0.6497395832817336 0.6341145833333334 0.6132812501547987 0.6223958333333334 0.6132812501547987 0.6940104166666666
11 0.2994791665634675 0.3151041666666667 0.27213541671826624 0.2877604166666667 0.22265625015479878 0.3815104166666667 0.24869791640866873 0.45703125 0.2994791665634675 0.3151041666666667
13 0.25950690835913315 0.6704627166666667 0.3626592111455108 0.6688988023809525 0.450182373374613 0.6688988023809525 0.5064472551083592 0.6548239380952381 0.576778386996904 0.6501322571428572 0.6439837386996905 0.6814098130952381 0.6674274495356037 0.7064318952380952 0.7018115108359133 0.6939208845238095 0.7361956910216718 0.6579516464285715 0.6971228402476781 0.6485684023809524 0.6643015498452013 0.6485684023809524 0.6236658086687307 0.6470045488095238 0.5877188569659443 0.6266740892857143 0.5595863566563468 0.6204186130952382 0.520513505882353 0.6188547 0.47987776408668725 0.6157269916666667 0.4408049133126935 0.6204186130952382 0.42986444334365326 0.6313657702380953 0.4064207325077399 0.6391851595238095 0.36891089102167185 0.640749013095238 0.317334679876161 0.6470045488095238 0.2813876092879257 0.6470045488095238 0.2673214786377709 0.6360573916666667 0.25638100866873065 0.6172908452380953 0.23918897770897832 0.5828855214285714 0.22890621424148608 0.5765625011904761 0.24231475851393186 0.6344934785714286 0.25950690835913315 0.6704627166666667
13 0.3282750309597523 0.4796696071428571 0.3845400315789474 0.46715859642857144 0.42517577275541796 0.46715859642857144 0.4486194835913313 0.4515198178571429 0.47987776408668725 0.4499559047619048 0.5142618253869968 0.44839205 0.5423943263157895 0.4515198178571429 0.5674009269349845 0.4577752940476191 0.6002220978328173 0.4812334619047619 0.6705532297213622 0.4968722392857143 0.7096260811145512 0.5078193964285714 0.7377585814241486 0.4953083857142857 0.7127519801857586 0.48279737500000003 0.6564869795665635 0.48279737500000003 0.6064737777089784 0.4640308285714285 0.5814671770897832 0.4468281369047619 0.5236392860681115 0.4280616797619048 0.4689372947368421 0.4311893880952381 0.4236128823529412 0.4405726309523809 0.3767254613003096 0.4515198178571429 0.34390417089783276 0.4499559047619048 0.304831320123839 0.4609030619047619 0.28763928916408665 0.4702863047619048 0.2579438990712074 0.46715859642857144 0.24648433931888544 0.4750000011904762 0.2751360489164087 0.4874889964285714 0.3282750309597523 0.4796696071428571
