2 0.7008187498452012 0.630198438095238 0.6961906247678018 0.6437578119047619 0.6975125003095975 0.660028125 0.7034625003095976 0.6749421869047619 0.7120562501547987 0.6681625 0.7239562501547987 0.64646875 0.7351937498452012 0.6288421869047619 0.7299046873065016 0.617995311904762 0.7232937498452012 0.615284375 0.7160234377708978 0.617995311904762 0.7080906247678018 0.62341875 0.7008187498452012 0.630198438095238
2 0.6994968749226006 0.6546046880952381 0.698175 0.6410453119047619 0.6875968749226007 0.638334375 0.6809859374613003 0.6424015630952381 0.6717312501547987 0.6437578119047619 0.6624765622291022 0.6518921880952381 0.6532218749226006 0.660028125 0.6591718749226007 0.677654688095238 0.6651218749226007 0.673585938095238 0.6737156247678018 0.673585938095238 0.6809859374613003 0.66951875 0.6842921876160991 0.6640953130952381 0.6895812501547987 0.6668078130952381 0.6948687498452012 0.6722312500000001 0.7021406247678018 0.676298438095238 0.7021406247678018 0.66951875 0.6994968749226006 0.6546046880952381
2 0.72065 0.5732515619047619 0.7246171876160991 0.58274375 0.7299046873065016 0.588167188095238 0.7384984377708977 0.58274375 0.7470921876160991 0.5746078130952381 0.7510593752321981 0.566471875 0.7490765622291021 0.5488468750000001 0.7457703126934985 0.550201563095238 0.7398203126934985 0.5529140619047619 0.7332109374613003 0.5529140619047619 0.7266 0.5515578119047619 0.7213109374613003 0.544778125 0.7199890625386997 0.5583374999999999 0.72065 0.5732515619047619
2 0.6809859374613003 0.567828125 0.6743765622291021 0.5746078130952381 0.6763593752321981 0.5990140630952381 0.6856140625386997 0.6220640619047619 0.6935468749226006 0.617995311904762 0.7054453126934985 0.6085046869047619 0.7173453126934984 0.588167188095238 0.7147000000000001 0.567828125 0.7054453126934985 0.5759640630952381 0.698175 0.5746078130952381 0.6889187498452013 0.5746078130952381 0.6809859374613003 0.567828125
0 0.7391593752321981 0.5461343750000001 0.7378375003095975 0.53393125 0.7318890625386997 0.521728125 0.7239562501547987 0.5163046880952381 0.7226328123839009 0.5461343750000001 0.7299046873065016 0.547490625 0.7391593752321981 0.5461343750000001
0 0.7008187498452012 0.5488468750000001 0.7021406247678018 0.5610484380952381 0.7061062501547988 0.5759640630952381 0.7140390625386996 0.567828125 0.7160234377708978 0.544778125 0.7113953126934985 0.521728125 0.7041234377708978 0.5312203119047619 0.7008187498452012 0.5488468750000001
0 0.619507812383901 0.590878125 0.6142203126934985 0.60308125 0.6128968749226006 0.62341875 0.6208296873065016 0.635621875 0.6294234377708978 0.634265625 0.6386781250773993 0.6396890630952381 0.6472718749226006 0.6396890630952381 0.6519 0.6247750000000001 0.6499171876160991 0.6017250000000001 0.6439671876160991 0.585454686904762 0.6373562501547987 0.5786749999999999 0.6314078123839009 0.593590625 0.625457812383901 0.5949453119047619 0.619507812383901 0.590878125
2 0.6228140625386996 0.684434375 0.6148812501547988 0.6722312500000001 0.6049640625386997 0.676298438095238 0.6043031250773994 0.6993484380952381 0.6208296873065016 0.704771875 0.6228140625386996 0.684434375
0 0.6320687498452012 0.5786749999999999 0.6300843752321982 0.5583374999999999 0.6267796873065016 0.5420671869047619 0.6155421876160991 0.53393125 0.6148812501547988 0.5583374999999999 0.6155421876160991 0.5786749999999999 0.619507812383901 0.593590625 0.6247968749226006 0.592234375 0.6300843752321982 0.592234375 0.6320687498452012 0.5786749999999999
2 0.5904218749226007 0.6410453119047619 0.6148812501547988 0.635621875 0.6155421876160991 0.6220640619047619 0.6128968749226006 0.5963015619047619 0.6109140625386997 0.5813875 0.603642187616099 0.570540625 0.5976937498452012 0.566471875 0.5891 0.5786749999999999 0.5904218749226007 0.6410453119047619
0 0.4897531250773994 0.638276561904762 0.49335937523219814 0.628415625 0.4957625003095975 0.6197874999999999 0.49335937523219814 0.5951359380952381 0.4867484377708979 0.5951359380952381 0.48434531269349845 0.6173234369047619 0.4897531250773994 0.638276561904762
2 0.451292187616099 0.6136250000000001 0.4548968749226006 0.6358125 0.47773437523219814 0.6407421869047619 0.48374374984520124 0.6296484380952381 0.48735 0.616090625 0.48494531269349844 0.588971875 0.47773437523219814 0.5902046869047619 0.46932031269349844 0.5902046869047619 0.46150781238390093 0.5865078119047619 0.4548968749226006 0.5926703130952381 0.451292187616099 0.6136250000000001
0 0.40020937523219813 0.627184375 0.409225 0.6210203119047619 0.4170374996904025 0.616090625 0.42064218761609906 0.5865078119047619 0.420042187616099 0.5556921869047619 0.41222968730650156 0.5618546869047619 0.4080218749226006 0.5667859380952381 0.40381562476780186 0.57418125 0.4026140625386997 0.5926703130952381 0.404417187616099 0.60869375 0.40020937523219813 0.627184375
0 0.4080218749226006 0.707303125 0.41102656222910217 0.7220953130952381 0.41583437523219813 0.7282578119047619 0.42184531269349845 0.724560938095238 0.4260515622291022 0.71593125 0.43085937523219814 0.6999078119047619 0.43085937523219814 0.6863484369047619 0.42905625015479876 0.6715578130952381 0.42064218761609906 0.6641625 0.4164359374613003 0.6727906250000001 0.41222968730650156 0.694978125 0.4080218749226006 0.707303125
2 0.39780625015479876 0.6925125 0.4026140625386997 0.6986749999999999 0.40982500000000005 0.701140625 0.4128296873065016 0.6912796869047619 0.41523437523219814 0.6789531249999999 0.4164359374613003 0.6641625 0.4104265622291022 0.6592312499999999 0.40501718761609906 0.656767188095238 0.39960937523219814 0.6518359380952381 0.39540156222910217 0.64690625 0.38819062476780186 0.64690625 0.3827812501547988 0.64690625 0.3779734377708978 0.656767188095238 0.37496874984520123 0.6715578130952381 0.37436874984520124 0.693745311904762 0.3779734377708978 0.701140625 0.38338281238390093 0.6986749999999999 0.388792187616099 0.696209375 0.3923968749226006 0.690046875 0.3948015622291022 0.6789531249999999 0.39780625015479876 0.6925125
2 0.2980453126934985 0.6025312500000001 0.2866281250773994 0.6025312500000001 0.2776140625386997 0.616090625 0.28001718761609906 0.6333468750000001 0.28843125015479876 0.6370453119047619 0.2980453126934985 0.6481375 0.30645937523219813 0.655534375 0.31307031269349844 0.6530687500000001 0.3178781250773994 0.643207811904762 0.32208437523219813 0.6296484380952381 0.316075 0.6123921869047619 0.30465625015479875 0.60869375 0.2980453126934985 0.6025312500000001
2 0.2866281250773994 0.5778796880952382 0.29624374984520124 0.5729484380952381 0.30465625015479875 0.5556921869047619 0.2986468749226006 0.5495296880952381 0.2902328123839009 0.548296875 0.27941562476780185 0.5507609380952381 0.27220468730650155 0.5532265619047619 0.27160312507739937 0.56801875 0.2764109374613003 0.57418125 0.2866281250773994 0.5778796880952382
6 0.37887417213622293 0.5418510154761905 0.38887248668730645 0.5027067761904762 0.3147916476780186 0.4825000011904762 0.31305175541795666 0.5218624583333333 0.37887417213622293 0.5418510154761905
9 0.6163346817337461 0.6384623023809524 0.6080027318885449 0.5043724952380952 0.6080027318885449 0.4160897369047619 0.5971712984520123 0.40859405238095237 0.5871729207430341 0.5518452940476191 0.5939583145510836 0.6470833345238095 0.6163346817337461 0.6384623023809524
9 0.4888558860681114 0.6367966154761905 0.48219030092879256 0.4927124976190476 0.472191986377709 0.4227526107142857 0.45136211145510835 0.6209723380952381 0.4752083145510836 0.6429166678571429 0.4888558860681114 0.6367966154761905
6 0.6763248229102167 0.5643381345238095 0.6763248229102167 0.5368538607142858 0.6470833145510836 0.5387500011904762 0.6521620916408669 0.5693353214285715 0.6763248229102167 0.5643381345238095
6 0.6704923566563468 0.7492321785714287 0.6571613126934985 0.7117536571428571 0.6293749808049536 0.7252083345238095 0.6313322173374614 0.7667221416666666 0.6704923566563468 0.7492321785714287
6 0.35387832260061924 0.7325750583333334 0.361377026625387 0.7067565333333333 0.3189583145510836 0.6918750011904762 0.30971896222910217 0.7192493738095238 0.35387832260061924 0.7325750583333334
