0 0.1971820215082971 0.2925511034418954 0.23117414362332056 0.29369974746797206 0.22836112873142156 0.37694335643528654 0.19436900685900582 0.3757947172759615
2 0.3211798158392867 0.43229881515747215 0.27781369533920497 0.43278622941852957 0.2766526598334167 0.3294641799016051 0.32001824839142046 0.328976768675384
9 0.3179265625 0.2440359375 0.330240625 0.2440359375 0.330240625 0.35998593749999996 0.3179265625 0.35998593749999996
9 0.3228462386089177 0.22025287339937508 0.3301470998720788 0.22104818973179616 0.31783992315786236 0.33402343750945374 0.31053906249997 0.3332281249999969
9 0.30644521590636487 0.35113456274712407 0.29885523499956435 0.3519925133245085 0.28858195790257923 0.2611110719473977 0.2961718750000273 0.26025312499999614
2 0.33261307096620385 0.41048076602498096 0.352780175617454 0.40987958175961725 0.3540887284539167 0.45377337342415003 0.33392162388724955 0.454374555949814
2 0.4650621470890428 0.49253609222787353 0.4384396506235362 0.49556919007774947 0.43105265481744937 0.43073423913988346 0.45767490652406195 0.42770115547106474
0 0.4582316450644157 0.43583208842971866 0.4696877766717762 0.4364747679397101 0.4670628021469838 0.48326350858390443 0.4556066707159516 0.48262083118196397
0 0.4676634804363857 0.43213268835922036 0.4865765710641199 0.4324943669536118 0.48532427544409984 0.497975866962285 0.466411184859453 0.4976141900567266
2 0.49252820113656526 0.4386449175583427 0.5067656003693628 0.4399960316844797 0.500801541982355 0.5028383199732845 0.4865641436080068 0.501487211973583
2 0.5014062499999999 0.4394484375 0.515771875 0.4394484375 0.515771875 0.5059375 0.5014062499999999 0.5059375
0 0.560395893857617 0.4984069179835089 0.5502069355737831 0.4975474438918385 0.5541897092672343 0.450335845224674 0.564378597993823 0.4511953163623897
2 0.631459113736696 0.4398152873118669 0.6547202297809918 0.4364508756398593 0.661206605671282 0.4812940271668017 0.6379454919070895 0.4846584281157503
2 0.6527388785227686 0.4213243302562518 0.6652102734086611 0.41941864275064444 0.6731179669079665 0.4711659368587845 0.6606465735363827 0.4730716175915123
2 0.6876079395743773 0.46187296868069105 0.6749744891932323 0.4388497243955095 0.699692533314419 0.42528710305306144 0.7123259867188381 0.4483103038955168
0 0.71115315229315 0.4402593690346479 0.7065858453353258 0.44125762669180124 0.6987874013835835 0.4055795052904533 0.7033546874999956 0.4045812500000114
0 0.7226303275273267 0.4363768469216314 0.7124926597098238 0.4371672602290709 0.7095242871833989 0.39909732753893895 0.7196619058902343 0.3983069161566825
2 0.7389074295729188 0.4247206988584571 0.7321218621013941 0.4258660959909028 0.7278859569080396 0.4007729709494752 0.734671503159916 0.3996275756443033
2 0.7401183032891367 0.40220513666617613 0.75376820711665 0.4031933640183936 0.7521507728955612 0.42553304356954025 0.7385008692173187 0.4245448176131728
2 0.6385406734009393 0.5040664315300555 0.6491569593329132 0.5032978551254915 0.6516638557012584 0.5379226048060369 0.6410475699939298 0.5386911790934863
2 0.6090433306885643 0.522649255496193 0.6214426250647875 0.5042125002120161 0.6502306567750793 0.5235717656207388 0.6378314199631632 0.5420084698155972
1 0.33958096872390797 0.47808601447585247 0.3782094626490107 0.48541755028552075 0.36590274967954883 0.5502542262694369 0.32727426608869337 0.5429227282380023
2 0.31982707195595594 0.4698945223931908 0.3383641871494092 0.46748860124883607 0.3434478778395942 0.5066545933262191 0.32491076402800445 0.5090605074147178
2 0.28021771100827664 0.443739963998291 0.30586313150342903 0.44832107678948896 0.30008388322312385 0.4806716754760974 0.2744384655079557 0.47609057325885445
2 0.2583319993996156 0.426797236505734 0.2745040530926417 0.42313497019609875 0.2843967136440142 0.46681698623884593 0.26822466362409614 0.47047924138600117
0 0.17603617187739928 0.3741154619233536 0.20708323890778502 0.3898317361329185 0.18747810923775887 0.42855921732822005 0.15643106997652012 0.4128429848167727
9 0.33321116094327863 0.6492914039874416 0.3217575283123324 0.6469123853967425 0.3442494120571382 0.5386391512140111 0.3557028337623933 0.5410181479021128
11 0.8187044949223719 0.6293058925940767 0.7618486317179531 0.6300285788218097 0.7591681113226514 0.41909261753036103 0.8160221083800252 0.41836994295757074
11 0.15838872166921192 0.3886202478513271 0.22606505439853208 0.39527656022233665 0.20848574629280847 0.5739982165660179 0.14080942584087097 0.5673419904113745
0 0.3654400827438167 0.5301860935072097 0.37528841131211266 0.5286105029678377 0.379342503462226 0.5539486227014472 0.3694941756893968 0.5555242099001022
10 0.2717108396407184 0.2306480044227997 0.30530837829917346 0.23394766373025772 0.29012060745560575 0.3885873896278924 0.2565230722989327 0.3852877543282808
10 0.24393546218811935 0.21791015643025102 0.266229392378591 0.21826123287039356 0.2638335907737428 0.37039501448431816 0.24153966065568966 0.3700439404245561