2 0.3087242010618638 0.47955866363500604 0.3306670879521789 0.4854746302460214 0.3216814473842078 0.5188007228556911 0.29973856649723984 0.5128847717608271
2 0.3515095315179906 0.46736186062489693 0.38805468170028234 0.47579198608461654 0.3708077195202577 0.5505528848300162 0.33426258595443414 0.5421228097854207
9 0.349374199972317 0.39147431231635893 0.36230593600032535 0.3901641823292327 0.37126174092861675 0.4785582825905046 0.35833000606112364 0.47986840487056215
9 0.35938923790808985 0.4809218241450684 0.3520879037225768 0.48303865235588145 0.328608119863361 0.40205744091079965 0.3359093749999147 0.3999406250000136
9 0.35432499568855746 0.3721343749705155 0.3604702748365298 0.37217640094395676 0.3597096097553276 0.48339933194584667 0.35356433061019743 0.4833573062787539
2 0.4664719917719822 0.5761597668268662 0.45690627018279883 0.5758939521736878 0.4580193004890134 0.5358449906148522 0.46758495705114456 0.5361108043625915
1 0.46790438831635583 0.5203940634455032 0.4926238628044075 0.5202597457981374 0.49299495364789436 0.5885481400290892 0.46827547916541334 0.5886824569013491
1 0.5204792058834755 0.592351879819841 0.4934377024723062 0.5930373713349784 0.49172409818345386 0.5254394674064288 0.5187652918237973 0.5247539798077837
1 0.5414949206618758 0.5880269941530778 0.5212374146310594 0.588810901804008 0.518744607808685 0.524396346149702 0.5390018920888906 0.5236124428038789
2 0.5578334137445609 0.5636843192952222 0.54427376072465 0.563171534376404 0.5458698113470746 0.5209722633420324 0.5594293697755575 0.5214850464691143
9 0.5531734001724544 0.37079843656415457 0.5617892297615299 0.3710144456076699 0.5579720795132062 0.5232581942741895 0.5493562499999598 0.5230421874999986
1 0.6006033884530098 0.5719753436933608 0.5723811007765107 0.5792683341519856 0.5539682001819983 0.5080203509771534 0.5821901622670111 0.500727404764543
1 0.6170704489471746 0.5523244174907339 0.5922827378288957 0.5556667840528965 0.5835221644998683 0.49070109057564576 0.6083096212686314 0.48735874138287477
9 0.5809406563747643 0.4972999971112823 0.5784723138359595 0.49752726116777807 0.5679676203729969 0.38344150119854176 0.5704359246168451 0.3832142389343452
9 0.6000312826337222 0.4318421844953218 0.5954058883098696 0.4322680580074826 0.5898527654330792 0.3719586843814333 0.5944781249999096 0.3715328125000046
2 0.6092814533110413 0.49602143841460716 0.6408673716490512 0.4927609947220699 0.646677412614963 0.5490418588582642 0.6150914966062828 0.5523022878072588
2 0.6635232020742023 0.4673857099408092 0.6887308084016013 0.47545805401691427 0.6749491997974246 0.5184908861921672 0.6497416059122543 0.5104185695393713
2 0.696498144439488 0.6152419680417807 0.6525802743751683 0.6231365711909894 0.6360532216596084 0.5312038979768979 0.679970391955635 0.523309359295975
9 0.7225562672032311 0.6495453047209281 0.7197340511320363 0.6508214772281471 0.7117512306025446 0.6331699201068663 0.7145734375000075 0.6318937499999994
9 0.7048547104426461 0.6855843641740718 0.7011640396582379 0.6873258776746567 0.6921390303646149 0.6682024472254072 0.6958296875000087 0.6664609374999814
1 0.5491309681430039 0.5915029997234402 0.5765053874268915 0.5879140120689728 0.5853205753736574 0.6551427279740152 0.5579461605976803 0.6587316925793751
9 0.5682510937499501 0.6554121453124996 0.5728830654428521 0.6547430479306215 0.5876552491217808 0.7569918703870185 0.5830232790443688 0.7576609603889783
1 0.394505461546828 0.6496392354527727 0.36321541692484516 0.650656906650373 0.3607872165749768 0.5759993816949744 0.3920768278106834 0.5749817175224216
3 0.32767721255902416 0.7921526852808288 0.30907765108645435 0.7890809185106233 0.3293590046504278 0.666299334212963 0.3479580631255885 0.6693710586418177
3 0.28451372123493 0.6228154564481115 0.30547604004073037 0.6266198515438834 0.28457611882231504 0.7417632503480286 0.2636138123904175 0.7379589014643053
1 0.3216223216727485 0.6468645925440786 0.2778798674163454 0.6443489756038953 0.2842923535333739 0.5328667685696823 0.32803393952076476 0.5353823606177404
1 0.3291430635845245 0.5608550043637079 0.37309999347655776 0.5693390314665392 0.3521468268119179 0.6778880441874565 0.30818992267097656 0.6694041056056163
9 0.37520602597840025 0.7276559806617531 0.3621379001871219 0.7262853908562447 0.3706354935957279 0.6452767690312208 0.38370339531252284 0.6466473468749978
6 0.6713064142307985 0.6329520259282757 0.6097936107187252 0.6518007173537838 0.5858095139034276 0.5735360430885219 0.6473214281249966 0.5546875000000044