2 0.31562343777089785 0.48141875 0.30868906253869965 0.483146875 0.30542656222910214 0.4917890630952381 0.30053281238390095 0.5099390630952381 0.30828125015479874 0.51253125 0.3176624996904025 0.5177171869047619 0.3233718749226006 0.51253125 0.32377968730650153 0.504753125 0.3225562501547988 0.48746875 0.31562343777089785 0.48141875
2 0.35069531269349846 0.510803125 0.3474328123839009 0.514259375 0.34009218761609905 0.516853125 0.3368296873065016 0.5332734380952381 0.3384609374613003 0.541915625 0.34661718761609905 0.54364375 0.35395781238390095 0.5462359380952381 0.3633374996904025 0.5488296869047619 0.36945468730650155 0.5427796880952381 0.3739421876160991 0.5341375 0.3763890625386997 0.5263593750000001 0.37516562476780185 0.510803125 0.3682312501547988 0.501296875 0.3666 0.4917890630952381 0.3637453126934984 0.47018437500000004 0.35722031269349847 0.4693203119047619 0.3490640625386997 0.4779625 0.34865625015479873 0.4883328130952381 0.35069531269349846 0.510803125
9 0.36675625015479874 0.4340890630952381 0.36330312507739937 0.4165265630952381 0.36054062476780185 0.40433125000000003 0.3524828123839009 0.391159375 0.34949062476780185 0.39262343809523814 0.35662656222910216 0.407746875 0.3614609374613003 0.42140625 0.36123125015479873 0.444821875 0.3603109374613003 0.4657984380952381 0.35823906253869975 0.4789703119047619 0.3623828123839009 0.4794578130952381 0.36491406253869973 0.463359375 0.36606562476780186 0.4467734380952381 0.36675625015479874 0.4340890630952381
9 0.3416640625386997 0.42335625000000005 0.33590937523219816 0.399940625 0.33729062476780186 0.418965625 0.342125 0.44140625 0.3476484377708978 0.4662859369047619 0.35133281238390096 0.48043437499999997 0.3593890625386997 0.480921875 0.3547859374613003 0.4740921869047619 0.3524828123839009 0.463359375 0.3471890625386997 0.44530937499999995 0.3416640625386997 0.42335625000000005
9 0.36007968730650153 0.39847656309523805 0.35662656222910216 0.3779875 0.354325 0.372134375 0.3570874996904025 0.39506250000000004 0.35524531269349846 0.4165265630952381 0.354325 0.444334375 0.35363437523219815 0.473115625 0.3540953126934984 0.4833609380952381 0.35823906253869975 0.4794578130952381 0.35985 0.462871875 0.35823906253869975 0.44287031309523806 0.3584687498452013 0.42091718809523815 0.36007968730650153 0.39847656309523805
2 0.46252187492260066 0.57605 0.4655140625386997 0.5755625 0.46689531269349843 0.5609265630952381 0.46735625015479876 0.544340625 0.4652843752321981 0.536046875 0.4618312501547988 0.5394625000000001 0.45929843777089785 0.5453156250000001 0.45745781238390093 0.5560484369047619 0.45745781238390093 0.5662921880952381 0.45906874984520124 0.573121875 0.46252187492260066 0.57605
1 0.46825625015479877 0.5600265619047619 0.46944062476780185 0.5786125 0.46825625015479877 0.5851437500000001 0.47252343777089784 0.588659375 0.48105781238390094 0.5881578119047619 0.4884062501547987 0.58665 0.4919624996904025 0.583134375 0.49291093746130027 0.5730875 0.4919624996904025 0.5560078130952381 0.4919624996904025 0.544453125 0.4900656247678018 0.5334015630952381 0.4860359374613003 0.5253640630952381 0.4777390625386997 0.520340625 0.47275937523219813 0.522853125 0.46944062476780185 0.528378125 0.46801874984520125 0.541439063095238 0.46825625015479877 0.5600265619047619
1 0.5194625003095975 0.5786125 0.5192265622291021 0.542946875 0.5144843752321981 0.5248625 0.5066609374613004 0.5253640630952381 0.4993125003095975 0.5263687499999999 0.4969406247678019 0.5354109380952381 0.4952812501547988 0.55299375 0.4931484377708978 0.5816265619047619 0.4976531250773994 0.5921765630952381 0.5076093752321982 0.5926781250000001 0.5204109374613003 0.5896640630952381 0.5194625003095975 0.5786125
1 0.5215968749226007 0.582129686904762 0.5251531250773994 0.588659375 0.5341609374613002 0.5881578119047619 0.5393765622291022 0.583134375 0.5408000000000001 0.570073436904762 0.5396140625386997 0.5394296880952382 0.5346359374613003 0.5364156250000001 0.5303687498452012 0.5298859380952381 0.5253906247678019 0.526871875 0.5197 0.5243593750000001 0.5194625003095975 0.542946875 0.5204109374613003 0.5635421869047619 0.5215968749226007 0.582129686904762
2 0.554075 0.5635421869047619 0.5562093752321982 0.555003125 0.5585796873065015 0.5439515630952381 0.5590546873065015 0.5313921880952381 0.5557343752321982 0.5213453130952381 0.5507562501547988 0.5238578130952382 0.5483859374613003 0.5293828119047619 0.5453046873065015 0.5359140630952381 0.5467265622291022 0.541439063095238 0.5469640625386997 0.548975 0.551467187616099 0.562035936904762 0.554075 0.5635421869047619
9 0.5556031250773994 0.4443453119047619 0.5531734377708978 0.3707984369047619 0.5524796873065015 0.488475 0.5503968749226006 0.5127453119047619 0.5493562501547987 0.5230421869047619 0.5580328123839009 0.5208359369047619 0.5562968749226006 0.5039203130952381 0.5556031250773994 0.4443453119047619
1 0.5639328123839009 0.546578125 0.5674046873065015 0.5576109369047619 0.572957812383901 0.571584375 0.5802468749226006 0.575996875 0.5878828123839009 0.5752625 0.5930890625386998 0.564965625 0.5930890625386998 0.5429 0.588925 0.528190625 0.5851062501547988 0.5120109380952381 0.5785109374613003 0.50465625 0.5698343752321982 0.5039203130952381 0.5635859374613003 0.5068625 0.5597687498452012 0.528190625 0.5639328123839009 0.546578125
1 0.5937843752321982 0.5473140619047618 0.5996843752321982 0.5546687499999999 0.6087093752321981 0.5524625 0.6142624996904025 0.54069375 0.6125265622291022 0.5186296869047619 0.6104437498452012 0.503184375 0.6062796873065016 0.49509375000000005 0.6000312501547987 0.488475 0.5917015622291022 0.49288750000000003 0.5864953126934984 0.50465625 0.5871890625386997 0.51789375 0.5899656247678019 0.5348109380952382 0.5937843752321982 0.5473140619047618
9 0.5809406247678018 0.4973 0.5753874996904025 0.436990625 0.5694874996904025 0.38330156190476194 0.5760812501547987 0.471559375 0.5809406247678018 0.4973
9 0.5944781250773994 0.3715328119047619 0.594825 0.42595937500000003 0.6000312501547987 0.43184218809523806 0.5944781250773994 0.3715328119047619
2 0.617732812383901 0.4995078130952381 0.6111390625386998 0.4958296880952381 0.6100968749226007 0.5039203130952381 0.6132218749226006 0.514951563095238 0.6125265622291022 0.52745625 0.6139156247678019 0.5384875 0.6191218749226006 0.5458421869047618 0.6277984377708978 0.5509906250000001 0.6354359374613003 0.5458421869047618 0.6396 0.54069375 0.6409890625386997 0.537017186904762 0.6420296873065016 0.5296625 0.6437656247678019 0.5208359369047619 0.6371703126934984 0.50906875 0.6288406247678019 0.5120109380952381 0.6229390625386997 0.511275 0.617732812383901 0.4995078130952381
2 0.6541781250773994 0.49656562499999995 0.65765 0.5061265619047619 0.6600796873065016 0.51348125 0.6638968749226006 0.514951563095238 0.6691031250773993 0.5127453119047619 0.6756984377708979 0.5068625 0.680557812383901 0.5009781249999999 0.6847234377708978 0.4870046869047619 0.6743093752321982 0.471559375 0.6673687498452013 0.4686171880952381 0.6607734377708979 0.475971875 0.6642437498452013 0.5009781249999999 0.6583437498452012 0.4980359380952381 0.6541781250773994 0.49656562499999995
2 0.6739527560371517 0.5285443154761904 0.6670105690402476 0.5285443154761904 0.6590277560371517 0.5270740023809524 0.651738693498452 0.5322224404761905 0.6444496309597523 0.5439896273809524 0.6441027560371516 0.5594349404761905 0.6444496309597523 0.5719380654761905 0.6454918185758514 0.5837068154761904 0.6489621312693499 0.5947380654761905 0.6583340061919504 0.6094474404761905 0.6673574439628482 0.6204802523809523 0.6742996309597523 0.6182740023809523 0.6798543188854489 0.6138615023809523 0.6843652563467492 0.6035646273809524 0.6878371312693498 0.5962099404761905 0.6909605690402477 0.5844411904761905 0.6829777560371517 0.5594349404761905 0.6854074439628483 0.5535521273809524 0.6833246309597524 0.5425193154761905 0.6739527560371517 0.5285443154761904
9 0.7128375003095976 0.6355718749999999 0.7225562501547987 0.649545311904762 0.7145734377708979 0.63189375 0.7128375003095976 0.6355718749999999
9 0.6937468749226006 0.6716093750000001 0.7048546873065016 0.685584375 0.6958296873065015 0.6664609380952381 0.6937468749226006 0.6716093750000001
1 0.5580328123839009 0.632629686904762 0.5621984377708978 0.643660936904762 0.5674046873065015 0.6539578130952381 0.5719171876160991 0.6569 0.5799 0.646603125 0.5799 0.6355718749999999 0.5802468749226006 0.6164484369047619 0.5774703126934985 0.6039453119047619 0.572957812383901 0.595854686904762 0.5674046873065015 0.589971875 0.5608093752321981 0.589971875 0.5552562501547987 0.597326561904762 0.5514375003095975 0.60909375 0.5531734377708978 0.622332813095238 0.5580328123839009 0.632629686904762
9 0.5682510941176471 0.6554121452380952 0.5830234377708978 0.757660936904762 0.573120426625387 0.6563860107142857 0.5682510941176471 0.6554121452380952
1 0.38517968730650154 0.642190625 0.39212031269349845 0.62306875 0.3931624996904025 0.6083578119047619 0.39246874984520125 0.5870296880952381 0.3879562501547988 0.5752625 0.38344374984520124 0.5752625 0.3754609374613003 0.5789390630952381 0.3667828123839009 0.5870296880952381 0.36157656222910217 0.60026875 0.3633125003095975 0.6333656249999999 0.36712968730650153 0.648809375 0.37476562476780184 0.65028125 0.38517968730650154 0.642190625
3 0.3154125003095975 0.751778125 0.314025 0.7804609380952381 0.31923125015479875 0.7907578119047619 0.3240906247678018 0.783403125 0.32929687492260057 0.762809375 0.33762656222910215 0.73191875 0.3424859374613003 0.7025 0.34526249969040246 0.674551561904762 0.3303375003095975 0.6664609380952381 0.32686718761609906 0.6826421880952381 0.32131406253869965 0.715003125 0.3154125003095975 0.751778125
3 0.27237343777089784 0.734126563095238 0.27896718761609907 0.7407453130952381 0.2834796873065016 0.7297125 0.29146249969040244 0.6951453119047619 0.30118125015479874 0.65028125 0.30083437523219814 0.6341 0.28590937523219817 0.62306875 0.2831328123839009 0.630423436904762 0.27792656222910217 0.6591062500000001 0.27445625015479874 0.701029686904762 0.27237343777089784 0.734126563095238
1 0.2838265622291022 0.622332813095238 0.30430625015479873 0.64586875 0.31159531269349844 0.6429265630952381 0.3174953126934984 0.6282171880952381 0.3240906247678018 0.6039453119047619 0.325825 0.573790625 0.32547812507739937 0.5612874999999999 0.3230484377708978 0.553196875 0.3143718749226006 0.5473140619047618 0.30777656222910216 0.546578125 0.30152968730650154 0.53628125 0.29250468730650153 0.5333390619047619 0.28764531269349847 0.5458421869047618 0.2824390625386997 0.569378125 0.28105 0.5892359380952381 0.2838265622291022 0.622332813095238
1 0.3351968749226006 0.5620234380952381 0.32721406253869967 0.5708484380952381 0.3240906247678018 0.5870296880952381 0.3206187498452012 0.6054171869047619 0.3174953126934984 0.6355718749999999 0.3251312501547987 0.6613125000000001 0.3265203126934984 0.667196875 0.3306843752321981 0.67308125 0.3424859374613003 0.676023436904762 0.34908125015479874 0.669403125 0.3542875003095975 0.656165625 0.35845312507739935 0.639248436904762 0.36261718761609907 0.622332813095238 0.36712968730650153 0.60026875 0.3688656247678019 0.58629375 0.3647 0.57746875 0.3594937498452012 0.5723203130952381 0.35463437523219815 0.5708484380952381 0.34699843777089784 0.573790625 0.34179218761609903 0.5701140619047619 0.3351968749226006 0.5620234380952381
9 0.3734777969040248 0.7240697321428571 0.3763993969040248 0.7162788 0.3763993969040248 0.693392938095238 0.3768863300309598 0.674889475 0.3788340631578947 0.6607684107142857 0.38078179566563464 0.6534644119047619 0.38370339504643963 0.6466473464285714 0.3725039306501548 0.652003611904762 0.36987982352941173 0.6524807226190475 0.36763459814241484 0.6812196071428571 0.36373913250774 0.7138441333333333 0.3642260656346749 0.7265043976190476 0.3734777969040248 0.7240697321428571
6 0.6159705523219815 0.5877284238095238 0.6076926866873065 0.5906500238095238 0.6067188204334365 0.594058555952381 0.6067188204334365 0.5974670892857143 0.6081796204334365 0.6013625547619047 0.6115881529411765 0.6067188202380952 0.6135358860681115 0.607692686904762 0.6218137510835913 0.6091534869047619 0.6339870823529412 0.6052580202380953 0.6373956148606811 0.6018494880952381 0.638369481114551 0.5994148214285714 0.639343347987616 0.5964932226190476 0.6398302811145511 0.5930846892857143 0.6223006842105263 0.5877284238095238 0.6159705523219815 0.5877284238095238
25 0.6863584482972137 0.6344630535714286 0.6809178024767801 0.621070694047619 0.6821733362229102 0.6127004690476191 0.6859399374613003 0.6068413107142857 0.689288027244582 0.6034932214285714 0.6930546284829721 0.6060042892857143 0.6989137857585139 0.6156300476190476 0.713561679876161 0.6353000761904762 0.7169097696594426 0.6319519857142857 0.6909620724458205 0.5892638392857142 0.6792437572755418 0.598052575 0.6691994873065016 0.6047487547619047 0.67715120123839 0.6231632500000001 0.6821733362229102 0.6478554130952381 0.6938916507739937 0.6704550214285715 0.6955656959752321 0.6675254428571429 0.6863584482972137 0.6344630535714286
13 0.3335062080495356 0.6677057761904761 0.3515335708978328 0.6725592964285714 0.3827347752321982 0.6538385738095239 0.41809613993808054 0.6559186547619048 0.4673247071207431 0.6670124154761905 0.5318071962848296 0.6579987345238095 0.562315040866873 0.6559186547619048 0.6143170482972136 0.6469049726190476 0.6746393770897833 0.6288776107142857 0.6989069808049536 0.5810357630952381 0.6871198588235294 0.550527919047619 0.64413153250774 0.5810357630952381 0.6032232866873065 0.6143170488095239 0.5290337560371516 0.6288776107142857 0.44167038328173375 0.6226373690476191 0.3938285368421053 0.615703769047619 0.28427764086687307 0.5643951214285714 0.27457059938080497 0.6108502476190476 0.30299836346749226 0.6496784130952381 0.3335062080495356 0.6677057761904761
