0 0.24919374984520123 0.568451563095238 0.25056562476780186 0.559629688095238 0.25056562476780186 0.547028125 0.24816562476780185 0.5363171880952381 0.24405156222910218 0.530015625 0.24096562476780187 0.5394671880952381 0.23890781238390094 0.5445078130952381 0.2399359374613003 0.553959375 0.24336562476780185 0.5634109380952381 0.24610781238390092 0.56908125 0.24919374984520123 0.568451563095238
0 0.25845156222910215 0.5243453130952381 0.2546796873065016 0.523715625 0.2522796873065015 0.533167186904762 0.2515937498452013 0.5445078130952381 0.2522796873065015 0.560890625 0.24645156222910217 0.5728609369047619 0.24747968730650155 0.58924375 0.25262343777089785 0.5986953130952382 0.26153749969040246 0.5936546880952381 0.26736718761609907 0.5848328130952382 0.2721671876160991 0.577271875 0.2725109374613003 0.5653 0.27319687492260064 0.552698436904762 0.26873906253869967 0.5394671880952381 0.2639374996904025 0.5312765619047619 0.25845156222910215 0.5243453130952381
0 0.6706 0.526865625 0.6668281250773994 0.5293859380952382 0.6664859374613002 0.550178125 0.6682 0.560890625 0.6743718749226006 0.5697109369047619 0.6798578123839009 0.5716015619047619 0.6860296873065015 0.5760125 0.6891156247678019 0.5779015630952381 0.688773437770898 0.5577390619047619 0.6856874996904025 0.5388375 0.6812296873065015 0.523715625 0.6788296873065015 0.524975 0.6757437498452012 0.5262359369047619 0.6706 0.526865625
0 0.6894593752321981 0.5293859380952382 0.6877437498452013 0.5413578130952381 0.688773437770898 0.557109375 0.6925453126934984 0.5697109369047619 0.6983734377708979 0.574121875 0.701459375232198 0.573492188095238 0.7055734377708978 0.5703406249999999 0.7072890625386996 0.560890625 0.7076312501547987 0.550178125 0.7100312501547988 0.5369468749999999 0.7093453126934984 0.5224546869047619 0.7042031250773994 0.51174375 0.6970015622291023 0.513634375 0.6915156247678018 0.5174140630952381 0.6894593752321981 0.5293859380952382
0 0.6874015622291021 0.6617031250000001 0.6877437498452013 0.654771875 0.6867156247678019 0.64658125 0.6843156247678019 0.638389063095238 0.6801999999999999 0.6339796869047619 0.6764296873065015 0.6339796869047619 0.6781437498452013 0.6428 0.6805437498452013 0.65288125 0.6826015622291022 0.6610718750000001 0.6850015622291021 0.66674375 0.6874015622291021 0.6617031250000001
10 0.6647703126934985 0.732901563095238 0.661342187616099 0.7158890619047619 0.6534562501547988 0.70706875 0.6500265622291022 0.694467186904762 0.642482812383901 0.676825 0.6383687498452013 0.679975 0.6321968749226007 0.6787140619047619 0.628082812383901 0.679345311904762 0.628425 0.688795311904762 0.6321968749226007 0.7045484369047619 0.6390546873065015 0.720929688095238 0.6452265622291021 0.732901563095238 0.6493406247678019 0.7423531250000001 0.6534562501547988 0.7505437500000001 0.6568843752321981 0.7530640630952381 0.6630562501547987 0.75369375 0.6664859374613002 0.7486531249999999 0.6671703126934985 0.7429828130952381 0.6647703126934985 0.732901563095238
6 0.3076259411764706 0.653705125 0.29014719442724457 0.6544042738095237 0.28315569535603713 0.6641923726190476 0.28804974489164087 0.6732813202380953 0.2978378427244582 0.6788745202380952 0.3125199900928793 0.682370269047619 0.31741403900928794 0.681671119047619 0.3202106383900929 0.6760779202380952 0.32580383715170275 0.6697855714285714 0.3265029876160991 0.6669889714285715 0.32580383715170275 0.6585991738095238 0.31741403900928794 0.6551034238095238 0.3076259411764706 0.653705125
10 0.6634932229102167 0.6893617678571429 0.6627940724458204 0.6977515654761904 0.6627940724458204 0.7033447654761905 0.6648915226006192 0.7026456154761904 0.6697855715170279 0.6970524166666667 0.6746796204334365 0.6921583666666667 0.6781753696594428 0.684467719047619 0.6830694185758514 0.6774762202380952 0.6844677188854489 0.6711838714285714 0.6711838712074304 0.6704847214285715 0.6634932378399174 0.6788745039511477 0.6655906724458205 0.6767770702380953 0.6634932229102167 0.6893617678571429
7 0.6411204266253869 0.7466920571428571 0.6411204266253869 0.7536835547619049 0.6411204266253869 0.7571793047619048 0.6418195764705883 0.7606750535714285 0.6509085250773995 0.7718614523809524 0.6530059746130031 0.7725606011904762 0.6565017238390093 0.7718614523809524 0.6613957727554179 0.7620733535714286 0.6641923727554179 0.7557810047619048 0.6641923727554179 0.7501878059523809 0.655802573993808 0.748789505952381 0.6523068247678019 0.748789505952381 0.6474127758513932 0.7390014083333333 0.6460144761609907 0.7341073595238095 0.6453153263157895 0.7334082095238096 0.6425187269349846 0.7341073595238095 0.6411204266253869 0.7445946071428572 0.6411204266253869 0.7466920571428571
7 0.5558241430340557 0.811013844047619 0.5558241430340557 0.8166070428571429 0.556523292879257 0.8222002416666666 0.5572224427244582 0.8326874904761905 0.559319892879257 0.8347849392857143 0.568408840866873 0.8326874904761905 0.5733028897832818 0.8256959916666667 0.5760994891640867 0.8222002416666666 0.5788960891640867 0.813810444047619 0.576798639009288 0.8068189452380953 0.5698071405572755 0.7970308464285714 0.5670105411764707 0.7942342476190477 0.5607181925696595 0.7963316976190477 0.5572224427244582 0.8054206452380953 0.5558241430340557 0.811013844047619
13 0.19903859504643964 0.5476310511904762 0.22103180990712074 0.553129355952381 0.2881111157894737 0.568524605952381 0.3628880464396285 0.5817205345238095 0.4068744761609907 0.6004147678571429 0.4981463182662539 0.6048134107142857 0.5608269808049536 0.5938168035714285 0.6323049294117647 0.5795212130952381 0.6828893232198142 0.5630263023809524 0.7356730390092879 0.5278371583333333 0.7246764315789473 0.5058439428571428 0.7235767708978329 0.5058439428571428 0.6938859306501548 0.5113422476190477 0.6707930551083592 0.5190398726190476 0.6444011975232198 0.5300364797619047 0.6268066253869968 0.5388337654761904 0.5938168030959753 0.5476310511904762 0.5707239275541796 0.5509300333333333 0.5366344439628483 0.5564283380952381 0.4981463182662539 0.5575279988095238 0.443163280495356 0.553129355952381 0.40357549411764704 0.5520296952380952 0.3650873678018576 0.5509300333333333 0.314502973374613 0.5388337654761904 0.2617192575851393 0.5289368190476191 0.20563655975232198 0.5179402119047619 0.19903859504643964 0.5476310511904762
13 0.5058439430340557 0.7059821988095237 0.6037137498452012 0.7026832166666667 0.658696786996904 0.7059821988095237 0.6872879665634676 0.6960852523809523 0.7092811814241486 0.678490680952381 0.6784906804953561 0.6466005190476191 0.6224079826625387 0.6696933940476191 0.5674249448916409 0.6762913595238095 0.5014453003095976 0.6839889845238095 0.3925788866873065 0.6707930547619048 0.32769890216718267 0.6575971261904762 0.3287985628482972 0.6949855916666667 0.40467515479876165 0.7004838952380953 0.5058439430340557 0.7059821988095237
