2 0.1521986360360188 0.721027093569095 0.14098897187091097 0.7476323969297924 0.0938117731635657 0.727758171373076 0.10502148766261143 0.7011530190182357
2 0.13544777168226574 0.7645784836847278 0.12356430763361459 0.7756192158396741 0.09566191062071994 0.7455922421728645 0.10754531249995125 0.7345515624999988
2 0.14728615136800727 0.7971181264644086 0.15194978247882318 0.769218538553974 0.18353986111765153 0.774498059607197 0.17887635025181226 0.8023975410027121
2 0.20490305656085184 0.807348827280993 0.19735624999998436 0.7745124999999579 0.23269794627913143 0.7663914138978435 0.24024485167228704 0.7992275980795395
0 0.19564059567073855 0.7839765576260902 0.20759280202275932 0.7859627665987208 0.19908927866492832 0.8371234033656316 0.18713707543292912 0.8351372071458566
0 0.12356249999999999 0.8092140625 0.1504484375 0.8092140625 0.1504484375 0.8575875 0.12356249999999999 0.8575875
2 0.3797571510895068 0.8601488922314915 0.3635351104054507 0.8591457997960731 0.36617155335193274 0.8165200407689088 0.38239341767996393 0.8175231277373894
9 0.371129672817915 0.8647812497740696 0.3759053336956413 0.8648547384174866 0.3746162858590196 0.9486031752973754 0.36984062500005166 0.9485296875000007
2 0.541057242192096 0.8402844567129686 0.5110880714719315 0.8411451789159883 0.5096195859719046 0.7900184180491986 0.5395883794685687 0.7891577012360401
2 0.6005826382012174 0.8183949285107159 0.5626761349225262 0.8301731768712086 0.547563426875513 0.7815440122668974 0.5854694939400815 0.7697658364765829
2 0.4998200233751504 0.7251551482411296 0.5368485725484788 0.7267064834411274 0.5344508738721743 0.7839269766608012 0.4974223253580021 0.782375651676226
2 0.6025015625000378 0.8237625000000235 0.5770758086333672 0.8063379888600456 0.6126373547742787 0.7544569300572601 0.6380628347047832 0.7718813107754039
2 0.6741905705430327 0.7444171060526916 0.6873997337703486 0.7641730242610175 0.657672611633302 0.784045466344161 0.6444635412965454 0.7642896305336466
6 0.5379464281249966 0.7633928578125508 0.5078945926209144 0.6907739764449612 0.6713378228315605 0.6231458181842099 0.7013901236333595 0.6957633228289084
6 0.2232147427179143 0.7589286245722476 0.13920976830047493 0.7492372367747026 0.15150392349232789 0.642696351318011 0.2355070197521627 0.6523876306717706
6 0.32219726824200734 0.8243984636825593 0.29938114002129623 0.8916344405899136 0.21825493351036584 0.864110223893762 0.2410714281249966 0.7968749999999545
6 0.5222836370055575 0.8847201320080945 0.4698187450358091 0.8969593304992269 0.450884412995606 0.8158104939373497 0.5033482140624983 0.8035714281250002