1 0.2930953126934984 0.4148703119047619 0.30457812507739934 0.422609375 0.3124062501547988 0.4303484369047619 0.32232343777089784 0.42703125000000003 0.3311953126934985 0.422609375 0.3385031250773994 0.410446875 0.34006874984520125 0.37838593690476185 0.3369375003095975 0.32973906190476193 0.32962968730650155 0.3242109380952381 0.31345 0.31426093809523814 0.3051 0.31647187499999996 0.2957046873065015 0.3396890630952381 0.2904859374613003 0.369540625 0.28839843777089785 0.3971796880952381 0.2930953126934984 0.4148703119047619
1 0.3285859374613003 0.44582656309523805 0.3348484377708978 0.44582656309523805 0.34267812507739936 0.4402984369047619 0.34998437523219816 0.4557765619047619 0.3599015622291022 0.4546703119047619 0.36720781238390093 0.443615625 0.3703390625386997 0.40381406190476193 0.3755593752321982 0.3673296880952381 0.36929531269349847 0.34632343690476186 0.3562484377708978 0.34079531190476187 0.3432 0.3396890630952381 0.33641562476780185 0.3618015630952381 0.33328281238390095 0.39607499999999995 0.3270203126934984 0.425925 0.3285859374613003 0.44582656309523805
1 0.3906937498452013 0.4502484369047619 0.3917374996904025 0.41929218690476194 0.3917374996904025 0.36622343809523805 0.3875624996904025 0.3452171880952381 0.38025625015479875 0.3363734380952381 0.37086093746130033 0.35295624999999997 0.3687734377708979 0.39607499999999995 0.3640765622291022 0.4358765630952381 0.3651203126934985 0.452459375 0.3745156247678018 0.463515625 0.3828656247678019 0.4601984380952381 0.3906937498452013 0.4502484369047619
1 0.4110484377708978 0.4613046880952381 0.4220093752321981 0.452459375 0.4272281250773994 0.42924218690476196 0.42618437523219815 0.39939062500000005 0.415225 0.3573796869047619 0.40530781238390096 0.35848437499999997 0.3922593752321981 0.3540625 0.38860625015479877 0.37506875 0.38495312507739937 0.410446875 0.385475 0.4502484369047619 0.38912812507739936 0.462409375 0.39800156222910216 0.4657265619047619 0.4110484377708978 0.4613046880952381
3 0.3176265622291022 0.232446875 0.30770937523219816 0.307628125 0.3343265622291022 0.3208953119047619 0.33380468730650154 0.30210000000000004 0.3369375003095975 0.2667203130952381 0.3385031250773994 0.233553125 0.3358937498452012 0.180484375 0.3270203126934984 0.17495624999999998 0.3176265622291022 0.232446875
3 0.3520718749226006 0.284409375 0.34633125015479876 0.32973906190476193 0.36929531269349847 0.3363734380952381 0.37294843777089787 0.305415625 0.3755593752321982 0.2611921880952381 0.377125 0.20812499999999998 0.3651203126934985 0.201490625 0.35572656222910215 0.2423984380952381 0.3520718749226006 0.284409375
3 0.40034843777089785 0.30819375 0.3922718749226006 0.34696718690476186 0.41111562476780183 0.358371875 0.41434687492260064 0.34582656309523807 0.4186531250773993 0.307053125 0.42726874984520125 0.226084375 0.4175765622291022 0.22152187499999998 0.4105781250773994 0.255734375 0.40034843777089785 0.30819375
2 0.621025 0.4512578119047619 0.6149453126934984 0.4576953130952381 0.6188968749226006 0.4647765619047619 0.6237593752321982 0.4667078119047619 0.6283187498452012 0.4660640619047619 0.6286218749226006 0.45962656309523814 0.6274062501547988 0.4435328130952381 0.624975 0.4448203130952381 0.621025 0.4512578119047619
2 0.624975 0.4519015619047619 0.6271031250773994 0.4564078130952381 0.6301421876160991 0.4622015630952381 0.6343968749226006 0.4641328130952381 0.6398671876160991 0.4622015630952381 0.64625 0.46284531190476186 0.6517203126934985 0.46091406309523814 0.655975 0.4557640630952381 0.6562781250773994 0.4486828119047619 0.6498968749226006 0.4486828119047619 0.6377406247678019 0.4390265619047619 0.6337890625386997 0.4338765619047619 0.6286218749226006 0.4403140619047619 0.6228484377708978 0.44675156190476195 0.624975 0.4519015619047619
2 0.6681312501547987 0.405553125 0.6641812501547987 0.406840625 0.6644843752321982 0.42229062500000003 0.6638765622291022 0.4486828119047619 0.6702593752321981 0.4512578119047619 0.6802890625386998 0.4435328130952381 0.6924453126934984 0.43516406190476187 0.7006515622291022 0.42486406309523805 0.7000437498452013 0.41199062500000005 0.6963968749226006 0.388171875 0.6936609374613003 0.379803125 0.6881906247678018 0.383665625 0.6851515622291021 0.399759375 0.6836312501547988 0.41199062500000005 0.6799843752321982 0.416496875 0.675425 0.414565625 0.6681312501547987 0.405553125
2 0.6951796873065016 0.366284375 0.6970046873065016 0.381734375 0.6988281250773994 0.40169062499999997 0.6994359374613003 0.417140625 0.7033859374613003 0.4255078119047619 0.7106796873065016 0.4242203119047619 0.7179749999999999 0.413278125 0.7240531250773994 0.406840625 0.7286109374613003 0.39589687500000004 0.7240531250773994 0.382378125 0.7155421876160991 0.384309375 0.7088562501547988 0.380446875 0.7036906247678019 0.37658437499999997 0.7015625003095974 0.368215625 0.6994359374613003 0.36113593809523814 0.6951796873065016 0.366284375
1 0.7079453126934985 0.511125 0.7179749999999999 0.49953749999999997 0.7261796873065016 0.48473124999999995 0.7310421876160991 0.4686390619047619 0.7298265622291022 0.4564078130952381 0.7258765622291021 0.4377390630952381 0.7170625003095975 0.4422453119047619 0.7039937498452012 0.4486828119047619 0.6921406247678019 0.4551203130952381 0.6860624996904024 0.4744328130952381 0.6903171876160992 0.49824999999999997 0.6960921876160991 0.5072625000000001 0.6997390625386998 0.5124124999999999 0.7079453126934985 0.511125
9 0.7349937498452013 0.5574734380952381 0.7498859374613003 0.5780734369047619 0.7313468749226006 0.5362296880952381 0.7231406247678018 0.51048125 0.721925 0.490525 0.7128078123839009 0.50919375 0.7249640625386997 0.5343 0.7349937498452013 0.5574734380952381
3 0.6973 0.6032234369047619 0.6939906247678019 0.590760936904762 0.6976687498452012 0.5720671869047619 0.6950937498452012 0.551815625 0.6759718749226007 0.561940625 0.6778093752321982 0.58375 0.6822234377708979 0.6008875 0.6807515622291022 0.60478125 0.6899453126934985 0.7013671880952381 0.6991390625386997 0.7005875 0.6973 0.6032234369047619
3 0.6366234377708979 0.628928125 0.6347843752321982 0.62970625 0.6369906247678019 0.7177250000000001 0.6377265622291022 0.7317453119047619 0.6454484377708979 0.737196875 0.6476546873065016 0.732523436904762 0.6498609374613002 0.642948438095238 0.6491265622291023 0.62970625 0.6520687498452012 0.610234375 0.6524359374613004 0.5868671880952381 0.6439781250773994 0.5821921880952381 0.6336812501547988 0.588425 0.6322093752321981 0.60711875 0.6366234377708979 0.628928125
1 0.6219140625386997 0.5712875000000001 0.6266937498452012 0.561940625 0.6285328123839009 0.538573438095238 0.6263265622291021 0.517542186904762 0.6226484377708978 0.5113109369047619 0.6193390625386996 0.508975 0.6108812501547988 0.5081953130952381 0.6009515622291022 0.5074171869047619 0.5987453126934984 0.5222171880952381 0.6016874996904025 0.5487 0.6049968749226007 0.561940625 0.6134546873065015 0.5689515630952381 0.6219140625386997 0.5712875000000001
2 0.5895515622291022 0.5354578119047619 0.5939656247678019 0.5502578130952381 0.5965390625386997 0.5471421869047619 0.5983781250773994 0.5315640630952382 0.597275 0.517542186904762 0.5924937498452012 0.5113109369047619 0.5840359374613003 0.509753125 0.5770484377708979 0.51520625 0.5770484377708979 0.523775 0.5825656247678018 0.526110938095238 0.588817187616099 0.52766875 0.5895515622291022 0.5354578119047619
3 0.38361718761609903 0.712271875 0.3865593752321982 0.734860936904762 0.3909718749226006 0.73641875 0.3957531250773994 0.7301875 0.39795937523219815 0.69669375 0.4005328123839009 0.6312640630952381 0.4009015622291021 0.6203593749999999 0.40457812507739943 0.612570311904762 0.40237187492260057 0.6001078130952381 0.3950171876160991 0.59855 0.3872953126934985 0.604003125 0.3850875003095975 0.614128125 0.3865593752321982 0.63204375 0.38361718761609903 0.712271875
3 0.3211015622291022 0.551815625 0.3203656247678019 0.5689515630952381 0.32441093746130034 0.6063390630952381 0.3214687498452012 0.612570311904762 0.31595312507739937 0.7005875 0.31962968730650154 0.7153875000000001 0.3258812501547988 0.718503125 0.33176562476780186 0.712271875 0.3420624996904025 0.6188015630952381 0.33875312507739935 0.6094546869047619 0.3457406247678019 0.576740625 0.3479468749226006 0.5510359380952381 0.33875312507739935 0.541689061904762 0.3255140625386997 0.545584375 0.3211015622291022 0.551815625
1 0.28837187492260064 0.50040625 0.2964624996904025 0.5206578119047619 0.30970156222910217 0.539353125 0.31889531269349847 0.551815625 0.32404374984520123 0.549478125 0.33139843777089784 0.543246875 0.3365468749226006 0.5284484369047618 0.3361781250773994 0.5011859380952381 0.33139843777089784 0.4895015619047619 0.3174234377708979 0.4762609380952381 0.3052890625386997 0.4591234369047619 0.2960953126934985 0.4591234369047619 0.28910781238390093 0.46769218690476194 0.28359218761609906 0.48171250000000004 0.28837187492260064 0.50040625
13 0.6346463950464396 0.6198182083333333 0.628715120123839 0.5446887285714286 0.5298605411764706 0.5605054607142858 0.4418799665634675 0.5555627321428571 0.4122235925696594 0.5456772738095238 0.4072808637770898 0.6069671130952381 0.4972385306501548 0.6217952999999999 0.6346463950464396 0.6198182083333333
