0 0.2435903140622031 0.5530213193650257 0.22559361821174662 0.552270924032564 0.2289258556330651 0.4723645505860159 0.24692232642985346 0.4731149412119947
2 0.24331250000000182 0.526643750000001 0.25548188498908075 0.5256444865649725 0.2579071137978417 0.5551771915015418 0.24573772910832758 0.5561764524978399
0 0.27584402495381255 0.4926225961467738 0.28801435971331557 0.4946596281284842 0.27781210402520173 0.5556084428846289 0.2656417717099657 0.5535714209786183
0 0.31291823677281627 0.5822080946443389 0.3066637993168797 0.5821096384556509 0.3073815468767407 0.5365207831262871 0.31363593572871196 0.5366192389322317
2 0.34478280964538044 0.5433546611004482 0.34765640345187876 0.569929922768292 0.3234269721446026 0.5725495557771478 0.3205534383931763 0.545974349150997
9 0.343329891251301 0.49703824272670094 0.33398520333503257 0.4963054804986287 0.34004290139739624 0.4190596348646918 0.34938748736203706 0.41979239304053256
2 0.3842740052800764 0.5582946099672028 0.3748095396207418 0.6046366651079961 0.34102246381189616 0.5977369206132273 0.35048703281495364 0.551395007234479
2 0.3821888555424948 0.5560374898683891 0.4128296163559071 0.560582221543731 0.4041544083020199 0.6190647812457041 0.37351365278902904 0.6145200736242598
1 0.43791018001979864 0.6231971437221955 0.4079944588336275 0.6240812907567441 0.40590242614018734 0.553297913540034 0.4358177680685458 0.5524137721126832
9 0.4262531314325315 0.5536640628366137 0.42232088301000204 0.5534582885706413 0.42729262689817915 0.45845904795616255 0.431224815906603 0.4586648206319375
2 0.4343965483496959 0.5740903607773327 0.4469737639063851 0.5721349779814082 0.45402877371520844 0.6175086882391725 0.441451560039809 0.619464062882488
2 0.47448129557255925 0.628135820692122 0.4645182891855484 0.6273320524630056 0.46748833391154676 0.590521991285399 0.47745127215523553 0.5913257567473444
2 0.49043734103963743 0.6197442764851259 0.4789654370134713 0.6203122141811781 0.4775468480981999 0.5916604643880732 0.4890186912994068 0.5910925282039553
2 0.5182218915604153 0.6289328125000001 0.5110077943999158 0.6289328125000001 0.5110078250290826 0.5872750000000001 0.5182218668602445 0.5872750000000001
2 0.5169004178204659 0.5901911635570168 0.5240426197765373 0.589774448323452 0.5262340917563506 0.62733055217248 0.5190918899273811 0.6277472659549868
2 0.5466850595483947 0.6292230749690414 0.5335539695288389 0.6296382900381697 0.5316415296967989 0.5691620309640083 0.5447724734049189 0.5687468182245295
2 0.568543151163226 0.6335059807958302 0.5540560133638337 0.6361757438103954 0.5437431210808654 0.5802200948594671 0.5582301095460025 0.5775503460006254
2 0.587923164619724 0.6179401455307393 0.5734108256756372 0.619520735878853 0.5683056544347664 0.5726516249404219 0.5828178701996194 0.5710710413665467
2 0.5899881183094067 0.6270573043412482 0.5722700125340907 0.5895041737622841 0.6100068636901597 0.5717013497878052 0.6277250026644197 0.6092543373410285
2 0.6514583817765924 0.6146762859851638 0.619606146918386 0.6196754731343409 0.6130331469889825 0.577799660000841 0.6448851404110201 0.5728004921885744
2 0.6545468157695495 0.6099457604454728 0.6341474284689639 0.5562906144678283 0.6887817730915913 0.5355210270373464 0.7091812756850686 0.5891758994369681
2 0.6866838920401506 0.5324450000980897 0.7222212837430106 0.5230692523729055 0.734969654378574 0.5713857235412315 0.699432278121435 0.5807614317380293
2 0.702157799483075 0.6038421581617986 0.7102307324373669 0.6220373598772257 0.6802726737662397 0.6353276613010996 0.6721998071193411 0.6171325158911629
2 0.6654045209252217 0.6333502274445887 0.6895052954998846 0.7067804368069246 0.6435640335520247 0.7218564996502551 0.6194636898979979 0.6484266566490683
9 0.6913392999892949 0.7823092999674259 0.6869562084889367 0.7836940973880198 0.6637701039486501 0.7103191605164452 0.6681531250000035 0.7089343750000048
9 0.6671221291342135 0.792724941235271 0.6565517896418669 0.7951691732433659 0.6383964584684918 0.7166680733252514 0.6489666107007679 0.7142238637787126
0 0.6196242557617779 0.6819799718529961 0.6074110745918233 0.6811499148647988 0.609777701455414 0.6463336367151504 0.6219907968977623 0.6471636907844917
2 0.3417086710746844 0.6149129462839996 0.3757585966415036 0.6153765164848121 0.3752204652395221 0.6548983000557899 0.3411705397022615 0.6544347316252541
2 0.2943434127871569 0.6455215875124767 0.27868075773596956 0.6161337431460844 0.3242607625393248 0.5918440755495047 0.3399234321983613 0.6212317774479511
2 0.2503276966388057 0.5736141336559287 0.3053219394454345 0.6017754834413117 0.2754223399145985 0.6601574115871848 0.22042821494017062 0.6319962354555846
9 0.2599882103645541 0.6463501832873196 0.2674246043840185 0.6483732482850656 0.24382701148897468 0.7351011708891264 0.23639062500001273 0.7330781250000009
9 0.24746871424440542 0.6379265411365183 0.25459323113739174 0.6421833411305014 0.21023965184690496 0.7164067968326732 0.20311516349170233 0.7121500347651561