0 0.233775 0.4932125 0.23090156222910216 0.50605 0.22679687492260062 0.5234171880952381 0.23418437523219815 0.537765625 0.23993125015479877 0.55286875 0.24198437523219812 0.5475828119047619 0.24444687492260062 0.5324796869047619 0.24485625015479875 0.5226625 0.243625 0.503784375 0.24485625015479875 0.4924578119047619 0.2460890625386997 0.48113125 0.23993125015479877 0.47282343809523814 0.23623750030959753 0.4796203119047619 0.233775 0.4932125
2 0.25338593746130034 0.5555484369047619 0.256825 0.5419999999999999 0.25436874984520125 0.53703125 0.25387656222910215 0.527095313095238 0.24331249969040247 0.52664375 0.2467515622291022 0.5401921869047619 0.24527812507739938 0.5505796869047619 0.25338593746130034 0.5555484369047619
0 0.26689843777089783 0.5460640619047619 0.2688640625386997 0.551484375 0.2720578123839009 0.5546453119047619 0.27672656222910214 0.5523875 0.2801656247678019 0.5415484380952381 0.2813937498452012 0.5279984369047619 0.28164062476780183 0.512190625 0.27672656222910214 0.4927703119047619 0.27549843777089783 0.498190625 0.27304062476780183 0.5112875 0.2698468749226006 0.52845 0.26689843777089783 0.5460640619047619
0 0.3130890625386997 0.57135625 0.31284374984520125 0.5573546869047619 0.3130890625386997 0.5456125000000001 0.31357968730650154 0.5401921869047619 0.31112343777089785 0.5365796880952381 0.30891249969040246 0.548321875 0.30866562476780185 0.556903125 0.3069468749226006 0.5641296880952381 0.30719218761609907 0.574517186904762 0.31210625015479876 0.5821953119047619 0.3130890625386997 0.57135625
2 0.3445375003095975 0.563226561904762 0.34478281238390096 0.5433546869047619 0.3430625003095975 0.5456125000000001 0.33815 0.54741875 0.3322531250773994 0.544709375 0.3268468749226006 0.5460640619047619 0.3214421876160991 0.5541937499999999 0.32340781238390093 0.567290625 0.3280765622291022 0.5709046880952381 0.33446406253869965 0.57135625 0.3396234377708978 0.5690984369047619 0.3445375003095975 0.563226561904762
9 0.3433298842105263 0.4970382428571428 0.34699374984520126 0.4503171869047619 0.34699374984520126 0.4196046880952381 0.3440453126934985 0.45438125 0.3393781250773994 0.4765109369047619 0.33442341857585145 0.490717525 0.3433298842105263 0.4970382428571428
2 0.36714062476780185 0.5677421869047619 0.36370156222910216 0.572259375 0.35805000000000003 0.5654843749999999 0.3531359374613003 0.551935936904762 0.3472406247678018 0.567290625 0.34650312507739933 0.582646875 0.35018749969040247 0.590325 0.3536281250773994 0.5966484369047619 0.3578046873065015 0.6011640630952382 0.36419218761609906 0.6011640630952382 0.36787812507739936 0.59890625 0.37352968730650155 0.591228125 0.3781968749226006 0.5830984369047619 0.38114531269349844 0.5736140619047618 0.3806546873065016 0.560065625 0.37745937523219814 0.556903125 0.3732828123839009 0.556903125 0.3700890625386997 0.561871875 0.36714062476780185 0.5677421869047619
2 0.3836015622291022 0.56096875 0.37917968730650153 0.576323436904762 0.37696874984520123 0.591228125 0.3796718749226006 0.601615625 0.3860593752321982 0.6115515619047619 0.39613281238390097 0.617875 0.4015374996904025 0.6092937500000001 0.40694374984520126 0.6002609369047619 0.40817187492260065 0.5889703119047619 0.4086624996904025 0.57496875 0.40645156222910217 0.5663874999999999 0.40424062476780187 0.5718078119047619 0.4000640625386997 0.576775 0.3963781250773994 0.5794859369047619 0.3971156247678018 0.5731625 0.39465781238390096 0.561871875 0.388025 0.556903125 0.3836015622291022 0.56096875
1 0.4083765622291022 0.5753453119047619 0.4071031250773994 0.58894375 0.40735781238390095 0.6025406249999999 0.41067031269349846 0.6152000000000001 0.41576874984520124 0.6208265619047619 0.42290468730650155 0.623640625 0.43233437523219814 0.623171875 0.4376874996904025 0.61566875 0.43641249969040247 0.5725328119047619 0.43233437523219814 0.5636234380952381 0.4262171876160991 0.556121875 0.421375 0.552840625 0.41551406253869966 0.556121875 0.40939687492260063 0.5669062500000001 0.4083765622291022 0.5753453119047619
9 0.42290468730650155 0.542303125 0.4223890625386997 0.5531906249999999 0.4262531250773993 0.5536640630952381 0.4288296873065015 0.50443125 0.4283140625386997 0.45851250000000005 0.42496562476780186 0.51531875 0.42290468730650155 0.542303125
2 0.4386187498452012 0.5929546869047618 0.4393906247678019 0.6062093749999999 0.44145156222910215 0.619464061904762 0.44402812507739936 0.61804375 0.4473781250773994 0.6128375 0.45021093746130025 0.609996875 0.4522718749226006 0.6062093749999999 0.4507265622291022 0.601003125 0.44815 0.591534375 0.44815 0.582067188095238 0.4453171876160991 0.576859375 0.44093749969040247 0.5730734369047619 0.4386187498452012 0.58159375 0.4386187498452012 0.5929546869047618
2 0.4677296873065016 0.6223046869047619 0.46927500000000005 0.626565625 0.4726234377708978 0.6279859369047619 0.47468437523219814 0.62561875 0.4757156247678019 0.6128375 0.4764874996904025 0.597215625 0.4741687498452012 0.5910609380952381 0.4710781250773994 0.5948484369047619 0.46824374984520123 0.60336875 0.46644062476780185 0.6128375 0.4651531250773994 0.619464061904762 0.4677296873065016 0.6223046869047619
2 0.47906406253869965 0.6152046880952381 0.48164062476780184 0.6185171869047619 0.48473125015479873 0.6199374999999999 0.48653437523219817 0.6199374999999999 0.48936874984520123 0.61473125 0.48988437523219813 0.608576561904762 0.48936874984520123 0.5981625 0.48576249969040247 0.5948484369047619 0.4821546873065015 0.5948484369047619 0.48009374984520126 0.591534375 0.47803281238390094 0.5981625 0.4782906247678018 0.6066828130952381 0.47906406253869965 0.6152046880952381
2 0.5182218749226006 0.601003125 0.5174484377708978 0.5910609380952381 0.5164187498452013 0.587275 0.5115234377708978 0.593428125 0.5110078123839009 0.604315625 0.5115234377708978 0.6152046880952381 0.5135843752321981 0.6213578119047619 0.5156453126934984 0.628932811904762 0.5182218749226006 0.613784375 0.5182218749226006 0.601003125
2 0.5231156247678018 0.6275125 0.5238890625386997 0.623251563095238 0.5238890625386997 0.6142578119047618 0.5249187498452013 0.6047890619047619 0.5238890625386997 0.595795313095238 0.5215703126934984 0.5905875 0.5182218749226006 0.5901140619047619 0.5174484377708978 0.5995828130952381 0.5182218749226006 0.6128375 0.5215703126934984 0.6199374999999999 0.5231156247678018 0.6275125
2 0.5390875003095975 0.5801734369047619 0.5349656247678019 0.588220313095238 0.5326484377708978 0.601003125 0.5347093752321982 0.611417188095238 0.5378000000000001 0.625145311904762 0.540892187616099 0.62940625 0.5455281250773993 0.627039063095238 0.5463015622291022 0.617098436904762 0.5452703126934985 0.595321875 0.5450140625386997 0.5763859380952381 0.5426953126934985 0.5688125 0.5432093752321981 0.5749656249999999 0.5426953126934985 0.5797 0.5390875003095975 0.5801734369047619
2 0.5481046873065015 0.588220313095238 0.5486203126934984 0.6066828130952381 0.5522265622291022 0.6241984380952381 0.5581515622291021 0.6313000000000001 0.565107812383901 0.634139061904762 0.5674250000000001 0.6308265619047619 0.5666531250773994 0.623251563095238 0.565107812383901 0.6166250000000001 0.5620156247678019 0.6118906249999999 0.5609859374613003 0.6057359369047619 0.5612437498452012 0.593901561904762 0.5578937498452012 0.5858546869047618 0.5532562501547987 0.5853812500000001 0.5491343752321982 0.579226561904762 0.5481046873065015 0.588220313095238
2 0.5826250000000001 0.6185171869047619 0.5854593752321982 0.6128375 0.5852015622291021 0.5929546869047618 0.5839125003095975 0.5811203119047619 0.5808218749226006 0.574492188095238 0.5774734377708979 0.571653125 0.5741234377708978 0.5773328130952381 0.5694859374613003 0.5834875 0.5710328123839009 0.59626875 0.5728359374613003 0.611417188095238 0.5772156247678019 0.618990625 0.5826250000000001 0.6185171869047619
2 0.5988546873065015 0.6047890619047619 0.5905566321981425 0.5828046952380953 0.5872625003095975 0.5991093749999999 0.5828828123839009 0.6000562500000001 0.5808218749226006 0.6076296869047619 0.5852015622291021 0.6118906249999999 0.5924140625386997 0.6204109380952381 0.5970515622291022 0.623725 0.5975671876160991 0.619464061904762 0.6006578123839009 0.6133109369047619 0.6058109374613003 0.6104703130952381 0.6117359374613003 0.61094375 0.6161156247678019 0.61473125 0.6171453126934984 0.6076296869047619 0.6150843752321982 0.5924812500000001 0.6119937498452013 0.5759125 0.6070984377708978 0.5730734369047619 0.6024609374613004 0.5797 0.6003999999999999 0.5905875 0.5988546873065015 0.6047890619047619
2 0.6256468749226006 0.579226561904762 0.6220406247678019 0.5763859380952381 0.6184328123839009 0.5773328130952381 0.6168874996904025 0.584434375 0.6158578123839009 0.595795313095238 0.621267187616099 0.61094375 0.6264187498452013 0.617098436904762 0.6328593752321982 0.617571875 0.639042187616099 0.6166250000000001 0.6478015622291021 0.608103125 0.6490890625386997 0.5995828130952381 0.6465140625386997 0.589640625 0.645225 0.5749656249999999 0.6418765622291022 0.5778062500000001 0.6367234377708978 0.5849078130952381 0.6323453126934985 0.5976890630952381 0.6310562501547987 0.5901140619047619 0.6297687498452013 0.5811203119047619 0.6256468749226006 0.579226561904762
2 0.6846406247678017 0.5370953119047619 0.6815484377708978 0.542303125 0.6807765622291022 0.5479828130952381 0.6787156247678018 0.5617109380952381 0.6802609374613002 0.5711796869047618 0.6622281250773994 0.576859375 0.6506359374613003 0.55035 0.6480593752321981 0.5825406249999999 0.6493468749226006 0.59626875 0.6534687498452012 0.6057359369047619 0.6593937498452013 0.608103125 0.6622281250773994 0.6057359369047619 0.6763968749226007 0.5991093749999999 0.6818062501547987 0.5995828130952381 0.6846406247678017 0.5948484369047619 0.6892781250773994 0.5929546869047618 0.6944296873065015 0.589640625 0.6977781250773993 0.578753125 0.6964906247678019 0.5631312500000001 0.6915953126934984 0.544195313095238 0.6890203126934984 0.536148438095238 0.6846406247678017 0.5370953119047619
2 0.70525 0.579226561904762 0.7158125003095975 0.5692859380952381 0.7320421876160991 0.5602906249999999 0.7263734377708979 0.54325 0.7122046873065015 0.549876561904762 0.7060218749226006 0.54135625 0.7008703126934985 0.5427765630952381 0.6959749999999999 0.52999375 0.6939140625386997 0.542303125 0.6936562501547988 0.558870313095238 0.6977781250773993 0.574492188095238 0.70525 0.579226561904762
2 0.7021578123839008 0.6038421880952382 0.6944296873065015 0.6076296869047619 0.6872171876160991 0.6104703130952381 0.6769124996904025 0.6204109380952381 0.6797453126934985 0.634139061904762 0.6856703126934984 0.6313000000000001 0.6946875003095976 0.628932811904762 0.6985515622291022 0.623251563095238 0.70525 0.623725 0.7021578123839008 0.6038421880952382
2 0.66635 0.712721875 0.6684109374613003 0.703728125 0.6655765622291022 0.694732813095238 0.6632578123839009 0.690946875 0.6630015622291021 0.6828984380952381 0.6653187498452012 0.6810046869047619 0.6709874996904025 0.6786375000000001 0.672275 0.6715375 0.6702140625386996 0.6549687500000001 0.6689265622291021 0.6440812499999999 0.6630015622291021 0.634139061904762 0.6591359374613003 0.6355593749999999 0.6524390625386998 0.640767188095238 0.6470281250773993 0.6402937500000001 0.6408453126934984 0.6459750000000001 0.6326015622291021 0.6445546880952381 0.6269343752321981 0.6459750000000001 0.6225546873065015 0.6535484380952381 0.6248734377708979 0.664909375 0.6284796873065015 0.66585625 0.6313140625386997 0.669170311904762 0.6338906247678018 0.678164061904762 0.6362093752321982 0.682425 0.639042187616099 0.6900000000000001 0.6413609374613003 0.694732813095238 0.64265 0.7051484369047619 0.6457406247678018 0.7136687500000001 0.6496046873065016 0.714615625 0.6524390625386998 0.709407813095238 0.654242187616099 0.7032546880952381 0.6557874996904025 0.706567186904762 0.6596515622291023 0.7136687500000001 0.6627437498452012 0.7155625 0.66635 0.712721875
9 0.6913390625386997 0.782309375 0.6756234377708978 0.7359171880952381 0.6681531250773994 0.708934375 0.6655765622291022 0.716035936904762 0.6707296873065015 0.731657811904762 0.6787156247678018 0.754853125 0.6913390625386997 0.782309375
9 0.650892187616099 0.7449125 0.6490890625386997 0.7273968749999999 0.6496046873065016 0.716982811904762 0.645225 0.715089063095238 0.645225 0.740651561904762 0.6490890625386997 0.762901563095238 0.6532109374613003 0.778996875 0.6671218749226007 0.792725 0.6550140625386996 0.771421875 0.650892187616099 0.7449125
0 0.6192062501547988 0.6819515630952381 0.6202374996904025 0.672957811904762 0.621267187616099 0.657809375 0.6202374996904025 0.648814061904762 0.6184328123839009 0.646921875 0.6127656247678018 0.6492875 0.6107046873065015 0.654495311904762 0.6086437498452012 0.663015625 0.6114781250773994 0.6715375 0.6158578123839009 0.679584375 0.6192062501547988 0.6819515630952381
2 0.3744718749226006 0.623725 0.3688046873065015 0.618990625 0.3631374996904025 0.6152046880952381 0.35360625015479874 0.6152046880952381 0.3484531250773994 0.616151561904762 0.34330156222910213 0.6199374999999999 0.34149843777089783 0.630353125 0.34124062476780187 0.6492875 0.34304374984520125 0.6526015630952381 0.3456203126934984 0.654495311904762 0.35077187492260065 0.6535484380952381 0.35360625015479874 0.646448436904762 0.3546359374613003 0.639820311904762 0.3564390625386997 0.631773436904762 0.3585 0.631773436904762 0.3621062501547988 0.630353125 0.3636531250773994 0.627039063095238 0.36468281238390093 0.632246875 0.36674374984520125 0.6402937500000001 0.3708656247678019 0.641240625 0.37292656222910214 0.639820311904762 0.37550312507739936 0.634139061904762 0.3744718749226006 0.623725
2 0.31419062476780185 0.6047890619047619 0.31419062476780185 0.6000562500000001 0.30723437523219815 0.60336875 0.301825 0.6038421880952382 0.29641562476780187 0.6066828130952381 0.2933234377708978 0.61473125 0.29280937523219813 0.62561875 0.2933234377708978 0.643607811904762 0.29615781238390093 0.6445546880952381 0.30208281238390094 0.640767188095238 0.3054312501547988 0.639346875 0.3100687498452012 0.6313000000000001 0.313675 0.62561875 0.31857031269349845 0.631773436904762 0.32191874984520125 0.6308265619047619 0.3265562501547987 0.626565625 0.3301624996904025 0.6218312500000001 0.3329968749226006 0.613784375 0.3296468749226006 0.60195 0.32629843777089784 0.6005296869047618 0.3237218749226006 0.6005296869047618 0.31934218761609906 0.6024234369047619 0.31419062476780185 0.6047890619047619
2 0.2706531250773994 0.6402937500000001 0.2742609374613003 0.6346124999999999 0.2788968749226006 0.637926563095238 0.2855953126934984 0.6402937500000001 0.28920156222910215 0.6331921869047619 0.29255156222910217 0.625145311904762 0.2959 0.6128375 0.29821874984520125 0.6024234369047619 0.29358125015479875 0.5986359380952381 0.2861109374613003 0.593428125 0.2783828123839009 0.5905875 0.2722 0.5853812500000001 0.26498593746130034 0.5811203119047619 0.2551968749226006 0.5782796869047618 0.2472109374613003 0.5797 0.2430890625386997 0.5877484369047619 0.24205781238390092 0.5981625 0.24180156222910218 0.608103125 0.24489218761609907 0.608576561904762 0.24952968730650157 0.60905 0.25030156222910216 0.618990625 0.25030156222910216 0.624671875 0.2490140625386997 0.633665625 0.24875625015479877 0.641714063095238 0.25159062476780186 0.6459750000000001 0.2557124996904025 0.6445546880952381 0.25854531269349845 0.641714063095238 0.2582875003095975 0.646448436904762 0.26060625015479877 0.6521281250000001 0.2634406247678019 0.654021875 0.26575937523219817 0.649760938095238 0.2683359374613003 0.645028125 0.2706531250773994 0.6402937500000001
9 0.2523624996904025 0.6885796869047619 0.24875625015479877 0.7013609369047619 0.24489218761609907 0.7117749999999999 0.23974062476780186 0.723609375 0.23639062476780184 0.733078125 0.24231562476780186 0.72455625 0.24875625015479877 0.7117749999999999 0.25210625015479876 0.6985203119047619 0.25854531269349845 0.68053125 0.2634406247678019 0.663015625 0.26730468730650153 0.648340625 0.2582875003095975 0.6526015630952381 0.2549390625386997 0.6748515619047619 0.2523624996904025 0.6885796869047619
9 0.22454062476780184 0.679110938095238 0.21835781238390095 0.692365625 0.20882656222910218 0.7155625 0.21835781238390095 0.702307811904762 0.2260859374613003 0.685265625 0.2320109374613003 0.6743781249999999 0.239225 0.664909375 0.2469531250773994 0.6549687500000001 0.2513328123839009 0.646448436904762 0.24746874984520126 0.637926563095238 0.24102812507739937 0.6516546880952381 0.23304218761609907 0.66206875 0.22454062476780184 0.679110938095238
25 0.33241228111455107 0.5076685404761905 0.3295392278637771 0.5450182345238095 0.3358599455108359 0.5464547619047619 0.33873299876160995 0.4967509369047619 0.33815838823529415 0.4947398 0.3372964724458204 0.4938778845238095 0.33672186130030957 0.4938778845238095 0.33557264024767797 0.49301596785714286 0.3347107238390093 0.49301596785714286 0.33384880804953565 0.4933032738095238 0.33241228111455107 0.5076685404761905
13 0.2913550198142415 0.6675349178571428 0.33192344024767806 0.680811855952381 0.3732294681114551 0.6955640083333333 0.4005209510835913 0.7044153 0.43002525696594424 0.7176922380952381 0.45510391640866876 0.7280187452380953 0.49124669102167184 0.7331819988095238 0.5259142507739938 0.733919605952381 0.5686954941176471 0.7213802761904762 0.5967245845201238 0.7110537690476191 0.6343425739938081 0.6999896547619048 0.6948264012383901 0.6933511857142857 0.7339196061919505 0.6572084107142857 0.7221178835913312 0.6188528130952381 0.6631092724458205 0.6505699428571429 0.6218032439628483 0.6697477416666667 0.5487800873065015 0.6830246785714286 0.4536287015479876 0.6771238178571428 0.3629029609907121 0.6616340571428572 0.33192344024767806 0.6461442964285714 0.28914219690402476 0.6328673583333333 0.2375096613003096 0.5937741535714286 0.23677205386996902 0.6254912821428572 0.2788156897832817 0.6586836261904763 0.2913550198142415 0.6675349178571428
13 0.23160880061919503 0.5067364511904762 0.26922679009287925 0.5318151119047619 0.3164336792569659 0.5524681261904761 0.38945683653250773 0.5723835321428571 0.4669056390092879 0.5878732928571428 0.5509929102167183 0.5856604702380952 0.6070510916408669 0.5819724309523809 0.6417186507739937 0.5804972166666666 0.6992520470588235 0.5568937714285714 0.7442461133126934 0.5185381738095238 0.729493960371517 0.48755865238095236 0.6918759702786378 0.5214886047619047 0.6527827653250774 0.5399287952380952 0.6077886990712075 0.5473048726190476 0.5436168340557276 0.555418555952381 0.48608343777089785 0.5517305178571429 0.4595295622291022 0.5473048726190476 0.4160107114551084 0.5436168345238096 0.3629029609907121 0.53550315 0.3297106173374613 0.5170629583333333 0.2773404743034056 0.4971475523809524 0.2375096613003096 0.46764324642857147 0.23160880061919503 0.5067364511904762
