2 0.20645380883263442 0.5218789345965867 0.21355678784118481 0.5051509330123938 0.23509824829727677 0.5142970453236426 0.22799530567715465 0.5310250160682914
2 0.29323228807788837 0.5591995321846482 0.2531488838767473 0.5737817027439545 0.22304075328406725 0.4910269871916799 0.26312364628540763 0.47644491889781576
9 0.2558999213442803 0.48172997340859003 0.24768588581503082 0.48293911533934736 0.23513293502105626 0.39766850967543144 0.24334687500004293 0.39645937499999456
9 0.26233131525918907 0.3774094107327425 0.27264578279516627 0.37725220933468034 0.2744300845279213 0.49431936244743185 0.26411561701809205 0.49447656262165013
2 0.30130124503295974 0.564218208243962 0.3045571402359428 0.5345853955827077 0.34658332704088934 0.5392025762866105 0.3433275468790953 0.5688352833259427
2 0.6694379174821279 0.5394069587558153 0.6733729509941213 0.5693269956092589 0.6462201743810283 0.5728976709999084 0.6422852174249556 0.54297770314452
2 0.712338637521384 0.5615698924172549 0.6899123617879468 0.563396394718085 0.6881738100629491 0.54205144968668 0.7106000055595132 0.5402249506667532
2 0.7514436285854345 0.5183607398416585 0.7563461413503774 0.5327497611252212 0.7410714340006734 0.5379535739194338 0.7361689432210596 0.5235645713035457
0 0.724552663734471 0.5623302135718592 0.7036846082486363 0.563140457364143 0.700256695680082 0.4748569891922993 0.7211244602350462 0.47404675105419763
0 0.7155054356044275 0.6532088008049545 0.701318331879861 0.6544933549687916 0.6975269907504753 0.6126247569697735 0.7117139797979917 0.6113402080405644
2 0.697818618115889 0.5995616505808115 0.7046746749899739 0.6268310541206397 0.6699415477673938 0.6355625117530304 0.6630855974564156 0.6082932000994444
2 0.6629734131524856 0.6888872349363341 0.6182788620943711 0.6908053804947627 0.6153737032240088 0.6231151671250994 0.6600676516287649 0.6211970344936893
0 0.6599807914029725 0.6762440130483909 0.6550325451156596 0.6751667201778717 0.6580332001668694 0.661385969416507 0.6629814327051236 0.662463260735075
9 0.6436627441739802 0.7925952869326419 0.6351098030816047 0.7934908619337483 0.6236990158157596 0.6845333299575544 0.6322517466589943 0.683637766095123
9 0.6464441423937615 0.6860751506487482 0.6526140648851424 0.6843986026287922 0.6781228234535774 0.7782594665570726 0.6719529080937718 0.7799359964391659
2 0.35228043923427776 0.6204647269685057 0.3544467913397966 0.6501559569715661 0.3199083957140374 0.6526755459733574 0.3177421497669002 0.6229844155636559
0 0.34834145504737535 0.7035347357905386 0.323704206358002 0.7105477487692181 0.3131407099839407 0.6734424914642726 0.3377777700666229 0.6664295070585279
2 0.2673884130267652 0.6060408172728085 0.2992662215120845 0.6086405207542277 0.29633437573318133 0.6445868665170826 0.26445656828184383 0.641987171949294