0 0.3247718749226006 0.4483328119047619 0.3273625003095975 0.43815624999999997 0.32773281238390095 0.4271953119047619 0.32329218761609907 0.412321875 0.31774062476780185 0.39979687500000005 0.31070781238390094 0.3958828119047619 0.30256562476780186 0.4021453119047619 0.2951624996904025 0.39744843690476195 0.28627968730650155 0.38883749999999995 0.2810984377708978 0.402928125 0.28257968730650157 0.42328125 0.28590937523219817 0.4146703119047619 0.2962734377708978 0.4138875 0.3010843752321981 0.42014999999999997 0.3007140625386997 0.42954375 0.29664374984520125 0.44755 0.30367500000000003 0.4538125 0.317 0.44911562499999996 0.3247718749226006 0.4483328119047619
2 0.4453109374613003 0.433915625 0.4408624996904025 0.43626718809523807 0.4378031250773994 0.433915625 0.43557812507739935 0.4127421869047619 0.4372468749226006 0.40685937499999997 0.43696874984520123 0.3968609380952381 0.43446718761609904 0.40333125 0.4308515622291022 0.4127421869047619 0.4302953126934984 0.4239171880952381 0.4305734377708978 0.43626718809523807 0.43363281238390095 0.44861874999999996 0.43585625015479873 0.45332500000000003 0.4408624996904025 0.45920625 0.4439218749226006 0.45685312499999997 0.44725781238390094 0.44979531309523807 0.4453109374613003 0.433915625
9 0.43585625015479873 0.33569218690476194 0.4389156247678019 0.32392968690476187 0.4297390625386997 0.2545265619047619 0.43585625015479873 0.33569218690476194
9 0.4747515622291022 0.39517031190476193 0.47014062476780183 0.3542078119047619 0.46414531269349846 0.2800859380952381 0.46368281238390097 0.3317765619047619 0.4627609374613003 0.3503078119047619 0.46091718761609907 0.39517031190476193 0.4775187498452012 0.40980000000000005 0.4747515622291022 0.39517031190476193
9 0.5015000000000001 0.35323281190476186 0.49043125015479877 0.2605796869047619 0.4895093752321981 0.3044671880952381 0.4950437498452013 0.40980000000000005 0.4982718749226006 0.416628125 0.5047281250773994 0.39809687499999996 0.5015000000000001 0.35323281190476186
2 0.5098015622291021 0.40590000000000004 0.5061109374613003 0.39907187499999996 0.4991937498452012 0.4117515630952381 0.49873281238390094 0.42345468809523806 0.5005781250773994 0.43125781190476187 0.5047281250773994 0.4517390619047619 0.5093406247678018 0.461490625 0.5130296873065016 0.4624671869047619 0.5144124996904025 0.459540625 0.5157968749226006 0.4527140630952381 0.5125687498452013 0.42345468809523806 0.5098015622291021 0.40590000000000004
2 0.5573015622291021 0.3854171869047619 0.5559187498452012 0.39907187499999996 0.5536124996904025 0.396146875 0.5494625003095975 0.38931875000000005 0.5448500000000001 0.38639375 0.5402390625386997 0.39419531190476187 0.5407 0.4039484380952381 0.5430062501547988 0.417603125 0.5508453126934985 0.438084375 0.5586859374613004 0.4527140630952381 0.5619140625386997 0.45076249999999995 0.5688312501547987 0.4244296880952381 0.5669875003095975 0.380540625 0.5628359374613003 0.3824921869047619 0.5573015622291021 0.3854171869047619
0 0.5563796873065016 0.34933125 0.5545343752321982 0.359084375 0.5577640625386997 0.376640625 0.565142187616099 0.376640625 0.5642203126934985 0.3551828130952381 0.5623750000000001 0.34543124999999997 0.5563796873065016 0.34933125
10 0.6320124996904025 0.3317765619047619 0.6278625003095976 0.3542078119047619 0.6306296873065016 0.38639375 0.6306296873065016 0.40297343809523806 0.6384687498452012 0.40297343809523806 0.6463093752321982 0.396146875 0.6476921876160991 0.3824921869047619 0.6490765622291021 0.36103593690476193 0.6513812501547988 0.338603125 0.6476921876160991 0.32397343690476194 0.6398531250773993 0.3269 0.6320124996904025 0.3317765619047619
10 0.6486156247678019 0.39029375 0.6592218749226006 0.400046875 0.6661390625386997 0.39322031309523814 0.669367187616099 0.3834671869047619 0.6716734377708978 0.34738125000000003 0.6684453126934985 0.32885 0.6583000000000001 0.32495 0.6550718749226007 0.337628125 0.6523046873065016 0.3649359369047619 0.6486156247678019 0.39029375
10 0.7090296873065016 0.2849625 0.6993437498452012 0.2810609369047619 0.6887374996904024 0.2820359369047619 0.6827421876160991 0.28691249999999996 0.6767468749226005 0.3005671880952381 0.6702906247678018 0.32007343809523814 0.6712125003095976 0.3425046869047619 0.6698296873065015 0.379565625 0.6753625003095975 0.380540625 0.6850484377708979 0.3746890619047619 0.6970390625386997 0.3824921869047619 0.70165 0.376640625 0.7053390625386997 0.3639609380952381 0.7090296873065016 0.33665312500000005 0.7131796873065015 0.32007343809523814 0.7104125003095976 0.297640625 0.7090296873065016 0.2849625
7 0.6900640625386997 0.5919531250000001 0.6917812501547987 0.6016421869047619 0.6923546873065015 0.610725 0.6914953126934985 0.619203125 0.6874859374613003 0.630104686904762 0.6817593752321981 0.6282875 0.6774640625386996 0.62768125 0.6817593752321981 0.6355546869047619 0.6857687498452012 0.640398436904762 0.6912093752321982 0.6397937499999999 0.6935 0.638582811904762 0.6989406247678019 0.630709375 0.7032359374613002 0.623442188095238 0.7063859374613003 0.623442188095238 0.7132578123839008 0.623442188095238 0.71555 0.6228374999999999 0.7192718749226007 0.614964063095238 0.7238531250773994 0.602853125 0.7232812501547987 0.591346875 0.7201312501547987 0.579234375 0.7161218749226006 0.573784375 0.7106812501547988 0.5725734369047619 0.710967187616099 0.58286875 0.7132578123839008 0.592557813095238 0.7138312501547988 0.605275 0.7121125003095975 0.61133125 0.7061 0.614964063095238 0.7026640625386997 0.613148438095238 0.6986546873065016 0.608909375 0.6955046873065016 0.6022468750000001 0.6900640625386997 0.5919531250000001
7 0.676892187616099 0.621626563095238 0.6777500000000001 0.6319203130952382 0.6783234377708979 0.6391875 0.6748875003095975 0.6500890630952381 0.6700187498452013 0.655539061904762 0.6640062501547989 0.6531171880952381 0.6608562501547988 0.6525109380952381 0.6642921876160991 0.660382813095238 0.6700187498452013 0.665228125 0.6780375003095975 0.6676500000000001 0.6814734377708979 0.66280625 0.6851953126934984 0.65735625 0.6874859374613003 0.647665625 0.6866281250773995 0.637371875 0.6829046873065014 0.62889375 0.6794687498452012 0.623442188095238 0.676892187616099 0.621626563095238
9 0.5757671876160991 0.69333125 0.56765 0.60965 0.5625781250773993 0.6107234369047619 0.5757671876160991 0.69333125
9 0.5321406247678019 0.6343249999999999 0.5255453126934985 0.6407625 0.5392421876160991 0.726589061904762 0.5321406247678019 0.6343249999999999
7 0.5199656247678018 0.728734375 0.5194578123839009 0.7523375 0.5250374996904025 0.779157811904762 0.5306187498452013 0.79525 0.5422859374613003 0.810270311904762 0.5534468749226006 0.810270311904762 0.5610562501547988 0.79203125 0.5651140625386997 0.7737937500000001 0.5569968749226006 0.7394625 0.5493875003095975 0.7147875 0.5473593752321981 0.7308796869047619 0.5463437498452012 0.7448265630952381 0.5433 0.7577015630952382 0.5387343752321981 0.7652109369047619 0.5331546873065015 0.761992188095238 0.5306187498452013 0.7512640630952381 0.5280812501547988 0.728734375 0.5240234377708979 0.713715625 0.5199656247678018 0.728734375
2 0.45604687492260065 0.5270421880952381 0.45401718761609905 0.5291875 0.4590906247678019 0.577465625 0.4636562501547988 0.5667375 0.4621343752321982 0.549571875 0.45959687492260065 0.533479688095238 0.45604687492260065 0.5270421880952381
2 0.385025 0.5163140619047619 0.3860390625386997 0.559228125 0.39517031269349845 0.5721015630952381 0.4002437498452012 0.548498436904762 0.409375 0.534553125 0.4134328123839009 0.5130953119047619 0.4114046873065016 0.506659375 0.40734531269349844 0.508804688095238 0.4002437498452012 0.500221875 0.3936484377708978 0.5045125 0.385025 0.5163140619047619
0 0.417492187616099 0.543134375 0.417492187616099 0.5195328119047619 0.4119109374613003 0.5248968749999999 0.4048093752321982 0.546353125 0.40125781238390096 0.55708125 0.4108968749226006 0.575320311904762 0.41394062476780186 0.5688828119047619 0.417492187616099 0.543134375
10 0.33835468730650153 0.608578125 0.3337890625386997 0.6353984369047619 0.3373390625386997 0.6472 0.34444218761609907 0.6386171869047619 0.35357343777089784 0.6193062500000001 0.3550953126934984 0.6343249999999999 0.36371874984520125 0.642907813095238 0.37183593746130034 0.6439812500000001 0.37640156222910215 0.6407625 0.38401093746130033 0.620378125 0.3895906247678018 0.608578125 0.3890828123839009 0.5796109380952381 0.37995156222910215 0.577465625 0.36980625015479873 0.5688828119047619 0.3591531250773994 0.559228125 0.35154374984520126 0.5560093749999999 0.3429203126934985 0.5656640619047619 0.3312515622291022 0.571028125 0.32871562476780186 0.5860484380952381 0.33632500000000004 0.5967765630952381 0.33835468730650153 0.608578125
10 0.2779859374613003 0.6482718749999999 0.2881328123839009 0.645054686904762 0.2962484377708979 0.6386171869047619 0.3033515622291022 0.6257437499999999 0.3129890625386997 0.6042859380952381 0.3216140625386997 0.58819375 0.311975 0.573175 0.29929218761609905 0.5560093749999999 0.27545 0.531334375 0.2693625003095975 0.533479688095238 0.26023125015479875 0.5560093749999999 0.2571874996904025 0.582829688095238 0.2582015622291022 0.6150140619047619 0.2724062501547988 0.6386171869047619 0.2779859374613003 0.6482718749999999
7 0.2627671876160991 0.5667375 0.2582015622291022 0.5667375 0.2505921876160991 0.575320311904762 0.2500859374613003 0.5924859369047619 0.25414374984520127 0.6332531250000001 0.2627671876160991 0.651490625 0.26631874984520126 0.654709375 0.28255156222910216 0.669729686904762 0.28965468730650157 0.6600734380952381 0.2962484377708979 0.6493453130952381 0.29777031269349846 0.6321796880952381 0.28356718761609906 0.6472 0.2774796873065016 0.6332531250000001 0.2861031250773994 0.5999953119047619 0.2779859374613003 0.61286875 0.27189843777089784 0.624670311904762 0.26682656222910217 0.6214515619047619 0.2607390625386997 0.6032140630952381 0.25972343777089785 0.582829688095238 0.2627671876160991 0.5667375
10 0.4107025808049536 0.6522923345238095 0.4119741058823529 0.7234977345238096 0.4278681684210526 0.7184116345238095 0.43168274365325077 0.6923453726190476 0.43676884334365323 0.5957094702380953 0.43231850588235293 0.5810869333333333 0.4278681684210526 0.5753650702380952 0.42278206811145513 0.5747293083333334 0.41642444334365325 0.5785438833333333 0.4113383430340557 0.5829942202380952 0.4119741058823529 0.5918948952380952 0.41260986811145517 0.5944379452380952 0.4107025808049536 0.6522923345238095
10 0.44757680619195045 0.7209546845238095 0.45774900619195047 0.7336699357142857 0.46728544396284827 0.7165043476190476 0.46092781857585136 0.6192326833333333 0.4552059560371517 0.5728220202380953 0.44948409349845203 0.5709147333333333 0.44630528111455114 0.5766365952380952 0.4424907058823529 0.5817226952380953 0.4399476563467492 0.5868087952380953 0.43676884334365323 0.5976167583333334 0.43676884334365323 0.5988882833333333 0.44757680619195045 0.7209546845238095
7 0.4325673108359133 0.6813452571428571 0.4325673108359133 0.6863125369047619 0.4304976105263158 0.6970749773809525 0.4300836705882353 0.7099071178571429 0.4292557907120743 0.7185998583333333 0.4317394309597523 0.7243950178571428 0.4342230705882353 0.7289483583333334 0.43629277089783286 0.7322598785714286 0.43919035108359133 0.735985338095238 0.44250187120743034 0.7376410988095238 0.44746915108359137 0.7384689785714286 0.4540921913312693 0.7388829178571429 0.45492007120743033 0.7281204785714286 0.45119461114551085 0.7194277380952381 0.44746915108359137 0.7086652976190476 0.4462273312693499 0.6970749773809525 0.4433297510835913 0.6867264773809524 0.4416739907120743 0.6772058571428572 0.4404321708978328 0.6689270571428572 0.43463701052631576 0.6701688761904763 0.4329812507739938 0.678033736904762 0.4325673108359133 0.6813452571428571
7 0.4718916117647059 0.7169440976190475 0.4731334315789474 0.7198416773809524 0.4747891919504644 0.7223253178571429 0.47685889164086687 0.7235671380952381 0.48141223219814244 0.7231531976190476 0.48803527244582046 0.7190137976190476 0.49507225263157895 0.7165301583333332 0.4987977126934985 0.7107349976190476 0.5004534724458204 0.7070095380952381 0.4996255925696595 0.7024561976190477 0.4867934520123839 0.696661036904762 0.47603101176470586 0.6970749773809525 0.4747891919504644 0.7008004369047619 0.4702358520123839 0.7036980178571428 0.4702358520123839 0.7070095380952381 0.4689940315789473 0.7045258976190476 0.4694079715170279 0.7074234773809523 0.47147767182662537 0.7132186380952381 0.4718916117647059 0.7169440976190475
10 0.5186718 0.5938308416666667 0.5216483956656347 0.6637808404761905 0.5395079702786378 0.752334561904762 0.5476936080495356 0.7374515833333334 0.5454611616099071 0.5849010547619048 0.5409962681114551 0.5715063738095238 0.5283457362229103 0.5767154166666667 0.5201600978328174 0.5841569059523809 0.5186718 0.5938308416666667
25 0.5767154160990712 0.5990398845238095 0.5715063739938081 0.5908542464285714 0.5700180761609908 0.5782037142857143 0.5767154160990712 0.5551350976190477 0.5700180761609908 0.5365313738095238 0.5603441399380805 0.5380196726190476 0.5447170123839009 0.540252119047619 0.5447170123839009 0.5841569059523809 0.5484377572755418 0.5968074369047619 0.5543909486068112 0.604993075 0.5662973312693499 0.6079696714285714 0.5707622247678018 0.6079696714285714 0.5767154160990712 0.5990398845238095
10 0.6600600959752322 0.6548510535714286 0.64592126625387 0.6161553095238096 0.6369914792569659 0.5968074369047619 0.6340148835913313 0.5729946714285714 0.6273175430340557 0.5610882892857143 0.597551586377709 0.5715063738095238 0.6235967987616099 0.639968075 0.6317824365325078 0.648897861904762 0.6436888191950464 0.6645249892857144 0.6518744575851393 0.6682457345238095 0.6600600959752322 0.6667574357142857 0.6593159467492261 0.6593159464285714 0.6600600959752322 0.6548510535714286
10 0.6451771170278637 0.6161553095238096 0.6466654148606812 0.6221085011904762 0.6481537133126934 0.6332707345238094 0.6630366916408669 0.6503861595238095 0.6771755213622291 0.6429446702380953 0.6570835003095976 0.6035047773809523 0.6555952024767803 0.5953191392857143 0.6615483938080495 0.6020164797619048 0.6652691380804954 0.6131787130952381 0.6801521170278637 0.6295499904761905 0.689826052631579 0.6191319047619047 0.6890819040247679 0.6087138202380953 0.6861053083591332 0.601272330952381 0.681640414860681 0.5789478630952382 0.6875936061919505 0.5871335011904761 0.6920584996904025 0.5975515857142857 0.7032207331269349 0.6087138202380953 0.7173595628482972 0.6124345642857142 0.7069414780185759 0.5543909488095238 0.6980116910216718 0.5380196726190476 0.6928026482972137 0.5350430761904762 0.681640414860681 0.5424845654761905 0.676431372136223 0.5484377571428571 0.6719664786377708 0.5521585011904762 0.6660132873065016 0.5551350976190477 0.6555952024767803 0.5595999904761905 0.6474095640866874 0.5588558416666667 0.6369914792569659 0.557367544047619 0.632526585758514 0.5588558416666667 0.6295499900928793 0.5610882892857143 0.6288058408668731 0.5640648845238095 0.6295499900928793 0.570762225 0.6317824365325078 0.5767154166666667 0.6362473300309598 0.5953191392857143 0.6407122235294117 0.604993075 0.642200521362229 0.610202117857143 0.6451771170278637 0.6161553095238096
10 0.6273175430340557 0.3743069083333333 0.6355031814241486 0.34082020714285716 0.6392239256965944 0.32593722857142854 0.6436888191950464 0.3125425476190476 0.6488978619195046 0.2946829738095238 0.64592126625387 0.2842648892857143 0.6399680749226005 0.28128829285714285 0.6317824365325078 0.28203244285714285 0.6280616922600619 0.2924505273809524 0.6280616922600619 0.28724148452380954 0.6295499900928793 0.27310265476190476 0.6250850965944272 0.2641728678571429 0.6064813733746129 0.28128829285714285 0.602016479876161 0.2924505273809524 0.597551586377709 0.30286861190476194 0.593086692879257 0.3222164845238096 0.5811803095975232 0.3445409523809524 0.5834127566563467 0.35867978095238096 0.5908542458204334 0.3646329726190476 0.6072255219814241 0.38100424880952377 0.615411160371517 0.3839808452380952 0.6258292452012384 0.3817483976190476 0.6273175430340557 0.3743069083333333
10 0.430862227244582 0.35942393095238095 0.4167233975232198 0.27310265476190476 0.4040728656346749 0.24631329404761904 0.39886382352941174 0.24928988928571427 0.39811967430340556 0.2611962726190476 0.3943989300309597 0.3609122285714286 0.3943989300309597 0.3795159511904762 0.39811967430340556 0.3958872273809524 0.41151435479876164 0.40109627023809524 0.4167233975232198 0.401840419047619 0.430862227244582 0.35942393095238095
25 0.4286297801857585 0.34900584523809525 0.4286297801857585 0.37281861071428574 0.4316063758513932 0.39737552499999995 0.430862227244582 0.42044414166666666 0.4472335034055728 0.45467499285714286 0.4502100990712074 0.4182116952380952 0.4412803120743034 0.3296579738095238 0.4405361628482972 0.3296579738095238 0.43383882291021675 0.3296579738095238 0.4286297801857585 0.34900584523809525
10 0.47699946068111454 0.41225850357142857 0.47625531145510835 0.3088218035714286 0.4710462693498452 0.2701260595238095 0.4591398860681114 0.2783116976190476 0.45467499256965943 0.29542712261904763 0.4576515882352941 0.39439892976190477 0.461372333126935 0.41672339761904764 0.46509307739938077 0.4226765892857143 0.47625531145510835 0.41895584404761904 0.47699946068111454 0.41225850357142857
