2 0.2184484377708978 0.53148125 0.2189 0.5464328119047619 0.2229640625386997 0.5505859380952381 0.22928437523219813 0.5630453119047619 0.23515468730650155 0.5580625 0.2446359374613003 0.5688609380952381 0.25637656222910216 0.57384375 0.26134218761609906 0.5671984369047619 0.26901874984520124 0.52234375 0.2649546873065015 0.5082234369047619 0.25998750030959755 0.49659375 0.2536671876160991 0.49077968690476187 0.2455390625386997 0.497425 0.23515468730650155 0.4990859380952381 0.2252218749226006 0.503239061904762 0.21935156222910215 0.51486875 0.2184484377708978 0.53148125
9 0.2600656247678019 0.49071718809523807 0.2768578123839009 0.4172640619047619 0.2526031250773994 0.4886578119047619 0.2600656247678019 0.49071718809523807
9 0.2511109374613003 0.4865984369047619 0.2574546873065015 0.4742421869047619 0.2589468749226006 0.46119843690476187 0.2589468749226006 0.4447234369047619 0.26267812507739935 0.4172640619047619 0.2712609374613003 0.3980421869047619 0.26267812507739935 0.40559375000000003 0.25596093746130033 0.43923125 0.2511109374613003 0.4865984369047619
2 0.3086718749226006 0.5587484369047618 0.3062046873065016 0.5587484369047618 0.30281250030959755 0.563853125 0.30096250030959754 0.566690625 0.2954109374613003 0.5700953130952381 0.29078437523219813 0.5700953130952381 0.28677656222910214 0.567825 0.2843093752321982 0.5627187499999999 0.2806078123839009 0.5621515630952381 0.27783281238390095 0.563853125 0.27536562476780185 0.5621515630952381 0.2710484377708978 0.5627187499999999 0.2673468749226006 0.571229686904762 0.2688890625386997 0.5780375 0.27320625015479877 0.582009375 0.27629062476780186 0.583710936904762 0.2818421876160991 0.5882499999999999 0.28708437523219815 0.591085938095238 0.29109374984520126 0.59051875 0.3006531250773994 0.5927875 0.30805468730650154 0.589384375 0.3123718749226006 0.5859796880952381 0.3157640625386997 0.5825765619047619 0.3154562501547988 0.5752 0.3154562501547988 0.563853125 0.3142218749226006 0.554209375 0.3105218749226006 0.5496703119047619 0.3086718749226006 0.5587484369047618
2 0.3154562501547988 0.595625 0.31854062476780187 0.60073125 0.32193281238390087 0.60073125 0.327792187616099 0.6012984380952381 0.3333421876160991 0.6001640619047619 0.3382765622291022 0.6001640619047619 0.34444531269349843 0.596192186904762 0.3429031250773994 0.586546875 0.3351937498452012 0.5786046880952381 0.33550156222910216 0.56555625 0.3333421876160991 0.549103125 0.325325 0.5434296880952381 0.31668906253869966 0.5456984369047619 0.3139140625386997 0.563853125 0.3132968749226006 0.5831437500000001 0.3154562501547988 0.595625
2 0.6651687498452012 0.561584375 0.6599265622291022 0.56045 0.6562265622291023 0.567825 0.6553015622291022 0.5808734380952382 0.6611609374613003 0.5888171880952381 0.6654781250773995 0.5888171880952381 0.6734953126934985 0.589384375 0.6805890625386997 0.5848453119047619 0.6855234377708977 0.5848453119047619 0.692 0.5780375 0.694157812383901 0.571229686904762 0.6907656247678018 0.5610171869047619 0.6864484377708978 0.559315625 0.6815140625386997 0.5627187499999999 0.6771968749226006 0.5649890630952381 0.6734953126934985 0.5610171869047619 0.6694875003095975 0.5632859380952381 0.6670203126934985 0.567257813095238 0.6651687498452012 0.561584375
0 0.6935406247678019 0.546265625 0.692925 0.5371890619047619 0.6907656247678018 0.528678125 0.6858312501547987 0.536621875 0.6879906247678019 0.547401561904762 0.692925 0.5496703119047619 0.6935406247678019 0.546265625
0 0.7021765622291022 0.5445640630952381 0.7021765622291022 0.53775625 0.7012515622291022 0.525275 0.6963171876160991 0.5230046869047619 0.696007812383901 0.536621875 0.6978593752321982 0.54796875 0.7021765622291022 0.5445640630952381
0 0.7295015622291022 0.634757813095238 0.7285765622291022 0.622276563095238 0.7276515622291022 0.6171703130952381 0.7251843752321981 0.6251125000000001 0.7233343752321981 0.63305625 0.7258015622291022 0.6427015619047619 0.7276515622291022 0.653479686904762 0.7304265622291021 0.661990625 0.7313515622291022 0.647239063095238 0.7295015622291022 0.634757813095238
0 0.6810843752321981 0.65064375 0.6764593752321981 0.651778125 0.6810843752321981 0.6614234369047619 0.6835515622291021 0.6670968749999999 0.6878687498452012 0.674471875 0.6875609374613003 0.6705 0.6887937498452013 0.663125 0.6866359374613002 0.6540468749999999 0.6810843752321981 0.65064375
2 0.6912609374613004 0.6279499999999999 0.6961953126934985 0.634757813095238 0.7026718749226006 0.6319218750000001 0.7091484377708979 0.6177374999999999 0.7143906247678019 0.6080921869047619 0.7153156247678017 0.599015625 0.7032890625386997 0.5995828130952381 0.6998968749226006 0.601284375 0.6952703126934984 0.60241875 0.6912609374613004 0.604121875 0.6817015622291022 0.609228125 0.6783093752321981 0.6131984380952381 0.6844765622291022 0.626815625 0.6912609374613004 0.6279499999999999
2 0.6354437498452012 0.622276563095238 0.625575 0.6256812500000001 0.6261921876160991 0.634757813095238 0.6320515622291022 0.6364593749999999 0.6332843752321982 0.641565625 0.6372937498452012 0.6461046880952381 0.6388359374613003 0.648375 0.6428437498452012 0.6461046880952381 0.6456203126934985 0.6478062499999999 0.6477781250773994 0.6551828119047619 0.6508625003095975 0.65064375 0.6505546873065016 0.64043125 0.6619640625386998 0.6307859369047619 0.6616562501547988 0.6097953119047619 0.6536374996904024 0.6109296880952381 0.6459281250773994 0.621142186904762 0.6440781250773994 0.614901563095238 0.6354437498452012 0.622276563095238
0 0.34679062476780187 0.66823125 0.35110781238390093 0.6551828119047619 0.35203281238390094 0.649509375 0.3461734377708978 0.6478062499999999 0.3430906247678019 0.6489421869047619 0.33877343777089786 0.6540468749999999 0.3375390625386997 0.6642593750000001 0.3393890625386997 0.67560625 0.3412390625386997 0.6790109369047619 0.34679062476780187 0.66823125
0 0.2937484377708978 0.6551828119047619 0.29467343777089783 0.677876563095238 0.29744843777089786 0.6937609380952381 0.30238281238390097 0.6994343749999999 0.3070093752321981 0.6937609380952381 0.3150265622291022 0.6863859380952381 0.3184187498452012 0.6807124999999999 0.3211937498452012 0.669365625 0.31872812507739934 0.663125 0.31040156222910215 0.6614234369047619 0.30114843777089784 0.653479686904762 0.29652343777089785 0.646671875 0.2922062501547988 0.644970311904762 0.2937484377708978 0.6551828119047619
2 0.3033078123839009 0.6563171880952381 0.3070093752321981 0.6580187500000001 0.31348437523219813 0.661990625 0.31780156222910216 0.658585938095238 0.3236609374613003 0.656884375 0.3282875003095975 0.649509375 0.3350718749226006 0.6438359380952381 0.34494062476780185 0.634757813095238 0.3375390625386997 0.6302187499999999 0.3279796873065015 0.634757813095238 0.31440937523219814 0.635325 0.30577499999999996 0.6279499999999999 0.30238281238390097 0.629084375 0.29960781238390094 0.648375 0.3033078123839009 0.6563171880952381
2 0.2533484377708978 0.6313546869047619 0.2632171876160991 0.63305625 0.27431874984520127 0.6375953119047619 0.27925312507739936 0.634757813095238 0.28233749969040245 0.6313546869047619 0.28788906253869967 0.627382811904762 0.2900468749226006 0.6200078130952381 0.28572968730650156 0.614901563095238 0.27308593746130033 0.6086609380952381 0.2696937498452012 0.601284375 0.2641421876160991 0.599015625 0.26044218761609905 0.60525625 0.24964843777089785 0.6029875 0.24964843777089785 0.622276563095238 0.2533484377708978 0.6313546869047619
13 0.44661458328173376 0.7174479166666666 0.5299479164086688 0.7265625 0.567708333126935 0.7291666666666666 0.6914062501547988 0.69140625 0.7369791665634675 0.6653645833333334 0.723958333126935 0.6510416666666666 0.6536458334365325 0.6901041666666666 0.6080729164086688 0.7044270833333334 0.5455729164086688 0.7096354166666666 0.49609374984520127 0.7109375 0.4375 0.70703125 0.3736979164086688 0.6927083333333334 0.3619791665634675 0.6901041666666666 0.2773437498452012 0.6731770833333334 0.23046874984520122 0.6614583333333334 0.23046874984520122 0.6731770833333334 0.35026041671826624 0.7083333333333334 0.44661458328173376 0.7174479166666666
13 0.23307291640866873 0.4895833333333333 0.27213541671826624 0.5091145833333334 0.30208333312693497 0.5234375 0.338541666873065 0.5338541666666666 0.38671874984520127 0.5403645833333334 0.41406249969040243 0.5403645833333334 0.44531249969040243 0.5442708333333334 0.5221354167182662 0.546875 0.5690104167182662 0.5377604166666666 0.6080729164086688 0.5299479166666666 0.6393229164086687 0.5247395833333334 0.7213541665634675 0.4973958333333333 0.7226562501547988 0.484375 0.71875 0.4765625 0.6783854167182664 0.4908854166666667 0.5911458334365325 0.5182291666666666 0.5703125003095976 0.5247395833333334 0.5091145832817338 0.52734375 0.45963541671826624 0.52734375 0.385416666873065 0.5247395833333334 0.3098958334365325 0.5130208333333334 0.23307291640866873 0.4791666666666667 0.23307291640866873 0.4895833333333333
11 0.2942708334365325 0.3658854166666667 0.2617187498452012 0.3307291666666667 0.18880208359133127 0.37890625 0.21484374984520122 0.46875 0.3164062501547988 0.3984375 0.2942708334365325 0.3658854166666667
11 0.7617187498452012 0.3763020833333333 0.6835937498452012 0.3072916666666667 0.6575520835913313 0.39453125 0.739583333126935 0.4609375 0.7317708334365325 0.4596354166666667 0.744791666873065 0.4622395833333333 0.7617187498452012 0.3763020833333333
11 0.135416666873065 0.7330729166666666 0.20442708359133127 0.71875 0.24348958328173376 0.6966145833333334 0.2057291665634675 0.6106770833333334 0.12239583343653251 0.6875 0.135416666873065 0.7330729166666666
