0 0.22780312507739936 0.510409375 0.22830468730650152 0.4984171880952381 0.22730156222910217 0.4882703130952381 0.22428906253869968 0.4725875 0.21726093746130032 0.487346875 0.21625625015479877 0.5076421880952381 0.21374687492260064 0.533471875 0.22027343777089783 0.5279375 0.22579531269349845 0.5205578119047619 0.22780312507739936 0.510409375
0 0.2483859374613003 0.4772 0.24085625015479875 0.487346875 0.23734218761609907 0.4938046880952381 0.23432968730650156 0.5039515630952381 0.23533281238390094 0.5141 0.23834531269349846 0.5187125 0.24336562476780185 0.5279375 0.2483859374613003 0.5362390619047619 0.2554140625386997 0.542696875 0.257925 0.542696875 0.26093593746130034 0.529782811904762 0.26043437523219815 0.510409375 0.26244218761609905 0.4910375 0.26194062476780183 0.4725875 0.257925 0.4652078130952381 0.2483859374613003 0.4772
2 0.34878906253869973 0.524246875 0.3422640625386997 0.5251703119047619 0.33875 0.5353171880952381 0.33975312507739935 0.5528453130952381 0.3427656247678018 0.5712953130952381 0.3518015622291022 0.5740624999999999 0.3548140625386997 0.567604686904762 0.3523031250773994 0.5482328130952381 0.34878906253869973 0.524246875
2 0.4100359374613003 0.5362390619047619 0.4080281250773994 0.528859375 0.4020031250773994 0.5279375 0.39949374984520125 0.534395311904762 0.39698281238390093 0.5436203119047619 0.3924656247678019 0.5463875 0.39095937523219815 0.541775 0.3904578123839009 0.5279375 0.38995468730650157 0.5141 0.38744531269349847 0.49565 0.38242499999999996 0.49565 0.37790625015479873 0.5002625 0.37639999999999996 0.5094875 0.3758984377708978 0.5177890630952381 0.37840937523219814 0.533471875 0.37840937523219814 0.5463875 0.3794125003095975 0.5593015619047619 0.3819234377708978 0.56945 0.38694374984520125 0.5712953130952381 0.39095937523219815 0.56945 0.39698281238390093 0.567604686904762 0.3984890625386997 0.574984375 0.40300781238390093 0.5740624999999999 0.4065218749226006 0.565759375 0.4085296873065015 0.560225 0.4100359374613003 0.5482328130952381 0.4100359374613003 0.5362390619047619
1 0.4326265622291022 0.5832875 0.4356390625386997 0.566682813095238 0.4376468749226006 0.542696875 0.4301171876160991 0.529782811904762 0.4210796873065015 0.519634375 0.4120437498452012 0.522401561904762 0.40903125015479874 0.5371625 0.4085296873065015 0.5731390630952381 0.4105375003095975 0.5915890630952381 0.42057812507739933 0.5943578119047619 0.4291124996904025 0.5925125 0.4326265622291022 0.5832875
9 0.417375 0.4143734380952381 0.40938906253869967 0.379815625 0.4163437498452013 0.4342546869047619 0.4160859374613003 0.45603125000000005 0.41995 0.4574515630952381 0.417375 0.4143734380952381
0 0.45034843777089784 0.570590625 0.452925 0.5776921869047619 0.4567890625386997 0.5810046880952381 0.45807812507739937 0.5748515619047619 0.45653125015479873 0.5644359369047619 0.45421406253869967 0.555442188095238 0.45086406253869965 0.56254375 0.45034843777089784 0.570590625
0 0.5420593752321982 0.5587562500000001 0.5436062501547987 0.5658562500000001 0.5454093752321981 0.5701171880952381 0.5472124996904025 0.5710640619047619 0.5466968749226006 0.5568625 0.5446359374613003 0.5436078119047619 0.5418031250773994 0.552128125 0.5420593752321982 0.5587562500000001
2 0.6257843752321981 0.5275125 0.6216624996904024 0.530353125 0.620375 0.537453125 0.620375 0.5440812500000001 0.6196015622291021 0.5511812500000001 0.6170265622291021 0.553075 0.6129046873065015 0.5511812500000001 0.6105859374613003 0.5473953130952381 0.6095546873065015 0.5417140619047619 0.605175 0.5398203130952381 0.6013109374613003 0.5417140619047619 0.5989921876160991 0.548342188095238 0.5984781250773994 0.5582828119047619 0.6007968749226007 0.56964375 0.604917187616099 0.5767453130952381 0.608782812383901 0.5828984369047618 0.6136765622291022 0.5895265630952381 0.6196015622291021 0.59189375 0.6260421876160991 0.5885796869047619 0.6301640625386997 0.583371875 0.6309375003095975 0.5682234380952381 0.6317093752321982 0.5573359380952381 0.6306796873065015 0.543134375 0.6314515622291021 0.5360328119047619 0.6283609374613003 0.528459375 0.6257843752321981 0.5275125
2 0.6806562501547987 0.568696875 0.6744734377708979 0.5682234380952381 0.6703515622291021 0.5663296880952381 0.6641687498452012 0.563017188095238 0.6605625003095975 0.560176561904762 0.6530921876160991 0.5592296869047618 0.6476812501547987 0.5592296869047618 0.647167187616099 0.55496875 0.6461359374613003 0.546921875 0.6463937498452011 0.5417140619047619 0.6448484377708978 0.534140625 0.6417562501547988 0.53319375 0.6384078123839009 0.5369796869047618 0.6335124996904025 0.5417140619047619 0.6317093752321982 0.5464484369047619 0.6324828123839009 0.5516546880952381 0.6335124996904025 0.5582828119047619 0.6348015622291022 0.568696875 0.6353171876160991 0.575325 0.6378921876160991 0.5824250000000001 0.6391812501547988 0.5824250000000001 0.6445906247678018 0.583371875 0.6512890625386998 0.5866859369047619 0.655925 0.5871593749999999 0.6626234377708979 0.5828984369047618 0.6706093752321982 0.58431875 0.6760203126934985 0.581478125 0.6796265622291022 0.576271875 0.6806562501547987 0.568696875
2 0.7316640625386998 0.5421875 0.7308921876160991 0.54029375 0.727542187616099 0.532246875 0.7247093752321981 0.52940625 0.721617187616099 0.5279859380952381 0.7187843752321981 0.5279859380952381 0.7156921876160991 0.5260921880952381 0.7118281250773993 0.52183125 0.7084796873065015 0.5170984369047619 0.7053874996904025 0.5152046869047618 0.6999781250773994 0.517571875 0.6963718749226007 0.519465625 0.6948249999999999 0.52561875 0.6930218749226007 0.5298796869047618 0.6899312501547987 0.528459375 0.6845203126934984 0.5213578119047619 0.6840062501547988 0.5298796869047618 0.6834906247678019 0.5360328119047619 0.6824593752321981 0.545028125 0.6845203126934984 0.555915625 0.6863234377708979 0.5658562500000001 0.6894156247678019 0.56964375 0.6940531250773994 0.5729578119047619 0.6986890625386997 0.5715375 0.7041 0.5644359369047619 0.7074484377708978 0.560176561904762 0.7120859374613003 0.5573359380952381 0.7182687498452012 0.554021875 0.7249656247678019 0.5511812500000001 0.7326953126934985 0.545975 0.7316640625386998 0.5421875
2 0.6847781250773994 0.6344984369047619 0.6886421876160991 0.641125 0.6927640625386997 0.6453859380952381 0.698432812383901 0.645859375 0.7020390625386996 0.6425453119047619 0.7046140625386996 0.6363921880952381 0.7046140625386996 0.629290625 0.7028109374613003 0.6193500000000001 0.7061609374613004 0.6236093749999999 0.7105406247678019 0.631184375 0.7149187498452012 0.638757813095238 0.7208437498452012 0.641125 0.7249656247678019 0.6378125 0.7254812501547988 0.62645 0.7239359374613004 0.6174562499999999 0.7211015622291022 0.6084625 0.7167234377708979 0.59520625 0.7138890625386997 0.5942593749999999 0.7102828123839009 0.5942593749999999 0.7043578123839009 0.5947328130952381 0.7012656247678019 0.5971000000000001 0.6963718749226007 0.6008875 0.6912187498452013 0.607515625 0.6809140625386997 0.611775 0.6729281250773994 0.6202968750000001 0.6747312501547987 0.6217171880952381 0.6778234377708979 0.625503125 0.6824593752321981 0.631657811904762 0.6847781250773994 0.6344984369047619
0 0.7205874996904025 0.650120313095238 0.7262546873065016 0.6472796880952381 0.7280578123839009 0.645859375 0.7288312501547988 0.6397046869047619 0.7293453126934984 0.63591875 0.7280578123839009 0.6326046880952381 0.7257390625386998 0.6307109369047619 0.7252234377708978 0.637339061904762 0.7229046873065016 0.6425453119047619 0.7180109374613003 0.641125 0.7169796873065016 0.6468062499999999 0.7205874996904025 0.650120313095238
2 0.6072359374613003 0.624082813095238 0.5979625003095975 0.6184031249999999 0.5938406247678019 0.622190625 0.5912640625386997 0.6302375 0.5938406247678019 0.6340250000000001 0.5959015622291022 0.6378125 0.5982203126934985 0.641125 0.6015687498452013 0.6430187500000001 0.6077515622291022 0.643492186904762 0.6121312501547987 0.645859375 0.6147078123839009 0.6491734369047619 0.6167687498452012 0.65390625 0.6188296873065016 0.6600609380952381 0.6226937498452012 0.663375 0.6250124996904024 0.66526875 0.6257843752321981 0.6557999999999999 0.6252687498452012 0.6363921880952381 0.6211484377708978 0.629290625 0.6141921876160991 0.62455625 0.6072359374613003 0.624082813095238
0 0.5884312501547988 0.6449125 0.5848234377708978 0.6491734369047619 0.5835359374613003 0.65390625 0.5840515622291022 0.66148125 0.5858546873065015 0.665742186904762 0.5892031250773994 0.670001561904762 0.5912640625386997 0.673315625 0.5904921876160991 0.659114063095238 0.5884312501547988 0.6449125
2 0.4106765622291022 0.624082813095238 0.39908437523219814 0.622664061904762 0.39676562476780186 0.629290625 0.3949625003095975 0.645859375 0.3918703126934984 0.6638484369047619 0.39341562476780184 0.6690546869047619 0.39856874984520124 0.6723687500000001 0.4037203126934984 0.675682811904762 0.40835781238390095 0.673789063095238 0.40784218761609903 0.6624281249999999 0.40835781238390095 0.6524875 0.4106765622291022 0.646332811904762 0.4117062501547987 0.640178125 0.41454062476780185 0.6378125 0.4171171876160991 0.6397046869047619 0.4202078123839009 0.6491734369047619 0.4230421876160991 0.645859375 0.4258765622291022 0.635445313095238 0.417375 0.6259765619047618 0.4106765622291022 0.624082813095238
2 0.37486874984520124 0.6524875 0.3730640625386997 0.670001561904762 0.37486874984520124 0.6742625 0.37718593746130036 0.67615625 0.3797625003095975 0.6742625 0.3841421876160991 0.671421875 0.38955156222910214 0.665742186904762 0.390325 0.656746875 0.3910984377708978 0.6482265630952381 0.39625 0.6326046880952381 0.3936734377708978 0.624082813095238 0.3880062501547987 0.6155625 0.38053593746130027 0.614142186904762 0.3746109374613003 0.613195311904762 0.37177656222910216 0.622664061904762 0.375125 0.636865625 0.37486874984520124 0.6524875
9 0.3831125003095975 0.7755671869047619 0.390325 0.7528453119047618 0.3957343752321981 0.7324890630952381 0.4006296873065015 0.705979688095238 0.40475156222910214 0.6794703130952381 0.39805312507739943 0.675209375 0.39341562476780184 0.7168671869047619 0.38903750030959755 0.7414828119047618 0.38182343777089783 0.7684671880952381 0.3712609374613003 0.800184375 0.3831125003095975 0.7755671869047619
9 0.3686859374613003 0.720654688095238 0.3738374996904025 0.692251563095238 0.3789906247678018 0.67615625 0.3730640625386997 0.671421875 0.3648218749226006 0.720654688095238 0.35735000000000006 0.774146875 0.3521984377708978 0.7949765630952381 0.3588953126934985 0.783615625 0.3643062501547988 0.7462171869047619 0.3686859374613003 0.720654688095238
0 0.37357968730650154 0.706453125 0.3746109374613003 0.6965125000000001 0.36894374984520123 0.6889375 0.3625031250773994 0.6870437500000001 0.35992656222910213 0.698878125 0.3581234377708979 0.7097671869047619 0.35992656222910213 0.7078734369047619 0.363017187616099 0.7074 0.36713906253869966 0.70929375 0.37357968730650154 0.706453125
6 0.2819010414860681 0.5592447916666666 0.2662760414860681 0.560546875 0.2571614582043344 0.5618489583333334 0.2623697919504644 0.5651041666666666 0.26757812507739936 0.5651041666666666 0.2786458334365325 0.5677083333333334 0.2845052080495356 0.5703125 0.2929687498452012 0.5709635416666666 0.2962239585139319 0.5716145833333334 0.3001302080495356 0.564453125 0.2897135417956656 0.5611979166666666 0.2819010414860681 0.5592447916666666
6 0.36718749969040243 0.5631510416666666 0.3626302080495356 0.5651041666666666 0.35156250030959757 0.5696614583333334 0.34375 0.5748697916666666 0.3600260414860681 0.5807291666666666 0.36653645820433434 0.580078125 0.369791666873065 0.5774739583333334 0.3730468749226006 0.5709635416666666 0.375 0.56640625 0.3736979164086688 0.55859375 0.3717447919504644 0.5611979166666666 0.36718749969040243 0.5631510416666666
6 0.5690104167182662 0.572265625 0.572916666873065 0.572265625 0.5904947919504644 0.5657552083333334 0.5924479164086688 0.5631510416666666 0.5944010414860681 0.5611979166666666 0.5924479164086688 0.5598958333333334 0.5865885417956657 0.556640625 0.5748697919504644 0.5572916666666666 0.5690104167182662 0.572265625
6 0.6282552080495356 0.6432291666666666 0.6256510414860681 0.6432291666666666 0.6334635417956657 0.6477864583333334 0.640625 0.6490885416666666 0.651041666873065 0.64453125 0.65625 0.640625 0.6634114582043344 0.63671875 0.666015624767802 0.6341145833333334 0.6601562501547988 0.6334635416666666 0.6399739585139319 0.6412760416666666 0.6282552080495356 0.6432291666666666
6 0.3125 0.6282552083333334 0.2845052080495356 0.6243489583333334 0.26432291640866873 0.62109375 0.2610677083591331 0.6282552083333334 0.2819010414860681 0.6360677083333334 0.3151041665634675 0.63671875 0.33463541671826624 0.638671875 0.35286458328173376 0.6354166666666666 0.36848958328173376 0.6223958333333334 0.33789062476780185 0.6282552083333334 0.3125 0.6282552083333334
25 0.4225260414860681 0.470703125 0.4212239585139319 0.4654947916666667 0.41796874984520127 0.4615885416666667 0.416666666873065 0.4615885416666667 0.41406250030959757 0.4641927083333333 0.41601562476780185 0.5110677083333334 0.4173177083591332 0.5162760416666666 0.4186197919504644 0.5208333333333334 0.4238281250773994 0.5221354166666666 0.4251302080495356 0.5221354166666666 0.4225260414860681 0.470703125
13 0.49414062476780185 0.7239583333333334 0.5449218749226006 0.7141927083333334 0.5891927083591332 0.70703125 0.635416666873065 0.7239583333333334 0.6725260414860681 0.7141927083333334 0.6894531250773994 0.6790364583333334 0.7382812501547988 0.6432291666666666 0.71875 0.61328125 0.6692708334365325 0.6477864583333334 0.5638020835913312 0.6588541666666666 0.4264322916408668 0.66015625 0.3580729164086688 0.640625 0.35546874984520127 0.708984375 0.4264322916408668 0.7076822916666666 0.49414062476780185 0.7239583333333334
13 0.21093750030959751 0.5338541666666666 0.3007812501547988 0.5572916666666666 0.385416666873065 0.5501302083333334 0.5091145832817338 0.552734375 0.6009114582043343 0.5436197916666666 0.6803385417956656 0.5325520833333334 0.734375 0.5104166666666666 0.7220052080495356 0.4713541666666667 0.6067708334365325 0.5045572916666666 0.5755208334365325 0.5052083333333334 0.5429687498452013 0.513671875 0.4368489585139319 0.5 0.3776041665634675 0.486328125 0.3313802080495356 0.498046875 0.28776041671826624 0.5130208333333334 0.2220052080495356 0.4720052083333333 0.21093750030959751 0.5338541666666666
