0 0.29021718761609905 0.53520625 0.29021718761609905 0.52010625 0.2873843752321981 0.5117734380952381 0.28455 0.51541875 0.28001562476780184 0.5221890630952382 0.27746562476780184 0.5320828130952381 0.2760484377708978 0.5430171869047619 0.2785984377708978 0.550828125 0.28115 0.5586390630952381 0.2854 0.5685328130952381 0.2893671876160991 0.5628046880952381 0.29021718761609905 0.548225 0.29021718761609905 0.53520625
1 0.29163437523219815 0.582071875 0.29985156222910214 0.5878 0.30948750030959754 0.5893625 0.32620625015479876 0.590403125 0.335275 0.5857171869047619 0.34009218761609905 0.5773859380952381 0.337825 0.5466625 0.33187343777089784 0.542496875 0.31657187492260064 0.5414546869047618 0.3032531250773994 0.5362484380952381 0.29730156222910215 0.53520625 0.2899343752321981 0.5404140619047619 0.2893671876160991 0.5570765630952381 0.2893671876160991 0.5773859380952381 0.29163437523219815 0.582071875
1 0.35766093746130034 0.60081875 0.37069687492260056 0.595090625 0.37579687492260067 0.5799890619047618 0.3766468749226006 0.553953125 0.3715468749226006 0.5445796869047619 0.3658781250773994 0.5461421869047619 0.35341093746130026 0.5466625 0.34349218761609907 0.5451 0.3381078123839009 0.55343125 0.33697499999999997 0.57946875 0.34009218761609905 0.5878 0.3488765622291022 0.59769375 0.35766093746130034 0.60081875
2 0.32167187492260063 0.5122953130952381 0.3162875003095975 0.51385625 0.31402031269349845 0.5065671869047619 0.31005312507739935 0.506045313095238 0.3069359374613003 0.5102109380952381 0.30637031269349846 0.5232296880952381 0.3077875003095975 0.5320828130952381 0.3029687498452012 0.5247921880952381 0.29871874984520125 0.5273953130952381 0.29418437523219815 0.5305203130952381 0.2944687498452012 0.5383312499999999 0.29475156222910215 0.5430171869047619 0.2958843752321981 0.548225 0.2984359374613003 0.55499375 0.30211874984520126 0.563325 0.3097703126934985 0.5690531249999999 0.31883906253869965 0.5695749999999999 0.3290406247678019 0.565409375 0.33442343777089784 0.5586390630952381 0.33640781238390094 0.5487453119047618 0.33385781238390094 0.53520625 0.33215781238390096 0.541976561904762 0.3273390625386997 0.5372890619047619 0.32535625015479874 0.529478125 0.32535625015479874 0.5175015630952381 0.32167187492260063 0.5122953130952381
2 0.3497265622291022 0.512815625 0.34944374984520127 0.526875 0.3497265622291022 0.53676875 0.34405937523219815 0.5372890619047619 0.34179218761609903 0.5456203119047619 0.342075 0.560721875 0.34292500000000004 0.5659296880952381 0.3449093752321981 0.5711359380952381 0.3474593752321981 0.57946875 0.3514265622291022 0.5841546869047619 0.36049531269349844 0.5878 0.36701250030959753 0.5742609380952381 0.3698468749226006 0.560721875 0.36786249969040247 0.548225 0.36927968730650157 0.5388515619047619 0.36531250030959755 0.5289578130952381 0.3644624996904025 0.51541875 0.3627624996904025 0.505525 0.35879374984520124 0.5024015619047619 0.35341093746130026 0.505525 0.3497265622291022 0.512815625
9 0.32507343777089787 0.463346875 0.3245062501547987 0.48417499999999997 0.32195625015479873 0.5039625 0.3205390625386997 0.5117734380952381 0.32563906253869973 0.514898438095238 0.32790625015479874 0.4873 0.32819062476780186 0.4654296880952381 0.32620625015479876 0.4539734380952381 0.32138906253869964 0.4430375 0.31912187492260063 0.44512031309523814 0.32507343777089787 0.463346875
9 0.31147031269349845 0.5018796869047619 0.3103375003095975 0.5065671869047619 0.31713749969040245 0.5091703130952381 0.31685468730650157 0.480009375 0.31713749969040245 0.45970156309523813 0.3162875003095975 0.4492875 0.31345468730650156 0.440434375 0.31005312507739935 0.451890625 0.3106203126934985 0.4768859369047619 0.31147031269349845 0.5018796869047619
9 0.30892031269349846 0.5008390619047619 0.3029687498452012 0.47532343690476186 0.29985156222910214 0.4555359380952381 0.3007031250773994 0.4446 0.29815156222910216 0.4643875 0.3001359374613003 0.49146562499999996 0.3046703126934984 0.5050046869047619 0.3072203126934984 0.5102109380952381 0.30892031269349846 0.5008390619047619
9 0.35766093746130034 0.5003171869047619 0.35709374984520126 0.47584375 0.35454374984520126 0.4607421880952381 0.34915937523219814 0.43783125 0.3488765622291022 0.4466828130952381 0.35114374984520125 0.4706359369047619 0.3528437498452013 0.4977140619047619 0.35199374984520126 0.50865 0.35766093746130034 0.5003171869047619
2 0.38684843777089784 0.5487453119047618 0.3834484377708978 0.5461421869047619 0.37834687492260066 0.5518703119047619 0.37891406253869964 0.55811875 0.37636406253869964 0.570615625 0.3752296873065015 0.578946875 0.3755140625386997 0.5846750000000001 0.3769312501547988 0.590403125 0.38033125015479874 0.595610936904762 0.38543125015479873 0.5982140630952382 0.3885484377708978 0.5982140630952382 0.39449999999999996 0.595610936904762 0.39875000000000005 0.590925 0.39818437523219813 0.5841546869047619 0.39535 0.5779062500000001 0.3840156247678019 0.5700953130952381 0.38543125015479873 0.5612421880952381 0.38684843777089784 0.5487453119047618
2 0.6370703126934985 0.5430171869047619 0.6331031250773994 0.5518703119047619 0.6333859374613002 0.55811875 0.6305515622291021 0.5674921880952382 0.6274343752321981 0.5669703130952382 0.6231843752321982 0.5674921880952382 0.6197843752321982 0.5690531249999999 0.6172328123839009 0.575303125 0.6172328123839009 0.5851968750000001 0.618082812383901 0.5924859369047619 0.6214843752321981 0.595090625 0.6260187498452012 0.59769375 0.6294187498452013 0.5997765630952381 0.6365031250773995 0.6039421880952381 0.6413203126934984 0.60081875 0.6455703126934984 0.59613125 0.6469874996904025 0.5878 0.6489718749226007 0.5851968750000001 0.6484046873065015 0.5758234380952381 0.6461374996904025 0.5680125 0.6435874996904025 0.55968125 0.6430203126934985 0.550828125 0.6407531250773995 0.5435375 0.6370703126934985 0.5430171869047619
2 0.6713578123839009 0.559159375 0.6665406247678018 0.559159375 0.6588890625386996 0.5612421880952381 0.6546390625386996 0.5648875 0.6583234377708979 0.5544734369047619 0.6563390625386997 0.5456203119047619 0.6529390625386997 0.5435375 0.6481218749226006 0.5456203119047619 0.6455703126934984 0.5518703119047619 0.6441546873065015 0.5695749999999999 0.6509546873065015 0.5784265619047619 0.6586062501547988 0.5841546869047619 0.6665406247678018 0.5851968750000001 0.675042187616099 0.5810296869047619 0.6798593752321981 0.5742609380952381 0.6826937498452013 0.5612421880952381 0.6807093752321981 0.5477046869047619 0.6770265622291022 0.5310406249999999 0.6756093752321981 0.5435375 0.674475 0.5383312499999999 0.6690906247678019 0.5393718750000001 0.6671078123839009 0.5503078119047619 0.6713578123839009 0.559159375
2 0.6849609374613003 0.5273953130952381 0.6829765622291021 0.532603125 0.6812765622291022 0.5430171869047619 0.6821265622291021 0.5544734369047619 0.6855265622291021 0.5674921880952382 0.6880781250773993 0.5700953130952381 0.6977124996904025 0.573740625 0.7045124996904025 0.5695749999999999 0.7113140625386997 0.5700953130952381 0.7181156247678019 0.570615625 0.7175484377708978 0.5659296880952381 0.7113140625386997 0.553953125 0.7022468749226006 0.5456203119047619 0.6960124996904025 0.5320828130952381 0.6906281250773995 0.5242718749999999 0.6849609374613003 0.5273953130952381
0 0.7195328123839009 0.5544734369047619 0.7266171876160991 0.559159375 0.72945 0.553953125 0.7288843752321981 0.5466625 0.7274671876160991 0.5378109380952381 0.7269000000000001 0.532603125 0.725767187616099 0.52010625 0.7237828123839009 0.5122953130952381 0.7212328123839009 0.506045313095238 0.7192484377708979 0.5206265630952381 0.7198156247678019 0.53520625 0.7181156247678019 0.549265625 0.7195328123839009 0.5544734369047619
2 0.7334171876160991 0.6086296880952381 0.7382343752321983 0.6023796880952381 0.7413515622291021 0.59613125 0.7405015622291021 0.5872796869047618 0.7354015622291021 0.5831140619047619 0.7305843752321981 0.5872796869047618 0.725767187616099 0.5867578119047618 0.7192484377708979 0.5867578119047618 0.7192484377708979 0.595610936904762 0.7107468749226007 0.595090625 0.7019624996904025 0.5966515630952381 0.7011124996904025 0.6029015630952381 0.7011124996904025 0.612273436904762 0.7025296873065016 0.6200843749999999 0.7067796873065015 0.6315406250000001 0.7107468749226007 0.639351563095238 0.7138640625386997 0.642996875 0.7189656247678019 0.642476563095238 0.7215156247678018 0.6372687499999999 0.7206656247678019 0.627895313095238 0.7175484377708978 0.6221671869047619 0.7181156247678019 0.6164390630952381 0.7206656247678019 0.612273436904762 0.7260500000000001 0.6107125 0.730017187616099 0.612273436904762 0.7334171876160991 0.6086296880952381
1 0.6724921876160991 0.661221875 0.6821265622291021 0.657576561904762 0.6943124996904025 0.6549734380952381 0.7056468749226007 0.6461218750000001 0.7036624996904025 0.62425 0.6999796873065015 0.601859375 0.6900609374613003 0.5982140630952382 0.680142187616099 0.603421875 0.6696578123839009 0.60081875 0.6611562501547988 0.5982140630952382 0.6540718749226007 0.610190625 0.6574734377708978 0.627895313095238 0.6617234377708978 0.6461218750000001 0.6688078123839009 0.663304688095238 0.6724921876160991 0.661221875
2 0.6835437498452013 0.6200843749999999 0.672775 0.61904375 0.667675 0.626334375 0.6642734377708979 0.6435171869047619 0.6668250000000001 0.6565359380952381 0.672775 0.6690328119047619 0.674475 0.6825718749999999 0.6798593752321981 0.6877796880952382 0.6849609374613003 0.685696875 0.6843937498452013 0.677885938095238 0.6863765622291021 0.671115625 0.6889281250773994 0.6700750000000001 0.6906281250773995 0.671115625 0.6923281250773995 0.68153125 0.6943124996904025 0.685696875 0.6991296873065015 0.6893421880952382 0.7033796873065015 0.687257813095238 0.7042296873065015 0.6784062500000001 0.7039468749226007 0.6674703119047619 0.6996953126934985 0.6528906250000001 0.6991296873065015 0.64039375 0.6962953126934984 0.627375 0.6914781250773995 0.6221671869047619 0.6835437498452013 0.6200843749999999
9 0.7175484377708978 0.7158984380952381 0.7130140625386997 0.7039218749999999 0.7076296873065014 0.6893421880952382 0.7030968749226006 0.6825718749999999 0.7008296873065015 0.6883 0.7084812501547987 0.706525 0.7121640625386997 0.7263124999999999 0.7155656247678019 0.7356859380952381 0.7189656247678019 0.7367281250000001 0.7198156247678019 0.7278749999999999 0.7175484377708978 0.7158984380952381
9 0.6824093752321982 0.687257813095238 0.678159375232198 0.6903828130952381 0.6775921876160991 0.696110936904762 0.6790093752321981 0.7132953130952381 0.6838265622291021 0.743496875 0.6863765622291021 0.740371875 0.6818437498452012 0.710690625 0.6892109374613002 0.741934375 0.6897781250773994 0.7596390619047619 0.6866609374613003 0.7752609369047619 0.6909109374613003 0.770575 0.6928953126934985 0.7585984380952381 0.6923281250773995 0.743496875 0.6883609374613003 0.7273546880952381 0.6863765622291021 0.7112125 0.6824093752321982 0.687257813095238
2 0.6566234377708978 0.6211265630952381 0.6540718749226007 0.618523436904762 0.6506718749226007 0.6180015630952381 0.6489718749226007 0.61748125 0.6461374996904025 0.619564063095238 0.6421703126934984 0.62060625 0.6399031250773994 0.6153984369047619 0.6359359374613003 0.6148781249999999 0.6319687498452012 0.61435625 0.6291359374613003 0.618523436904762 0.6285687498452012 0.624771875 0.6299859374613003 0.6331031250000001 0.6319687498452012 0.6383109369047619 0.6387703126934985 0.641434375 0.6404703126934984 0.641434375 0.6450046873065015 0.649245311904762 0.6472718749226006 0.656015625 0.6495390625386996 0.6591390619047619 0.6529390625386997 0.66174375 0.6557718749226007 0.6591390619047619 0.6571890625386997 0.6570562499999999 0.6583234377708979 0.648204686904762 0.6591734377708979 0.64039375 0.6588890625386996 0.6310203130952381 0.6566234377708978 0.6211265630952381
0 0.6212000000000001 0.6367484369047619 0.6231843752321982 0.647682811904762 0.6265843752321981 0.659659375 0.6285687498452012 0.6653875 0.6311187498452012 0.6716375000000001 0.6319687498452012 0.669553125 0.6325359374613003 0.6664296880952381 0.6328187498452013 0.6601812499999999 0.6342359374613002 0.65549375 0.6365031250773995 0.648204686904762 0.6333859374613002 0.64039375 0.6314015622291022 0.6383109369047619 0.6265843752321981 0.6289375 0.620917187616099 0.624771875 0.6212000000000001 0.6367484369047619
0 0.6237515622291022 0.642476563095238 0.6217671876160991 0.6367484369047619 0.6189343752321982 0.6372687499999999 0.6166671876160991 0.642476563095238 0.615817187616099 0.649245311904762 0.6178 0.6601812499999999 0.620917187616099 0.6690328119047619 0.6223343752321981 0.6653875 0.6240343752321982 0.6518484380952381 0.6237515622291022 0.642476563095238
0 0.3865656247678019 0.657576561904762 0.3885484377708978 0.6716375000000001 0.39194999999999997 0.6664296880952381 0.39478281238390095 0.663304688095238 0.39761718761609904 0.658098438095238 0.39875000000000005 0.652370311904762 0.39875000000000005 0.649245311904762 0.39648281238390093 0.6398718750000001 0.3928 0.634665625 0.390532812383901 0.63570625 0.3876984377708978 0.6435171869047619 0.3865656247678019 0.657576561904762
1 0.35199374984520126 0.6674703119047619 0.35369374984520124 0.6737203119047619 0.3553937498452013 0.6804890619047619 0.36049531269349844 0.685696875 0.36956250030959753 0.6836140619047619 0.37437968730650156 0.674240625 0.38174843777089784 0.6664296880952381 0.38543125015479873 0.6607015619047619 0.387982812383901 0.6518484380952381 0.3874156247678019 0.633623436904762 0.38174843777089784 0.6221671869047619 0.37409687492260063 0.616960936904762 0.36162812507739933 0.6148781249999999 0.35709374984520126 0.6221671869047619 0.35369374984520124 0.6383109369047619 0.35199374984520126 0.6674703119047619
1 0.32110468730650155 0.604984375 0.31543749969040247 0.604984375 0.30892031269349846 0.6107125 0.30637031269349846 0.6289375 0.3058031250773994 0.6450796869047619 0.3077875003095975 0.6539328119047619 0.31203749969040245 0.6607015619047619 0.32025468730650153 0.663304688095238 0.33045625015479874 0.6685125000000001 0.33839062476780185 0.6674703119047619 0.344342187616099 0.6653875 0.35227656222910214 0.658098438095238 0.35454374984520126 0.648725 0.3582281250773994 0.6315406250000001 0.3553937498452013 0.6153984369047619 0.34802656222910217 0.604984375 0.34235937523219817 0.604984375 0.33612499999999995 0.6075875 0.33187343777089784 0.60915 0.32110468730650155 0.604984375
2 0.3029687498452012 0.6029015630952381 0.29531874984520123 0.59925625 0.2888 0.5982140630952382 0.28426718761609904 0.6013390630952381 0.2814328123839009 0.597173436904762 0.27689843777089784 0.593528125 0.2720812501547988 0.593528125 0.2700984377708978 0.604984375 0.27094843777089783 0.6133156249999999 0.27094843777089783 0.6216468749999999 0.26726406253869966 0.633623436904762 0.2664140625386997 0.63883125 0.26272968730650154 0.656015625 0.26669687492260064 0.6586187499999999 0.26981406253869966 0.663304688095238 0.2751984377708978 0.6685125000000001 0.2805828123839009 0.6700750000000001 0.2856828123839009 0.6690328119047619 0.2888 0.664346875 0.2924843752321981 0.6591390619047619 0.29503437523219816 0.659659375 0.29871874984520125 0.6586187499999999 0.3024031250773994 0.6502875 0.3058031250773994 0.640914063095238 0.3086374996904025 0.629978125 0.3092031250773994 0.6211265630952381 0.3069359374613003 0.611753125 0.3029687498452012 0.6029015630952381
9 0.3647453126934984 0.7325625 0.3593609374613003 0.738289061904762 0.3582281250773994 0.7325625 0.3525609374613003 0.7742203119047619 0.35709374984520126 0.7731781249999999 0.3647453126934984 0.7325625
9 0.3298906247678019 0.7132953130952381 0.32677343777089785 0.7388109380952381 0.3233718749226006 0.76224375 0.3245062501547987 0.768492186904762 0.3290406247678019 0.7606812500000001 0.33130625015479875 0.7408937499999999 0.33329062476780186 0.7174609380952381 0.3298906247678019 0.7132953130952381
9 0.2944687498452012 0.7283953119047619 0.29531874984520123 0.7341234380952381 0.29871874984520125 0.732040625 0.30211874984520126 0.725792188095238 0.29815156222910216 0.720584375 0.2970187498452012 0.7221468750000001 0.2944687498452012 0.7283953119047619
9 0.27548125015479874 0.673198438095238 0.2740656247678019 0.6836140619047619 0.26783125015479875 0.712253125 0.2547953126934985 0.754953125 0.2573453126934985 0.752870311904762 0.2638640625386997 0.741934375 0.27179843777089785 0.720584375 0.2771828123839009 0.69663125 0.28256562476780184 0.679448438095238 0.28455 0.670595311904762 0.27944843777089784 0.6653875 0.27576562476780186 0.6664296880952381 0.27548125015479874 0.673198438095238
9 0.2318421876160991 0.731520311904762 0.23779218761609908 0.7200640630952381 0.24374374984520125 0.7060046869047619 0.2522453126934984 0.687257813095238 0.2613125003095975 0.671115625 0.26924687492260063 0.6653875 0.26357968730650155 0.6549734380952381 0.2579124996904025 0.663826561904762 0.2491281250773994 0.67996875 0.23920937523219815 0.703401563095238 0.2318421876160991 0.731520311904762
7 0.6997268154798761 0.735175530952381 0.69921306625387 0.7428817738095237 0.7017818136222911 0.7495605166666667 0.7069193083591331 0.7552117607142858 0.7115430538699691 0.7582942583333333 0.7202767956656346 0.7603492559523809 0.7264417894736843 0.7593217571428572 0.7310655349845201 0.7541842619047618 0.7315792842105263 0.7454505202380953 0.733120533126935 0.734661780952381 0.7264417894736843 0.7202767952380953 0.7202767956656346 0.7305517857142857 0.7182217975232198 0.7326067833333333 0.7120568037151702 0.7259280392857143 0.7094880557275542 0.7228455428571429 0.7084605566563467 0.7243867916666668 0.704350560990712 0.7284967869047619 0.6997268154798761 0.735175530952381
