2 0.27286874984520126 0.539579688095238 0.2766 0.545071875 0.28033125015479876 0.5485046880952381 0.28779531269349845 0.5443859369047619 0.2859296873065016 0.534775 0.2863015622291022 0.52241875 0.28033125015479876 0.5210453130952382 0.27734687492260063 0.520359375 0.27137656222910217 0.5086890619047619 0.2657781250773994 0.509375 0.26242031269349847 0.51349375 0.2631671876160991 0.534775 0.26913749969040246 0.5423265619047619 0.27286874984520126 0.539579688095238
0 0.30794531269349845 0.55605625 0.31055625015479876 0.55536875 0.3176468749226006 0.5505640630952381 0.3224984377708978 0.5436984369047619 0.32361718761609903 0.5354609380952381 0.3232437498452012 0.52241875 0.31839374984520125 0.51349375 0.3124234377708978 0.509375 0.31167656222910217 0.5183 0.30831874984520125 0.5292828119047619 0.306825 0.5423265619047619 0.30794531269349845 0.55605625
2 0.3314531250773994 0.5334015630952381 0.32585625015479874 0.540953125 0.3232437498452012 0.553309375 0.31802031269349845 0.5546828119047619 0.3154078123839009 0.5636078130952381 0.3198859374613003 0.564979686904762 0.32361718761609903 0.5629203130952382 0.32809531269349845 0.5629203130952382 0.3329453126934985 0.5656671880952381 0.33854374984520125 0.5718453119047618 0.34414062476780183 0.5711578119047619 0.3497375003095975 0.5684125 0.3545890625386997 0.5656671880952381 0.3560812501547988 0.5574281249999999 0.3549624996904025 0.5436984369047619 0.3538421876160991 0.5292828119047619 0.3519765622291022 0.528596875 0.3426484377708978 0.5292828119047619 0.33854374984520125 0.531342188095238 0.3314531250773994 0.5334015630952381
2 0.3594390625386997 0.5684125 0.3650374996904025 0.5690984369047619 0.37324687492260067 0.5656671880952381 0.37697812507739936 0.5615484380952381 0.37735156222910216 0.5526234369047619 0.37100781238390096 0.5464453130952381 0.36802187492260063 0.539579688095238 0.3657828123839009 0.5292828119047619 0.3613062501547988 0.5292828119047619 0.35645468730650154 0.527909375 0.3527234377708979 0.5265375 0.3508578123839009 0.5340890630952381 0.3508578123839009 0.55125 0.3545890625386997 0.5629203130952382 0.3594390625386997 0.5684125
0 0.44675781238390094 0.540953125 0.44638437523219815 0.52996875 0.44414531269349844 0.52173125 0.4396671876160991 0.515553125 0.4385484377708978 0.5231046869047619 0.43742812507739937 0.53065625 0.43742812507739937 0.5430125 0.4392937498452012 0.5526234369047619 0.44563750030959753 0.5505640630952381 0.44675781238390094 0.540953125
0 0.4635484377708978 0.5272234369047619 0.45944374984520125 0.53889375 0.45944374984520125 0.549878125 0.46317499999999995 0.5464453130952381 0.4654140625386997 0.536834375 0.4635484377708978 0.5272234369047619
2 0.5975265622291022 0.5539921869047619 0.5930109374613003 0.5581453130952381 0.5903031250773995 0.572265625 0.5952687498452012 0.5789109380952381 0.5988812501547988 0.579742188095238 0.6043 0.581403125 0.609717187616099 0.5847265630952381 0.6164906247678018 0.5747578130952381 0.6210046873065015 0.564790625 0.6201031250773994 0.5398703119047619 0.6178453126934985 0.52658125 0.6133296873065015 0.529903125 0.6101687498452013 0.52491875 0.6038484377708978 0.5166125 0.6002359374613003 0.51744375 0.5993328123839009 0.5274109380952381 0.5993328123839009 0.5407015619047618 0.5975265622291022 0.5539921869047619
9 0.6133296873065015 0.39450781309523814 0.6065562501547987 0.43271718809523807 0.5997843752321981 0.5107984380952382 0.6079109374613003 0.51744375 0.6083624996904025 0.4925234369047619 0.609717187616099 0.46677343809523814 0.6133296873065015 0.39450781309523814
0 0.6246171876160991 0.5091375 0.6219078123839009 0.5282421869047619 0.6210046873065015 0.5348875 0.6201031250773994 0.5423625 0.6205531250773993 0.5531609380952381 0.6219078123839009 0.569775 0.6322937498452013 0.5772499999999999 0.6395171876160991 0.572265625 0.6431296873065014 0.5639593749999999 0.6499015622291021 0.5589765630952381 0.6593843752321982 0.554821875 0.6611906247678019 0.5448546869047619 0.654417187616099 0.522428125 0.6480968749226006 0.49916875000000005 0.6381624996904025 0.49916875000000005 0.6286812501547987 0.5016609369047619 0.6246171876160991 0.5091375
9 0.6431296873065014 0.503321875 0.6399687498452011 0.43687031190476194 0.6363562501547987 0.503321875 0.6431296873065014 0.503321875
2 0.6828624996904025 0.582234375 0.6896359374613003 0.57808125 0.6964078123839009 0.573928125 0.7027296873065015 0.5614671869047618 0.7000203126934985 0.5423625 0.6968593752321982 0.52491875 0.6900875003095975 0.51744375 0.6833140625386996 0.5124593749999999 0.6774437498452013 0.522428125 0.6733812501547989 0.539040625 0.6706718749226006 0.5564843749999999 0.6742843752321982 0.5747578130952381 0.6787984377708979 0.581403125 0.6828624996904025 0.582234375
9 0.6905390625386997 0.49833906309523807 0.6896359374613003 0.47009687499999997 0.6941499999999999 0.40613750000000004 0.6869265622291022 0.44185468690476193 0.6851203126934985 0.4717578130952381 0.6824109374613003 0.5049843749999999 0.6900875003095975 0.5116296869047618 0.6905390625386997 0.49833906309523807
2 0.6828624996904025 0.687726563095238 0.6860234377708978 0.68108125 0.6923437498452013 0.68108125 0.6964078123839009 0.6802499999999999 0.6977625003095975 0.675265625 0.6905390625386997 0.656160936904762 0.6905390625386997 0.6453625000000001 0.691892187616099 0.633734375 0.6941499999999999 0.617951563095238 0.6846687498452013 0.617951563095238 0.6747359374613003 0.617951563095238 0.6670593752321982 0.621275 0.661642187616099 0.622104686904762 0.6526109374613003 0.631242188095238 0.6476453126934983 0.642870311904762 0.6499015622291021 0.6594843749999999 0.6553203126934984 0.6711125 0.661642187616099 0.681910936904762 0.661642187616099 0.672775 0.66435 0.676096875 0.6697687498452013 0.6769281250000001 0.6724781250773993 0.685234375 0.676542187616099 0.690217188095238 0.6828624996904025 0.687726563095238
9 0.7212406247678019 0.746701561904762 0.7320781250773994 0.76580625 0.6977625003095975 0.675265625 0.6936984377708979 0.682742188095238 0.7027296873065015 0.7001859369047619 0.711307812383901 0.7217828119047619 0.7212406247678019 0.746701561904762
9 0.6878296873065016 0.7251046869047619 0.6855718749226006 0.703507813095238 0.684217187616099 0.687726563095238 0.6760906247678019 0.693540625 0.6801531250773993 0.7217828119047619 0.6887328123839009 0.7491937500000001 0.6991171876160991 0.7724515619047619 0.70905 0.7832499999999999 0.6955046873065016 0.754178125 0.6878296873065016 0.7251046869047619
1 0.3464859374613003 0.6569921880952381 0.35100156222910217 0.641209375 0.34784062476780186 0.6345640619047619 0.3424218749226006 0.62791875 0.33474687492260063 0.623765625 0.32165312507739935 0.6154593749999999 0.3053984377708978 0.609645311904762 0.29546406253869967 0.609645311904762 0.29230468730650155 0.624596875 0.29095 0.6437015630952381 0.29727031269349846 0.6545 0.31057835232198144 0.6818444285714286 0.3148796873065015 0.675265625 0.3230062501547987 0.6736046880952381 0.3333921876160991 0.674435936904762 0.3419703126934985 0.6719437500000001 0.3464859374613003 0.6569921880952381
2 0.2886921876160991 0.6121375 0.2941109374613003 0.607984375 0.28553125015479874 0.589709375 0.2783078123839009 0.587217188095238 0.27604999999999996 0.59469375 0.27514687492260065 0.607153125 0.2783078123839009 0.6196125 0.28643437523219817 0.621275 0.2886921876160991 0.6121375
9 0.27514687492260065 0.6976937500000001 0.2995281250773994 0.665298438095238 0.2963671876160991 0.65533125 0.2900468749226006 0.66280625 0.27785625015479876 0.6794187500000001 0.2679218749226006 0.694370311904762 0.24263750030959752 0.7458703130952381 0.26747031269349847 0.7084921880952381 0.27514687492260065 0.6976937500000001
9 0.27469531269349845 0.7408875 0.2638593752321981 0.7633140630952381 0.27153437523219814 0.7575 0.283725 0.7425484380952381 0.2941109374613003 0.72344375 0.3090093752321981 0.6868953119047619 0.3022374996904025 0.6794187500000001 0.2977218749226006 0.6976937500000001 0.2918531250773994 0.7109843749999999 0.283725 0.727596875 0.27469531269349845 0.7408875
10 0.634375 0.7046875 0.6265625003095976 0.703125 0.628125 0.70859375 0.6517859374613003 0.7611609369047618 0.6685265622291021 0.765625 0.6618296873065016 0.7421875 0.6540171876160991 0.7265625 0.6339281250773994 0.7020093749999999 0.634375 0.7046875
6 0.3655542904024768 0.6354361690476191 0.3519887987616099 0.6432898738095237 0.35270277213622286 0.6468597404761904 0.3648403170278638 0.6482876869047619 0.3741219690402477 0.6461457666666666 0.3812617009287926 0.640433980952381 0.3741219690402477 0.638292061904762 0.36626826315789474 0.6354361690476191 0.3655542904024768 0.6354361690476191
6 0.601879427244582 0.645431794047619 0.6025934000000001 0.655427419047619 0.6133029987616099 0.6597112583333333 0.6247265702786378 0.655427419047619 0.6390060346749227 0.655427419047619 0.6404339808049535 0.6539994726190476 0.6404339808049535 0.6511435797619047 0.6404339808049535 0.6497156333333333 0.6325802755417957 0.6411479547619048 0.603307373374613 0.6411479547619048 0.601879427244582 0.645431794047619
13 0.6043988142414861 0.6593441607142858 0.5700579721362229 0.6505136583333333 0.4405439405572756 0.6426643238095238 0.41209010030959753 0.6397208226190476 0.3728434241486068 0.6446266571428572 0.37859918699690404 0.6887541702380953 0.4778282829721362 0.6858356666666666 0.5857566427244583 0.6927038357142857 0.600474146130031 0.681911 0.6043988142414861 0.6593441607142858
