2 0.25204062476780187 0.4984484369047619 0.25384374984520125 0.5041296869047619 0.26157187492260064 0.5093359380952381 0.26389062476780184 0.504603125 0.2672390625386997 0.49986875 0.2747109374613003 0.5031828119047619 0.27651406253869965 0.4956078130952381 0.27548281238390093 0.484246875 0.2641484377708978 0.47998593690476193 0.2628609374613003 0.4837734369047619 0.25822343777089785 0.4847203119047619 0.25770781238390095 0.47762031309523806 0.24997968730650155 0.475253125 0.24611562476780188 0.493715625 0.25204062476780187 0.4984484369047619
2 0.3334468749226006 0.47146562499999994 0.32984062476780185 0.469571875 0.3306125003095975 0.4648375 0.3300984377708978 0.45537031309523807 0.3282937498452012 0.444009375 0.3275218749226006 0.4326484380952381 0.31979374984520126 0.42980781309523813 0.31515625015479876 0.4359609369047619 0.31515625015479876 0.43927499999999997 0.31257968730650154 0.4430625 0.30536718761609905 0.4430625 0.30330625015479873 0.45584375 0.30510937523219817 0.467678125 0.3079421876160991 0.48187968809523807 0.3079421876160991 0.49040156309523814 0.30485156222910215 0.4913484380952381 0.3020171876160991 0.51075625 0.3076859374613003 0.5150171880952381 0.3105187498452012 0.5197515630952381 0.3167015622291022 0.517384375 0.3179890625386997 0.5197515630952381 0.3231421876160991 0.5211718750000001 0.3282937498452012 0.52211875 0.3339625003095975 0.5211718750000001 0.3404015622291022 0.516910936904762 0.3429781250773994 0.5093359380952381 0.34400937523219816 0.502235936904762 0.34272031269349845 0.486140625 0.3419484377708978 0.47193906190476187 0.33834062476780186 0.4653109369047619 0.3370531250773994 0.47051875 0.3334468749226006 0.47146562499999994
9 0.32494531269349847 0.4246 0.32417187492260063 0.38767656190476185 0.32417187492260063 0.355959375 0.3231421876160991 0.339390625 0.3192781250773994 0.3427046880952381 0.32056562476780187 0.37631406309523807 0.32005 0.4122921880952381 0.31953593746130027 0.4279140619047619 0.32494531269349847 0.4246
9 0.31464062476780186 0.3810484380952381 0.31644374984520124 0.39335624999999996 0.3154140625386997 0.414659375 0.3154140625386997 0.43359531190476186 0.31953593746130027 0.42838750000000003 0.3203078123839009 0.4222328119047619 0.3213390625386997 0.4075578119047619 0.3179890625386997 0.3810484380952381 0.3082 0.363059375 0.31464062476780186 0.3810484380952381
9 0.30536718761609905 0.43927499999999997 0.3066546873065015 0.4435359369047619 0.3110343752321981 0.4397484380952381 0.30407812507739934 0.42270624999999995 0.29969843777089783 0.4032984380952381 0.29635 0.37868124999999997 0.29325937523219814 0.3621125 0.29789531269349845 0.4085046869047619 0.30098749969040245 0.4250734380952381 0.30536718761609905 0.43927499999999997
1 0.33756874984520124 0.518804688095238 0.3385984377708978 0.5268515630952381 0.34426718761609904 0.5363203130952381 0.35019218761609905 0.53679375 0.3561171876160991 0.533479688095238 0.36384531269349846 0.526378125 0.3669359374613003 0.5206984369047619 0.37028593746130034 0.5069703130952381 0.3728624996904025 0.4870875 0.37337656222910215 0.4724125 0.3661640625386997 0.47099218809523813 0.36126874984520124 0.4728859369047619 0.3429781250773994 0.4728859369047619 0.3378265622291021 0.47335937499999997 0.33499218761609906 0.49087499999999995 0.33627968730650154 0.510282813095238 0.33756874984520124 0.518804688095238
2 0.364875 0.469571875 0.3625578123839009 0.460578125 0.3581781250773994 0.45584375 0.3519953126934985 0.458684375 0.34478125015479877 0.4619984369047619 0.3429781250773994 0.4724125 0.34014531269349846 0.477146875 0.34452343777089783 0.5017625 0.35508593746130035 0.5017625 0.364875 0.49655468809523806 0.364875 0.469571875
9 0.3521218749226006 0.45139999999999997 0.3509609374613003 0.4581578119047619 0.3565734377708978 0.4581578119047619 0.36005781238390094 0.457090625 0.36237968730650155 0.46100312499999996 0.3594765622291022 0.4144109369047619 0.35637968730650155 0.37528906309523813 0.35425 0.370309375 0.3544437498452012 0.41014375000000003 0.35270312507739937 0.43006093690476194 0.3521218749226006 0.45139999999999997
9 0.3819281250773994 0.438596875 0.38096093746130033 0.45246718809523806 0.3846374996904025 0.4510453119047619 0.3842515622291022 0.41014375000000003 0.3811546873065016 0.37528906309523813 0.3819281250773994 0.4218796880952381 0.3819281250773994 0.438596875
9 0.39257343777089787 0.464559375 0.39334843777089784 0.43077187499999997 0.3923796873065015 0.411921875 0.38986406253869965 0.3959171880952381 0.3865734377708978 0.37564375 0.3902515622291021 0.4318390630952381 0.3890890625386997 0.44677656309523806 0.3879281250773994 0.4585140630952381 0.39257343777089787 0.464559375
2 0.3794125003095975 0.46705 0.37689531269349846 0.4617140619047619 0.37476718761609906 0.46313750000000004 0.37360625015479876 0.47167343690476193 0.3707031250773994 0.48945625000000004 0.3705093752321982 0.514353125 0.373025 0.5211109380952381 0.37689531269349846 0.5264453130952381 0.3813484377708979 0.5321359380952381 0.39218593746130026 0.525734375 0.39934843777089785 0.5296453119047619 0.39567031269349845 0.5090171880952381 0.3935406247678019 0.4812765619047619 0.39199218761609905 0.46669374999999996 0.3900578123839009 0.460646875 0.3881218749226006 0.4617140619047619 0.3867671876160991 0.45566875 0.3836703126934985 0.453890625 0.38096093746130033 0.4563796880952381 0.37999218761609904 0.4617140619047619 0.3794125003095975 0.46705
2 0.5764453126934984 0.503326563095238 0.5727687498452012 0.506528125 0.5710265622291022 0.5118625 0.5712203126934985 0.5228890619047619 0.5733484377708978 0.5236000000000001 0.5760593752321981 0.52004375 0.5789624996904025 0.5214656249999999 0.5816718749226006 0.5214656249999999 0.5851562501547988 0.522532811904762 0.5857359374613003 0.525734375 0.5896078123839009 0.5275125 0.5911562501547988 0.5260890619047619 0.5938656247678018 0.5186203119047619 0.5940593752321981 0.509729686904762 0.5923171876160991 0.5061718749999999 0.5903812501547988 0.499059375 0.5834140625386997 0.49870312499999997 0.5814781250773994 0.5019046880952381 0.5764453126934984 0.503326563095238
9 0.6105109374613003 0.4169015630952381 0.6105109374613003 0.3695984380952381 0.6081875003095976 0.3692421869047619 0.6072203126934984 0.408009375 0.6105109374613003 0.4169015630952381
0 0.6124453126934984 0.47451875 0.6105109374613003 0.48163125 0.6091562501547987 0.4862546869047619 0.610317187616099 0.494790625 0.6107046873065015 0.502259375 0.610317187616099 0.5100843749999999 0.6110906247678018 0.51613125 0.6149625003095975 0.517553125 0.6192203126934984 0.514353125 0.6232843752321982 0.506528125 0.6236718749226007 0.49728125 0.6219296873065016 0.48732187499999996 0.62135 0.47771874999999997 0.620575 0.46811562500000004 0.6182531250773994 0.4663375 0.6153500000000001 0.46953906190476186 0.6124453126934984 0.47451875
2 0.6283171876160991 0.476296875 0.6254140625386997 0.487678125 0.6279296873065016 0.4983484369047619 0.632575 0.50475 0.6368328123839009 0.506528125 0.6383812501547987 0.5115078119047619 0.6552203126934985 0.5075953130952381 0.6532843752321982 0.48376562500000003 0.6558015622291022 0.4791421880952381 0.6538656247678019 0.46669374999999996 0.6515437498452012 0.46384843690476185 0.6501875003095975 0.4563796880952381 0.6426390625386997 0.4578015630952381 0.6358656247678018 0.460646875 0.63335 0.4634921880952381 0.6294781250773994 0.47060625 0.6283171876160991 0.476296875
0 0.6530921876160991 0.46242500000000003 0.6556078123839009 0.47771874999999997 0.6540593752321981 0.4844765619047619 0.6559953126934985 0.503326563095238 0.6610265622291022 0.4944359380952381 0.6637359374613003 0.4791421880952381 0.6660593752321982 0.464559375 0.66335 0.4567359369047619 0.6579296873065015 0.4585140630952381 0.6530921876160991 0.46242500000000003
9 0.6478656247678019 0.4528234380952381 0.6401234377708979 0.3898703119047619 0.6381874996904024 0.3575046880952381 0.6356718749226006 0.37599999999999995 0.6347046873065015 0.381334375 0.6368328123839009 0.4275703130952381 0.6374140625386996 0.4528234380952381 0.6368328123839009 0.4585140630952381 0.6478656247678019 0.4528234380952381
9 0.6503812501547988 0.4428640619047619 0.6476718749226007 0.453890625 0.6515437498452012 0.4578015630952381 0.656575 0.4332609369047619 0.6581234377708978 0.4108546869047619 0.6542531250773994 0.43006093690476194 0.6503812501547988 0.4428640619047619
2 0.6904468749226007 0.476296875 0.6840593752321982 0.478075 0.6834781250773994 0.4851875 0.6817375003095976 0.4901671869047619 0.6825109374613003 0.499059375 0.6861890625386997 0.49692499999999995 0.691607812383901 0.4997703130952381 0.6962531250773993 0.502971875 0.6966406247678019 0.4983484369047619 0.7008984377708978 0.49656875 0.7036078123839009 0.4983484369047619 0.7067046873065016 0.494790625 0.7142531250773994 0.48163125 0.7125109374613003 0.46953906190476186 0.7072859374613003 0.46918281309523807 0.7039953126934985 0.4713171869047619 0.7008984377708978 0.47380625 0.6968343752321982 0.476296875 0.6948984377708978 0.47451875 0.6904468749226007 0.476296875
2 0.6588515622291021 0.5601953119047619 0.656915624767802 0.5621359369047619 0.6579718749226006 0.5692484380952381 0.6653609374613003 0.5695718750000001 0.6695843752321982 0.5715125 0.6724 0.5731296880952381 0.6731031250773994 0.5760390630952381 0.6750390625386997 0.5763625 0.6778546873065016 0.5734515630952381 0.6796140625386996 0.567309375 0.6841890625386997 0.5634296880952381 0.6905234377708978 0.5514656250000001 0.6877078123839009 0.543059375 0.6789093752321981 0.5495265619047619 0.6762703126934985 0.546615625 0.6676484377708978 0.5521125 0.6606109374613004 0.5566390630952381 0.6588515622291021 0.5601953119047619
2 0.5963875003095975 0.55825625 0.5948031250773994 0.5731296880952381 0.6000828123839009 0.5934984369047619 0.6087046873065016 0.596409375 0.6104640625386997 0.5928515630952381 0.611167187616099 0.5808890630952381 0.6226046873065015 0.58250625 0.6254203126934984 0.588971875 0.6280593752321981 0.587678125 0.6301703126934984 0.584121875 0.6324578123839009 0.573775 0.6389687498452014 0.567632813095238 0.6380890625386998 0.5530828119047619 0.626475 0.561165625 0.6210203126934984 0.5537296880952381 0.6062406247678018 0.5614890630952382 0.6014906247678019 0.55566875 0.5963875003095975 0.55825625
0 0.6628984377708979 0.5850921880952381 0.6611390625386996 0.5786250000000001 0.6585 0.5740984369047619 0.6537484377708979 0.57280625 0.6514609374613003 0.577978125 0.6512859374613003 0.582182811904762 0.6541 0.5909125 0.6577953126934984 0.5977015630952381 0.6609625003095975 0.5922046880952381 0.6628984377708979 0.5850921880952381
2 0.5742171876160991 0.602228125 0.5758015622291022 0.60416875 0.5773843752321982 0.6074015630952381 0.5816078123839009 0.611928125 0.5830156247678019 0.614192188095238 0.5865343752321981 0.619042186904762 0.5905812501547988 0.6213046869047619 0.5941 0.6193656249999999 0.5956843752321981 0.618395313095238 0.5979703126934984 0.611928125 0.5993781250773994 0.6057859369047619 0.5986750000000001 0.595115625 0.5976187498452012 0.5892953119047619 0.5948031250773994 0.5850921880952381 0.5935718749226006 0.5802421869047619 0.5912843752321981 0.5757156250000001 0.5886453126934985 0.5753921869047619 0.5865343752321981 0.5753921869047619 0.583542187616099 0.57506875 0.5759765622291021 0.57506875 0.5712265622291022 0.5757156250000001 0.5655953126934984 0.5783015619047619 0.5620765622291022 0.5873546869047619 0.5627796873065015 0.5905890619047619 0.5654203126934985 0.5925281250000001 0.5699937498452012 0.5960859380952381 0.5742171876160991 0.602228125
9 0.5965703126934985 0.6669187500000001 0.5904812501547987 0.6221625 0.5881390625386997 0.626035938095238 0.5806437498452012 0.6204421880952381 0.5808781250773993 0.62861875 0.586967187616099 0.6466937500000001 0.5942281250773993 0.678109375 0.6122609374613003 0.731903125 0.6021906247678018 0.6957531250000001 0.5965703126934985 0.6669187500000001
2 0.34176562476780187 0.5584703119047619 0.3368468749226006 0.5554578130952381 0.3227953126934985 0.5576093750000001 0.3157703126934985 0.5662171880952381 0.3150671876160991 0.59548125 0.3160031250773994 0.601075 0.3176437498452012 0.6019359369047619 0.3202187498452012 0.5980625 0.3209218749226006 0.6101125000000001 0.32396718761609905 0.6096828130952381 0.3281812501547987 0.626896875 0.33333437523219817 0.6238843749999999 0.3412968749226006 0.630770311904762 0.34246718761609907 0.625175 0.3508984377708978 0.6213015619047619 0.3569875003095975 0.600645313095238 0.3609687498452012 0.5980625 0.3701031250773994 0.5705203119047619 0.3605015622291022 0.5662171880952381 0.34176562476780187 0.5584703119047619
9 0.339107812383901 0.675060936904762 0.34375312507739936 0.644473436904762 0.3476234377708978 0.6256234380952381 0.34220468730650155 0.62846875 0.3396890625386997 0.661545311904762 0.3321406247678019 0.701735938095238 0.339107812383901 0.675060936904762
9 0.3381406247678019 0.630246875 0.3354296873065015 0.627046875 0.3323343752321981 0.6661687500000001 0.3265265622291022 0.709559375 0.3342687498452012 0.668659375 0.3381406247678019 0.630246875
9 0.3089140625386997 0.6793281250000001 0.3147203126934984 0.6587 0.3187859374613003 0.646251561904762 0.31084999999999996 0.6846640630952381 0.32749531269349846 0.626334375 0.32614062476780187 0.6231343749999999 0.31781718761609906 0.64340625 0.31278437523219815 0.6579890619047619 0.30678437523219815 0.683240625 0.3038812501547988 0.7035140630952381 0.3089140625386997 0.6793281250000001
2 0.2744624996904025 0.550934375 0.27155937523219814 0.5672953130952381 0.28104374984520125 0.575475 0.28607499999999997 0.5744078119047619 0.28955937523219816 0.5818765630952382 0.3011718749226006 0.57583125 0.3052359374613003 0.577609375 0.3036890625386997 0.5591140630952381 0.29478437523219814 0.555914063095238 0.29342968730650154 0.5516453130952381 0.28781718761609904 0.5498671880952382 0.28685 0.555914063095238 0.28085 0.5502234369047618 0.2760109374613003 0.54915625 0.2744624996904025 0.550934375
13 0.411458333126935 0.6354166666666666 0.5 0.6341145833333334 0.572916666873065 0.6223958333333334 0.6328125003095976 0.6236979166666666 0.7200520835913313 0.6002604166666666 0.7486979164086687 0.5546875 0.7148437498452012 0.578125 0.6835937498452012 0.5950520833333334 0.614583333126935 0.6106770833333334 0.5638020835913312 0.62109375 0.48046874984520127 0.62890625 0.4036458334365325 0.6236979166666666 0.3567708334365325 0.6197916666666666 0.28645833312693497 0.6002604166666666 0.24869791640866873 0.5911458333333334 0.25 0.6041666666666666 0.35156250030959757 0.625 0.411458333126935 0.6354166666666666
13 0.5755208334365325 0.4830729166666667 0.6901041665634675 0.4309895833333333 0.6992187498452012 0.3932291666666667 0.6328125003095976 0.4440104166666667 0.5638020835913312 0.4453125 0.49218749969040243 0.4544270833333333 0.4544270835913312 0.4518229166666667 0.369791666873065 0.45703125 0.25186397832817337 0.4416493773809524 0.25651041671826624 0.4544270833333333 0.33984374984520127 0.48046875 0.411458333126935 0.48046875 0.5755208334365325 0.4830729166666667
11 0.16406249969040249 0.609375 0.18359374984520122 0.6432291666666666 0.25651041671826624 0.59765625 0.22786458328173376 0.5078125 0.16406249969040249 0.609375
11 0.7330729164086687 0.6783854166666666 0.7799479164086687 0.6380208333333334 0.7526041665634675 0.5182291666666666 0.7070312501547988 0.5286458333333334 0.7330729164086687 0.6783854166666666
