2 0.26715625015479877 0.4216421880952381 0.2689375003095975 0.426928125 0.2742859374613003 0.42994843690476187 0.27856250030959756 0.42919375 0.28284062476780186 0.423153125 0.28711874984520125 0.414090625 0.29139687492260063 0.4072953119047619 0.2903265622291022 0.389171875 0.28783125015479877 0.37029375 0.2839109374613003 0.35670156190476193 0.27606718761609905 0.3544359369047619 0.27072031269349844 0.3604765630952381 0.2696515622291022 0.372559375 0.268225 0.3861515630952381 0.2660859374613003 0.39747812499999996 0.26715625015479877 0.4216421880952381
2 0.3145671876160991 0.4390109369047619 0.32276562476780185 0.4405203119047619 0.3309656247678019 0.435234375 0.33595625015479874 0.4246625 0.3380953126934984 0.4156015630952381 0.337025 0.3952125 0.33274687492260063 0.380865625 0.3295390625386997 0.385396875 0.32347968730650156 0.39672343690476186 0.32240937523219815 0.414846875 0.31635 0.4156015630952381 0.31171562476780185 0.41711093809523814 0.3085078123839009 0.422396875 0.3088640625386997 0.44505156309523813 0.3145671876160991 0.4390109369047619
2 0.36554374984520127 0.4095609380952381 0.3648312501547987 0.43145937500000003 0.3659 0.44429687500000004 0.3716031250773994 0.448071875 0.38015937523219817 0.448071875 0.39049687492260066 0.44580625 0.38871406253869967 0.4382546880952381 0.38336718761609906 0.4367453119047619 0.37944531269349846 0.4307046880952381 0.3808718749226006 0.4216421880952381 0.3815843752321982 0.40653906309523813 0.38015937523219817 0.39898906309523813 0.3758812501547988 0.3914375 0.36946406253869973 0.3906828130952381 0.36554374984520127 0.4095609380952381
2 0.6656968749226007 0.5122578130952381 0.6714 0.5326468750000001 0.6771046873065015 0.5379328130952381 0.682807812383901 0.53944375 0.6853031250773993 0.5349125 0.6870859374613003 0.5205640630952382 0.689225 0.5069718750000001 0.6945718749226006 0.49942187499999996 0.7041968749226006 0.48885 0.7034828123839009 0.4828078119047619 0.6992062501547988 0.4805421880952381 0.6956406247678019 0.47676718690476194 0.6867296873065016 0.4812984369047619 0.6781734377708978 0.48431874999999996 0.6710437498452013 0.4933796869047619 0.6660531250773994 0.49791093809523806 0.6656968749226007 0.5122578130952381
2 0.6475171876160991 0.509992188095238 0.6361093752321981 0.5167890630952381 0.6279109374613002 0.5213203130952381 0.62185 0.5250953119047619 0.6232765622291021 0.54321875 0.6311187498452012 0.5424640630952381 0.6371781250773995 0.5530359369047619 0.6411 0.5545453119047619 0.6503687498452012 0.5485046880952381 0.650725 0.5424640630952381 0.6542890625386998 0.551525 0.6639140625386997 0.5477500000000001 0.6660531250773994 0.5447296880952381 0.6678359374613003 0.5636078130952381 0.6706874996904024 0.5643625 0.6728265622291022 0.5485046880952381 0.6735390625386997 0.5311359380952381 0.669975 0.5069718750000001 0.6621328123839009 0.5054625 0.6475171876160991 0.509992188095238
2 0.6086609374613002 0.528871875 0.6075906247678019 0.5356671880952381 0.6072343752321981 0.5447296880952381 0.6118687498452012 0.55605625 0.6214937498452012 0.559076563095238 0.6225640625386997 0.5485046880952381 0.6232765622291021 0.5356671880952381 0.6222062501547988 0.5228296880952381 0.6154343752321981 0.511503125 0.6058093752321981 0.5084828119047619 0.599392187616099 0.5069718750000001 0.5933328123839009 0.5130140630952381 0.6015312501547988 0.52585 0.6086609374613002 0.528871875
0 0.39805468730650156 0.5159296880952381 0.39768750030959754 0.529171875 0.39842343777089784 0.53851875 0.40393906253869966 0.5338453130952381 0.4050421876160991 0.52371875 0.40173281238390096 0.5120359369047619 0.39805468730650156 0.5159296880952381
2 0.31825625015479875 0.5252765630952381 0.3245078123839009 0.528392186904762 0.3318624996904025 0.5463078130952381 0.34032031269349844 0.547865625 0.3469390625386997 0.539296875 0.34988125015479876 0.52995 0.35429374984520123 0.5089203130952381 0.3528234377708978 0.49879375 0.34951406253869965 0.48633125000000005 0.34951406253869965 0.4723109380952381 0.3465718749226006 0.46919531309523804 0.33443593746130035 0.468415625 0.3270812501547988 0.47153125 0.31678437523219816 0.4777625 0.31825625015479875 0.5252765630952381
2 0.28184843777089785 0.458290625 0.2803781250773994 0.4723109380952381 0.28662968730650157 0.4878890630952381 0.28184843777089785 0.4941203130952381 0.2748625003095975 0.5042453119047619 0.27155312507739937 0.5221609369047618 0.27522968730650155 0.5338453130952381 0.2781718749226006 0.528392186904762 0.28258437523219815 0.5268343750000001 0.2877328123839009 0.52995 0.29030781238390096 0.5400765619047619 0.29655937523219816 0.54475 0.30207500000000004 0.53851875 0.30906250030959753 0.535403125 0.3116359374613003 0.52605625 0.31862343777089785 0.501909375 0.3204625003095975 0.4785421869047619 0.3116359374613003 0.46685781190476194 0.3009718749226006 0.45906875 0.28552656222910217 0.4442703130952381 0.28184843777089785 0.458290625
9 0.35098437523219816 0.5564328130952381 0.34951406253869965 0.535403125 0.3439968749226006 0.5424125000000001 0.3458359374613003 0.5517593749999999 0.3462031250773994 0.5805796880952381 0.34142343777089784 0.631209375 0.347675 0.6117359369047619 0.3502484377708978 0.5852531249999999 0.35098437523219816 0.5564328130952381
9 0.3200937498452012 0.606284375 0.32156562476780187 0.5914843750000001 0.32671406253869967 0.568117188095238 0.33296562476780184 0.547865625 0.32781718761609907 0.541634375 0.3245078123839009 0.5572125 0.3178874996904025 0.603946875 0.31568125015479875 0.639778125 0.31825625015479875 0.62809375 0.3200937498452012 0.606284375
9 0.2697140625386997 0.62575625 0.28074531269349845 0.608620311904762 0.28626250030959755 0.5961578119047619 0.2888359374613003 0.579021875 0.2914109374613003 0.56344375 0.2950874996904025 0.5400765619047619 0.2914109374613003 0.535403125 0.2888359374613003 0.54475 0.28405625015479874 0.5673374999999999 0.279275 0.5946 0.2697140625386997 0.62575625
9 0.26309374984520123 0.5743484380952382 0.2667718749226006 0.5618859380952381 0.2719203126934984 0.545528125 0.2755968749226006 0.535403125 0.27228750030959753 0.529171875 0.2671390625386997 0.5377390630952381 0.26235937523219816 0.5618859380952381 0.25500468730650155 0.5946 0.25868125015479876 0.5891484369047619 0.26309374984520123 0.5743484380952382
6 0.34646167368421055 0.4098849857142857 0.3426752074303406 0.4212443845238095 0.344568440247678 0.42597746785714286 0.35687445634674925 0.42881731785714283 0.359714305882353 0.4231376178571429 0.359714305882353 0.41556468452380957 0.3653940055727554 0.4127248357142857 0.35687445634674925 0.4079917523809524 0.34646167368421055 0.4098849857142857
7 0.2975877003095975 0.5993157511904762 0.2996578755417957 0.6101841714285714 0.3006929628482972 0.6179473285714285 0.3017280507739938 0.6257104857142858 0.3022455944272446 0.631921011904762 0.3048333133126935 0.642271888095238 0.3089736643962848 0.6521052214285714 0.31621927801857586 0.6546929404761904 0.3234648910216718 0.6557280273809524 0.3260526105263158 0.6500350452380953 0.33278068049535603 0.634508730952381 0.3307105046439629 0.6060438202380952 0.32294734736842107 0.5858596107142857 0.32035962848297217 0.6101841714285714 0.31880699690402475 0.6386490809523809 0.31570173374613003 0.6464122392857142 0.3120789269349845 0.6226052226190476 0.3120789269349845 0.5920701369047618 0.3089736643962848 0.5874122428571429 0.3063859448916409 0.5863771547619048 0.30328068235294114 0.5874122428571429 0.3017280507739938 0.5894824178571428 0.3017280507739938 0.597763119047619 0.2975877003095975 0.5993157511904762
13 0.2366864427244582 0.3818658595238095 0.3933042377708978 0.42937912261904765 0.5780780408668731 0.44521687738095234 0.684542946130031 0.4302589988095238 0.7197379560371516 0.4126614928571428 0.7162184551083591 0.35634947738095235 0.6889423226006193 0.31851484166666666 0.6827831956656346 0.31059596428571423 0.6739844433436533 0.37834635833333335 0.64230893374613 0.3959438630952381 0.5490421572755418 0.3994633642857143 0.4936100167182662 0.3862652357142857 0.464574133126935 0.3897847369047619 0.4452168773993808 0.3281934690476191 0.3809859839009288 0.36778785595238095 0.3290733442724458 0.33963184761904763 0.2982777102167183 0.31851484166666666 0.2912387083591331 0.3167550904761905 0.2516443219814241 0.3255538428571429 0.2366864427244582 0.3818658595238095
13 0.3695476061919505 0.5692792880952381 0.3827457343653251 0.5824774166666666 0.38186585944272444 0.637029682142857 0.4047426160990712 0.6431888095238095 0.4144212439628483 0.6379095583333333 0.4425772520123839 0.6431888095238095 0.4601747566563468 0.6405491833333333 0.4786521368421052 0.6475881857142857 0.5367239040247679 0.629990680952381 0.5666396625386997 0.5956755452380952 0.5947956705882353 0.5824774166666666 0.6291108049535604 0.5877566678571429 0.6827831956656346 0.5815975416666667 0.733815960371517 0.5367239035714285 0.7214977065015481 0.49361001666666665 0.6599064390092879 0.5340842785714286 0.5446427808049535 0.5455226559523809 0.39418411269349846 0.5367239035714285 0.35195010092879253 0.5129672714285715 0.26572232631578946 0.4707332595238095 0.2525241975232198 0.5226459 0.3132355894736842 0.5657597869047619 0.3695476061919505 0.5692792880952381
