2 0.2731656247678019 0.47862812499999996 0.2690156247678019 0.4890234380952381 0.26486718761609906 0.503578125 0.26109531269349845 0.510509375 0.25543749969040247 0.5063515619047619 0.24789374984520124 0.503578125 0.2445 0.5077375000000001 0.24676249969040248 0.5257578130952382 0.25091249969040247 0.5313015630952381 0.25732343777089783 0.5278359369047619 0.2622265622291022 0.5285296880952381 0.2682609374613003 0.5354609380952381 0.27429687492260063 0.5278359369047619 0.2792 0.510509375 0.27957656222910215 0.484865625 0.27806874984520125 0.4751625 0.2731656247678019 0.47862812499999996
1 0.3244609374613003 0.5319953119047619 0.32596874984520124 0.5153609380952381 0.3248374996904025 0.5125890630952381 0.31465468730650153 0.509815625 0.30824218761609906 0.502192188095238 0.2988125003095975 0.497340625 0.28862968730650157 0.49110312500000003 0.2841031250773994 0.4952609369047619 0.27957656222910215 0.5091234369047619 0.27957656222910215 0.52645 0.2769359374613003 0.5319953119047619 0.2792 0.543084375 0.28674374984520123 0.5486296869047619 0.29353281238390094 0.543778125 0.2995671876160991 0.54655 0.30975156222910216 0.5514015619047619 0.3184265622291022 0.5479359369047619 0.32144374984520124 0.541004688095238 0.3244609374613003 0.5319953119047619
1 0.3527484377708978 0.52090625 0.34822187492260065 0.519520313095238 0.33992500000000003 0.52090625 0.3301187498452013 0.522984375 0.32596874984520124 0.5319953119047619 0.3218203126934985 0.54724375 0.322575 0.5604109380952381 0.32710156222910214 0.5680359380952381 0.33502187492260066 0.5735796880952381 0.3448281250773994 0.569421875 0.3497312501547988 0.5604109380952381 0.3512406247678018 0.5520953130952381 0.3542578123839009 0.5423921869047619 0.3542578123839009 0.5292234369047619 0.3527484377708978 0.52090625
7 0.3829218749226006 0.4349625 0.3836765622291022 0.41902187500000004 0.38065937523219817 0.4079328130952381 0.37424687492260056 0.39615 0.36595 0.392684375 0.357275 0.39615 0.3512406247678018 0.406546875 0.34935468730650154 0.41624999999999995 0.3489765622291021 0.4245671869047619 0.3497312501547988 0.4439734369047619 0.3512406247678018 0.45367656309523813 0.35802968730650153 0.46337968690476194 0.3693437498452012 0.4661515619047619 0.37537968730650156 0.4606078119047619 0.37990468730650157 0.448825 0.3829218749226006 0.4349625
2 0.3712296873065015 0.576353125 0.3772656247678019 0.570115625 0.37801874984520123 0.562490625 0.37236093746130033 0.5514015619047619 0.3757562501547988 0.536153125 0.37424687492260056 0.524371875 0.3708531250773994 0.52090625 0.3667046873065016 0.5215984369047619 0.36330937523219814 0.523678125 0.35802968730650153 0.529915625 0.3550109374613003 0.5416984380952381 0.3561437498452012 0.5514015619047619 0.353125 0.5583328130952381 0.353125 0.5652625 0.3550109374613003 0.5742734380952381 0.35689687492260064 0.5839765630952382 0.3621781250773994 0.58605625 0.36595 0.5832828119047619 0.3712296873065015 0.576353125
9 0.34928593746130027 0.39668437500000003 0.3462406247678019 0.42896093809523805 0.34905156222910216 0.432834375 0.34928593746130027 0.39668437500000003
0 0.436875 0.5219171880952381 0.43500156222910213 0.5335359380952381 0.43500156222910213 0.540421875 0.43546874984520123 0.5503203119047619 0.4389828123839009 0.544725 0.44179218761609906 0.5425734369047619 0.44319843777089785 0.5387 0.4439 0.5335359380952381 0.44085625015479873 0.5262203119047619 0.436875 0.5219171880952381
0 0.5574843752321982 0.55720625 0.5558453126934985 0.5533328119047619 0.5516296873065015 0.5546234380952381 0.5506937498452013 0.561078125 0.5506937498452013 0.570546875 0.5518640625386997 0.5817359369047619 0.5551437498452012 0.582596875 0.5574843752321982 0.5787234369047619 0.5595921876160991 0.573128125 0.5598265622291022 0.5679640619047619 0.559125 0.561509375 0.5574843752321982 0.55720625
2 0.6469468749226006 0.556775 0.6432 0.5498890619047619 0.6389843752321981 0.5477375 0.6368765622291022 0.5511812500000001 0.6357062501547988 0.5623703119047618 0.6326609374613004 0.5636609380952381 0.6291484377708979 0.5632312500000001 0.6263390625386998 0.56925625 0.6246984377708978 0.585178125 0.6296171876160991 0.588190625 0.6361749999999999 0.588190625 0.6371109374613003 0.5869 0.6375796873065016 0.582596875 0.6396874996904024 0.579153125 0.6436687498452012 0.5787234369047619 0.6483531250773994 0.5744203130952381 0.6485875003095974 0.5666734369047619 0.6469468749226006 0.556775
9 0.6500921876160991 0.4721640630952381 0.6531375003095975 0.4648484380952381 0.6496234377708978 0.4519375 0.6461109374613003 0.420953125 0.6463453126934985 0.4429 0.6500921876160991 0.4721640630952381
1 0.7161359374613003 0.5565140619047619 0.7196484377708978 0.5431734369047619 0.7191796873065015 0.531553125 0.7161359374613003 0.5250984369047619 0.7137937498452013 0.5121875 0.7114515622291022 0.501859375 0.7067671876160991 0.504871875 0.6973999999999999 0.5057328119047619 0.6901390625386996 0.5096046869047619 0.6842843752321981 0.5117578119047619 0.6777265622291021 0.5182125 0.6763218749226007 0.5367171880952382 0.6796015622291022 0.557375 0.6817078123839009 0.5603875 0.6849875003095975 0.564259375 0.6892031250773994 0.567703125 0.6943546873065015 0.567703125 0.6978687498452013 0.5655515619047619 0.7025515622291022 0.5625390619047619 0.7062984377708978 0.561678125 0.7121546873065017 0.561246875 0.7161359374613003 0.5565140619047619
25 0.708875 0.50315 0.7072359374613003 0.49841562500000003 0.7034890625386997 0.4941125 0.6918957845201238 0.4544264214285714 0.6950578123839009 0.4966953130952381 0.6870953126934984 0.502289061904762 0.6877968749226006 0.5070234380952381 0.6892031250773994 0.5117578119047619 0.6887343752321982 0.5263890619047619 0.6882656247678018 0.5371484369047619 0.6922468749226006 0.542742186904762 0.699975 0.5401609369047619 0.7095781250773994 0.531553125 0.7109828123839009 0.5126171869047619 0.708875 0.50315
9 0.6891062501547988 0.49560937499999996 0.6848484377708978 0.48280625 0.6827187498452013 0.46359999999999996 0.6815578123839009 0.4440390630952381 0.6829125003095976 0.408471875 0.6796218749226006 0.44475 0.6800093752321981 0.4607546869047619 0.6805890625386997 0.4785375 0.6852343752321982 0.49383125 0.6877515622291022 0.5013 0.6891062501547988 0.49560937499999996
9 0.6881375003095975 0.40989531309523813 0.691042187616099 0.4593328119047619 0.6931703126934985 0.4575546869047619 0.6881375003095975 0.40989531309523813
9 0.6980093752321982 0.419853125 0.7001390625386997 0.4593328119047619 0.6993640625386996 0.47889375 0.6985906247678019 0.4852953119047619 0.7018796873065015 0.4856515630952381 0.7026546873065015 0.46573437500000003 0.7016874996904024 0.4419046880952381 0.6980093752321982 0.419853125
2 0.7436874996904025 0.49205312500000004 0.7421390625386997 0.484940625 0.7419453126934985 0.4785375 0.7382671876160991 0.4753375 0.7386546873065015 0.4703578130952381 0.7361390625386997 0.469646875 0.7309124996904025 0.473203125 0.7280093752321982 0.4799609380952381 0.7268484377708978 0.48636250000000003 0.7191062501547988 0.4913421880952381 0.7185250000000001 0.5020125 0.7189125003095975 0.5208625 0.7223968749226006 0.5404234369047619 0.7268484377708978 0.541134375 0.7324609374613004 0.5382890619047619 0.7359453126934985 0.5382890619047619 0.7388484377708978 0.53615625 0.7433 0.5325984369047618 0.7491062501547987 0.5308203130952381 0.748525 0.519439061904762 0.7471703126934984 0.5059234369047619 0.7436874996904025 0.49205312500000004
9 0.7417468749226007 0.448115625 0.7414640625386997 0.3882328130952381 0.7403296873065015 0.42832812499999995 0.7366468749226005 0.4574890630952381 0.7386296873065016 0.47206875000000004 0.7408968749226007 0.4746734369047619 0.7411796873065015 0.4632171880952381 0.7417468749226007 0.448115625
9 0.7270109374613003 0.46165468809523813 0.7233281250773993 0.44499218809523805 0.7136921876160991 0.367403125 0.7145437498452012 0.3840671880952381 0.7179437498452013 0.41947656190476196 0.7210609374613003 0.45071875 0.7287125003095976 0.47363125 0.7301281250773993 0.46686249999999996 0.7270109374613003 0.46165468809523813
9 0.7165265622291022 0.361675 0.7241781250773993 0.4059375 0.7278625003095975 0.435096875 0.7292781250773993 0.45696875 0.7329625003095975 0.4517609380952381 0.7281453126934985 0.411665625 0.7219109374613003 0.3809421880952381 0.7165265622291022 0.361675
2 0.7129734377708978 0.601859375 0.7155281250773994 0.5987296880952381 0.7197859374613004 0.592470311904762 0.724257812383901 0.5889484380952381 0.7263859374613002 0.590121875 0.7314953126934984 0.594034375 0.7361796873065015 0.5944265619047618 0.735967187616099 0.587384375 0.7357546873065015 0.58190625 0.7323484377708979 0.5713437499999999 0.7268125003095974 0.5740828130952381 0.7236187498452012 0.5783859369047619 0.7195734377708979 0.5807328119047619 0.7172312501547988 0.579559375 0.7148890625386997 0.57995 0.7106312501547988 0.5846453119047619 0.7061609374613004 0.58973125 0.6989218749226006 0.58973125 0.6942375003095975 0.58973125 0.6889156247678018 0.592078125 0.685082812383901 0.601859375 0.6848703126934984 0.613596875 0.6904046873065016 0.6257250000000001 0.6942375003095975 0.6347234380952381 0.6963671876160991 0.6362875 0.697857812383901 0.6296375 0.7001984377708979 0.6218125 0.6995609374613002 0.614770311904762 0.6995609374613002 0.609684375 0.7010500000000001 0.6049890619047619 0.7063734377708979 0.605771875 0.7104187498452013 0.6045984369047619 0.7129734377708978 0.601859375
1 0.6918957845201238 0.6548158511904761 0.6926847195046439 0.6477154380952381 0.6912578123839009 0.638634375 0.6914703126934985 0.630810938095238 0.6889156247678018 0.6178999999999999 0.6827406247678018 0.607728125 0.6801859374613004 0.6045984369047619 0.6716703126934984 0.6045984369047619 0.665282812383901 0.6089015619047619 0.6601734377708979 0.6139875 0.6531468749226006 0.618290625 0.6442046873065016 0.6190734369047619 0.6403734377708978 0.6229859380952381 0.6401593752321981 0.6296375 0.6414374996904024 0.6402 0.6454828123839008 0.6519375000000001 0.650592187616099 0.6554578119047619 0.6561281250773994 0.6652390630952381 0.663367187616099 0.67893125 0.6684765622291021 0.6836265630952381 0.6719031250773994 0.6816953130952381 0.6746265622291021 0.67469375 0.6745265622291022 0.661025 0.686373241486068 0.6705945464285714 0.6918957845201238 0.6548158511904761
9 0.7089281250773994 0.726660938095238 0.7048828123839009 0.7110124999999999 0.700625 0.6953640630952381 0.6938125003095975 0.680104686904762 0.6869984377708979 0.6613265630952381 0.6831671876160991 0.669151563095238 0.7125468749226006 0.748570311904762 0.7089281250773994 0.726660938095238
9 0.6737984377708979 0.6816703119047619 0.6682640625386996 0.6867562500000001 0.6720953126934984 0.7133593749999999 0.6757156247678018 0.730965625 0.6806124996904025 0.7442671880952381 0.6874250000000001 0.7567859369047619 0.6942375003095975 0.76539375 0.6842312501547987 0.7419203119047619 0.6776312501547989 0.7145328119047619 0.6757156247678018 0.6930156249999999 0.6737984377708979 0.6816703119047619
2 0.38062968730650154 0.6609343750000001 0.37913906253869967 0.6519375000000001 0.3782875003095975 0.6448953130952381 0.38062968730650154 0.633940625 0.38573906253869966 0.643720313095238 0.38999687492260066 0.6503718749999999 0.39617187492260064 0.651545313095238 0.39979062476780186 0.645285938095238 0.40426093746130026 0.635896875 0.4036234377708978 0.6268984369047619 0.39723593746130026 0.618290625 0.3914875003095975 0.613596875 0.3844609374613003 0.6155531249999999 0.37679687492260067 0.6175093749999999 0.3697703126934984 0.61985625 0.36359687492260057 0.62376875 0.3597640625386997 0.639417186904762 0.3576359374613003 0.648415625 0.35699687492260057 0.6585875 0.35827499999999995 0.662890625 0.36061562476780185 0.664846875 0.36359687492260057 0.669151563095238 0.3653 0.67501875 0.3693453126934984 0.6793234369047619 0.3750937498452012 0.6781484380952381 0.3782875003095975 0.6730624999999999 0.38041562476780183 0.668759375 0.38062968730650154 0.6609343750000001
9 0.37148125015479877 0.6815531250000001 0.36555625015479876 0.6782390619047619 0.36349531269349844 0.69528125 0.3593734377708978 0.714217186904762 0.3549937498452012 0.735992188095238 0.34597656222910217 0.7913781249999999 0.35293281238390095 0.7596625 0.3578265622291022 0.7426203119047619 0.36297968730650154 0.7213171869047619 0.3686468749226006 0.6962281250000001 0.37148125015479877 0.6815531250000001
2 0.34520468730650156 0.649835938095238 0.3506140625386997 0.6488890619047619 0.3562812501547988 0.644628125 0.3604031250773994 0.637528125 0.3640093752321981 0.6275875 0.36890468730650156 0.6185921880952381 0.36735937523219814 0.609125 0.36194843777089786 0.608178125 0.35602343777089784 0.6053375 0.34906874984520125 0.60155 0.3444312501547988 0.5977640630952381 0.34005156222910216 0.59255625 0.3307781250773994 0.59255625 0.3212453126934985 0.5949234369047619 0.3158359374613003 0.5968171880952381 0.31119843777089784 0.6048640619047618 0.31171406253869965 0.611965625 0.3114562501547988 0.6185921880952381 0.30965312507739934 0.6261671869047619 0.3101687498452012 0.635634375 0.31686562476780183 0.6346875000000001 0.3222765622291021 0.6327937499999999 0.32845937523219815 0.6275875 0.3318078123839009 0.626640625 0.3343843752321981 0.6237999999999999 0.33850625015479874 0.622379686904762 0.34314374984520124 0.6271140630952381 0.34288593746130036 0.6380015619047619 0.34520468730650156 0.649835938095238
0 0.33850625015479874 0.675871875 0.3410828123839009 0.6768187499999999 0.34391562476780185 0.6872328119047619 0.3470078123839009 0.6948078130952381 0.34906874984520125 0.697175 0.35035625015479877 0.6862874999999999 0.35215937523219815 0.6711390630952381 0.3544781250773994 0.6569375 0.35550781238390095 0.646048436904762 0.3519015622291021 0.6479421880952381 0.34855312507739933 0.648415625 0.34597656222910217 0.6469953130952381 0.34288593746130036 0.638948438095238 0.33927812507739935 0.635634375 0.3343843752321981 0.64368125 0.33052031269349846 0.652676561904762 0.33155 0.6626171869047619 0.3351578123839009 0.6711390630952381 0.33850625015479874 0.675871875
0 0.3153203126934984 0.644628125 0.3181546873065016 0.6422625 0.31686562476780183 0.635634375 0.3135171876160991 0.635160938095238 0.30939531269349846 0.6346875000000001 0.3081078123839009 0.638948438095238 0.30785 0.643207811904762 0.3057890625386997 0.6517296880952381 0.30295468730650155 0.663090625 0.30450156222910213 0.660723436904762 0.3081078123839009 0.6569375 0.3109406247678019 0.652676561904762 0.31377499999999997 0.6488890619047619 0.3153203126934984 0.644628125
2 0.29574218761609905 0.6124390630952381 0.2993484377708978 0.6237999999999999 0.301925 0.62190625 0.3070765622291022 0.617171875 0.31042656222910214 0.611965625 0.31429062476780184 0.600603125 0.3153203126934984 0.58876875 0.3158359374613003 0.5774078119047619 0.3070765622291022 0.568885936904762 0.30037968730650155 0.5745671869047619 0.2941968749226006 0.5759875 0.2864671876160991 0.575040625 0.27796718761609907 0.57030625 0.2710109374613003 0.564153125 0.26019062476780186 0.591609375 0.2653437498452012 0.5977640630952381 0.26920781238390096 0.5977640630952381 0.27332968730650153 0.593976563095238 0.2787390625386997 0.593029686904762 0.28234531269349844 0.5906625 0.286725 0.589715625 0.2918781250773994 0.593029686904762 0.29574218761609905 0.59965625 0.29574218761609905 0.6124390630952381
0 0.30785 0.6214328119047619 0.30991093746130033 0.6114921869047619 0.3083656247678019 0.6129125 0.30424374984520125 0.6185921880952381 0.2996062501547988 0.6233265630952382 0.2975453126934985 0.6181187499999999 0.29574218761609905 0.611965625 0.29342343777089785 0.60344375 0.28955937523219816 0.5991828119047619 0.28517968730650156 0.5982375 0.27977031269349845 0.6048640619047618 0.2741031250773994 0.6129125 0.2741031250773994 0.6195390619047619 0.27590625015479875 0.624746875 0.28311874984520125 0.629479688095238 0.2872406247678019 0.631373436904762 0.2929078123839009 0.629953125 0.29651562476780186 0.628059375 0.30244062476780187 0.629479688095238 0.3060468749226006 0.6275875 0.30785 0.6214328119047619
9 0.2627671876160991 0.705695313095238 0.26920781238390096 0.6914937499999999 0.2764203126934985 0.674925 0.2828609374613003 0.6531499999999999 0.28904374984520126 0.6337406250000001 0.28415 0.631846875 0.2782234377708978 0.6479421880952381 0.27255625015479873 0.66593125 0.2661156247678018 0.684867186904762 0.25864531269349844 0.7000156249999999 0.2532359374613003 0.7075890630952382 0.24550781238390093 0.719423436904762 0.25272031269349843 0.690546875 0.26019062476780186 0.6664046880952381 0.26766250030959754 0.6469953130952381 0.27384531269349843 0.6361078119047618 0.27796718761609907 0.628059375 0.27435937523219817 0.6181187499999999 0.26766250030959754 0.631846875 0.26147968730650156 0.644628125 0.25478125015479874 0.6635640619047619 0.2491140625386997 0.692440625 0.24370312507739939 0.7132703119047619 0.2380359374613003 0.7393062499999999 0.2444765622291022 0.729839063095238 0.25426562476780185 0.7170562500000001 0.2627671876160991 0.705695313095238
11 0.26192634055727554 0.3542317071428572 0.2627152749226006 0.3510759678571429 0.25403699256965945 0.3360862083333333 0.24378084086687304 0.3234632511904762 0.23825829783281732 0.300584144047619 0.22958001547987616 0.27849397023809525 0.20748984210526314 0.2713935571428571 0.19881155975232198 0.28401651309523807 0.2043341027863777 0.31162922976190477 0.21064558080495355 0.34318662023809526 0.213801320123839 0.3999899238095238 0.21774599380804954 0.4220800964285714 0.22879108049535604 0.428391575 0.24535871021671826 0.42760264047619045 0.2571927318885449 0.4220800964285714 0.2721824922600619 0.4007788583333334 0.2595595362229102 0.3479202297619048 0.26192634055727554 0.3542317071428572
9 0.3250411213622291 0.5049182464285714 0.3258300557275542 0.4899284857142857 0.324252186377709 0.47730552976190477 0.32267431702786376 0.46783831309523805 0.3250411213622291 0.44417027023809524 0.3203075126934985 0.4220800964285714 0.3203075126934985 0.3936784452380952 0.317151773374613 0.38026655476190474 0.3116292303405573 0.3818444238095238 0.30768455665634675 0.3881559023809524 0.302162013003096 0.3992009880952381 0.29979520866873066 0.4078792714285714 0.30058414365325076 0.4205022273809524 0.2942726656346749 0.4544264214285714 0.29585053498452013 0.4362809226190476 0.2934837306501548 0.41419074880952383 0.2871722526315789 0.40156779285714284 0.28638331826625385 0.4063014011904762 0.28559438328173375 0.4236579666666666 0.2871722526315789 0.44495920476190476 0.2903279919504644 0.46310470476190474 0.2911169263157895 0.4741497904761905 0.29821733931888544 0.49071742142857144 0.30058414365325076 0.49545102976190475 0.3045288173374613 0.5017625071428571 0.324252186377709 0.5120186595238095 0.3250411213622291 0.5049182464285714
25 0.3502870334365325 0.5072850511904762 0.3550206421052632 0.4765165952380952 0.35344277275541797 0.46547150833333334 0.3487091640866873 0.45679322619047613 0.3455534247678018 0.4560042916666667 0.3400308817337461 0.49150635595238096 0.3360862080495356 0.5104407892857142 0.3360862080495356 0.5199080071428571 0.34949809907120744 0.5199080071428571 0.3502870334365325 0.5072850511904762
13 0.23036894984520126 0.48677274761904765 0.3234632513931888 0.5262194845238095 0.41024607554179565 0.5601436797619047 0.5214858767801858 0.5814449178571428 0.6137912433436533 0.5593547452380953 0.7210863708978329 0.5230637464285715 0.7605331089783282 0.49150635595238096 0.7502769566563467 0.44890387857142855 0.714774892879257 0.4702051166666667 0.6776949591331269 0.49466209523809523 0.6185248520123839 0.493084225 0.5940678743034056 0.5120186595238095 0.5490985931888545 0.5064961154761904 0.4765165950464396 0.5072850511904762 0.43785879195046434 0.5088629202380953 0.39841205386996903 0.5033403773809524 0.37474401114551087 0.49545102976190475 0.3455534247678018 0.4899284857142857 0.28401651393188854 0.4457481392857143 0.23983616718266254 0.4457481392857143 0.23036894984520126 0.48677274761904765
25 0.6492933077399381 0.4820391380952381 0.6469265034055728 0.49229529047619053 0.6492933077399381 0.5135965285714286 0.6579715900928792 0.5459428535714286 0.6619162637770898 0.5522543321428571 0.6627051987616099 0.5199080071428571 0.6579715900928792 0.48046126904761904 0.6492933077399381 0.4741497904761905 0.6492933077399381 0.4765165952380952 0.6492933077399381 0.48046126904761904 0.6492933077399381 0.4820391380952381
13 0.36448785944272444 0.6997851321428572 0.39762311888544893 0.7029408714285714 0.4520596173374613 0.7171416976190477 0.5167522681114551 0.721875305952381 0.5861785269349845 0.7226642404761905 0.6374592860681114 0.6989961976190475 0.6674388074303405 0.6855843071428571 0.7131970235294117 0.6642830678571429 0.759744173993808 0.6295699380952381 0.7920904990712074 0.5853895916666667 0.7794675430340557 0.5490985928571429 0.7344982619195046 0.5909121357142857 0.6887400458204335 0.6382482214285714 0.6453486340557275 0.6619162642857144 0.5435760495356037 0.6769060238095238 0.43943666130030956 0.67296135 0.3408198167182662 0.6232584607142857 0.2911169263157895 0.5980125488095238 0.2642931448916409 0.575922375 0.25640379690402476 0.6161580476190477 0.3013730786377709 0.6650720023809524 0.36448785944272444 0.6997851321428572
