0 0.27577187492260063 0.44636875 0.2792156247678019 0.42634375 0.2809390625386997 0.41359999999999997 0.2744796873065016 0.417240625 0.27060468730650156 0.422703125 0.2675906247678019 0.43635625 0.2718968749226006 0.45364999999999994 0.27577187492260063 0.44636875
1 0.3119390625386997 0.49916249999999995 0.31925781238390094 0.472765625 0.31968906253869966 0.4354453130952381 0.3136609374613003 0.4181515630952381 0.2998828123839009 0.4181515630952381 0.2865359374613003 0.4290734380952381 0.27749374984520125 0.442728125 0.2749109374613003 0.47458593809523814 0.285675 0.492790625 0.29471562476780183 0.4973421869047619 0.3041890625386997 0.5018921880952381 0.3119390625386997 0.49916249999999995
1 0.3455218749226006 0.505534375 0.35112031269349847 0.495521875 0.35542500000000005 0.4709453119047619 0.35628593746130033 0.44545781309523813 0.34121718761609904 0.42816406190476186 0.324425 0.433625 0.3171062501547987 0.457290625 0.31495312507739937 0.490059375 0.3179671876160991 0.5018921880952381 0.3257171876160991 0.5018921880952381 0.33863437523219814 0.5073546869047619 0.3455218749226006 0.505534375
1 0.3769531250773994 0.515546875 0.3795374996904025 0.5009828130952381 0.3808281250773994 0.47822656190476187 0.37738437523219814 0.4545609369047619 0.3666203126934985 0.44636875 0.35671718761609905 0.450009375 0.3498281250773994 0.469125 0.34466093746130033 0.5046234380952381 0.3481062501547988 0.5137265630952381 0.35671718761609905 0.5191875 0.36963437523219816 0.522828125 0.3769531250773994 0.515546875
1 0.3997734377708978 0.5301109380952381 0.40364843777089787 0.51645625 0.4070921876160991 0.492790625 0.4083843752321981 0.470034375 0.40235625015479876 0.4591125 0.39719062476780187 0.4609328119047619 0.38900937523219814 0.45364999999999994 0.3834124996904025 0.462753125 0.37437031269349846 0.4845984369047619 0.3735093752321981 0.5210078130952381 0.37437031269349846 0.5301109380952381 0.38384218761609906 0.53193125 0.3997734377708978 0.5301109380952381
0 0.5318406247678018 0.511571875 0.5315656247678019 0.5278921880952381 0.5343234377708979 0.5424656250000001 0.5395625003095975 0.5628671880952382 0.5431468749226006 0.561701561904762 0.5436984377708979 0.5453796880952381 0.5406656247678019 0.534304686904762 0.5365296873065015 0.5179828130952381 0.5337718749226006 0.5080734369047619 0.5318406247678018 0.511571875
1 0.5544546873065015 0.47659687500000003 0.5486625003095975 0.4818421880952381 0.5436984377708979 0.490003125 0.5409406247678018 0.4946671869047619 0.5362531250773994 0.5016609369047619 0.5370812501547988 0.507490625 0.5373562501547987 0.5191484369047619 0.5398374996904025 0.53255625 0.5450781250773994 0.5477125 0.550317187616099 0.5582046869047619 0.5555578123839009 0.5646171869047619 0.5654859374613003 0.566365625 0.5729312501547987 0.561701561904762 0.5784468749226006 0.5517921869047618 0.576517187616099 0.533721875 0.5754140625386998 0.4882546880952381 0.5710015622291021 0.4730984380952381 0.5654859374613003 0.4684359369047619 0.5627281250773993 0.4696015630952381 0.5544546873065015 0.47659687500000003
1 0.573482812383901 0.509239063095238 0.5745859374613003 0.53721875 0.5759656247678019 0.5453796880952381 0.5798265622291021 0.5517921869047618 0.5861687498452012 0.5558734380952381 0.5955453126934985 0.5552890630952381 0.6027156247678018 0.548878125 0.6049218749226006 0.5430484369047619 0.6054734377708978 0.527309375 0.6051968749226007 0.516234375 0.6002328123839009 0.50224375 0.5985781250773994 0.4969984380952381 0.5919593752321982 0.4771796880952381 0.585617187616099 0.472515625 0.5787234377708979 0.4818421880952381 0.5745859374613003 0.490003125 0.573482812383901 0.509239063095238
1 0.6010609374613003 0.509239063095238 0.6027156247678018 0.5319734380952381 0.6093343752321981 0.5424656250000001 0.61485 0.5482953119047619 0.620917187616099 0.546546875 0.6278109374613003 0.5418828119047618 0.63305 0.534304686904762 0.63305 0.5208984380952381 0.6336015622291021 0.5057421880952381 0.6311203126934984 0.4870890630952381 0.6272593752321982 0.4742640630952381 0.6184343752321981 0.46901875 0.6129187498452012 0.4696015630952381 0.6046453126934984 0.4730984380952381 0.597475 0.47951093809523815 0.5969234377708978 0.490003125 0.6010609374613003 0.509239063095238
1 0.6531828123839009 0.441621875 0.6440812501547988 0.44045468809523813 0.6302937498452013 0.44395312499999995 0.623675 0.4509484380952381 0.6220203126934984 0.46901875 0.6269843752321981 0.496415625 0.6272593752321982 0.505159375 0.6308453126934985 0.51973125 0.6347046873065015 0.529059375 0.6416 0.5378031249999999 0.6462874996904024 0.5354703130952382 0.6501484377708978 0.524978125 0.6531828123839009 0.5208984380952381 0.6586984377708978 0.5232296880952381 0.6661437498452012 0.5191484369047619 0.6724875003095976 0.506325 0.6760718749226007 0.49408437499999996 0.6727625003095975 0.472515625 0.6689015622291021 0.4620234380952381 0.6625593752321981 0.4427875 0.6531828123839009 0.441621875
1 0.6666953126934984 0.437540625 0.6661437498452012 0.4538625 0.6669718749226006 0.474846875 0.6716593752321981 0.4946671869047619 0.6735906247678018 0.4999125 0.6821390625386997 0.4999125 0.6904124996904024 0.4917515619047619 0.6992374996904025 0.481259375 0.7094406247678019 0.47368125 0.7133015622291022 0.4655203119047619 0.7121984377708979 0.4544453130952381 0.7080625003095975 0.4427875 0.7030984377708979 0.43229375000000003 0.697582812383901 0.4218015619047619 0.6934453126934984 0.415390625 0.6837937498452012 0.41014375000000003 0.6782781250773993 0.4183046869047619 0.6722109374613003 0.42937968809523813 0.6666953126934984 0.437540625
1 0.7116468749226006 0.46726874999999995 0.7226781250773994 0.47368125 0.7290203126934985 0.47659687500000003 0.7400515622291022 0.4666859369047619 0.7466703126934984 0.450365625 0.74805 0.4218015619047619 0.7400515622291022 0.389159375 0.7295718749226006 0.3710890619047619 0.7138531250773994 0.3705046869047619 0.7061312501547987 0.3839125 0.7061312501547987 0.4054796869047619 0.7030984377708979 0.4218015619047619 0.7022703126934985 0.43579218690476185 0.7055796873065016 0.458525 0.7116468749226006 0.46726874999999995
10 0.6830265622291022 0.61676875 0.696975 0.646251561904762 0.7072531250773995 0.6656484380952381 0.713492187616099 0.669528125 0.7167968749226006 0.66176875 0.7120249999999999 0.6431484380952381 0.7017468749226006 0.6175453119047619 0.6984437498452013 0.5934937499999999 0.6936718749226006 0.5896140630952381 0.6889 0.5981484369047619 0.6833937498452013 0.60513125 0.6830265622291022 0.61676875
10 0.7178968749226006 0.6237515630952382 0.728175 0.640045313095238 0.7344156247678019 0.6431484380952381 0.7362500000000001 0.63926875 0.7333140625386997 0.618320313095238 0.7270734377708978 0.5927171869047618 0.7182640625386997 0.562459375 0.7120249999999999 0.5554765619047619 0.7057843752321982 0.5640109369047619 0.6991781250773993 0.5671140619047619 0.7010125003095975 0.580303125 0.7101890625386997 0.6004765619047618 0.7178968749226006 0.6237515630952382
0 0.7002781250773994 0.5834078119047619 0.7061515622291021 0.5880625 0.7120249999999999 0.585734375 0.7156953126934984 0.5810796880952381 0.7186312501547988 0.568665625 0.7171640625386997 0.5554765619047619 0.713492187616099 0.5531484369047619 0.7090874996904025 0.5585796869047619 0.70505 0.5655625 0.7002781250773994 0.5733203130952381 0.7002781250773994 0.5834078119047619
1 0.5585937498452013 0.711425 0.5622640625386996 0.7044421869047619 0.5659343752321981 0.6897 0.5640999999999999 0.670303125 0.5607968749226007 0.6284078119047619 0.5593281250773994 0.6144421869047619 0.5538218749226006 0.5989249999999999 0.5387734377708978 0.59426875 0.5281281250773994 0.6035796869047619 0.5266593752321982 0.619096875 0.5288624996904024 0.6431484380952381 0.5336343752321981 0.664871875 0.5398734377708979 0.688925 0.5505187498452012 0.703665625 0.5585937498452013 0.711425
1 0.5629984377708979 0.6578890619047618 0.5652015622291021 0.666425 0.5703390625386997 0.681165625 0.5736437498452013 0.688925 0.578782812383901 0.6904765619047619 0.5850218749226006 0.6819421869047619 0.5894265622291022 0.6656484380952381 0.5916296873065016 0.6353890630952381 0.5912624996904026 0.6128890630952382 0.587225 0.59426875 0.5795156247678018 0.5880625 0.5699734377708978 0.5865109380952381 0.5615296873065015 0.5888375 0.5552906247678019 0.5989249999999999 0.5582265622291022 0.624528125 0.5629984377708979 0.6578890619047618
1 0.4106687498452013 0.646251561904762 0.4132390625386997 0.6609937499999999 0.4132390625386997 0.6757343750000001 0.4176437498452012 0.6904765619047619 0.42425 0.6935796880952381 0.4304906247678018 0.6865968749999999 0.44040156222910215 0.6718546880952381 0.44260312507739935 0.652459375 0.4440718749226006 0.626854686904762 0.44260312507739935 0.6097859369047619 0.4400343752321982 0.596596875 0.43379374984520125 0.5865109380952381 0.42241562476780187 0.5818546880952381 0.41397343777089785 0.5880625 0.41287187492260063 0.608234375 0.4106687498452013 0.646251561904762
1 0.4110359374613003 0.6431484380952381 0.41544062476780186 0.618320313095238 0.4180109374613003 0.596596875 0.41434062476780187 0.5834078119047619 0.4077328123839009 0.574871875 0.3985562501547988 0.58263125 0.39341718761609906 0.602028125 0.39451874984520124 0.640045313095238 0.39892343777089784 0.650907813095238 0.40296093746130035 0.6532343749999999 0.4077328123839009 0.651682813095238 0.4110359374613003 0.6431484380952381
1 0.3684578123839009 0.6431484380952381 0.36809062476780186 0.652459375 0.37029218761609906 0.6640968749999999 0.37579843777089783 0.666425 0.3820390625386997 0.6633203119047619 0.38864531269349845 0.6501312499999999 0.39451874984520124 0.6369421869047619 0.3974546873065015 0.6237515630952382 0.3974546873065015 0.6090109369047619 0.3963546873065016 0.5911656249999999 0.3926828123839009 0.576425 0.3813046873065015 0.5733203130952381 0.3728624996904025 0.5849593750000001 0.3662546873065015 0.5950453130952381 0.36331874984520124 0.61599375 0.3684578123839009 0.6431484380952381
1 0.3273468749226006 0.551596875 0.3207406247678019 0.5616828119047619 0.3167015622291022 0.5779765619047619 0.3145 0.6012515619047619 0.3163359374613003 0.6113375 0.3200062501547988 0.62763125 0.32477812507739934 0.641596875 0.3357890625386997 0.649354686904762 0.3453328123839009 0.6501312499999999 0.35487656222910213 0.645476561904762 0.36552031269349844 0.62763125 0.36992499999999995 0.6128890630952382 0.3706593752321981 0.5903906250000001 0.3695593752321981 0.5756484380952381 0.3629515622291022 0.562459375 0.35450937523219817 0.5616828119047619 0.3442312501547987 0.557028125 0.33689062476780185 0.546165625 0.3273468749226006 0.551596875
1 0.2700859374613003 0.5430625 0.27265468730650155 0.5531484369047619 0.27816093746130033 0.567890625 0.28623593746130027 0.5849593750000001 0.29651406253869966 0.607459375 0.30275468730650157 0.602803125 0.3093609374613003 0.5997 0.31596874984520124 0.596596875 0.31963906253869967 0.5834078119047619 0.32037343777089783 0.5640109369047619 0.31890468730650157 0.54926875 0.3126640625386997 0.5384078130952381 0.30348750030959754 0.534528125 0.2851359374613003 0.5205624999999999 0.27705937523219815 0.5283203119047619 0.2700859374613003 0.5430625
2 0.2884390625386997 0.5896140630952381 0.2990828123839009 0.5888375 0.3053234377708978 0.5865109380952381 0.30495625015479877 0.562459375 0.2998171876160991 0.5508203119047619 0.2891734377708978 0.540734375 0.28036406253869967 0.5360796880952381 0.27485781238390095 0.54849375 0.27375625015479876 0.557028125 0.2785281250773994 0.5725453119047619 0.28183125015479876 0.5849593750000001 0.2884390625386997 0.5896140630952381
0 0.27338906253869966 0.5663375 0.27485781238390095 0.559354688095238 0.2697187498452012 0.540734375 0.2638453126934985 0.5547 0.26457968730650155 0.562459375 0.26825 0.57099375 0.27338906253869966 0.5663375
6 0.6884450520123839 0.6815365642857143 0.6837582823529412 0.6362500535714286 0.6078124643962848 0.6429687511904761 0.6087708049535604 0.6971526142857143 0.6884450520123839 0.6815365642857143
9 0.2866759269349845 0.40708449047619044 0.2723033424148607 0.47267190238095236 0.2885506346749226 0.49453437380952386 0.3141713715170279 0.5020300821428572 0.3216701547987616 0.42082662023809525 0.32042033374613005 0.34024780238095237 0.3097971170278638 0.3277549619047619 0.3079224092879257 0.3964655714285714 0.2978124854489164 0.33140625119047623 0.29105022972136224 0.35336527500000003 0.2866759269349845 0.40708449047619044
9 0.4072809213622291 0.46205298333333333 0.405406213622291 0.3602363392857143 0.3935332229102167 0.4114569904761905 0.38853403405572756 0.36335955 0.3841597795665635 0.3596116952380952 0.3868749857585139 0.45250000119047623 0.4072809213622291 0.46205298333333333
9 0.6016236439628483 0.5226432642857143 0.6116220222910217 0.5445057345238096 0.6297439752321982 0.5438811023809523 0.6347431640866873 0.5295143404761905 0.6272444284829721 0.46954869285714285 0.6110937356037152 0.3696875011904762 0.6034983517027864 0.4789183226190476 0.6016236439628483 0.5226432642857143
9 0.24418301114551086 0.6382020369047618 0.2566809362229102 0.6488209797619048 0.2816767857585139 0.5807349666666667 0.29292488978328174 0.5913538857142857 0.26168007739938076 0.6563166654761905 0.265429492879257 0.6663109285714286 0.3097971170278638 0.598849619047619 0.3147962582043344 0.5532507321428571 0.27984373560371517 0.5251562511904763 0.265429492879257 0.5413825250000001 0.24418301114551086 0.6382020369047618
