0 0.24547031269349845 0.5203171880952381 0.24462968730650156 0.5296 0.24883437523219815 0.5352734369047619 0.2536 0.525990625 0.2547218749226006 0.517221875 0.25219843777089784 0.506390625 0.24827343777089786 0.5125796869047619 0.24547031269349845 0.5203171880952381
0 0.3079890625386997 0.5538421880952381 0.3091109374613003 0.547653125 0.30882968730650157 0.5419796880952381 0.30602656222910213 0.5373375 0.30462500000000003 0.5471359369047619 0.30490468730650155 0.5579671869047619 0.3079890625386997 0.5538421880952381
2 0.6360031250773993 0.545073436904762 0.6329187498452012 0.539915625 0.6289937498452013 0.5383687500000001 0.6219859374613003 0.5430109380952381 0.6194625003095975 0.57395625 0.6362828123839009 0.5785984380952381 0.6385265622291021 0.5749875 0.6382453126934985 0.56415625 0.6382453126934985 0.5528093749999999 0.6360031250773993 0.545073436904762
2 0.6483390625386997 0.575503125 0.6508625003095975 0.5791140619047619 0.6531046873065015 0.5770515619047619 0.6612343752321982 0.582209375 0.6688046873065016 0.5796296880952381 0.6732906247678018 0.572409375 0.6744109374613002 0.5574515630952381 0.6671218749226007 0.5198015619047619 0.663757812383901 0.5213484380952381 0.6581515622291021 0.529084375 0.6581515622291021 0.54043125 0.6575906247678018 0.55229375 0.6556281250773994 0.5574515630952381 0.6508625003095975 0.559 0.6503015622291021 0.5682828130952381 0.6483390625386997 0.575503125
2 0.6744109374613002 0.51670625 0.6749718749226007 0.5213484380952381 0.6735703126934984 0.5321796880952381 0.6730093752321982 0.545073436904762 0.6735703126934984 0.563125 0.6769343752321981 0.57395625 0.6878687498452012 0.575503125 0.6943171876160991 0.569829686904762 0.7002046873065016 0.562609375 0.6988031250773994 0.5528093749999999 0.6957187498452012 0.55229375 0.6923546873065015 0.5435265630952382 0.6901109374613004 0.529084375 0.6873078123839009 0.5275375 0.6836640625386997 0.51670625 0.6794578123839009 0.5115484380952381 0.6744109374613002 0.51670625
2 0.6917937498452013 0.626048438095238 0.695157812383901 0.637910936904762 0.6979609374613004 0.6441 0.7035687498452012 0.6451328119047619 0.7072124996904025 0.6363640630952381 0.7004843752321981 0.614185936904762 0.6903921876160991 0.6136703130952381 0.6917937498452013 0.626048438095238
1 0.6646 0.667825 0.6721687498452013 0.665246875 0.6822609374613003 0.663184375 0.6903921876160991 0.66266875 0.6954374996904025 0.656995311904762 0.696840624767802 0.6451328119047619 0.6934750000000001 0.634301561904762 0.6881484377708978 0.62140625 0.6819812501547987 0.614701561904762 0.6758140625386997 0.6121234380952381 0.6671218749226007 0.6157328130952381 0.6575906247678018 0.616765625 0.6486187498452013 0.61934375 0.6430124996904025 0.6245015619047619 0.6418906247678018 0.6348171880952381 0.644132812383901 0.6508062499999999 0.6474984377708978 0.6580265630952381 0.6533843752321982 0.6657625 0.6598328123839009 0.668342188095238 0.6646 0.667825
2 0.6573093752321981 0.660604688095238 0.6575906247678018 0.6704046880952381 0.6592718749226006 0.682782813095238 0.662917187616099 0.6884562500000001 0.6702062501547987 0.6853625000000001 0.6718890625386997 0.671435938095238 0.6744109374613002 0.6698890619047619 0.6774953126934984 0.677625 0.6822609374613003 0.6838140630952381 0.6873078123839009 0.682267188095238 0.6898312501547988 0.676078125 0.6884296873065016 0.663184375 0.6856265622291022 0.6559625 0.677215624767802 0.644615625 0.6654406247678019 0.647710938095238 0.6592718749226006 0.652353125 0.6573093752321981 0.660604688095238
9 0.6873078123839009 0.70135 0.6954374996904025 0.7235281250000001 0.7041296873065015 0.750864061904762 0.7041296873065015 0.7441593750000001 0.696840624767802 0.712696875 0.6901109374613004 0.677625 0.6822609374613003 0.6858781249999999 0.6873078123839009 0.70135
9 0.6713281250773994 0.757053125 0.6693656247678018 0.7441593750000001 0.6696453126934985 0.724559375 0.6693656247678018 0.703414063095238 0.6696453126934985 0.6858781249999999 0.660675 0.6874250000000001 0.6620765622291023 0.699803125 0.662917187616099 0.7235281250000001 0.6676828123839009 0.754990625 0.6774953126934984 0.7802625 0.6713281250773994 0.757053125
0 0.6435734377708979 0.6487421869047619 0.6435734377708979 0.6348171880952381 0.6430124996904025 0.6291437499999999 0.6390875003095975 0.637910936904762 0.639367187616099 0.647195313095238 0.640207812383901 0.653384375 0.6416109374613003 0.661635938095238 0.644132812383901 0.6657625 0.6455359374613003 0.6600890619047619 0.6435734377708979 0.6487421869047619
2 0.3606953126934984 0.655446875 0.3629390625386997 0.6348171880952381 0.3679843752321981 0.6296593749999999 0.36265781238390093 0.6265640619047619 0.3576125003095975 0.623470313095238 0.3494812501547988 0.625532813095238 0.3430328123839009 0.63120625 0.339107812383901 0.641521875 0.33882812507739934 0.656995311904762 0.3405109374613003 0.6704046880952381 0.3421921876160991 0.667825 0.34443437523219816 0.670920311904762 0.3486406247678019 0.6796890619047619 0.3542468749226006 0.6843296869047619 0.36181718761609905 0.6817515619047618 0.3640593752321981 0.673498436904762 0.36181718761609905 0.66266875 0.3606953126934984 0.655446875
2 0.343875 0.6296593749999999 0.3424718749226006 0.621921875 0.3405109374613003 0.6152171880952381 0.3379874996904025 0.6152171880952381 0.32761406253869974 0.616765625 0.3214468749226006 0.6157328130952381 0.31415625015479876 0.610576561904762 0.30770937523219816 0.6069656250000001 0.30154062476780186 0.6069656250000001 0.29453281238390094 0.609028125 0.29088750030959754 0.619859375 0.28920468730650156 0.6332687499999999 0.2886453126934984 0.650289063095238 0.29172812507739937 0.6600890619047619 0.29481249969040246 0.6637000000000001 0.2959343752321981 0.674015625 0.29873750030959756 0.6817515619047618 0.30378437523219814 0.6832984369047619 0.3057468749226006 0.67865625 0.31051250030959754 0.677109375 0.3152781250773994 0.6848453119047619 0.32312812507739935 0.6853625000000001 0.3248109374613003 0.67865625 0.32761406253869974 0.6667937500000001 0.336025 0.662153125 0.3382671876160991 0.65286875 0.34107031269349847 0.640490625 0.343875 0.6296593749999999
2 0.2735062501547988 0.60541875 0.26565625015479877 0.6033546869047619 0.26621562476780186 0.616765625 0.26930000000000004 0.619859375 0.2729453126934984 0.619859375 0.27715 0.6265640619047619 0.27574843777089786 0.6368796880952381 0.27883281238390095 0.6482265630952381 0.28443906253869966 0.6482265630952381 0.2886453126934984 0.6466796880952381 0.29060781238390093 0.641521875 0.2925703126934985 0.6348171880952381 0.29369062476780183 0.6229546869047619 0.29200937523219817 0.610576561904762 0.2886453126934984 0.6038703119047619 0.28612187492260066 0.602323438095238 0.2805140625386997 0.605934375 0.2735062501547988 0.60541875
9 0.34892031269349844 0.6884562500000001 0.3455562501547988 0.716823436904762 0.3351828123839009 0.794189061904762 0.3441546873065015 0.7524109380952381 0.34976250030959755 0.7183703130952381 0.35452812507739934 0.686909375 0.34920156222910215 0.680204688095238 0.34892031269349844 0.6884562500000001
9 0.2973359374613003 0.775620311904762 0.30322343777089783 0.76943125 0.3091109374613003 0.759632813095238 0.312475 0.7498328119047619 0.3175218749226006 0.735390625 0.3214468749226006 0.7132124999999999 0.32312812507739935 0.6838140630952381 0.3121937498452012 0.680204688095238 0.3113531250773994 0.7044453130952381 0.31023125015479874 0.7286859369047619 0.3065875003095975 0.753442186904762 0.2973359374613003 0.775620311904762
9 0.30210156222910217 0.6848453119047619 0.29285 0.6781406249999999 0.28612187492260066 0.711665625 0.27883281238390095 0.732296875 0.2726640625386997 0.762726563095238 0.28163593746130033 0.736421875 0.2922890625386997 0.709603125 0.2984578123839009 0.6956765630952381 0.30210156222910217 0.6848453119047619
13 0.42578125015479873 0.7122395833333334 0.5455729164086688 0.7057291666666666 0.625 0.6927083333333334 0.6796874996904025 0.6783854166666666 0.7213541665634675 0.66015625 0.7643229164086687 0.62890625 0.7955729164086687 0.6041666666666666 0.7955729164086687 0.5924479166666666 0.708333333126935 0.6536458333333334 0.6744791665634675 0.66796875 0.6432291665634675 0.6783854166666666 0.5898437498452013 0.6927083333333334 0.5026041665634675 0.69921875 0.3893229164086688 0.7005208333333334 0.322916666873065 0.67578125 0.2369791665634675 0.6302083333333334 0.22656250030959751 0.6393229166666666 0.3164062501547988 0.6927083333333334 0.42578125015479873 0.7122395833333334
13 0.23958333312693497 0.5013020833333334 0.3776041665634675 0.5286458333333334 0.4192708334365325 0.5364583333333334 0.494791666873065 0.5455729166666666 0.5598958334365325 0.5403645833333334 0.5911458334365325 0.5325520833333334 0.6653645832817336 0.5078125 0.7382812501547988 0.4908854166666667 0.755208333126935 0.4739583333333333 0.7213541665634675 0.4791666666666667 0.6575520835913313 0.5013020833333334 0.5742187498452013 0.5130208333333334 0.5299479164086688 0.52734375 0.4700520835913312 0.52734375 0.41406250030959757 0.5143229166666666 0.3294270835913312 0.51171875 0.2317708334365325 0.4830729166666667 0.23958333312693497 0.5013020833333334
27 0.385416666873065 0.5989583333333334 0.5911458334365325 0.5911458333333334 0.598958333126935 0.5546875 0.390625 0.5546875 0.385416666873065 0.5989583333333334
27 0.5716145832817338 0.6341145833333334 0.41276041671826624 0.6328125 0.4205729164086688 0.65625 0.5768229164086688 0.66015625 0.5716145832817338 0.6341145833333334
