2 0.44846718761609905 0.570220311904762 0.4488578123839009 0.5860015619047619 0.4496421876160991 0.60676875 0.4539562501547988 0.601784375 0.4598374996904025 0.5918171869047619 0.4606218749226006 0.5801875 0.4594453126934985 0.570220311904762 0.4516031250773994 0.5602515619047619 0.44846718761609905 0.570220311904762
2 0.4457218749226006 0.57188125 0.44415312507739935 0.55526875 0.42107013622291023 0.5614268488095238 0.4244934705882353 0.599768194047619 0.4313401399380805 0.6155155321428571 0.4461140625386997 0.602615625 0.4461140625386997 0.5918171869047619 0.4457218749226006 0.57188125
9 0.43003593746130037 0.524534375 0.43082031269349846 0.56274375 0.43591874984520124 0.56274375 0.43787968730650156 0.50210625 0.43513437523219817 0.4530984380952381 0.4347421876160991 0.412396875 0.43003593746130037 0.524534375
0 0.6441359374613004 0.541146875 0.6409999999999999 0.53699375 0.6382546873065016 0.5403171880952381 0.6378625003095976 0.550284375 0.6390390625386997 0.559421875 0.6433531250773993 0.5610828130952381 0.6457046873065015 0.547792186904762 0.6441359374613004 0.541146875
0 0.6523546873065016 0.54276875 0.6475000000000001 0.5342 0.6470968749226006 0.5573343749999999 0.6495234377708978 0.55305 0.6515453126934985 0.5513359369047619 0.6523546873065016 0.54276875
2 0.6980656247678019 0.606171875 0.7053468749226006 0.5993171869047619 0.7138406247678019 0.5933203130952381 0.7154593752321982 0.587321875 0.71465 0.5556203119047619 0.7061546873065015 0.5513359369047619 0.699682812383901 0.5547640619047619 0.6932109374613004 0.5599046869047619 0.6863343752321982 0.5693296869047619 0.6814796873065014 0.57275625 0.6774343752321982 0.5838953119047618 0.6835031250773994 0.596746875 0.6903796873065016 0.6070296880952382 0.6980656247678019 0.606171875
0 0.6620624996904025 0.6678625 0.6717718749226006 0.665292188095238 0.6830984377708977 0.6464421880952381 0.6871437498452012 0.6233078119047619 0.6826937498452013 0.6104562499999999 0.6782437498452012 0.60103125 0.6697484377708978 0.600175 0.6624671876160991 0.605315625 0.6495234377708978 0.6173109369047619 0.6438593752321982 0.6258796880952381 0.6450734377708978 0.640445311904762 0.6515453126934985 0.655010936904762 0.6620624996904025 0.6678625
9 0.7037281250773993 0.7518296880952381 0.7045374996904025 0.7406906249999999 0.6903796873065016 0.6875687500000001 0.6794578123839009 0.655010936904762 0.6725812501547987 0.661865625 0.6835031250773994 0.692709375 0.696042187616099 0.720128125 0.7037281250773993 0.7518296880952381
9 0.6568046873065015 0.673003125 0.6653 0.7149875 0.6798625003095975 0.76296875 0.675007812383901 0.7329796880952382 0.6665125003095975 0.6952796869047619 0.6648953126934984 0.666148436904762 0.6568046873065015 0.6584375 0.6568046873065015 0.673003125
2 0.3412828123839009 0.6447281250000001 0.3457328123839009 0.632732813095238 0.34735 0.6155968749999999 0.3449234377708978 0.6027453119047619 0.33197968730650157 0.5941765630952381 0.3198437498452012 0.587321875 0.31296718761609904 0.595034375 0.30447187492260064 0.6036015619047619 0.3048765622291022 0.6104562499999999 0.3073031250773994 0.6284500000000001 0.3064937498452012 0.64815625 0.3105390625386997 0.661865625 0.318225 0.6712890619047618 0.32469687492260063 0.669576563095238 0.3307656247678018 0.663578125 0.3348109374613003 0.655867186904762 0.3412828123839009 0.6447281250000001
2 0.2802015622291022 0.5573343749999999 0.27211093746130033 0.5539078119047619 0.2680656247678019 0.5650453130952381 0.26725625015479876 0.57275625 0.2708968749226006 0.5890359380952381 0.2789874996904025 0.60103125 0.2891 0.604459375 0.29516874984520125 0.605315625 0.30204531269349844 0.5890359380952381 0.2967859374613003 0.581325 0.28950468730650153 0.5710437500000001 0.2802015622291022 0.5573343749999999
0 0.2915281250773994 0.6344468750000001 0.2955718749226006 0.6335906250000001 0.3032578123839009 0.6181671869047619 0.30689843777089787 0.595034375 0.30285312507739937 0.585609375 0.30002187492260063 0.595890625 0.2943593752321982 0.606171875 0.28748281238390094 0.607885938095238 0.28788749969040245 0.6258796880952381 0.2915281250773994 0.6344468750000001
9 0.3179187498452012 0.671634375 0.3179187498452012 0.6883718750000001 0.30454687492260063 0.763045311904762 0.3148796873065015 0.739226561904762 0.32065312507739935 0.708328125 0.32703593746130033 0.670346875 0.3239968749226006 0.6677718749999999 0.3179187498452012 0.671634375
9 0.31275156222910216 0.665840625 0.31032031269349847 0.6561859369047619 0.3069781250773994 0.6581156250000001 0.3012031250773994 0.671634375 0.29512499999999997 0.6915906249999999 0.2787125003095975 0.7463078130952381 0.28418437523219814 0.7327890619047619 0.29269374984520125 0.716051563095238 0.30150625015479876 0.692234375 0.31275156222910216 0.665840625
7 0.29892031269349845 0.78918125 0.3049593752321981 0.787582811904762 0.3104312501547988 0.7783890619047619 0.31420625015479875 0.77279375 0.3155265622291022 0.7644 0.31628125015479874 0.752009375 0.3140171876160991 0.7576046880952381 0.3104312501547988 0.765998438095238 0.3036390625386997 0.765198436904762 0.3011859374613003 0.754007811904762 0.29892031269349845 0.7592031250000001 0.2966562501547988 0.7644 0.2942031250773994 0.7707953130952381 0.2953359374613003 0.7831859380952381 0.29892031269349845 0.78918125
