8 0.2509156247678018 0.57528125 0.2462874996904025 0.6032515630952381 0.24430468730650157 0.628790625 0.24430468730650157 0.640953125 0.2535593752321982 0.6397359369047619 0.26281406253869966 0.615414063095238 0.27140781238390094 0.5959546880952381 0.275375 0.5886578119047619 0.26744218761609906 0.5813609380952381 0.26017031269349844 0.5728484369047618 0.2509156247678018 0.57528125
8 0.29631718761609904 0.6231 0.2976703126934984 0.60731875 0.29225312507739937 0.5965203130952381 0.28593125015479876 0.593196875 0.2773531250773994 0.5923671869047619 0.269225 0.60565625 0.2624531250773994 0.617285938095238 0.2565828123839009 0.636390625 0.2534234377708978 0.648020313095238 0.25567968730650154 0.660479686904762 0.26516249969040245 0.6563265619047619 0.2728375003095975 0.64885 0.2787078123839009 0.641375 0.2872859374613003 0.630576563095238 0.29631718761609904 0.6231
7 0.23024843777089782 0.646665625 0.23092656222910216 0.6547781250000001 0.23940781238390094 0.6635156249999999 0.23805 0.6747484380952381 0.24381718761609905 0.6791171869047619 0.25195937523219814 0.6809890630952381 0.2587437498452012 0.6747484380952381 0.2621359374613003 0.6703796880952381 0.26688437523219816 0.660395311904762 0.26349218761609905 0.659770313095238 0.25806562476780187 0.6566500000000001 0.25399374984520123 0.6522828130952381 0.25162031269349844 0.647289063095238 0.24890625015479875 0.646665625 0.2461921876160991 0.6391765619047619 0.24415625015479875 0.629815625 0.2397468749226006 0.622326561904762 0.23296250030959753 0.629815625 0.23024843777089782 0.646665625
0 0.36492187492260064 0.56865625 0.36017343777089783 0.5580468749999999 0.35474531269349846 0.5580468749999999 0.35270937523219814 0.562415625 0.35067499999999996 0.571776563095238 0.35135312507739935 0.5817609380952381 0.35440625015479876 0.59361875 0.36017343777089783 0.591746875 0.3639046873065015 0.5861296869047619 0.36661874984520126 0.5780171869047619 0.36492187492260064 0.56865625
2 0.3930781250773994 0.5986109380952381 0.3910421876160991 0.59361875 0.3873109374613003 0.591121875 0.38391874984520125 0.5904984369047619 0.38086562476780184 0.596115625 0.3822218749226006 0.6092203130952382 0.3873109374613003 0.612965625 0.3913812501547988 0.61109375 0.39375625015479876 0.6054765619047618 0.3930781250773994 0.5986109380952381
0 0.4029156247678019 0.6036046880952382 0.40596874984520126 0.61109375 0.4086828123839009 0.6004843750000001 0.4113968749226006 0.5886265619047619 0.4076640625386997 0.5823859369047619 0.4029156247678019 0.587378125 0.40189843777089784 0.595490625 0.4029156247678019 0.6036046880952382
0 0.41445000000000004 0.5923703130952381 0.4147890625386997 0.5986109380952381 0.4164843752321981 0.6036046880952382 0.41852031269349843 0.608596875 0.4242874996904025 0.60173125 0.427 0.5973640619047619 0.427 0.58925 0.42292968730650154 0.583634375 0.41885937523219813 0.5861296869047619 0.41445000000000004 0.5923703130952381
0 0.5833843752321981 0.5948671869047619 0.5905093752321982 0.609845311904762 0.59865 0.616085936904762 0.6033999999999999 0.617334375 0.6084875003095975 0.6204546880952381 0.6122187498452013 0.616085936904762 0.6118796873065016 0.604228125 0.6088265622291021 0.5973640619047619 0.6071312501547987 0.5880015630952381 0.6013640625386997 0.583634375 0.5945796873065015 0.5798890630952381 0.5888124996904025 0.570528125 0.5840640625386997 0.56865625 0.5816890625386997 0.579265625 0.5833843752321981 0.5948671869047619
8 0.6064531250773993 0.4450890630952381 0.6091656247678019 0.4444640619047619 0.6159515622291022 0.448209375 0.6186640625386997 0.4407203119047619 0.6179859374613003 0.4257421880952381 0.6128984377708978 0.410140625 0.6033999999999999 0.4195015619047619 0.6006859374613003 0.4407203119047619 0.6064531250773993 0.4450890630952381
9 0.5613343752321982 0.3964109369047619 0.5599781250773994 0.414509375 0.5660843752321981 0.414509375 0.5660843752321981 0.3957875 0.5677796873065015 0.37144843690476187 0.5684593752321981 0.35647031309523813 0.5769390625386996 0.31153593809523805 0.5694765622291021 0.33213125 0.5660843752321981 0.35085312500000004 0.5633703126934985 0.36208593809523815 0.5626921876160991 0.37831250000000005 0.5613343752321982 0.3964109369047619
2 0.5555687498452012 0.46630781309523806 0.5491234377708978 0.469428125 0.5450515622291022 0.48315781190476187 0.5453906247678019 0.5043765619047619 0.5521765622291022 0.5312109380952381 0.5596390625386997 0.5436921880952381 0.5704937498452012 0.52621875 0.5728687498452013 0.511240625 0.5762609374613004 0.4931421880952381 0.575582812383901 0.4825328130952381 0.5766 0.468803125 0.5721906247678018 0.46069062499999996 0.5623531250773993 0.456946875 0.5572640625386996 0.46069062499999996 0.5555687498452012 0.46630781309523806
2 0.5419984377708978 0.5268421869047619 0.5453906247678019 0.519353125 0.5464093752321981 0.5062484380952381 0.5470875003095975 0.485653125 0.5450515622291022 0.46693124999999996 0.5433562501547988 0.45632187500000004 0.5365718749226006 0.447584375 0.5287687498452013 0.4469609369047619 0.5223234377708978 0.452578125 0.5202890625386997 0.4700515630952381 0.5209671876160991 0.4875265619047619 0.5206281250773994 0.505 0.5236812501547988 0.5137375 0.5297875003095975 0.51748125 0.5369109374613004 0.5255953119047619 0.5419984377708978 0.5268421869047619
9 0.533857812383901 0.4045234380952381 0.533857812383901 0.3333796869047619 0.5284296873065015 0.39953125 0.533857812383901 0.4045234380952381
2 0.49416718761609907 0.4613140619047619 0.49179374984520124 0.4787890630952381 0.49179374984520124 0.5018796869047619 0.495525 0.5081203119047619 0.5009531250773994 0.509992188095238 0.5087546873065015 0.511240625 0.5148609374613003 0.516857811904762 0.518592187616099 0.511865625 0.5196093752321981 0.486278125 0.517575 0.46443437499999995 0.5192703126934984 0.4494578130952381 0.5172359374613004 0.4382234380952381 0.5118078123839009 0.4282390619047619 0.5057015622291022 0.42449375 0.49823906253869965 0.430734375 0.4968812501547987 0.44134375 0.49416718761609907 0.4613140619047619
2 0.4911140625386997 0.473171875 0.48840156222910214 0.456946875 0.4833125003095975 0.44196875 0.4761890625386997 0.42886250000000004 0.4670296873065015 0.42886250000000004 0.4599062501547988 0.439471875 0.4599062501547988 0.45881875000000005 0.4602453126934985 0.485653125 0.46194062476780184 0.5062484380952381 0.470082812383901 0.50125625 0.48093750030959753 0.503128125 0.4894187498452013 0.5000078119047618 0.4894187498452013 0.48815 0.4911140625386997 0.473171875
2 0.45956718761609905 0.48190937500000003 0.4578703126934984 0.465059375 0.4578703126934984 0.452578125 0.45278281238390095 0.4425921880952381 0.44531874984520126 0.440096875 0.4392125003095975 0.4425921880952381 0.4358203126934984 0.452578125 0.4351421876160991 0.47566875000000003 0.43548125015479877 0.490021875 0.43785625015479873 0.50125625 0.44090937523219814 0.509992188095238 0.44396250030959755 0.50936875 0.4473546873065015 0.50936875 0.4544781250773994 0.5081203119047619 0.4585484377708979 0.503128125 0.45956718761609905 0.48190937500000003
2 0.41003906253869965 0.4457125 0.4029156247678019 0.452578125 0.4025765622291022 0.4850296869047619 0.40461093746130034 0.5000078119047618 0.4076640625386997 0.511240625 0.4124140625386997 0.5206015630952381 0.41784218761609904 0.524346875 0.4242874996904025 0.5187296880952381 0.4276796873065015 0.511240625 0.43276718761609906 0.4956390630952381 0.4344640625386997 0.4800375 0.43344531269349845 0.45632187500000004 0.42937499999999995 0.4469609369047619 0.42394687492260064 0.4407203119047619 0.4168234377708978 0.4382234380952381 0.41003906253869965 0.4457125
8 0.37204531269349844 0.3882984369047619 0.37238437523219814 0.4051484380952381 0.3764562501547988 0.4425921880952381 0.37950937523219813 0.4469609369047619 0.38357968730650155 0.4463375 0.39002499999999996 0.4444640619047619 0.3964703126934985 0.45320156190476185 0.39443437523219815 0.4388484369047619 0.38832812507739933 0.4151328130952381 0.38561562476780187 0.393290625 0.3784906247678018 0.39079375 0.37204531269349844 0.3882984369047619
8 0.5399359374613003 0.707271875 0.5441437498452012 0.687371875 0.5387343752321981 0.669682813095238 0.5303203126934984 0.669682813095238 0.5255124996904025 0.6785265630952381 0.5219078123839009 0.6995328130952382 0.5164984377708979 0.7194328119047619 0.5243109374613003 0.7326999999999999 0.5291187498452012 0.7282781250000001 0.5357296873065015 0.717221875 0.5399359374613003 0.707271875
8 0.5140953126934984 0.686265625 0.5183015622291022 0.69179375 0.5219078123839009 0.68184375 0.5243109374613003 0.6718937500000001 0.5177 0.64978125 0.5146953126934984 0.6608375000000001 0.5140953126934984 0.686265625
7 0.48044062476780186 0.7957187499999999 0.48945468730650155 0.81783125 0.5050796873065015 0.822253125 0.5171 0.81783125 0.5315234377708978 0.790190625 0.5363296873065015 0.770290625 0.5381328123839009 0.739334375 0.5387343752321981 0.7150109380952381 0.5309218749226006 0.7271734380952382 0.5207046873065015 0.7271734380952382 0.5171 0.7083781250000001 0.5146953126934984 0.721645313095238 0.5056812501547987 0.738228125 0.49666718761609907 0.7415453130952381 0.49005625015479876 0.742651563095238 0.48284531269349845 0.76586875 0.48044062476780186 0.7957187499999999
13 0.4049479164086688 0.6184895833333334 0.48046874984520127 0.6341145833333334 0.5429687498452013 0.6770833333333334 0.59375 0.6614583333333334 0.6236979164086688 0.6458333333333334 0.59375 0.62890625 0.4075520835913312 0.6067708333333334 0.338541666873065 0.6106770833333334 0.23307291640866873 0.5833333333333334 0.22656250030959751 0.6080729166666666 0.3151041665634675 0.6315104166666666 0.4049479164086688 0.6184895833333334
13 0.401041666873065 0.4375 0.44140625015479873 0.4322916666666667 0.49088541671826624 0.43359375 0.5559895832817338 0.4557291666666667 0.5755208334365325 0.4466145833333333 0.5598958334365325 0.4309895833333333 0.5195312501547987 0.4192708333333333 0.47526041671826624 0.4127604166666667 0.4036458334365325 0.4270833333333333 0.401041666873065 0.4375
13 0.39126610588235294 0.4660414904761905 0.36447329349845203 0.40169911547619047 0.2840948569659443 0.4267212226190476 0.21086119814241486 0.40706096904761907 0.25194356470588236 0.45531778452380955 0.28766731393188855 0.45531778452380955 0.3412529380804954 0.4374448952380952 0.37519039133126936 0.45353052261904764 0.39126610588235294 0.4660414904761905
13 0.5877467281733746 0.46782882023809524 0.5877467281733746 0.46961608214285716 0.6484771300309597 0.4749779357142857 0.6931318167182662 0.4731906738095238 0.7199246291021673 0.45353052261904764 0.7306417263157895 0.42850845 0.6806285591331269 0.4338703035714286 0.6520494501547988 0.43208300714285713 0.6234704780185758 0.42850845 0.5897321021671826 0.4468750011904762 0.5877467281733746 0.46782882023809524
13 0.6109672198142414 0.6411958642857143 0.6163257009287926 0.655494161904762 0.6377600321981424 0.6966017952380952 0.6431185126934985 0.7001763857142856 0.6663390043343653 0.7001763857142856 0.7092075312693499 0.6840907583333334 0.7342141832817338 0.6608560154761904 0.7217107888544892 0.6179610535714285 0.7056350743034056 0.6376212726190476 0.6699113250773994 0.666217869047619 0.6299106736842105 0.6500000011904762 0.6109672198142414 0.6411958642857143
6 0.2823086972136223 0.7091128309523809 0.3466114191950464 0.7180492761904762 0.3412529380804954 0.6376212726190476 0.3305357046439628 0.6268974976190476 0.28052253684210526 0.6197483833333334 0.2928571021671827 0.6299107154761905 0.26980543900928794 0.6787289047619048 0.2823086972136223 0.7091128309523809
6 0.7002765938080496 0.7448586107142857 0.7538622179566563 0.7251983904761905 0.7377865034055727 0.6823034964285715 0.7199246291021673 0.6876653500000001 0.6788422625386997 0.6930272035714286 0.6431185126934985 0.6983890559523809 0.6209821021671826 0.6812500011904762 0.6466909696594427 0.7323475738095239 0.7002765938080496 0.7448586107142857
6 0.2590882055727554 0.41063556071428575 0.31624628606811145 0.39633722857142856 0.35732851640866875 0.39633722857142856 0.31981860681114554 0.36416610833333335 0.23035710216718266 0.3799107154761905 0.2573020452012384 0.4177847773809524 0.2590882055727554 0.41063556071428575
6 0.6913456563467493 0.4338703035714286 0.7127798513931889 0.4249338583333333 0.7074213708978327 0.39633722857142856 0.6716976216718266 0.41599741309523813 0.6388392445820434 0.4111607154761905 0.6431185126934985 0.4267212226190476 0.6913456563467493 0.4338703035714286
