2 0.4080719412115741 0.5138178435610645 0.38591125511584323 0.5122670280219719 0.3898561270691516 0.4559015585959544 0.412016628922629 0.45745236766489406
9 0.4201592703643655 0.33096405159917397 0.4258851496966827 0.3315605671168449 0.41194929314451656 0.46532307562126035 0.4062234145654884 0.4647265650109291
9 0.4054937500000051 0.45888281249999785 0.39798326728498523 0.4582496949954607 0.40912526315889863 0.32608329848616724 0.4166356267436413 0.32671641092355996
1 0.5781726426837395 0.4567718645406373 0.610786657529502 0.4555404765666905 0.6138386699276452 0.536368933494241 0.5812246555028651 0.5376003139262049
1 0.6060349044911391 0.46528899825817055 0.6388466590951793 0.4603093917802726 0.6490627692033968 0.5276207902707958 0.6162510206229399 0.5326003710621113
1 0.6920523810039185 0.50140162804541 0.6427649005373723 0.5135004473106756 0.6236879743402142 0.4357901206853522 0.6729749060154973 0.42369137259528433
9 0.6614828737442622 0.42912499579711855 0.6566925680137956 0.4294537299995874 0.6497847522047095 0.3287974821544706 0.6545750000000226 0.32846875
9 0.6719812272704075 0.37879687163130715 0.6774226617957311 0.37960333126266527 0.669258791305765 0.43468480917151814 0.6638173573928725 0.4338783523288075
1 0.6543353660039202 0.5328934064682954 0.7148538912831555 0.49163001834079467 0.7467232486941384 0.5383670694594873 0.686204879370166 0.5796302673538323
2 0.6990578647711345 0.5918140891479523 0.6695685846701735 0.5767803732287234 0.695539200747703 0.5258430436770913 0.7250282423806311 0.5408766863711851
9 0.7065477447672492 0.5706494786131885 0.7162936163988434 0.5676113543312746 0.7491830574527967 0.6731041883733383 0.7394371999612304 0.6761422810315534
9 0.7296840905895579 0.6785333790692185 0.717953290627861 0.682254828266868 0.6886116006619432 0.5897748381293773 0.700342196670249 0.5860534237345202
2 0.6289062090422703 0.5740066120441341 0.6230814342513895 0.5358545749833694 0.6682060761426101 0.5289658803458082 0.6740309700851412 0.5671177717740031
2 0.3787029856997606 0.5517407806371019 0.39859890094191996 0.5519749692199829 0.3982187005603919 0.5842724634167741 0.3783227853284643 0.5840382754865351
1 0.33536720780637097 0.5186662655178991 0.38751325021644334 0.5273286929430515 0.37586306919922663 0.597453849115354 0.3237170394535269 0.5887914741855469
9 0.34890290776002075 0.6098374487228087 0.3624332924659939 0.6130311506051354 0.33963818626170905 0.7095921075494532 0.32610781250002674 0.7063984375
9 0.3197265109088221 0.6433124916024744 0.3238918493119627 0.6439904861132844 0.31477471245818833 0.6999951780915438 0.31060937500001273 0.6993171875000068
10 0.26696011165120126 0.513117334828355 0.2968489478741958 0.5346629642607612 0.24515327219876326 0.6063700216219204 0.21526457186382686 0.5848245540828639
10 0.22852402640012315 0.5771968296158674 0.20226932973503153 0.5601813378116549 0.24891466459246203 0.4882147478423017 0.27516908770587634 0.50523012033875