2 0.39905519256444677 0.5366278440477142 0.36227632135239674 0.5321017574107456 0.37015289134308205 0.4681032230256738 0.40693140367795877 0.47262928733543036
2 0.4321595033832182 0.5424825985770126 0.4013491398578708 0.5430651920137446 0.39968151127675355 0.45486893918902693 0.4304914575868679 0.45428634972605236
2 0.4260756827231944 0.4753243356055068 0.4542726028754487 0.47176930887839763 0.46275345421736347 0.5390306470293209 0.434556537558592 0.5425856551599763
2 0.453935498939245 0.4741002330753136 0.46597217742146313 0.4730811196859492 0.4713714368988349 0.5368466001121424 0.45933475905394516 0.5378657084831308
2 0.4856937751159194 0.5294859375 0.47599215336197176 0.5294859375 0.4759922010259743 0.4752625000000001 0.4856937425097385 0.4752625000000001
9 0.44664351357118903 0.46325276160444523 0.4405353159575043 0.4635809344294752 0.4342079755406303 0.34581715832723986 0.44031608489194696 0.34548898787269283
2 0.48704310283358154 0.48188802847424517 0.4982180262345537 0.4817754819284175 0.49871246984537265 0.5308658150395801 0.4875375464520175 0.5309783611587922
2 0.5000787086455603 0.4940688089901937 0.5134177233650234 0.4917753615715397 0.5196062310077423 0.5277657864804167 0.5062672179412857 0.5300592273735004
0 0.5195565670782116 0.5026154300458621 0.51179803320872 0.5033141129157945 0.5078759529365016 0.4597641614114838 0.5156344373501724 0.4590654807827532
0 0.5154337356632368 0.4647125192245487 0.5233383653312558 0.46400061082213623 0.5282483728292391 0.5185146575986507 0.5203437435535534 0.5192265630805739
2 0.524206976269852 0.459361602617005 0.5414900270302496 0.4586661288003341 0.5437320454549308 0.5143780772146841 0.5264489948700657 0.5150735481566414
9 0.5328172345900839 0.4613390597946108 0.5253447249319834 0.46176836582975145 0.5181805386667975 0.33707368104204183 0.5256529320090522 0.33664437841526884
2 0.5760971877243719 0.5067639230184446 0.5586731604544184 0.5084603173777195 0.5518655311988141 0.43854170233951945 0.5692893833895596 0.4368453165662947
0 0.5437178261526014 0.46128754827990875 0.5519868710294986 0.4614506401663732 0.5511630830844751 0.5032152317520252 0.5428940382222436 0.503052140366633
1 0.6062751938291058 0.49946504769945915 0.5710778674952053 0.5036257682951137 0.5623783666619602 0.4300363635361989 0.5975753292730133 0.4258756645974704
1 0.6305266320094915 0.4895614242380483 0.5980597499194573 0.4904386398518189 0.5958878909185614 0.4100533574386095 0.6283544121636169 0.4091761467318901
1 0.6264967834250683 0.3846305399768672 0.6664229452860582 0.38416959302971654 0.6676235247172144 0.4881552903621654 0.6276973629127269 0.4886162341116396
1 0.6658845717216764 0.38742574394846685 0.7092051369126011 0.3885049329519417 0.7074230401477735 0.4600377046871151 0.6641024750775841 0.45895852066816195
2 0.37994813832347063 0.5770643377429684 0.4102295521115593 0.582368137338276 0.3976146529137168 0.6543833083337058 0.3673332484745515 0.6490795449923575
9 0.3883312500000784 0.710476562499997 0.39098164038671257 0.710271992210379 0.39375350434977463 0.7461782438707744 0.39110311405818265 0.7463828133445366
2 0.28936220077332564 0.5112424421458485 0.3229197315882857 0.5107078314473623 0.3244157318284806 0.6046031651728674 0.2908582011280032 0.6051377715697694
9 0.4061499999999114 0.2756812500000024 0.4133041211556474 0.2752811010148886 0.4183775370794365 0.3659842289930815 0.41122341607524504 0.36638437619834036
9 0.3771004153800277 0.3512294879374278 0.38541240883512273 0.3504738854579363 0.38956198970583955 0.396119399810508 0.3812499965238203 0.3968750003160055
6 0.3807147580221226 0.6602161769106532 0.2966220984486654 0.6615508307228837 0.2951649397749634 0.5697018356432836 0.3792561584515397 0.5683671932358652
6 0.22911486137820702 0.446697362361453 0.27738136339962693 0.37591256629886566 0.3964796110150246 0.4571182600269759 0.34821389480214293 0.5279023595542882
6 0.6569204505810831 0.6270094570494358 0.6100444216892811 0.6426332364164866 0.5803568471428662 0.5535700744750945 0.6272321421874949 0.5379464281250051
10 0.6576016419350026 0.5476926206009695 0.674985714226068 0.546639147277869 0.6781907613461726 0.5995225802044608 0.6608066894970079 0.6005760486324618
10 0.6810340488083284 0.6077040399058227 0.6633671918010577 0.6233307783003998 0.6292492005574104 0.58476268563043 0.646915960763522 0.569136020800313