0 0.2566828123839009 0.44060937499999997 0.2519375003095975 0.4205078119047619 0.24632968730650157 0.42690312500000005 0.24287968730650156 0.4342125 0.23985937523219814 0.44700468809523813 0.24029218761609908 0.46710625 0.24719218761609907 0.468934375 0.254525 0.459796875 0.2566828123839009 0.44060937499999997
0 0.2924828123839009 0.45065937500000003 0.28903281238390094 0.4588828130952381 0.2868765622291022 0.4725890619047619 0.2873078123839009 0.4890359380952381 0.2942078123839009 0.4826390619047619 0.3002468749226006 0.4661921869047619 0.2972281250773994 0.4424359369047619 0.2924828123839009 0.45065937500000003
0 0.3175 0.47350312499999997 0.31620625015479875 0.4890359380952381 0.32095156222910215 0.5 0.3282843752321981 0.5054828130952381 0.32871562476780186 0.49817187500000004 0.3317343752321982 0.4808125 0.33044062476780184 0.468934375 0.3282843752321981 0.4607109369047619 0.3239703126934984 0.4607109369047619 0.3175 0.47350312499999997
0 0.3330281250773994 0.49543125 0.3377734377708978 0.4890359380952381 0.33820468730650155 0.478984375 0.3351859374613003 0.468934375 0.33130312507739934 0.4798984380952381 0.3295781250773994 0.497259375 0.3330281250773994 0.49543125
0 0.36179531269349846 0.5072656249999999 0.36624531269349847 0.5044375 0.3671359374613003 0.48653124999999997 0.36446562476780187 0.4761640630952381 0.35868125015479874 0.49124375 0.35957031269349843 0.506323438095238 0.36179531269349846 0.5072656249999999
0 0.6043031250773994 0.46768125000000005 0.6069718749226006 0.5044375 0.6100875003095975 0.5223453119047619 0.6198765622291021 0.51480625 0.6252156247678019 0.49501406309523804 0.6265515622291021 0.474278125 0.6225468749226006 0.45825625 0.6132015622291022 0.4573140619047619 0.6043031250773994 0.46768125000000005
2 0.6487999999999999 0.5110359369047619 0.6585890625386996 0.5016109369047619 0.6505796873065015 0.493128125 0.6505796873065015 0.47710625 0.6470187498452012 0.4799328119047619 0.6394546873065015 0.4903015630952381 0.6385656247678019 0.51009375 0.6487999999999999 0.5110359369047619
2 0.6568093752321982 0.45354374999999997 0.6492437498452012 0.461084375 0.6510234377708978 0.47710625 0.6514687498452013 0.49218593809523814 0.6568093752321982 0.49972500000000003 0.6732718749226007 0.49218593809523814 0.6719375003095975 0.47050781190476193 0.6648187498452013 0.4667390630952381 0.6568093752321982 0.45354374999999997
0 0.7262234377708978 0.544965625 0.7337874996904025 0.5638156249999999 0.7360124996904025 0.539310936904762 0.7306734377708979 0.5336546869047619 0.7262234377708978 0.544965625
2 0.6683781250773994 0.5411953119047619 0.6728281250773994 0.549678125 0.6786125003095975 0.5600453119047619 0.6835062501547987 0.558159375 0.6866218749226006 0.548734375 0.6852859374613003 0.5242296869047619 0.680392187616099 0.5242296869047619 0.6732718749226007 0.518575 0.6639281250773994 0.5298859380952381 0.6550281250773994 0.5317703130952381 0.6416796873065016 0.530828125 0.6336703126934985 0.544965625 0.6367843752321982 0.5666421880952381 0.6425703126934984 0.5779515619047619 0.647909375232198 0.5732390619047619 0.6501343752321982 0.5619296880952381 0.6501343752321982 0.5515625 0.6532484377708979 0.553446875 0.6585890625386996 0.554390625 0.6643734377708977 0.54685 0.6683781250773994 0.5411953119047619
0 0.26078906253869966 0.5713546869047619 0.26078906253869966 0.558159375 0.2612328123839009 0.5459078119047619 0.2536687498452012 0.535540625 0.25099843777089786 0.5638156249999999 0.25411406253869967 0.5788953130952381 0.26078906253869966 0.5713546869047619
2 0.3535312501547988 0.552353125 0.34800625015479875 0.54490625 0.3454937498452012 0.54118125 0.3404703126934985 0.5337328119047619 0.3369546873065016 0.534265625 0.3309265622291022 0.5353296880952381 0.32665625015479877 0.5321375 0.31987499999999996 0.5316046869047619 0.31485156222910216 0.5332015630952381 0.3118374996904025 0.5310734380952381 0.3068140625386997 0.5284140630952381 0.30128750030959756 0.5332015630952381 0.3002828123839009 0.568846875 0.30706406253869967 0.569909375 0.3118374996904025 0.5624625 0.3168609374613003 0.551821875 0.3241437498452013 0.5534171880952381 0.32841406253869965 0.5592703119047618 0.33243281238390093 0.5555453119047619 0.3354468749226006 0.55820625 0.33419062476780187 0.5667187499999999 0.3389640625386997 0.5757625 0.33946562476780184 0.587467186904762 0.34348437523219816 0.5927859369047619 0.3454937498452012 0.5885296869047619 0.35152187492260056 0.5640578119047619 0.35403437523219816 0.5576734380952382 0.3535312501547988 0.552353125
13 0.20316530340557276 0.42470736785714286 0.23277230712074304 0.44818878452380956 0.2776932786377709 0.4747329952380952 0.3215933195046439 0.48596323809523806 0.3736608092879257 0.5002562749999999 0.45227250959752324 0.5145493107142858 0.5237376916408668 0.5074027928571428 0.5941819424148607 0.4890260321428571 0.6881076099071207 0.4594190273809524 0.7452797560371517 0.4430841285714286 0.7483425492260063 0.39612129523809525 0.7432378934984519 0.39612129523809525 0.7085262334365325 0.41041433095238095 0.6758564359133127 0.4196027119047619 0.6329773269349845 0.4338957488095238 0.6064331164086687 0.4430841285714286 0.5809098371517029 0.44818878452380956 0.5553865578947369 0.45329344047619047 0.5237376916408668 0.4573771654761905 0.4624818210526316 0.46962833928571424 0.37774453374613004 0.45431437142857145 0.2991328334365325 0.4338957488095238 0.25727465572755415 0.41756085 0.21337461486068113 0.3971422261904762 0.20316530340557276 0.42470736785714286
13 0.4645236835913312 0.6329773273809524 0.5451772458204334 0.6309354642857142 0.6207261529411765 0.6105168416666668 0.6523750191950464 0.6023493916666667 0.6942331975232198 0.5839726309523809 0.7452797560371517 0.5717214559523809 0.7391541690402478 0.5319051404761905 0.673814573993808 0.5523237642857143 0.5829516996904025 0.5819307678571428 0.522716760371517 0.5941819428571429 0.4247073678018575 0.6043912535714285 0.34405380495356036 0.5778470440476191 0.34813753003095976 0.6125587035714286 0.4012259504643963 0.6278726714285714 0.4645236835913312 0.6329773273809524
