2 0.2946906247678019 0.5290359380952381 0.30142031269349845 0.5290359380952381 0.30242968730650155 0.520496875 0.2994015622291022 0.515515625 0.2899796873065016 0.5076859369047619 0.2808953126934985 0.4998578119047619 0.275175 0.492740625 0.26642656222910216 0.5112453119047619 0.26810937523219813 0.521207811904762 0.275175 0.5290359380952381 0.28055937523219815 0.5290359380952381 0.2946906247678019 0.5290359380952381
2 0.33002031269349846 0.5482515619047619 0.33607656222910215 0.5482515619047619 0.34078750030959754 0.54469375 0.34516093746130033 0.5461171869047619 0.34717968730650156 0.5482515619047619 0.3502078123839009 0.545404688095238 0.3572734377708979 0.541846875 0.3576109374613003 0.5347296869047619 0.35895625015479876 0.52334375 0.358282812383901 0.5048390619047619 0.35323593746130033 0.5105328119047619 0.34785312507739935 0.515515625 0.34246874984520126 0.51765 0.34078750030959754 0.5140921880952382 0.3380953126934984 0.51266875 0.33607656222910215 0.5190734369047619 0.3310296873065015 0.51765 0.32833749969040243 0.51195625 0.3222812501547988 0.5112453119047619 0.31992656222910215 0.5219203130952381 0.3168968749226006 0.5269015619047619 0.31420625015479875 0.53401875 0.31824374984520126 0.541134375 0.3249734377708978 0.546828125 0.33002031269349846 0.5482515619047619
2 0.3643406247678019 0.5589265630952381 0.36972343777089783 0.55536875 0.37678906253869965 0.551809375 0.3771265622291022 0.5382890619047619 0.37275156222910216 0.509821875 0.36837812507739937 0.506975 0.3619843752321982 0.5076859369047619 0.3572734377708979 0.5076859369047619 0.35357343777089784 0.519784375 0.35357343777089784 0.5397109380952381 0.35660156222910216 0.5461171869047619 0.360975 0.5539453119047619 0.3643406247678019 0.5589265630952381
9 0.3803148910216718 0.50989015 0.37823193560371515 0.45228428095238093 0.38239789969040244 0.42660454761904765 0.37406591826625385 0.36691654285714287 0.3611765622291022 0.3609390619047619 0.3525417244582043 0.45020214523809526 0.3539304148606811 0.5563912833333333 0.37962057275541794 0.5570853464285714 0.3803148910216718 0.50989015
2 0.6269218749226007 0.5010671869047619 0.6239609374613003 0.5347296869047619 0.6254406247678018 0.544123436904762 0.6343234377708978 0.5535187500000001 0.6432062501547988 0.551953125 0.6480187498452012 0.53864375 0.6446875003095975 0.52925 0.644317187616099 0.51359375 0.6269218749226007 0.5010671869047619
2 0.6524593752321981 0.544123436904762 0.6665234377708978 0.541775 0.6665234377708978 0.5347296869047619 0.660232812383901 0.52611875 0.6557906247678019 0.5229875 0.6524593752321981 0.544123436904762
2 0.6646437498452012 0.5675 0.6581640625386996 0.57153125 0.6547343752321981 0.5803968749999999 0.6589265622291022 0.5997421869047619 0.6669296873065016 0.605384375 0.6684546873065015 0.5852328119047618 0.6768390625386997 0.5828156250000001 0.6783640625386996 0.587651561904762 0.6856062501547987 0.583621875 0.6863687498452012 0.5731421869047619 0.6924656247678018 0.57153125 0.6962781250773994 0.56830625 0.6943718749226007 0.559440625 0.6913234377708979 0.559440625 0.6875109374613003 0.5610515619047619 0.6837000000000001 0.555409375 0.6768390625386997 0.556215625 0.6703609374613003 0.565889061904762 0.6646437498452012 0.5675
2 0.6406312501547987 0.604578125 0.6467296873065015 0.6013546880952381 0.650540624767802 0.6118328119047619 0.6581640625386996 0.6110265630952381 0.6604515622291022 0.5957125 0.6547343752321981 0.5763671880952381 0.6493984377708979 0.5739484380952381 0.6410124996904025 0.5755609369047618 0.6303406247678018 0.582009375 0.62005 0.581203125 0.6246234377708978 0.6021593749999999 0.634532812383901 0.605384375 0.6406312501547987 0.604578125
2 0.3460124996904025 0.5691125 0.33572187492260064 0.5723375 0.3261937498452012 0.570725 0.32238281238390093 0.5965171880952381 0.3288625003095975 0.610220313095238 0.3372468749226006 0.606996875 0.34143906253869966 0.61666875 0.3486812501547988 0.627953125 0.3555406247678019 0.6239234369047619 0.3616390625386997 0.617475 0.3646890625386997 0.6086078130952381 0.3673562501547988 0.6094140619047619 0.3723109374613003 0.606190625 0.37688437523219814 0.5957125 0.3772656247678019 0.582009375 0.37383593746130034 0.5739484380952381 0.3639265622291022 0.5739484380952381 0.3528734377708978 0.57153125 0.3460124996904025 0.5691125
2 0.2896046873065015 0.5941 0.2873171876160991 0.606996875 0.2869374996904025 0.6215046869047619 0.2953218749226006 0.6215046869047619 0.29875156222910215 0.6295656249999999 0.30523125015479874 0.627953125 0.31475937523219816 0.606190625 0.3246687498452012 0.6029656250000001 0.3277187498452012 0.578784375 0.3227640625386997 0.570725 0.3090421876160991 0.560246875 0.286175 0.558634375 0.2823624996904025 0.578784375 0.286175 0.5860390619047618 0.2896046873065015 0.5941
9 0.3532546873065015 0.6585828119047619 0.3789262538699691 0.5786008357142857 0.33101753126934985 0.5723543511904762 0.3074103294117647 0.6952006202380953 0.30185572755417955 0.7250446488095238 0.3393494600619195 0.6486995130952381 0.3292421876160991 0.7359609380952381 0.3448687498452012 0.7021078119047619 0.34944374984520127 0.6827640630952381 0.3532546873065015 0.6585828119047619
9 0.30180156222910215 0.6537468750000001 0.32754588544891644 0.5716603690476191 0.2789428439628483 0.5515329511904762 0.25880728792569657 0.7125517880952381 0.29005210030959755 0.6382888130952381 0.27626562476780187 0.710975 0.28426874984520123 0.7029140630952381 0.2911296873065015 0.6859875000000001 0.29608437523219816 0.672284375 0.30180156222910215 0.6537468750000001
