0 0.4291078123839009 0.6458859380952381 0.42200468730650154 0.648901563095238 0.41435625015479877 0.658953125 0.4132640625386997 0.67201875 0.41763437523219815 0.684079686904762 0.4230968749226006 0.692120311904762 0.42801406253869967 0.6790546880952381 0.4302 0.657946875 0.4291078123839009 0.6458859380952381
0 0.43620937523219816 0.7031765630952381 0.4411265622291022 0.69915625 0.44768281238390095 0.6881 0.44768281238390095 0.6679984369047619 0.44331093746130035 0.6509124999999999 0.4334781250773994 0.647896875 0.4291078123839009 0.6649828130952381 0.42692187492260064 0.683075 0.4252828123839009 0.6951359380952381 0.4285609374613003 0.7051859380952381 0.43620937523219816 0.7031765630952381
0 0.6175906247678019 0.657946875 0.6181375003095975 0.64488125 0.613767187616099 0.6378453119047619 0.6104890625386997 0.6509124999999999 0.6126734377708979 0.657946875 0.6186843752321981 0.6659875 0.6175906247678019 0.657946875
0 0.6241468749226007 0.63483125 0.6192296873065015 0.64488125 0.6214156247678019 0.663978125 0.6257859374613003 0.6679984369047619 0.6290640625386996 0.6549328130952381 0.6241468749226007 0.63483125
0 0.6607515622291021 0.6418656250000001 0.6700390625386997 0.6509124999999999 0.6722234377708979 0.642871875 0.6689468749226006 0.6298046869047619 0.6623906247678019 0.615734375 0.6607515622291021 0.6418656250000001
0 0.6454546873065016 0.562464061904762 0.6438156247678019 0.5423625 0.6399906247678019 0.5252765630952381 0.6339812501547988 0.5343218750000001 0.6356203126934984 0.551409375 0.6378046873065015 0.561459375 0.6454546873065016 0.562464061904762
30 0.351984879256966 0.5443568130952381 0.3540758786377709 0.5575998095238095 0.3638338755417957 0.567357805952381 0.3680158736842105 0.5708428047619047 0.38683486749226004 0.5854798 0.40635086068111453 0.565266805952381 0.4119268588235294 0.46489884047619046 0.4091388600619195 0.454443844047619 0.4077448606811146 0.45583784404761907 0.3993808631578947 0.46350484166666667 0.38265286873065013 0.46908083928571426 0.3756828712074304 0.4662928404761905 0.3701068730650155 0.46001984285714287 0.3666218743034056 0.4523528452380952 0.3638338755417957 0.44329184761904766 0.36313687554179563 0.44329184761904766 0.3624398761609907 0.456534844047619 0.3645308749226006 0.47395983809523806 0.3659248749226006 0.4865058333333333 0.3589548773993808 0.5053248273809524 0.351984879256966 0.5443568130952381
30 0.4084418600619195 0.5861767988095238 0.4077448606811146 0.6001167940476191 0.4188968563467492 0.6056927928571428 0.4356248507739938 0.6001167940476191 0.44607984705882353 0.5812978011904761 0.44189784891640865 0.5081128261904762 0.44329184829721363 0.48580883333333336 0.43841285015479875 0.4906878321428571 0.42656385386996903 0.5011428285714286 0.42168485572755415 0.5039308273809524 0.41401785820433434 0.492081830952381 0.4105328594427245 0.48859683214285715 0.4105328594427245 0.5067188261904763 0.40983585944272444 0.568054805952381 0.4084418600619195 0.5861767988095238
30 0.44329184829721363 0.5053248273809524 0.44259484829721357 0.5806008011904762 0.44677684705882353 0.602904794047619 0.45792884334365325 0.6140567892857143 0.47395983777089784 0.5708428047619047 0.46559584086687306 0.4809298357142857 0.46141384210526315 0.4809298357142857 0.45723184334365324 0.48929383214285715 0.44956484582043343 0.5011428285714286 0.44329184829721363 0.5053248273809524
30 0.5617818074303406 0.5304168178571428 0.5624788074303405 0.5429628142857144 0.5666608061919505 0.5603878083333333 0.5708428043343653 0.5757218023809524 0.5729338037151703 0.5924497976190476 0.57990380123839 0.602207794047619 0.5868737987616099 0.6015107940476191 0.5896617981424148 0.5227498214285714 0.5889647981424149 0.5234468202380953 0.5722368043343653 0.5227498214285714 0.5666608061919505 0.5192648226190476 0.5617818074303406 0.5304168178571428
30 0.6140567894736843 0.5387808154761905 0.618935788235294 0.5548118095238095 0.6238147863777089 0.5687518047619048 0.6307847839009288 0.5854798 0.6412397801857586 0.5750248035714285 0.6461187789473684 0.5450538130952381 0.6482097783281734 0.49835482976190476 0.6482097783281734 0.4844148345238095 0.6405427808049536 0.46977783928571426 0.6370577820433437 0.46908083928571426 0.6356637820433436 0.4704748392857143 0.6314817839009288 0.4746568369047619 0.6252087857585139 0.4760508369047619 0.6119657907120742 0.4781418357142857 0.607696666873065 0.4769220869047619 0.6077837919504644 0.47744483690476186 0.6077837919504644 0.4948698309523809 0.6098747913312693 0.5136888238095237 0.6140567894736843 0.5387808154761905
30 0.6468157783281733 0.46977783928571426 0.6482097783281734 0.4816268345238095 0.6482097783281734 0.5018398285714286 0.6489067777089783 0.5255378202380953 0.6544827758513933 0.5464478130952382 0.6621497733746129 0.5589938083333333 0.6733017696594428 0.5624788071428571 0.6872417647058824 0.5575998095238095 0.6956057616099072 0.5234468202380953 0.6830597659442724 0.46280784166666666 0.6788777678018575 0.43771584999999996 0.6649377721362228 0.45374684404761906 0.6572707752321982 0.4586258428571428 0.6523917764705882 0.45374684404761906 0.6454217789473684 0.4460798476190476 0.6419367801857586 0.45792884285714286 0.6468157783281733 0.46977783928571426
30 0.6356637820433436 0.7722757357142858 0.6440277795665634 0.7534567416666668 0.6454217789473684 0.7290617500000001 0.6433307795665635 0.6935147630952382 0.6461187789473684 0.695605761904762 0.6572707752321982 0.7088487571428571 0.6705137702786378 0.73115275 0.6795747671826626 0.7423047452380952 0.6914237634674923 0.7416077464285714 0.6837567659442724 0.7172127547619047 0.6705137702786378 0.6837567654761905 0.6677257715170278 0.6712107702380953 0.6663317721362229 0.6419367797619048 0.6649377721362228 0.6307847845238096 0.6614527733746131 0.6210267869047619 0.6509977770897832 0.6210267869047619 0.6454217789473684 0.6238147869047619 0.6363607820433437 0.6279967845238095 0.6314817839009288 0.6279967845238095 0.6154507894736843 0.6300877845238095 0.6182387882352941 0.6482097785714286 0.6314817839009288 0.692817763095238 0.6328757832817338 0.7018787595238095 0.6356637820433436 0.7290617500000001 0.6328757832817338 0.7625177392857143 0.6356637820433436 0.7722757357142858
30 0.5847827999999999 0.7081517571428572 0.5861767993808049 0.7241827523809523 0.58826779876161 0.7416077464285714 0.5931467969040248 0.7729727357142857 0.5987227950464397 0.7611237392857143 0.6084807919504643 0.7137277559523809 0.6084807919504643 0.713030755952381 0.6098747913312693 0.7332437488095238 0.6168447888544891 0.7492747428571429 0.6286937845201238 0.7555477416666667 0.6272997851393189 0.73115275 0.623117786377709 0.6942117619047619 0.6224207869969041 0.6523917761904762 0.618935788235294 0.6440277797619047 0.6119657907120742 0.6377547821428572 0.6077837919504644 0.6377547821428572 0.5980257950464396 0.639148780952381 0.5931467969040248 0.6405427809523809 0.5903587981424149 0.6440277797619047 0.5861767993808049 0.6461187785714286 0.585479799380805 0.6489067773809524 0.5833888 0.657270775 0.5847827999999999 0.6733017690476191 0.5861767993808049 0.6830597666666667 0.5868737987616099 0.7004847607142857 0.5847827999999999 0.7081517571428572
30 0.46141384210526315 0.7562447404761905 0.45514084396284826 0.7234857523809524 0.45653484396284827 0.6942117619047619 0.46420184086687305 0.6733017690476191 0.46420184086687305 0.6496037773809524 0.4558378439628483 0.6454217785714287 0.44607984705882353 0.6468157785714286 0.43980684953560367 0.6530887761904761 0.42656385386996903 0.6837567654761905 0.41471485820433435 0.746486744047619 0.4258668538699691 0.7722757357142858 0.437636119504644 0.7383259321428572 0.44120084891640865 0.7569417404761904 0.44956484582043343 0.7924887285714285 0.46141384210526315 0.7562447404761905
30 0.3931078656346749 0.7262737511904761 0.39450186501547985 0.73184975 0.4105328594427245 0.7820337321428571 0.41541185758513927 0.8113077226190476 0.42377585510835913 0.712333755952381 0.43074585263157894 0.6635437726190476 0.428654853250774 0.6530887761904761 0.42168485572755415 0.639845780952381 0.41541185758513927 0.6356637821428571 0.41401785820433434 0.6349667821428572 0.4042598613003096 0.6363607821428571 0.4028658619195047 0.6363607821428571 0.3958958643962848 0.6335727833333333 0.39031986625386994 0.6286937845238096 0.3833498687306502 0.6342697833333333 0.3728948724458205 0.6795747678571429 0.3526818792569659 0.7632147380952381 0.3471058811145511 0.7917917285714285 0.3624398761609907 0.768093736904762 0.3791678699690402 0.7276677511904762 0.3931078656346749 0.7262737511904761
