1 0.3995328123839009 0.5820234380952382 0.40933906253869967 0.5847953130952381 0.42367187492260067 0.5744 0.43008281238390095 0.5626171869047619 0.4315921876160991 0.544596875 0.42932812507739937 0.517565625 0.4229171876160991 0.5009328119047619 0.41461874984520125 0.501625 0.40518906253869974 0.4933078119047619 0.3946281250773994 0.49815937499999996 0.3927437498452012 0.524496875 0.39198906253869964 0.557071875 0.3950062501547988 0.569548438095238 0.3995328123839009 0.5820234380952382
1 0.4308656247678019 0.5037 0.4280609374613003 0.5145828130952381 0.4261906247678019 0.5460859380952381 0.4249437498452013 0.5735812499999999 0.43242499999999995 0.5827453119047619 0.44614062476780186 0.585609375 0.45424531269349844 0.5787359380952382 0.45081562476780185 0.507709375 0.4411531250773994 0.4996890619047619 0.4308656247678019 0.5037
1 0.4779343752321981 0.5071359380952382 0.4660890625386997 0.496825 0.4564265622291022 0.5151546880952381 0.45362187492260064 0.579309375 0.4589203126934984 0.58961875 0.4664015622291022 0.593628125 0.4813640625386997 0.5942015619047619 0.4872859374613003 0.5879 0.4857281250773994 0.5203109380952381 0.4779343752321981 0.5071359380952382
9 0.44676406253869966 0.421215625 0.4442703126934984 0.39257656309523814 0.4430234377708978 0.42064375000000004 0.44676406253869966 0.421215625
9 0.47014218761609905 0.4223625 0.4751296873065015 0.4252265630952381 0.4757531250773994 0.382265625 0.4729468749226006 0.38742187499999997 0.47014218761609905 0.4223625
1 0.5206390625386997 0.5031265619047619 0.5125343752321981 0.494534375 0.5044296873065015 0.4951078130952381 0.4963265622291022 0.507709375 0.48915625015479874 0.5260390630952381 0.4900921876160991 0.585609375 0.49320937523219816 0.5901921869047619 0.5047421876160991 0.595346875 0.5150281250773994 0.5901921869047619 0.5206390625386997 0.583890625 0.5206390625386997 0.5031265619047619
1 0.5334203126934984 0.4951078130952381 0.5287437498452012 0.50828125 0.5253156247678018 0.54093125 0.5268734377708979 0.5867546880952381 0.5371609374613003 0.58961875 0.5418359374613003 0.5867546880952381 0.5474468749226006 0.5730078130952381 0.5465124996904025 0.5185921869047619 0.5424593752321982 0.4996890619047619 0.5334203126934984 0.4951078130952381
1 0.5751890625386997 0.497971875 0.5636562501547988 0.49625312499999996 0.5524343752321982 0.507709375 0.548382812383901 0.5088546869047619 0.5474468749226006 0.5449406250000001 0.549317187616099 0.5735812499999999 0.5620968749226006 0.589046875 0.5677078123839009 0.589046875 0.5767484377708978 0.572434375 0.5783062501547988 0.5214562500000001 0.5751890625386997 0.497971875
9 0.5711375003095975 0.4286625 0.5726953126934984 0.380546875 0.5664609374613003 0.4469921869047619 0.5611625003095975 0.49854375 0.5673968749226006 0.492815625 0.5711375003095975 0.4286625
2 0.602307812383901 0.5237468750000001 0.596075 0.52775625 0.5885937498452012 0.534629688095238 0.5795531250773994 0.536348436904762 0.577682812383901 0.5420765619047619 0.5745656247678019 0.54895 0.5717609374613003 0.5598328130952381 0.5711375003095975 0.5735812499999999 0.573942187616099 0.5850359369047619 0.5795531250773994 0.5844640630952381 0.5854765622291022 0.58331875 0.5867234377708979 0.5867546880952381 0.5910874996904025 0.5964921869047619 0.5985687498452013 0.5976374999999999 0.6048015622291021 0.589046875 0.6088546873065016 0.575871875 0.608542187616099 0.55410625 0.6060484377708979 0.5260390630952381 0.602307812383901 0.5237468750000001
0 0.5898406247678019 0.5128640630952381 0.5861000000000001 0.517446875 0.5851640625386997 0.52775625 0.5876578123839009 0.5300484369047619 0.5948281250773994 0.5283296869047619 0.6001265622291021 0.5283296869047619 0.6035546873065015 0.5254656249999999 0.6051140625386997 0.5226015619047619 0.605425 0.5128640630952381 0.605425 0.5065625 0.6035546873065015 0.5014078130952381 0.5998140625386997 0.507709375 0.5951390625386996 0.5105734369047619 0.5898406247678019 0.5128640630952381
0 0.5851640625386997 0.5266109369047619 0.5864109374613004 0.5151546880952381 0.5864109374613004 0.5065625 0.5814234377708979 0.4951078130952381 0.5801765622291022 0.5105734369047619 0.5829828123839009 0.5237468750000001 0.5851640625386997 0.5266109369047619
2 0.6861593752321982 0.5283296869047619 0.6814843752321982 0.5208828119047619 0.673690624767802 0.5191640619047618 0.6715093752321981 0.5168734369047618 0.6655859374613002 0.512290625 0.6581046873065015 0.5185921869047619 0.6549875003095975 0.51801875 0.6487531250773994 0.5191640619047618 0.645325 0.52775625 0.6418968749226005 0.538640625 0.6381562501547988 0.5512421880952381 0.6409609374613003 0.5575421880952381 0.6437671876160991 0.558115625 0.6459484377708978 0.5575421880952381 0.6493765622291022 0.5609796880952381 0.6521828123839009 0.562696875 0.6574812501547987 0.5615515619047619 0.661534375232198 0.56384375 0.6627812501547987 0.567853125 0.6683921876160991 0.5712890619047619 0.6793015622291021 0.568425 0.682107812383901 0.562696875 0.6846015622291022 0.55066875 0.6867828123839009 0.5397859380952381 0.6874062501547988 0.5329125 0.6861593752321982 0.5283296869047619
1 0.523132812383901 0.65491875 0.5218859374613003 0.679548436904762 0.5234453126934985 0.6864218750000001 0.5271859374613004 0.697304686904762 0.5303031250773993 0.7070421880952381 0.5343546873065015 0.717353125 0.5390312501547988 0.7184984380952381 0.5421484377708978 0.7162078130952381 0.5496296873065015 0.704178125 0.5555515622291022 0.6887125000000001 0.5527453126934985 0.670384375 0.5505640625386997 0.648617188095238 0.5486937498452013 0.629715625 0.5427718749226006 0.6228406249999999 0.5356015622291022 0.6222687499999999 0.52625 0.633725 0.523132812383901 0.65491875
0 0.5477593752321982 0.7030328119047619 0.5490062501547988 0.7081890619047619 0.5549281250773994 0.7087609380952381 0.5574218749226006 0.7047515630952381 0.553992187616099 0.701314063095238 0.5477593752321982 0.7030328119047619
2 0.5128468749226006 0.6371609380952381 0.5112874996904025 0.650907813095238 0.5116 0.6623640630952381 0.5097296873065016 0.672101563095238 0.5128468749226006 0.675539063095238 0.5172109374613003 0.674965625 0.5193921876160991 0.6692374999999999 0.521575 0.6692374999999999 0.524692187616099 0.6612187500000001 0.5265625003095975 0.648617188095238 0.52625 0.6388796869047619 0.5259390625386997 0.631432813095238 0.5228218749226007 0.625132811904762 0.5153406247678018 0.62856875 0.5128468749226006 0.6371609380952381
2 0.4938328123839009 0.6577828130952381 0.4957031250773994 0.660645313095238 0.5034953126934985 0.6629375 0.5056765622291022 0.656635936904762 0.5038062501547987 0.6417437500000001 0.5044296873065015 0.633725 0.501625 0.61883125 0.4975734377708978 0.6234140619047619 0.4957031250773994 0.633725 0.4953906247678019 0.6434625 0.49289687492260065 0.652054686904762 0.4938328123839009 0.6577828130952381
2 0.46827187492260064 0.673820313095238 0.47107656222910216 0.6658015619047619 0.47014218761609905 0.656064063095238 0.4707656247678018 0.6428890630952381 0.4664015622291022 0.629715625 0.4601671876160991 0.629142188095238 0.4589203126934984 0.6365890619047619 0.45923125015479876 0.65148125 0.461725 0.6669468749999999 0.4635953126934984 0.668665625 0.46827187492260064 0.673820313095238
9 0.5134703126934984 0.673820313095238 0.5175218749226006 0.7752062500000001 0.5178343752321981 0.677257811904762 0.5134703126934984 0.673820313095238
9 0.49476718761609906 0.6658015619047619 0.49507968730650154 0.752867186904762 0.4975734377708978 0.667520311904762 0.49476718761609906 0.6658015619047619
9 0.4664015622291022 0.676110938095238 0.4707656247678018 0.7723421869047619 0.46951874984520126 0.677257811904762 0.4664015622291022 0.676110938095238
9 0.44988125015479874 0.6858500000000001 0.45050468730650156 0.7826515619047619 0.45424531269349844 0.681839061904762 0.44988125015479874 0.6858500000000001
0 0.4582968749226006 0.6858500000000001 0.45798437523219815 0.6778296869047619 0.45705 0.6669468749999999 0.45486718761609907 0.67095625 0.45362187492260064 0.6766843750000001 0.45517968730650155 0.684703125 0.4582968749226006 0.6858500000000001
0 0.5206390625386997 0.6887125000000001 0.5228218749226007 0.6864218750000001 0.5228218749226007 0.672675 0.5200156247678018 0.673248438095238 0.5172109374613003 0.679548436904762 0.5168984377708978 0.6881406250000001 0.5206390625386997 0.6887125000000001
1 0.4165265622291021 0.71964375 0.4221374996904025 0.7179265630952381 0.429307812383901 0.711625 0.4336718749226006 0.696159375 0.4383468749226006 0.6629375 0.4380359374613003 0.6428890630952381 0.4308656247678019 0.627996875 0.4249437498452013 0.6205499999999999 0.41559218761609906 0.6234140619047619 0.407175 0.632579686904762 0.4049937498452012 0.660645313095238 0.4099812501547988 0.7047515630952381 0.41185156222910213 0.71334375 0.4165265622291021 0.71964375
9 0.41995625015479876 0.77005 0.42120312507739943 0.8078546880952381 0.42307343777089784 0.772914063095238 0.41995625015479876 0.77005
25 0.4206691510835913 0.7680313464285715 0.427435947368421 0.7680313464285715 0.4217969504643963 0.7116413797619048 0.4105189572755418 0.7263027702380953 0.4206691510835913 0.7680313464285715
25 0.41164675665634676 0.4240525488095238 0.406007759752322 0.4308193452380953 0.406007759752322 0.49848730595238094 0.4195413523219815 0.5007429035714286 0.41164675665634676 0.4240525488095238
13 0.38909077027863775 0.5165320952380952 0.5334490848297213 0.5334490845238096 0.6868297938080495 0.5266822892857143 0.6913409913312694 0.47593131904761904 0.6078838408668731 0.47367572023809523 0.5390880811145511 0.4691645226190476 0.38457957275541793 0.4635255261904762 0.38909077027863775 0.5165320952380952
13 0.56502746625387 0.6654016071428572 0.3969853653250774 0.6710406035714286 0.38457957275541793 0.7432197607142857 0.5672830643962848 0.7364529642857143 0.56502746625387 0.6654016071428572
