2 0.2892281250773994 0.612548436904762 0.2826734377708978 0.6049625 0.2750234377708978 0.5930421880952381 0.26519062476780186 0.58220625 0.26081874984520126 0.5887078130952381 0.2575421876160991 0.600628125 0.26027343777089784 0.6179671880952381 0.2657359374613003 0.6266359380952381 0.27666249969040246 0.6298875 0.28485781238390095 0.63530625 0.29141406253869967 0.6342218749999999 0.29523749969040247 0.6233859369047619 0.2941453126934985 0.612548436904762 0.2892281250773994 0.612548436904762
2 0.3214625003095975 0.642890625 0.3078031250773994 0.6342218749999999 0.2990625003095975 0.6515609380952381 0.2941453126934985 0.673234375 0.29960937523219816 0.700325 0.3050718749226006 0.7089953130952381 0.3116281250773994 0.721998436904762 0.31982343777089783 0.715496875 0.32583281238390094 0.7014093749999999 0.33129531269349843 0.689489063095238 0.3378515622291022 0.6829875000000001 0.3422234377708978 0.6678156249999999 0.33730625015479876 0.6515609380952381 0.3214625003095975 0.642890625
2 0.3591593752321981 0.671067188095238 0.35970468730650157 0.6569796869047619 0.35369531269349846 0.6515609380952381 0.34604687492260067 0.6580625 0.3438609374613003 0.678651561904762 0.3471390625386997 0.6905718750000001 0.35369531269349846 0.688404686904762 0.3586125003095975 0.684070313095238 0.3591593752321981 0.671067188095238
9 0.29742494984520124 0.6890468297619048 0.2714296873065016 0.75248125 0.270075 0.774870311904762 0.2759453126934985 0.761435938095238 0.2840718749226006 0.7390468750000001 0.29742494984520124 0.6890468297619048
9 0.2953609374613003 0.760540625 0.28949062476780185 0.778453125 0.2917484377708978 0.7909906250000001 0.2994234377708978 0.7730796880952381 0.3071 0.7506890619047619 0.31206562476780186 0.730985938095238 0.30664843777089784 0.7265078119047619 0.2953609374613003 0.760540625
0 0.34457499999999996 0.6942671880952381 0.34322031269349845 0.70411875 0.34683281238390096 0.717553125 0.35270156222910215 0.702326563095238 0.34999374984520126 0.6879984380952381 0.34457499999999996 0.6942671880952381
10 0.2520156247678018 0.389765625 0.24343593746130032 0.4085734380952381 0.23305156222910214 0.42200625 0.23214843777089786 0.432753125 0.2366640625386997 0.4605171869047619 0.24433906253869972 0.479325 0.24569374984520126 0.4909671880952381 0.25652968730650155 0.48559375 0.2633031250773994 0.4694734380952381 0.2696234377708978 0.444396875 0.2732359374613003 0.42200625 0.27549374984520125 0.397825 0.27684843777089785 0.374540625 0.27188125015479875 0.36021093690476186 0.26465781238390096 0.34856875 0.26285156222910216 0.36379374999999997 0.2592390625386997 0.37633125 0.2520156247678018 0.389765625
2 0.26510937523219813 0.505296875 0.2592390625386997 0.514253125 0.2619484377708978 0.524104688095238 0.26465781238390096 0.5330609369047619 0.2696234377708978 0.542015625 0.2759453126934985 0.547389063095238 0.2872328123839009 0.5482859380952381 0.29445781238390095 0.5447031250000001 0.29806874984520126 0.5348515619047619 0.30032656222910215 0.51873125 0.29897187492260063 0.499028125 0.29265156222910216 0.4954453119047619 0.2872328123839009 0.5070875 0.2858781250773994 0.51604375 0.2791062501547988 0.5151484380952381 0.2732359374613003 0.5088796869047619 0.26510937523219813 0.505296875
2 0.3111625003095975 0.5133578119047618 0.3043906247678019 0.5151484380952381 0.299875 0.526790625 0.29716562476780184 0.5482859380952381 0.29897187492260063 0.5590328119047618 0.30258437523219817 0.572465625 0.31206562476780186 0.5760484369047619 0.322 0.5742578119047619 0.3369 0.572465625 0.34322031269349845 0.5661968749999999 0.34954218761609906 0.54918125 0.34999374984520126 0.5393296869047619 0.3423171876160991 0.538434375 0.3355453126934984 0.5500765619047618 0.3269656247678019 0.55545 0.31883906253869965 0.55545 0.31296874984520123 0.542910938095238 0.31522656222910217 0.5276859380952381 0.3111625003095975 0.5133578119047618
2 0.3554109374613003 0.5805265619047619 0.36399062476780186 0.587690625 0.3739234377708978 0.5885875 0.3802453126934984 0.5805265619047619 0.3811468749226006 0.5581375000000001 0.37482656222910216 0.5455984369047618 0.3712140625386997 0.5321640619047618 0.36624843777089783 0.529478125 0.3612812501547987 0.5348515619047619 0.35586250030959754 0.538434375 0.3504453126934985 0.540225 0.34592968730650153 0.5635109369047618 0.3504453126934985 0.5778390630952381 0.3554109374613003 0.5805265619047619
9 0.3635390625386997 0.5223125 0.3630875003095975 0.542015625 0.3716656247678019 0.525 0.3721171876160991 0.4981328119047619 0.3739234377708978 0.4712640619047619 0.3761812501547988 0.4435015630952381 0.3721171876160991 0.418425 0.3707625003095975 0.45514374999999996 0.36715000000000003 0.4820109380952381 0.3635390625386997 0.5223125
9 0.4132046873065015 0.465890625 0.4091406247678019 0.42021562500000004 0.4109468749226006 0.450665625 0.4091406247678019 0.4846984369047619 0.40643281238390094 0.514253125 0.40146562476780184 0.540225 0.4055296873065015 0.54918125 0.4132046873065015 0.465890625
9 0.3964984377708978 0.48559375 0.3942421876160991 0.5178343750000001 0.3928874996904025 0.5438078119047619 0.39740156222910217 0.538434375 0.40191718761609907 0.510670313095238 0.40191718761609907 0.48828125 0.40327187492260064 0.46857812499999996 0.40011093746130033 0.42200625 0.39965937523219813 0.4560390619047619 0.3964984377708978 0.48559375
2 0.3779875003095975 0.5670921880952381 0.3775359374613003 0.5787359380952382 0.3779875003095975 0.5975421880952381 0.3838562501547988 0.6020203130952381 0.39062968730650155 0.590378125 0.3964984377708978 0.596646875 0.40598125015479875 0.6038125 0.4127531250773994 0.5984390619047619 0.4181718749226006 0.5885875 0.41591406253869967 0.5715703119047619 0.40643281238390094 0.5500765619047618 0.39875625015479876 0.55545 0.3928874996904025 0.5447031250000001 0.3802453126934984 0.54918125 0.3779875003095975 0.5670921880952381
2 0.47099843777089784 0.596646875 0.4687406247678019 0.6154546880952381 0.4687406247678019 0.630679686904762 0.4732562501547988 0.645009375 0.4827374996904025 0.648592186904762 0.4908656247678018 0.648592186904762 0.4989921876160991 0.6432187500000001 0.5017015622291021 0.6235156249999999 0.5021531250773994 0.599334375 0.49854062476780187 0.5850046880952381 0.49312343777089784 0.568884375 0.4845437498452012 0.575153125 0.47732031269349845 0.581421875 0.47054687492260067 0.587690625 0.47099843777089784 0.596646875
2 0.4997338953560372 0.6129223547619048 0.5024432705882352 0.6353114166666667 0.5069588953560371 0.6496411047619047 0.5168917083591331 0.6541192297619047 0.5263729578947368 0.6532239166666667 0.5335979578947369 0.6424770416666666 0.534049520743034 0.6245645416666668 0.5354042080495356 0.6093395416666667 0.5308885832817337 0.5941145416666667 0.5272760829721362 0.5806801666666667 0.5177948328173374 0.5735161047619047 0.5092151455108359 0.5815754797619047 0.5047010829721362 0.5905317297619047 0.4997338953560372 0.6129223547619048
9 0.4890593752321981 0.575153125 0.49176874984520125 0.41215468809523814 0.48002812507739934 0.5733625 0.4890593752321981 0.575153125
2 0.6687609374613003 0.5867953119047619 0.6832093752321982 0.5832140619047619 0.6963031250773994 0.5697796869047619 0.6990125003095975 0.559928125 0.6913375003095975 0.5447031250000001 0.6823062501547988 0.520521875 0.6746312501547987 0.5035062499999999 0.6646968749226007 0.5044015630952381 0.6606343752321981 0.526790625 0.6615375003095976 0.5393296869047619 0.6547640625386997 0.5581375000000001 0.655667187616099 0.5661968749999999 0.6606343752321981 0.581421875 0.6687609374613003 0.5867953119047619
2 0.6999156247678019 0.62530625 0.6881765622291022 0.631575 0.6786937498452013 0.636948436904762 0.6782421876160991 0.6521734380952381 0.6868218749226006 0.6611296880952381 0.6967546873065016 0.6611296880952381 0.7057859374613003 0.6566515630952381 0.7148156247678018 0.657546875 0.7206859374613004 0.645904688095238 0.7238453126934985 0.626201561904762 0.7143640625386998 0.61008125 0.7048828123839009 0.6154546880952381 0.6999156247678019 0.62530625
2 0.6669546873065015 0.666503125 0.6674062501547988 0.6414265619047619 0.6597312501547988 0.6432187500000001 0.6525062501547987 0.648592186904762 0.6443796873065016 0.6521734380952381 0.6394124996904025 0.6468 0.6276734377708978 0.651278125 0.6263187498452012 0.669190625 0.6303828123839009 0.6915796880952381 0.6362515622291022 0.702326563095238 0.6448312501547988 0.715760936904762 0.6484437498452013 0.7247171880952381 0.6538609374613003 0.723821875 0.6633437498452013 0.71665625 0.6637953126934985 0.7005359369047619 0.6615375003095976 0.67366875 0.6669546873065015 0.666503125
9 0.6673437498452013 0.7401 0.6768765622291021 0.7640125 0.6886515622291021 0.814615625 0.6841656247678018 0.7884796869047619 0.677717187616099 0.756782813095238 0.6656625003095975 0.7173 0.6600546873065015 0.719525 0.6673437498452013 0.7401
9 0.6468781250773994 0.729534375 0.6474390625386998 0.7456609380952381 0.6485609374613003 0.76011875 0.6516437498452012 0.774021875 0.6552890625386998 0.789035938095238 0.6600546873065015 0.80405 0.665942187616099 0.816284375 0.6712687498452012 0.8257375 0.6763156247678018 0.829075 0.6726703126934984 0.819065625 0.6670640625386998 0.806275 0.6603359374613003 0.792928125 0.6569718749226006 0.772353125 0.654167187616099 0.751778125 0.6522046873065016 0.727865625 0.6468781250773994 0.729534375
11 0.17059286439628482 0.715006613095238 0.17059286439628482 0.7194568619047619 0.1713345721362229 0.7261322345238096 0.1757848210526316 0.7313241916666666 0.18542702600619196 0.7357744404761904 0.19432752321981425 0.7350327321428571 0.20545314489164088 0.7157483214285715 0.22547926377708977 0.6927553702380952 0.22770438823529413 0.6705041261904763 0.23067122043343652 0.6482528833333333 0.22547926377708977 0.6356438452380953 0.22251243157894737 0.6274850571428572 0.2180621826625387 0.6178428511904761 0.21583705820433435 0.6119091869047619 0.20545314489164088 0.5948499 0.19210239938080498 0.5970750238095238 0.18542702600619196 0.6059755214285714 0.1817184854489164 0.6230348083333334 0.17949336160990711 0.6408358023809523 0.17652652879256966 0.6593785047619047 0.1743014043343653 0.684596580952381 0.17059286439628482 0.702397575 0.17059286439628482 0.715006613095238
11 0.7483834780185757 0.7187151535714286 0.7469000613003095 0.7290990666666667 0.7483834780185757 0.7461583535714286 0.7684095962848297 0.7587673916666666 0.7728598452012384 0.7461583535714286 0.7810186340557276 0.7268739428571429 0.7884357151702787 0.7127814892857143 0.7951110885448915 0.6964639107142857 0.8151372074303406 0.6786629154761905 0.8232959962848297 0.657153380952381 0.8203291640866873 0.6527031321428571 0.8092035424148607 0.6356438452380953 0.804011585758514 0.6334187214285715 0.7832437585139319 0.642319219047619 0.7676678885448917 0.6504780083333334 0.7483834780185757 0.6549282559523809 0.7402246885448917 0.6601202130952382 0.7387412724458204 0.6734709595238095 0.7439332291021671 0.6920136619047619 0.7483834780185757 0.7187151535714286
11 0.7528337263157895 0.48433539285714283 0.7572839752321981 0.47766001904761907 0.7654427640866872 0.45985902500000003 0.7654427640866872 0.42944899285714283 0.7609925157894737 0.4027475011904762 0.7513503102167183 0.37678771666666666 0.7446749374613003 0.3567615988095238 0.7365161479876161 0.33896060357142854 0.7261322346749226 0.3293183988095238 0.7194568619195046 0.32783498214285717 0.7090729479876161 0.3419274357142857 0.7105563640866873 0.35750330595238095 0.7127814885448917 0.37827113333333334 0.7187151535603715 0.39978066904761905 0.7231654024767802 0.4235153273809524 0.7224236941176471 0.4442831547619048 0.7216819857585139 0.4702429380952381 0.7417081046439629 0.4932358892857143 0.7528337263157895 0.48433539285714283
