0 0.2894859374613003 0.4912765619047619 0.2795968749226006 0.501303125 0.27245625015479874 0.518015625 0.26860937523219813 0.5436390619047619 0.27245625015479874 0.5592359380952381 0.28509062476780184 0.563692186904762 0.2900359374613003 0.5558937500000001 0.2966281250773994 0.5302703119047619 0.29388125015479877 0.4979609380952381 0.2894859374613003 0.4912765619047619
2 0.27084374984520126 0.580878125 0.2760968749226006 0.5801171869047619 0.28135 0.5770734380952381 0.28510156222910216 0.5656593750000001 0.28472656222910214 0.5603328119047619 0.2659656247678019 0.5694640619047618 0.2659656247678019 0.5824 0.27084374984520126 0.580878125
2 0.3042374996904025 0.513154686904762 0.3008609374613003 0.5161984380952381 0.29935937523219813 0.520764061904762 0.29935937523219813 0.5276125 0.3008609374613003 0.5321781250000001 0.2997359374613003 0.5595718749999999 0.29710937523219816 0.5656593750000001 0.3004859374613003 0.5785953119047619 0.3057390625386997 0.5801171869047619 0.325625 0.5846828119047619 0.33425625015479876 0.5846828119047619 0.3376328123839009 0.5763125 0.33650781238390093 0.5610937500000001 0.33162968730650155 0.550440625 0.32712656222910214 0.545875 0.32600156222910215 0.5405484380952381 0.3229984377708978 0.5329390630952381 0.32074843777089784 0.5283734369047619 0.3203718749226006 0.5177203130952381 0.3124921876160991 0.5222859369047619 0.30949062476780187 0.516959375 0.3042374996904025 0.513154686904762
2 0.38228437523219816 0.5572890630952381 0.3856609374613003 0.550440625 0.38528593746130035 0.539026561904762 0.38153437523219813 0.5253296880952381 0.37665625015479876 0.513154686904762 0.37215312507739934 0.51239375 0.3669 0.5177203130952381 0.3483036334365325 0.5363301821428572 0.34878207244582043 0.5664718428571428 0.36504899999999996 0.5726915511904762 0.3759062501547987 0.562615625 0.38228437523219816 0.5572890630952381
25 0.38453593746130027 0.546635936904762 0.38866250030959754 0.5512015630952382 0.39429062476780186 0.5512015630952382 0.39954374984520125 0.5512015630952382 0.4025468749226006 0.550440625 0.4066734377708978 0.5451140619047619 0.41155156222910216 0.5329390630952381 0.40704843777089783 0.5177203130952381 0.3969923362229102 0.46475355119047623 0.3920406247678019 0.498696875 0.38528593746130035 0.5009796880952381 0.37965781238390095 0.520764061904762 0.38190937523219814 0.5375046880952381 0.38453593746130027 0.546635936904762
9 0.38866250030959754 0.492609375 0.3916640625386997 0.472825 0.3867874996904025 0.43934375 0.37928281238390094 0.37009843690476185 0.38078281238390094 0.42564687500000004 0.38866250030959754 0.492609375
9 0.39429062476780186 0.42184218690476194 0.38903750030959755 0.38607812500000005 0.39241562476780184 0.446953125 0.39241562476780184 0.4690203119047619 0.3987937498452013 0.4667375 0.39429062476780186 0.42184218690476194
2 0.6141718749226006 0.553484375 0.6152968749226005 0.5641375 0.6175484377708979 0.568703125 0.6246781250773994 0.5679421880952381 0.6288062501547987 0.5610937500000001 0.6348093752321982 0.562615625 0.6389359374613003 0.5641375 0.6389359374613003 0.556528125 0.6385609374613004 0.545875 0.6355593752321981 0.5291343749999999 0.6344343752321981 0.521525 0.6306812501547987 0.523046875 0.6265546873065015 0.5298953119047619 0.6220515622291022 0.5375046880952381 0.6171734377708978 0.5397875 0.6141718749226006 0.553484375
2 0.6546953126934985 0.5694640619047618 0.6591984377708979 0.5648984380952381 0.6591984377708979 0.547396875 0.6550718749226007 0.5283734369047619 0.648317187616099 0.523807813095238 0.6479421876160991 0.513154686904762 0.6438140625386997 0.5085890619047619 0.6374359374613003 0.50935 0.6363093752321981 0.5291343749999999 0.6363093752321981 0.55805 0.6389359374613003 0.5664203130952381 0.6456906247678019 0.572507811904762 0.6546953126934985 0.5694640619047618
2 0.6839625003095975 0.556528125 0.6832124996904025 0.5679421880952381 0.6937187498452012 0.57326875 0.7046 0.572507811904762 0.7132312501547987 0.5679421880952381 0.7143562501547988 0.553484375 0.7136062501547987 0.5291343749999999 0.7124796873065015 0.5009796880952381 0.7087281250773994 0.498696875 0.7057265622291021 0.5040234369047619 0.704225 0.5116328130952381 0.6993468749226006 0.513154686904762 0.6940937498452012 0.521525 0.691467187616099 0.5359828130952381 0.6877156247678019 0.546635936904762 0.6839625003095975 0.556528125
9 0.6543203126934983 0.5040234369047619 0.6501937498452013 0.5177203130952381 0.6584484377708978 0.5321781250000001 0.6599484377708977 0.428690625 0.6543203126934983 0.5040234369047619
10 0.7113546873065015 0.492609375 0.7124796873065015 0.4979359369047619 0.7166078123839009 0.5070671880952381 0.7184843752321982 0.5177203130952381 0.7192343752321981 0.5344609369047619 0.7222359374613003 0.535221875 0.7312406247678018 0.5268515630952381 0.7398718749226006 0.51848125 0.7417468749226007 0.5070671880952381 0.7398718749226006 0.486521875 0.7482786848297214 0.4215048095238095 0.7377530253869968 0.3870571964285714 0.7181078123839009 0.4690203119047619 0.7106046873065015 0.483478125 0.7113546873065015 0.492609375
2 0.7378031250773993 0.617759375 0.738367187616099 0.6086125 0.7330109374613003 0.5794546880952381 0.7299093752321981 0.576596875 0.7225796873065016 0.5817421869047619 0.7166593752321981 0.5800265619047619 0.710175 0.5805984380952381 0.7028453126934985 0.58345625 0.698617187616099 0.59431875 0.6974890625386996 0.606896875 0.7003093752321982 0.628621875 0.7031281250773994 0.6303375000000001 0.7048187498452012 0.64005625 0.7073562501547987 0.6383406250000001 0.7096124996904025 0.6383406250000001 0.7141218749226006 0.644629688095238 0.7177875003095975 0.64005625 0.720325 0.644629688095238 0.7231437498452012 0.656635936904762 0.7287812501547988 0.664067188095238 0.7316 0.665782811904762 0.7318828123839008 0.65949375 0.7366750000000001 0.656635936904762 0.740057812383901 0.6474875 0.7409031250773994 0.633195313095238 0.7378031250773993 0.617759375
9 0.7324468749226006 0.667498438095238 0.7253984377708979 0.663495313095238 0.7287812501547988 0.67893125 0.7324468749226006 0.697798438095238 0.7409031250773994 0.726382811904762 0.7465421876160991 0.7429625 0.7518984377708978 0.76354375 0.7521796873065015 0.7486796869047619 0.7468234377708979 0.701228125 0.7394937498452012 0.652060938095238 0.7355468749226006 0.665782811904762 0.7378031250773993 0.674929688095238 0.7431593752321982 0.698942186904762 0.7459781250773994 0.7298140630952381 0.7434406247678018 0.717807811904762 0.7375203126934985 0.698370311904762 0.7324468749226006 0.667498438095238
1 0.6625328123839008 0.58345625 0.6535109374613004 0.588601561904762 0.6529484377708978 0.606325 0.6549218749226007 0.623476561904762 0.6571765622291021 0.628621875 0.65915 0.633195313095238 0.663942187616099 0.637196875 0.670707812383901 0.642914061904762 0.6788828123839009 0.646915625 0.68875 0.6434859380952381 0.6960796873065016 0.635482811904762 0.6977718749226006 0.6269062500000001 0.6988984377708978 0.608040625 0.6949531250773994 0.597178125 0.6907234377708978 0.591460938095238 0.6867765622291022 0.591460938095238 0.6769093752321981 0.5908890619047619 0.670707812383901 0.5868875 0.6625328123839008 0.58345625
9 0.6895593752321981 0.686735936904762 0.6960406247678018 0.71855625 0.7055921876160991 0.751760936904762 0.6997921876160991 0.719940625 0.6916062501547987 0.681201563095238 0.6892187498452013 0.6500718750000001 0.6837609374613004 0.6528390619047619 0.6765968749226006 0.6486890619047619 0.669775 0.6459218750000001 0.6694343752321982 0.6521468749999999 0.6690921876160991 0.6853515619047619 0.6707984377708979 0.7206328130952381 0.6783031250773993 0.7579875 0.6881953126934984 0.7821984380952381 0.6837609374613004 0.7662890630952381 0.679667187616099 0.7455359369047618 0.6772796873065016 0.7227078130952381 0.6765968749226006 0.6943453130952381 0.6786437498452013 0.687428125 0.6810312501547988 0.677742186904762 0.6895593752321981 0.686735936904762
0 0.6512875003095975 0.616264061904762 0.6518640625386998 0.611189061904762 0.6499390625386997 0.604940625 0.6485906247678018 0.600645313095238 0.6458953126934984 0.604940625 0.6430078123839009 0.61275 0.6430078123839009 0.6240749999999999 0.6449328123839009 0.63305625 0.6501312501547988 0.640475 0.65225 0.6338359369047619 0.65225 0.628370313095238 0.65225 0.62329375 0.6512875003095975 0.616264061904762
0 0.6148953126934984 0.6435984369047619 0.6191312501547988 0.6420359369047619 0.6204796873065016 0.632665625 0.6216343752321981 0.621340625 0.6206718749226007 0.6154843750000001 0.617782812383901 0.611189061904762 0.6148953126934984 0.619389061904762 0.6127765622291022 0.632665625 0.6148953126934984 0.6435984369047619
0 0.39192343777089783 0.621340625 0.3934640625386997 0.627198438095238 0.3967375003095975 0.630321875 0.3986625003095975 0.62915 0.4013593752321981 0.6244656249999999 0.40232187492260063 0.6158750000000001 0.40039531269349843 0.6084546880952382 0.39789218761609907 0.60533125 0.39538906253869965 0.6061125 0.39327187492260063 0.6096265619047619 0.3915390625386997 0.6143125 0.39192343777089783 0.621340625
0 0.39076874984520127 0.6178265619047619 0.38980625015479875 0.61509375 0.38595468730650156 0.612359375 0.38402968730650155 0.616654686904762 0.3836437498452012 0.623684375 0.38595468730650156 0.62915 0.39019062476780186 0.6256359380952381 0.39076874984520127 0.6178265619047619
2 0.28794843777089785 0.6478937499999999 0.29122031269349846 0.650626563095238 0.2943015622291022 0.647503125 0.29410937523219816 0.654921875 0.2931468749226006 0.662342188095238 0.29622656222910215 0.664684375 0.2985374996904025 0.6627328130952381 0.3020031250773994 0.6592171880952381 0.3043140625386997 0.652970313095238 0.3023890625386997 0.6514078130952381 0.3064328123839009 0.6435984369047619 0.31009062476780186 0.6498468749999999 0.3131718749226006 0.652579688095238 0.31817812507739934 0.650626563095238 0.32145156222910215 0.6486749999999999 0.32549531269349846 0.6412562500000001 0.32742031269349847 0.6338359369047619 0.32819062476780186 0.624854688095238 0.3305015622291022 0.622903125 0.33396718761609906 0.618998436904762 0.3355078123839009 0.6139218750000001 0.33204062476780183 0.6088453130952381 0.3310781250773994 0.604940625 0.3272281250773994 0.6014265630952381 0.3224140625386997 0.5994734380952381 0.31721562476780185 0.6002546880952381 0.3118234377708978 0.59635 0.30392968730650155 0.5912734380952381 0.2979609374613003 0.590103125 0.29160625015479874 0.5936171880952381 0.2891031250773994 0.601035938095238 0.28814062476780183 0.61275 0.28717812507739937 0.626807813095238 0.28313437523219814 0.632665625 0.2850593752321981 0.638521875 0.28794843777089785 0.6478937499999999
9 0.29732031269349846 0.6630578130952381 0.29393750030959753 0.6630578130952381 0.2914 0.6607703119047619 0.28970937523219814 0.6619140619047619 0.28153437523219815 0.683639063095238 0.27279531269349844 0.7185125000000001 0.26405468730650156 0.76310625 0.2692890625386997 0.744673438095238 0.27307656222910215 0.7413812500000001 0.28068749969040246 0.732234375 0.2874546873065016 0.723659375 0.2914 0.715082811904762 0.29619374984520125 0.703648436904762 0.3012671876160991 0.6864984369047619 0.30324062476780184 0.6767781249999999 0.30831562476780183 0.670490625 0.31564531269349844 0.669346875 0.3187453126934985 0.655625 0.3159265622291022 0.656196875 0.3142359374613003 0.655053125 0.309725 0.651623436904762 0.30747031269349845 0.64590625 0.30380468730650156 0.6493375 0.3021140625386997 0.653339063095238 0.29732031269349846 0.6630578130952381
9 0.28914531269349847 0.6824953130952381 0.2843531250773994 0.6905 0.280125 0.708221875 0.2747687498452012 0.725373438095238 0.26938125015479875 0.7443484369047619 0.28463437523219814 0.7162265619047619 0.2916828123839009 0.6933578130952381 0.29393750030959753 0.67849375 0.28914531269349847 0.6824953130952381
11 0.26294297585139315 0.33365033095238095 0.2526314866873065 0.29166783928571427 0.2467392068111455 0.29019476904761904 0.24084692755417955 0.2960870488095238 0.23716425263157895 0.30345239761904763 0.23274504334365323 0.31302735238095236 0.22979890340557274 0.32923112142857147 0.22317008854489165 0.3446983547619048 0.2224335535603715 0.3623751940476191 0.22390662352941176 0.3844712416666667 0.22169701919504645 0.39993847619047623 0.22169701919504645 0.4095134297619048 0.22390662352941176 0.42056145476190476 0.22906236842105263 0.4301364083333334 0.2356911826625387 0.43897482857142855 0.2467392068111455 0.4566516666666667 0.249685346749226 0.44486710714285715 0.2658891157894737 0.42792680357142854 0.26294297585139315 0.33365033095238095
7 0.2583570904024768 0.7731575154761905 0.2660121157894737 0.7798556619047619 0.27558089659442725 0.7769850285714286 0.2794084092879257 0.770286880952381 0.28706343405572754 0.7616749785714285 0.30045972755417955 0.7478002452380952 0.3062009962848297 0.7353608297619048 0.31098538699690403 0.7200507797619048 0.31481289907120746 0.7056976083333333 0.31576977770897835 0.7033054130952382 0.3038088012383901 0.7109604380952381 0.29758909349845203 0.7210076583333334 0.2932831417956656 0.7329686345238096 0.2880203120743034 0.7425374154761906 0.2794084092879257 0.7492355630952381 0.2698396278637771 0.7554552702380953 0.2650552371517028 0.7573690261904762 0.2612277250773994 0.7449296107142857 0.26074928606811143 0.7353608297619048 0.26074928606811143 0.7262704880952382 0.2530942613003096 0.7478002452380952 0.2583570904024768 0.7731575154761905
6 0.3416054866873065 0.6334533107142857 0.3416054866873065 0.6468496047619047 0.35308802414860685 0.6497202392857143 0.3526095845201238 0.6310611154761904 0.3425623647058823 0.6315395547619048 0.3416054866873065 0.6334533107142857
7 0.7272273659442724 0.4301167119047619 0.730576439628483 0.4061947595238095 0.7353608303405573 0.3923200261904762 0.7406236600619195 0.4038025642857143 0.7497140018575852 0.41576354047619046 0.7568905876160991 0.41959105238095235 0.7564121486068112 0.4057163202380953 0.7549768315789473 0.3870571964285714 0.7525846359133127 0.37940217142857147 0.7463649281733746 0.37174714761904765 0.7406236600619195 0.3660058785714285 0.7334470736842105 0.3621783654761905 0.7286626835913314 0.3616999273809524 0.7262704879256966 0.3621783654761905 0.7229214148606811 0.366962755952381 0.7181370241486069 0.3731824642857143 0.7143095114551083 0.37509622023809525 0.7114388773993807 0.38179436666666666 0.7095251213622291 0.3889709535714285 0.7095251213622291 0.40236724642857147 0.7119173164086687 0.42868139523809523 0.7147879504643964 0.43872861547619046 0.7224429758513932 0.44686207857142857 0.7272273659442724 0.4301167119047619
7 0.631617520743034 0.7868402083333333 0.6379273857585139 0.7918881 0.6423442916408669 0.795674019047619 0.6492851436532507 0.800090925 0.6568569820433436 0.8019838845238095 0.6669527665634675 0.7994599380952381 0.6707386854489165 0.7969359928571429 0.6738936185758514 0.7931500726190477 0.6738936185758514 0.7811613285714286 0.6701076990712075 0.7767444238095238 0.6606429009287925 0.7767444238095238 0.6524400761609906 0.7767444238095238 0.639820345510836 0.7710655440476191 0.632248507120743 0.7464570702380953 0.6259386414860681 0.7571838404761906 0.6272006148606811 0.7666486392857144 0.632248507120743 0.7773754095238096 0.639820345510836 0.776113436904762 0.6309865337461301 0.783054288095238 0.631617520743034 0.7868402083333333
7 0.7439331238390092 0.8057698035714286 0.758445813622291 0.8019838845238095 0.7660176520123839 0.7805303428571428 0.765386665634675 0.77548245 0.764755679256966 0.7641246928571428 0.7660176520123839 0.7508739750000001 0.7685415981424149 0.7357302988095239 0.764124692879257 0.7300514202380952 0.757814827244582 0.735099311904762 0.759076800619195 0.754659894047619 0.759076800619195 0.7679106119047618 0.7470880563467492 0.754659894047619 0.7426711504643962 0.7439331238095238 0.7350993120743033 0.7294204333333334 0.7313133925696594 0.7186936619047619 0.7294204334365324 0.7142767559523809 0.7268964873065016 0.7142767559523809 0.7306824061919505 0.7817923154761905 0.7439331238390092 0.8057698035714286
