1 0.2592796873065015 0.548496875 0.26672968730650154 0.553065625 0.2751734377708978 0.5548921869047619 0.27964374984520124 0.543928125 0.2826234377708978 0.5357046880952381 0.28312031269349847 0.5238265630952381 0.2826234377708978 0.5092078119047618 0.2776562501547988 0.49824218809523807 0.27567031269349845 0.49184687499999996 0.2672265622291022 0.4845375 0.25977656222910217 0.4790546880952381 0.2533203126934985 0.478140625 0.24537343777089782 0.4763140630952381 0.23792343777089783 0.4845375 0.23494374984520122 0.4955015619047619 0.23544062476780184 0.5146890630952381 0.23891718761609906 0.5311359380952381 0.24587031269349846 0.539359375 0.2592796873065015 0.548496875
2 0.24487656222910215 0.4507296869047619 0.24388437523219814 0.468090625 0.24487656222910215 0.47996875 0.24686406253869966 0.487278125 0.2493468749226006 0.49367500000000003 0.25232656222910216 0.49824218809523807 0.26077031269349843 0.505553125 0.2697109374613003 0.5110343749999999 0.2751734377708978 0.505553125 0.2751734377708978 0.49184687499999996 0.27269062476780187 0.4763140630952381 0.26921406253869967 0.4671765630952381 0.2662343752321982 0.4580390630952381 0.2642468749226006 0.4479890630952381 0.26027343777089784 0.4415921880952381 0.25282343777089783 0.44250625 0.2483531250773994 0.449815625 0.24487656222910215 0.4507296869047619
9 0.2632531250773994 0.4415921880952381 0.2622609374613003 0.4169234380952381 0.2582875003095975 0.39042499999999997 0.2533203126934985 0.3584453130952381 0.25530781238390093 0.402303125 0.25381718761609906 0.42057812499999997 0.25232656222910216 0.43793750000000004 0.2508374996904025 0.4461609380952381 0.2632531250773994 0.4415921880952381
1 0.3065935616099071 0.5631112404761904 0.3110638743034056 0.5695081154761905 0.31702481176470587 0.5685940535714286 0.322984186996904 0.5640253035714285 0.32745449969040247 0.5585424904761905 0.32894356160990706 0.5457503035714285 0.3279513746130031 0.5347862404761905 0.3269576241486068 0.5219940535714286 0.3244748117647059 0.5128581154761904 0.3219904371517028 0.5101159285714286 0.3110638743034056 0.5046346785714285 0.2996404371517028 0.5009784285714286 0.2911982495356037 0.49823780357142855 0.2817607492260062 0.5037206154761905 0.28076699938080496 0.5210799904761905 0.28076699938080496 0.5366143654761905 0.28076699938080496 0.5548878035714285 0.28672793684210524 0.5612846785714286 0.2946748117647059 0.5612846785714286 0.30162793684210526 0.5576284285714286 0.3065935616099071 0.5631112404761904
9 0.31621718761609907 0.4694734380952381 0.3124859374613003 0.4906921880952381 0.3192703126934984 0.48757187500000004 0.3219828123839009 0.4626078130952381 0.3226625003095975 0.432653125 0.3192703126934984 0.41080937500000003 0.3101109374613003 0.3995765630952381 0.3179125003095975 0.4270359380952381 0.31859062476780187 0.44263749999999996 0.31621718761609907 0.4694734380952381
9 0.3073968749226006 0.3870953130952381 0.30069836842105263 0.49384768452380956 0.30728300371517026 0.5088460226190477 0.3073968749226006 0.3870953130952381
9 0.29314843777089783 0.45137499999999997 0.29484531269349845 0.47134531309523814 0.2978984377708978 0.49006718690476186 0.3002734377708978 0.4819546880952381 0.29823750030959756 0.470721875 0.2978984377708978 0.4582390630952381 0.29688125015479877 0.43764531309523813 0.29722031269349847 0.40768906190476195 0.29314843777089783 0.43015625 0.29314843777089783 0.45137499999999997
9 0.34522096222910215 0.5152260023809524 0.3495633647058824 0.5160944821428571 0.35064896470588236 0.501764555952381 0.3489120043343653 0.48092102619047616 0.34844374984520127 0.453246875 0.3453906247678019 0.3970796880952381 0.34471250030959755 0.4569921880952381 0.34435248173374616 0.4924283916666667 0.34522096222910215 0.5152260023809524
1 0.3704937498452012 0.521271875 0.36744062476780187 0.516278125 0.36099531269349844 0.513157811904762 0.3579421876160991 0.512534375 0.3511578123839009 0.5181515630952381 0.34640781238390095 0.5137828130952381 0.3403015622291022 0.512534375 0.33283906253869966 0.518775 0.33114218761609904 0.5243921880952381 0.33114218761609904 0.53625 0.32876874984520127 0.54810625 0.3291078123839009 0.5574671880952381 0.330125 0.566829688095238 0.334875 0.5774375 0.3396234377708978 0.5786859369047619 0.3501390625386997 0.5761906250000001 0.35624531269349846 0.5730703119047619 0.3603156247678018 0.56995 0.36744062476780187 0.5593406249999999 0.3691359374613003 0.54810625 0.3728671876160991 0.538121875 0.3728671876160991 0.530007811904762 0.3704937498452012 0.521271875
0 0.3738859374613003 0.552475 0.3779562501547988 0.5518515630952381 0.38236562476780184 0.5443625 0.38609843777089786 0.5343765619047619 0.38575781238390094 0.523767188095238 0.38372343777089785 0.5193984380952381 0.38033125015479874 0.5137828130952381 0.37524218761609907 0.5094140619047619 0.37320781238390094 0.516903125 0.3745640625386997 0.529384375 0.3725281250773994 0.542490625 0.3738859374613003 0.552475
0 0.6201656247678019 0.5306328119047619 0.6184687498452013 0.520646875 0.6157546873065015 0.51503125 0.6120234377708978 0.5218953119047619 0.6099890625386997 0.5281359369047619 0.6106671876160991 0.535625 0.6120234377708978 0.5431140630952381 0.6167734377708979 0.5456109369047619 0.6215218749226006 0.5456109369047619 0.6201656247678019 0.5306328119047619
2 0.6802078123839009 0.5013015630952381 0.6839406247678018 0.5025484369047619 0.6880109374613004 0.5025484369047619 0.6924203126934985 0.5019250000000001 0.6964921876160991 0.5019250000000001 0.6981874996904025 0.49880468809523815 0.6975093752321981 0.48757187500000004 0.6961515622291022 0.4775859369047619 0.6951343752321981 0.4669765619047619 0.691742187616099 0.46011250000000004 0.687332812383901 0.4594875 0.6829218749226007 0.46385625 0.6805484377708978 0.4738421880952381 0.6832609374613003 0.48569843690476194 0.6798687498452013 0.48881875 0.6802078123839009 0.5013015630952381
2 0.7063296873065016 0.521271875 0.7025968749226006 0.5243921880952381 0.6992046873065015 0.5281359369047619 0.6958124996904025 0.5331281250000001 0.691742187616099 0.537496875 0.6866531250773994 0.5437375 0.689367187616099 0.546234375 0.6924203126934985 0.546234375 0.6958124996904025 0.54873125 0.6995453126934984 0.549354686904762 0.7012406247678019 0.546234375 0.7042937498452013 0.5443625 0.7070078123839009 0.5431140630952381 0.7073468749226006 0.53625 0.7087031250773993 0.529384375 0.7063296873065016 0.521271875
1 0.6493390625386997 0.6248687500000001 0.6554453126934985 0.6229953119047619 0.6618906247678019 0.6205 0.665282812383901 0.618626563095238 0.6757984377708979 0.609890625 0.6846187498452012 0.604896875 0.689367187616099 0.59054375 0.6897062501547988 0.5811828119047618 0.68835 0.569325 0.6815656247678018 0.5562203119047618 0.6764765622291021 0.550603125 0.6669781250773994 0.550603125 0.6608718749226007 0.558715625 0.6557843752321981 0.56558125 0.6506953126934985 0.5705734369047619 0.6432328123839008 0.5724453119047619 0.6374656247678019 0.579934375 0.6330562501547988 0.5880468750000001 0.6350906247678019 0.6086421869047619 0.6381437498452012 0.6211234369047619 0.6422156247678018 0.6286125 0.6493390625386997 0.6248687500000001
2 0.6520531250773993 0.58180625 0.6462859374613003 0.593040625 0.6462859374613003 0.60365 0.6506953126934985 0.61550625 0.6510343752321981 0.6317328130952381 0.6601937498452012 0.6348531249999999 0.6649437498452013 0.636101561904762 0.6690140625386997 0.6398453119047619 0.6734234377708979 0.634229688095238 0.6761375003095975 0.6254921869047619 0.6812265622291022 0.6317328130952381 0.687332812383901 0.6317328130952381 0.6903859374613003 0.6273640619047619 0.6903859374613003 0.6192515619047618 0.6866531250773994 0.6080187499999999 0.6890281250773994 0.60365 0.6900468749226006 0.592415625 0.68835 0.5868 0.6829218749226007 0.5780625 0.6795296873065015 0.574317186904762 0.6757984377708979 0.569325 0.6703703126934986 0.568076563095238 0.6618906247678019 0.57369375 0.6564625003095975 0.5774375 0.6520531250773993 0.58180625
9 0.6815656247678018 0.6566953130952381 0.6754593752321981 0.6373500000000001 0.6690140625386997 0.6392218749999999 0.6734234377708979 0.64983125 0.6802078123839009 0.664809375 0.6876718749226006 0.6841546869047619 0.7053109374613004 0.7010046869047619 0.6900468749226006 0.6766671869047619 0.6815656247678018 0.6566953130952381
9 0.7110781250773994 0.678539063095238 0.7137921876160991 0.674170313095238 0.7087031250773993 0.6573203130952381 0.7025968749226006 0.642965625 0.6971703126934985 0.6336046880952381 0.6924203126934985 0.626740625 0.6880109374613004 0.6198750000000001 0.685975 0.6336046880952381 0.6903859374613003 0.6392218749999999 0.6968312501547987 0.647959375 0.7049718749226006 0.6629375 0.7110781250773994 0.678539063095238
9 0.39491718761609906 0.6517031249999999 0.40204218761609906 0.757796875 0.40034531269349843 0.642342186904762 0.39491718761609906 0.6517031249999999
1 0.3922031250773994 0.5874234380952381 0.38575781238390094 0.593040625 0.3830453126934985 0.604896875 0.38100937523219813 0.613634375 0.38033125015479874 0.627989063095238 0.3827046873065016 0.6460859380952381 0.38677656222910217 0.654823436904762 0.3932218749226006 0.652328125 0.3983093752321981 0.649207811904762 0.4013625003095975 0.6398453119047619 0.4040765622291022 0.6317328130952381 0.40679062476780187 0.6248687500000001 0.4091656247678019 0.617379688095238 0.4081468749226006 0.604896875 0.4061124996904025 0.593040625 0.40204218761609906 0.586175 0.39593593746130035 0.586175 0.3922031250773994 0.5874234380952381
1 0.3518359374613003 0.674170313095238 0.3572640625386997 0.67105 0.3633687498452013 0.667929688095238 0.3687968749226006 0.6623125 0.3725281250773994 0.6566953130952381 0.3766 0.6517031249999999 0.38202656222910214 0.643590625 0.38372343777089785 0.6373500000000001 0.3844015622291022 0.6273640619047619 0.38711562476780187 0.617379688095238 0.3881328123839009 0.605521875 0.3844015622291022 0.5955359369047619 0.37490312507739937 0.5911671869047619 0.36608281238390095 0.588671875 0.3572640625386997 0.596784375 0.3494609374613003 0.59928125 0.34505156222910216 0.61613125 0.34335468730650154 0.6286125 0.34132031269349844 0.6460859380952381 0.3436937498452013 0.65856875 0.347425 0.6691781250000001 0.3518359374613003 0.674170313095238
1 0.3260546873065015 0.6891484380952381 0.3318218749226006 0.6885234369047619 0.33555312507739943 0.677914063095238 0.3403015622291022 0.6716734369047619 0.34403281238390093 0.6629375 0.34606874984520125 0.6542 0.34606874984520125 0.6460859380952381 0.34572968730650155 0.629235938095238 0.34572968730650155 0.614259375 0.3477656247678019 0.596784375 0.34505156222910216 0.596784375 0.33555312507739943 0.596784375 0.3274109374613003 0.597409375 0.3189312501547988 0.609890625 0.31553749969040246 0.623620313095238 0.3138421876160991 0.6454624999999999 0.31316406253869966 0.664184375 0.31689531269349847 0.6791625 0.3202875003095975 0.684779688095238 0.3260546873065015 0.6891484380952381
1 0.27584843777089785 0.617379688095238 0.27279531269349844 0.6354781249999999 0.2761874996904025 0.647959375 0.2795796873065015 0.664184375 0.28432968730650154 0.672921875 0.2884 0.6797875 0.2911140625386997 0.6829078119047619 0.29484531269349845 0.680410936904762 0.3012906247678019 0.6766671869047619 0.3073968749226006 0.673545313095238 0.312825 0.6616890630952381 0.31553749969040246 0.6579437499999999 0.3158781250773994 0.647334375 0.31723437523219816 0.642342186904762 0.31859062476780187 0.630484375 0.31825156222910217 0.6261156250000001 0.3179125003095975 0.6148828119047619 0.31689531269349847 0.6067703130952381 0.31553749969040246 0.5999046880952381 0.31180625015479874 0.593040625 0.30298750030959753 0.5917921869047619 0.29891562476780187 0.586175 0.29450625015479875 0.5780625 0.2853468749226006 0.5730703119047619 0.27924062476780187 0.5936640630952381 0.27584843777089785 0.617379688095238
1 0.27449218761609906 0.604896875 0.2782234377708978 0.5955359369047619 0.2789015622291022 0.5855515630952381 0.27720468730650155 0.5793109380952381 0.27415312507739936 0.5774375 0.2711 0.574317186904762 0.2622796873065016 0.5662046869047619 0.25685156222910216 0.5605875 0.24769218761609907 0.550603125 0.24328281238390093 0.5468578119047619 0.23480156222910217 0.5555953130952381 0.23582031269349846 0.574317186904762 0.24294374984520123 0.5936640630952381 0.24769218761609907 0.6017765630952381 0.25583437523219815 0.61550625 0.26635000000000003 0.6229953119047619 0.27143906253869965 0.617379688095238 0.27449218761609906 0.604896875
9 0.2056281250773994 0.6810343750000001 0.22055468730650157 0.6623125 0.23344531269349847 0.640470313095238 0.2388734377708978 0.626740625 0.2436218749226006 0.6254921869047619 0.24769218761609907 0.6167546880952381 0.24837031269349846 0.604896875 0.2459968749226006 0.597409375 0.23989062476780187 0.5880468750000001 0.2368374996904025 0.59865625 0.23582031269349846 0.6192515619047618 0.23140937523219812 0.6354781249999999 0.2056281250773994 0.6810343750000001
6 0.6192761417956657 0.6192761416666667 0.620102946130031 0.623410161904762 0.6254771715170279 0.6279575833333334 0.6308513969040248 0.6250637690476191 0.6325050049535603 0.6225833571428571 0.6337452105263158 0.6201029452380953 0.6345720148606812 0.6180359357142857 0.6345720148606812 0.6147287202380952 0.634158612383901 0.6130751119047619 0.6325050049535603 0.6114215047619047 0.6291977888544892 0.6105947011904762 0.6238235634674922 0.6105947011904762 0.6192761417956657 0.6155555238095238 0.6192761417956657 0.6192761416666667
6 0.6461472693498452 0.48161328809523807 0.6444936619195046 0.48781431785714285 0.6449070637770898 0.49277514047619053 0.6502812891640867 0.4948421511904762 0.6556555145510836 0.49153493452380953 0.6589627306501548 0.48450710119047624 0.6626833479876161 0.47665246428571434 0.6614431424148607 0.46673081666666666 0.6523482990712074 0.4741720523809524 0.6461472693498452 0.48161328809523807
