1 0.24537343777089782 0.4763140630952381 0.23792343777089783 0.4845375 0.23494374984520122 0.4955015619047619 0.23544062476780184 0.5146890630952381 0.23891718761609906 0.5311359380952381 0.24587031269349846 0.539359375 0.2592796873065015 0.548496875 0.26672968730650154 0.553065625 0.2751734377708978 0.5548921869047619 0.27964374984520124 0.543928125 0.2826234377708978 0.5357046880952381 0.28312031269349847 0.5238265630952381 0.2826234377708978 0.5092078119047618 0.2776562501547988 0.49824218809523807 0.27567031269349845 0.49184687499999996 0.2672265622291022 0.4845375 0.25977656222910217 0.4790546880952381 0.2533203126934985 0.478140625 0.24537343777089782 0.4763140630952381
2 0.26921406253869967 0.4671765630952381 0.2662343752321982 0.4580390630952381 0.2642468749226006 0.4479890630952381 0.26027343777089784 0.4415921880952381 0.25282343777089783 0.44250625 0.2483531250773994 0.449815625 0.24487656222910215 0.4507296869047619 0.24388437523219814 0.468090625 0.24487656222910215 0.47996875 0.24686406253869966 0.487278125 0.2493468749226006 0.49367500000000003 0.25232656222910216 0.49824218809523807 0.26077031269349843 0.505553125 0.2697109374613003 0.5110343749999999 0.2751734377708978 0.505553125 0.2751734377708978 0.49184687499999996 0.27269062476780187 0.4763140630952381 0.26921406253869967 0.4671765630952381
9 0.2582875003095975 0.39042499999999997 0.2533203126934985 0.3584453130952381 0.25530781238390093 0.402303125 0.25381718761609906 0.42057812499999997 0.25232656222910216 0.43793750000000004 0.2508374996904025 0.4461609380952381 0.2632531250773994 0.4415921880952381 0.2622609374613003 0.4169234380952381 0.2582875003095975 0.39042499999999997
1 0.2815663095975232 0.5139957654761904 0.2815663095975232 0.5295301404761905 0.2815663095975232 0.5478035773809524 0.2875272470588235 0.5542004523809524 0.29547412260061917 0.5542004523809524 0.3024272470588235 0.5505442023809524 0.3073928724458204 0.5560270154761905 0.31186318452012385 0.5624238904761905 0.3178241226006192 0.5615098273809523 0.3237834972136223 0.5569410773809524 0.3282538099071208 0.5514582654761905 0.3297428724458204 0.5386660773809524 0.32875068482972136 0.5277020154761904 0.32775693498452013 0.5149098273809524 0.3252741226006192 0.5057738904761905 0.32278974736842103 0.5030317023809524 0.31186318452012385 0.4975504523809524 0.30043974736842105 0.4938942023809524 0.291997559752322 0.4911535773809524 0.2825600600619195 0.4966363904761905 0.2815663095975232 0.5139957654761904
9 0.3219828123839009 0.4626078130952381 0.3226625003095975 0.432653125 0.3192703126934984 0.41080937500000003 0.3101109374613003 0.3995765630952381 0.3179125003095975 0.4270359380952381 0.31859062476780187 0.44263749999999996 0.31621718761609907 0.4694734380952381 0.3124859374613003 0.4906921880952381 0.3192703126934984 0.48757187500000004 0.3219828123839009 0.4626078130952381
9 0.3073968749226006 0.3870953130952381 0.30095156222910213 0.43889374999999997 0.30502187492260063 0.43764531309523813 0.3073968749226006 0.3870953130952381
9 0.3002734377708978 0.4819546880952381 0.29823750030959756 0.470721875 0.2978984377708978 0.4582390630952381 0.29688125015479877 0.43764531309523813 0.29722031269349847 0.40768906190476195 0.29314843777089783 0.43015625 0.29314843777089783 0.45137499999999997 0.29484531269349845 0.47134531309523814 0.2978984377708978 0.49006718690476186 0.3002734377708978 0.4819546880952381
9 0.3453906247678019 0.3970796880952381 0.34471250030959755 0.4569921880952381 0.34844374984520127 0.453246875 0.3453906247678019 0.3970796880952381
1 0.35624531269349846 0.5730703119047619 0.3603156247678018 0.56995 0.36744062476780187 0.5593406249999999 0.3691359374613003 0.54810625 0.3728671876160991 0.538121875 0.3728671876160991 0.530007811904762 0.3704937498452012 0.521271875 0.36744062476780187 0.516278125 0.36099531269349844 0.513157811904762 0.3579421876160991 0.512534375 0.3511578123839009 0.5181515630952381 0.34640781238390095 0.5137828130952381 0.3403015622291022 0.512534375 0.33283906253869966 0.518775 0.33114218761609904 0.5243921880952381 0.33114218761609904 0.53625 0.32876874984520127 0.54810625 0.3291078123839009 0.5574671880952381 0.330125 0.566829688095238 0.334875 0.5774375 0.3396234377708978 0.5786859369047619 0.3501390625386997 0.5761906250000001 0.35624531269349846 0.5730703119047619
0 0.38372343777089785 0.5193984380952381 0.38033125015479874 0.5137828130952381 0.37524218761609907 0.5094140619047619 0.37320781238390094 0.516903125 0.3745640625386997 0.529384375 0.3725281250773994 0.542490625 0.3738859374613003 0.552475 0.3779562501547988 0.5518515630952381 0.38236562476780184 0.5443625 0.38609843777089786 0.5343765619047619 0.38575781238390094 0.523767188095238 0.38372343777089785 0.5193984380952381
2 0.691742187616099 0.46011250000000004 0.687332812383901 0.4594875 0.6829218749226007 0.46385625 0.6805484377708978 0.4738421880952381 0.6832609374613003 0.48569843690476194 0.6798687498452013 0.48881875 0.6802078123839009 0.5013015630952381 0.6839406247678018 0.5025484369047619 0.6880109374613004 0.5025484369047619 0.6924203126934985 0.5019250000000001 0.6964921876160991 0.5019250000000001 0.6981874996904025 0.49880468809523815 0.6975093752321981 0.48757187500000004 0.6961515622291022 0.4775859369047619 0.6951343752321981 0.4669765619047619 0.691742187616099 0.46011250000000004
2 0.6995453126934984 0.549354686904762 0.7012406247678019 0.546234375 0.7042937498452013 0.5443625 0.7070078123839009 0.5431140630952381 0.7073468749226006 0.53625 0.7087031250773993 0.529384375 0.7063296873065016 0.521271875 0.7025968749226006 0.5243921880952381 0.6992046873065015 0.5281359369047619 0.6958124996904025 0.5331281250000001 0.691742187616099 0.537496875 0.6866531250773994 0.5437375 0.689367187616099 0.546234375 0.6924203126934985 0.546234375 0.6958124996904025 0.54873125 0.6995453126934984 0.549354686904762
1 0.6432328123839008 0.5724453119047619 0.6374656247678019 0.579934375 0.6330562501547988 0.5880468750000001 0.6350906247678019 0.6086421869047619 0.6381437498452012 0.6211234369047619 0.6422156247678018 0.6286125 0.650394253250774 0.6339388202380952 0.6547104328173375 0.6333992976190477 0.6595661343653252 0.6339388202380952 0.668198492879257 0.6369061928571429 0.6851934482972136 0.6261157452380952 0.6846187498452012 0.604896875 0.689367187616099 0.59054375 0.6897062501547988 0.5811828119047618 0.68835 0.569325 0.6815656247678018 0.5562203119047618 0.6764765622291021 0.550603125 0.6669781250773994 0.550603125 0.6608718749226007 0.558715625 0.6557843752321981 0.56558125 0.6506953126934985 0.5705734369047619 0.6432328123839008 0.5724453119047619
9 0.6690140625386997 0.6392218749999999 0.6734234377708979 0.64983125 0.6802078123839009 0.664809375 0.6876718749226006 0.6841546869047619 0.7053109374613004 0.7010046869047619 0.6900468749226006 0.6766671869047619 0.6815656247678018 0.6566953130952381 0.6754593752321981 0.6373500000000001 0.6690140625386997 0.6392218749999999
9 0.6924203126934985 0.626740625 0.6880109374613004 0.6198750000000001 0.685975 0.6336046880952381 0.6903859374613003 0.6392218749999999 0.6968312501547987 0.647959375 0.7049718749226006 0.6629375 0.7110781250773994 0.678539063095238 0.7137921876160991 0.674170313095238 0.7087031250773993 0.6573203130952381 0.7025968749226006 0.642965625 0.6971703126934985 0.6336046880952381 0.6924203126934985 0.626740625
7 0.70565 0.71723125 0.7005624996904025 0.70849375 0.6954734377708978 0.703501561904762 0.6992046873065015 0.720976563095238 0.7090421876160992 0.7303375000000001 0.7185406247678019 0.7328328119047619 0.7270218749226006 0.7253437500000001 0.7321109374613003 0.714734375 0.73245 0.6953890619047619 0.7300749999999999 0.6791625 0.726682812383901 0.6691781250000001 0.7239687498452012 0.664809375 0.7195593752321982 0.6673046869047619 0.7232906247678018 0.68353125 0.7232906247678018 0.6885234369047619 0.7219343752321981 0.6966375 0.7182015622291021 0.7022531249999999 0.7114171876160991 0.6953890619047619 0.7090421876160992 0.6953890619047619 0.7131140625386996 0.7059984380952381 0.7144703126934985 0.7116140630952381 0.7104 0.714734375 0.70565 0.71723125
9 0.39491718761609906 0.6517031249999999 0.40204218761609906 0.757796875 0.40034531269349843 0.642342186904762 0.39491718761609906 0.6517031249999999
1 0.40679062476780187 0.6248687500000001 0.4091656247678019 0.617379688095238 0.4081468749226006 0.604896875 0.4061124996904025 0.593040625 0.40204218761609906 0.586175 0.39593593746130035 0.586175 0.3922031250773994 0.5874234380952381 0.38575781238390094 0.593040625 0.3830453126934985 0.604896875 0.38100937523219813 0.613634375 0.38033125015479874 0.627989063095238 0.3827046873065016 0.6460859380952381 0.38677656222910217 0.654823436904762 0.3932218749226006 0.652328125 0.3983093752321981 0.649207811904762 0.4013625003095975 0.6398453119047619 0.4040765622291022 0.6317328130952381 0.40679062476780187 0.6248687500000001
1 0.3494609374613003 0.59928125 0.34505156222910216 0.61613125 0.34335468730650154 0.6286125 0.34132031269349844 0.6460859380952381 0.3436937498452013 0.65856875 0.347425 0.6691781250000001 0.3518359374613003 0.674170313095238 0.3572640625386997 0.67105 0.3633687498452013 0.667929688095238 0.3687968749226006 0.6623125 0.3725281250773994 0.6566953130952381 0.3766 0.6517031249999999 0.38202656222910214 0.643590625 0.38372343777089785 0.6373500000000001 0.3844015622291022 0.6273640619047619 0.38711562476780187 0.617379688095238 0.3881328123839009 0.605521875 0.3844015622291022 0.5955359369047619 0.37490312507739937 0.5911671869047619 0.36608281238390095 0.588671875 0.3572640625386997 0.596784375 0.3494609374613003 0.59928125
1 0.3189312501547988 0.609890625 0.31553749969040246 0.623620313095238 0.3138421876160991 0.6454624999999999 0.31316406253869966 0.664184375 0.31689531269349847 0.6791625 0.3202875003095975 0.684779688095238 0.3260546873065015 0.6891484380952381 0.3318218749226006 0.6885234369047619 0.33555312507739943 0.677914063095238 0.3403015622291022 0.6716734369047619 0.34403281238390093 0.6629375 0.34606874984520125 0.6542 0.34606874984520125 0.6460859380952381 0.34572968730650155 0.629235938095238 0.34572968730650155 0.614259375 0.3477656247678019 0.596784375 0.34505156222910216 0.596784375 0.33555312507739943 0.596784375 0.3274109374613003 0.597409375 0.3189312501547988 0.609890625
1 0.31180625015479874 0.593040625 0.30298750030959753 0.5917921869047619 0.29891562476780187 0.586175 0.29450625015479875 0.5780625 0.2853468749226006 0.5730703119047619 0.27924062476780187 0.5936640630952381 0.27584843777089785 0.617379688095238 0.27279531269349844 0.6354781249999999 0.2761874996904025 0.647959375 0.2795796873065015 0.664184375 0.28432968730650154 0.672921875 0.2884 0.6797875 0.2911140625386997 0.6829078119047619 0.29484531269349845 0.680410936904762 0.3012906247678019 0.6766671869047619 0.3073968749226006 0.673545313095238 0.312825 0.6616890630952381 0.31553749969040246 0.6579437499999999 0.3158781250773994 0.647334375 0.31723437523219816 0.642342186904762 0.31859062476780187 0.630484375 0.31825156222910217 0.6261156250000001 0.3179125003095975 0.6148828119047619 0.31689531269349847 0.6067703130952381 0.31553749969040246 0.5999046880952381 0.31180625015479874 0.593040625
1 0.23582031269349846 0.574317186904762 0.24294374984520123 0.5936640630952381 0.24769218761609907 0.6017765630952381 0.25583437523219815 0.61550625 0.26635000000000003 0.6229953119047619 0.27143906253869965 0.617379688095238 0.27449218761609906 0.604896875 0.2782234377708978 0.5955359369047619 0.2789015622291022 0.5855515630952381 0.27720468730650155 0.5793109380952381 0.27415312507739936 0.5774375 0.2711 0.574317186904762 0.2622796873065016 0.5662046869047619 0.25685156222910216 0.5605875 0.24769218761609907 0.550603125 0.24328281238390093 0.5468578119047619 0.23480156222910217 0.5555953130952381 0.23582031269349846 0.574317186904762
9 0.24837031269349846 0.604896875 0.2459968749226006 0.597409375 0.23989062476780187 0.5880468750000001 0.2368374996904025 0.59865625 0.23582031269349846 0.6192515619047618 0.23140937523219812 0.6354781249999999 0.2056281250773994 0.6810343750000001 0.22055468730650157 0.6623125 0.23344531269349847 0.640470313095238 0.2388734377708978 0.626740625 0.2436218749226006 0.6254921869047619 0.24769218761609907 0.6167546880952381 0.24837031269349846 0.604896875
25 0.30529726315789474 0.47428633095238093 0.3042630588235294 0.4436738690476191 0.3036425356037152 0.4416054583333333 0.300333080495356 0.44284650476190474 0.3007467622291022 0.46373744166666664 0.30136728482972136 0.49186781309523814 0.3036425356037152 0.4970388369047619 0.30819303653250774 0.49683199642857145 0.30529726315789474 0.47428633095238093
25 0.3493543888544892 0.46228955476190475 0.34459704643962846 0.4614621916666667 0.34314915975232196 0.4730452857142857 0.3429423188854489 0.5139997964285714 0.3483201839009288 0.5164818880952381 0.3493543888544892 0.46228955476190475
6 0.6482266699690402 0.5024011630952381 0.6509460272445821 0.5051205202380953 0.6563847405572755 0.5047806 0.662503293498452 0.5017213238095238 0.6611436148606811 0.49662252976190474 0.6608036953560371 0.4932233345238095 0.6601238563467493 0.4888043797619048 0.6591040972136223 0.4877846202380952 0.6536653839009289 0.4905039773809524 0.6509460272445821 0.49424309285714285 0.6468669919504644 0.4996818071428571 0.6482266699690402 0.5024011630952381
13 0.4944613535603715 0.6812723797619047 0.5401843318885449 0.6734341547619048 0.5708840458204335 0.6629831880952382 0.6048496873065015 0.6682086714285714 0.6610236321981424 0.6388153285714285 0.7113189083591331 0.5963582773809524 0.7433249938080495 0.553901225 0.726342172755418 0.5232015107142857 0.6799660092879257 0.5650053773809524 0.6139942829721362 0.6224856928571428 0.4872763139318885 0.6329366595238095 0.38015390712074304 0.6224856928571428 0.38407301981424147 0.6734341547619048 0.4435128916408669 0.6753937107142858 0.4944613535603715 0.6812723797619047
13 0.23879745572755418 0.4861233928571429 0.43921674922600623 0.5671439571428571 0.5724742582043344 0.5426245761904762 0.6385699826625387 0.5234354952380952 0.6673536043343653 0.48079309166666667 0.7270529684210527 0.45733977023809524 0.7249208482972137 0.4114991869047619 0.6620233040247677 0.43282038928571426 0.6279093820433437 0.47333067142857144 0.579936678637771 0.4871894523809524 0.5063785337461301 0.5010482333333334 0.42002766811145514 0.4989161130952381 0.36992284458204333 0.49251975238095236 0.3027610600619195 0.48079309166666667 0.23986351578947368 0.4434809892857143 0.23879745572755418 0.4861233928571429
