1 0.23445419891493202 0.47659680250288167 0.28186547358563985 0.47536914685846215 0.2839189196057532 0.5546657355733731 0.2365076452035737 0.5558933835651648
2 0.2359384407413927 0.44709715106894515 0.2627631047272416 0.439803729374867 0.28127642750939685 0.507889819847983 0.25445177823871745 0.5151832040774016
9 0.25332029961975877 0.3584453121354403 0.2655967699015491 0.35879278242370544 0.2631139702054952 0.44650840590643337 0.2508374999999887 0.4461609375000011
1 0.280767 0.498237803125 0.3289435625 0.498237803125 0.3289435625 0.5695081156249999 0.280767 0.5695081156249999
9 0.3101109374999851 0.3995765624999998 0.32179240597224634 0.3992720952528089 0.32416739173379483 0.4903877225061854 0.31248592333247416 0.4906921878692618
9 0.3072830414909049 0.5088460219094193 0.3006843374271284 0.508839850669363 0.3007982843113268 0.3870891413141264 0.3073968749999949 0.3870953125
9 0.3006024344662137 0.48995603037848023 0.2947444365680667 0.49019684358433907 0.2913623814334869 0.40792987431739863 0.29722031250003056 0.4076890624999981
9 0.3407269503968564 0.3972573391234591 0.3466591636411067 0.39703136552827867 0.3511925035210197 0.516032425127799 0.3452602903811339 0.516258396824741
1 0.3325829764746686 0.5099965054156311 0.3752547141556306 0.5142669572887774 0.3685178852355193 0.5815775856398 0.3258461511122732 0.5773071577558669
0 0.37340803817562573 0.509365345698122 0.3867533991245864 0.509719811542885 0.3856094124067795 0.5527863858795332 0.37226405150579467 0.5524319212698707
0 0.6215218887443825 0.5456109362555751 0.611652302703078 0.5465045367749897 0.6088589949183643 0.5156555932667136 0.6187285317357691 0.5147619949926945
2 0.6790781373381378 0.45971170017588303 0.6971123416808496 0.4592218841888482 0.6982816119665358 0.502269482873035 0.6802474076877161 0.5027592973115519
2 0.7053565842267062 0.5204890764153552 0.7174094553463419 0.5301848239376424 0.6985528126573399 0.5536236039924637 0.6864999629301565 0.5439278802845168
1 0.6452338074362842 0.6328626416943917 0.6136888642184886 0.5884415476520177 0.6740239104647117 0.5456001968196439 0.7055687643666033 0.5900209964409475
2 0.6906428504775022 0.6395720710238818 0.6467466471900707 0.6401266218878974 0.6458405522382691 0.5683864546528056 0.6897361815944123 0.5678319073915248
9 0.7053111816576347 0.7010045730145263 0.6973291344551171 0.7047473522475804 0.6670352012438343 0.6401497668736768 0.675017150104054 0.6364070145591741
9 0.6806133171263582 0.624007216071259 0.6892961124940484 0.6191571173593463 0.7197607908424288 0.6736890541313922 0.7110780168328574 0.6785391229205399
9 0.4020422535855914 0.7577968740288553 0.3964776227934408 0.7578786476502893 0.3947808155586472 0.642423960153279 0.4003453125000078 0.6423421874999997
1 0.38235050649382174 0.5852448589690518 0.41062060609453965 0.5865802035042157 0.40735084459458903 0.6557952619926749 0.3790807456116454 0.654459926185932
1 0.3767504890981854 0.6784018144630576 0.33565935685624027 0.6714228706883618 0.3501749058344785 0.5859700434619971 0.39126536651872357 0.5929489289461282
1 0.3156474735038728 0.5956211702017745 0.34814788411677 0.5967982190591749 0.3447783192652878 0.689826534387925 0.31227790919695053 0.6886494962827705
1 0.3124976766547434 0.6852850916173842 0.2678095703196277 0.6803169824334583 0.27980304864343 0.5724539823639158 0.3244902323878023 0.5774220397023256
1 0.29346279903381856 0.595125203720943 0.2649805704160144 0.6244029889822701 0.2150725656861141 0.5758560115638547 0.24355462328082922 0.5465784089426519
9 0.23989031921144033 0.5880467623424525 0.25607310120039983 0.5940087628921792 0.22181087729029514 0.6869963184899213 0.20562812499997563 0.6810343749999835
6 0.6667939896830148 0.6585640082498958 0.6179754230711296 0.6799940742277544 0.585110681395463 0.6051352524115776 0.6339285718750034 0.5837053578125223
6 0.6761858374541134 0.5346478585687486 0.6464400111952955 0.5380471547409797 0.6343171284507889 0.43197069837344537 0.6640625 0.42857142812499877