0 0.32414415058269697 0.5683872040512984 0.32883428933621417 0.5275213511818003 0.3476063592555647 0.5296756378742568 0.3429162914868584 0.570541425550787
0 0.3797195865405456 0.5427425819314674 0.3941012334031484 0.5453498579595651 0.38656801671390895 0.5868988312697881 0.37218637236901486 0.5842915647380449
2 0.4903859956202723 0.6431196034731421 0.47448004540740385 0.6438926090258195 0.47141483471637 0.5808257119072925 0.4873205974807888 0.5800527109262728
2 0.49155518984844093 0.5766857834956307 0.5021355148168141 0.5775279859157324 0.49711700289583405 0.6405670180229456 0.48653667849362137 0.6397248205466001
2 0.6095119310106156 0.6075004771375625 0.5810993365269042 0.612427444122685 0.5713466985364448 0.5561914066085504 0.5997590110148394 0.551264464674599
2 0.6396317501963722 0.5985811396315096 0.6050405926762323 0.600440243081125 0.600849832309791 0.5224685536550578 0.6354405249867341 0.5206094628062641
9 0.5942140898102934 0.5369390627215478 0.5880351880460921 0.5368889379250298 0.5888441462833498 0.4371825451992465 0.5950229557258808 0.4372326696187978
9 0.6443539442860811 0.5284671620787286 0.6149071056103139 0.5289685241458499 0.6130069174972732 0.41735608503676064 0.64245327810454 0.4168547270665253
0 0.6408925342259408 0.529365841132937 0.649565328782046 0.5268385106916726 0.6594026452036132 0.5605932701273431 0.6507298537273982 0.5631205931885388
0 0.7492935865943764 0.49359127387675844 0.7258794392992058 0.5068576158577591 0.7014129321140672 0.4636788941147345 0.7248269440214017 0.4504126004164645
0 0.7116620308941037 0.56315461697651 0.7564770686161637 0.5710780848718245 0.7436314632085441 0.6437247624727379 0.6988164393385432 0.6358013483443848
0 0.6335498762188081 0.6463309005293542 0.6467751884767949 0.6437627569419587 0.6509918650098143 0.6654747955976911 0.6377665543705007 0.6680429335108024
7 0.7686952125332027 0.6671200859267408 0.787734658528052 0.6873789849091587 0.7666563118165186 0.7071856435729409 0.7476169288744359 0.6869268060576211
7 0.6200453093288161 0.7589421874507595 0.6413342575250454 0.7592727508096689 0.6404887484532082 0.8137151141729394 0.6191998003092749 0.8133845529761665
9 0.6501099669570749 0.7709386401494945 0.6448495073300364 0.7723692648287309 0.630930225405109 0.7211962410575488 0.6361906250000402 0.7197656249999935
9 0.6200454153113242 0.7832796715245504 0.6145952393657126 0.7841265530938397 0.6050649907313073 0.7228043977730211 0.6105150913176658 0.7219575221228997
2 0.5899658624044832 0.6411517513429266 0.6312759944790969 0.6332214100408727 0.6486690732723446 0.7238117938907033 0.6073589618669075 0.7317420594505968
0 0.3823662027185719 0.6466223856766042 0.39693944914643 0.646916453289423 0.3960398911617631 0.691490278524655 0.38146664476983005 0.6911962122493249
7 0.3489338028932707 0.7893458615144938 0.3339889347511189 0.7961557252421458 0.32094429063067764 0.7675332756987535 0.3358890624999731 0.760723437499998
0 0.5504562439866731 0.5560562490459989 0.5583919660816719 0.5573152344192251 0.555082596556872 0.5781730455742509 0.5471468749999531 0.5769140624999942
7 0.29607822922184823 0.7870688468572232 0.3013460142169606 0.7596818284180717 0.3327473767301399 0.7657206733729102 0.3274797098400768 0.79310758772814
10 0.35913166513660144 0.6392433387312341 0.3884617871296996 0.6446851565319051 0.36055967131858324 0.795048297890434 0.33122957374030193 0.7896065713526653
10 0.33875429604506735 0.6507596004562178 0.36176834042271366 0.6571285402198154 0.32732262530453227 0.7815783769701206 0.30430861607908355 0.77520952765908