0 0.30654266517387896 0.46612827233606635 0.2892900355814163 0.46528563631606296 0.2924537339069957 0.4005155193336175 0.30970621588073755 0.40135815173898304
1 0.31897069248407206 0.41639644011146326 0.3731299951645042 0.42241087739411887 0.36517779856012567 0.4940150731933377 0.31101850065249437 0.48800066601364744
9 0.33763437499999327 0.3443140625000003 0.34340030213729733 0.34404850757570926 0.3469683520650051 0.4215173801988718 0.34120242501057874 0.42178293392198934
9 0.3188202541083456 0.34301682223560864 0.3229412167679584 0.3424357375333848 0.3332334489855384 0.41542360712322723 0.32911248684649763 0.41600468935472873
9 0.33398281250003947 0.31594687499999996 0.3374011807857187 0.3159348966537436 0.3376433674211512 0.38504739670106997 0.33422499913581305 0.3850593750030283
2 0.6675057512522926 0.45694985996761905 0.6876467132628932 0.4643447865417118 0.6740017397106612 0.5015059025322365 0.6538607885632928 0.49411099735398756
0 0.6733947474095885 0.46988484636860345 0.6535512124944489 0.4715428953942026 0.647698836044583 0.4015049163384631 0.6675421874999756 0.39984687499999744
1 0.5903189658436077 0.5405513611776998 0.6472740467947915 0.5218131581036879 0.670681112055604 0.5929526983206669 0.6137260882463806 0.6116907799777904
9 0.6409187499999689 0.6030750000000092 0.6445310704777967 0.6021245591526373 0.6616106504870913 0.6670308429536569 0.6579983323663328 0.6679812776616372
9 0.6417415425360105 0.6949107490680041 0.6326766064240701 0.697091513145286 0.6115790668246746 0.6094052628889143 0.6206438453125429 0.6072245187499921
2 0.3819288305678583 0.5283637175639901 0.3716190636118881 0.5569997642300858 0.3228795886024045 0.5394535889140593 0.3331894111723841 0.5108176623982728
2 0.2835480514397659 0.4935659837445708 0.30457584581427 0.4864171129442563 0.31732701426221865 0.5239207042389065 0.2962992304077261 0.5310695530845909
6 0.6390340266013936 0.5241120937233059 0.5972225969893543 0.5230400732831867 0.5999302640963151 0.4174547733778838 0.6417410718750034 0.41852678593749887