2 0.27670011705743036 0.49446539679260015 0.300767937711953 0.5091562465561764 0.2851285719412999 0.5347759136743779 0.26106077745657785 0.5200850984509895
2 0.3148205520751617 0.5560122405950666 0.3226569277779845 0.5073294289853175 0.3660156996469368 0.5143082238823398 0.3581795201890827 0.5629908603607852
2 0.28315970071435004 0.575555552870583 0.30518491861835173 0.5556468398837782 0.33622470497186896 0.5899830040540398 0.31419956504737456 0.6098916352421236
0 0.32635897676038894 0.6407652392081672 0.30735988972128325 0.6376432991748673 0.31554754828255227 0.5878223378537815 0.33454645878691736 0.5909442630554629
2 0.40014406930947644 0.6233152533217416 0.36471883510478165 0.6873571631067875 0.30479930304420577 0.6542160174157451 0.3402245589004451 0.590174534418411
9 0.2988858864779331 0.7812950922237082 0.29102566255664897 0.7781194559000212 0.33430218923251687 0.6710209705929309 0.3421622345616697 0.6741965662505083
9 0.35015825791140287 0.6906774732475008 0.3629453161153151 0.6932943742147513 0.34203079889641685 0.7954731201472248 0.32924374999993233 0.7928562499999919
2 0.3882853617124056 0.624580246769644 0.40996272039456017 0.6147164502722059 0.421003903419205 0.6389784173385792 0.3993265602637166 0.648842188517571
0 0.7309622165626024 0.6797091673528907 0.6987298952017227 0.670839235918518 0.7160469185952252 0.60791993264311 0.7482788519921542 0.6167898078100466
0 0.3798327249713793 0.6435439057215505 0.4024823310959391 0.6437022715357775 0.4019359921163641 0.721829301248609 0.3792863859988529 0.7216709367227363
2 0.22466605455053923 0.44812641159898 0.24412183398385423 0.43686330528195133 0.2733342350458088 0.4873212741795843 0.253878490031866 0.498584333699964
6 0.7140908674645061 0.7136231568112459 0.6557459145899429 0.7279960667165083 0.6347364294510953 0.6427209910383166 0.6930803578125051 0.6283482140624904