2 0.2904218749226006 0.5261046869047619 0.28967187492260066 0.5078421880952381 0.28554374984520126 0.5047984380952381 0.27991562476780185 0.496428125 0.2750375003095975 0.49718906309523814 0.26528281238390095 0.5131687500000001 0.26940937523219816 0.5223 0.27466249969040246 0.5283875 0.28029062476780187 0.529909375 0.28667031269349846 0.5321921880952382 0.2904218749226006 0.5261046869047619
2 0.3305703126934984 0.508603125 0.32119062476780186 0.520778125 0.31706249969040246 0.542084375 0.3275687498452013 0.5580640630952381 0.34145312507739933 0.556542188095238 0.3512078123839009 0.5618687499999999 0.3572125003095975 0.559585938095238 0.3594625003095975 0.5550203130952381 0.3594625003095975 0.545128125 0.3590874996904025 0.5291484369047619 0.35533593746130027 0.5261046869047619 0.34858125015479874 0.5352359369047619 0.3467062501547988 0.5291484369047619 0.34257812507739943 0.527626561904762 0.33432343777089785 0.5359968749999999 0.3346984377708978 0.529909375 0.33544843777089783 0.5177343750000001 0.3305703126934984 0.508603125
2 0.30242968730650155 0.5961109380952381 0.31068437523219816 0.606003125 0.31743749969040247 0.5976328130952381 0.3230671876160991 0.6014375 0.3294453126934984 0.5961109380952381 0.32982031269349843 0.5885015630952382 0.3245671876160991 0.5770875 0.3208156247678019 0.5748046880952381 0.31518749969040244 0.571 0.30655625015479876 0.56795625 0.29830156222910215 0.5618687499999999 0.2904218749226006 0.5808921880952381 0.294175 0.587740625 0.30242968730650155 0.5961109380952381
0 0.3294453126934984 0.5945890619047619 0.32231562476780184 0.599915625 0.3166874996904025 0.6014375 0.31180937523219815 0.61056875 0.31143437523219814 0.6219828130952381 0.31218437523219816 0.6364406250000001 0.3185640625386997 0.639484375 0.32869531269349844 0.6265484369047619 0.3324468749226006 0.6037203119047619 0.3335734377708978 0.590784375 0.3294453126934984 0.5945890619047619
2 0.379725 0.6569875000000001 0.3857281250773994 0.6493765619047619 0.38948125015479873 0.6372015630952381 0.3936078123839009 0.6257875 0.39023125015479876 0.618178125 0.3853531250773994 0.61665625 0.37559843777089785 0.61056875 0.36471562476780184 0.6037203119047619 0.35646093746130025 0.5991546880952381 0.3467062501547988 0.59535 0.34145312507739933 0.599915625 0.3335734377708978 0.6021984369047618 0.3294453126934984 0.6204609380952381 0.3264437498452012 0.6440499999999999 0.3335734377708978 0.646332811904762 0.3362 0.643289063095238 0.3410765622291022 0.6493765619047619 0.338075 0.66003125 0.34145312507739933 0.662314063095238 0.34145312507739933 0.674489061904762 0.34482968730650154 0.6699234369047619 0.34858125015479874 0.6684015619047619 0.35045781238390095 0.676771875 0.35533593746130027 0.6820984380952381 0.3602140625386997 0.6828593749999999 0.3650921876160991 0.6790546880952381 0.36621718761609906 0.667640625 0.3707203126934984 0.665357811904762 0.379725 0.6569875000000001
9 0.31963125015479876 0.707328125 0.3115687498452013 0.7324828119047619 0.30350468730650154 0.7576390619047619 0.2979234377708978 0.7809062499999999 0.304125 0.768329688095238 0.3090874996904025 0.7526078119047619 0.3156 0.737514063095238 0.32180156222910217 0.7211640619047619 0.33203437523219814 0.699153125 0.34071718761609904 0.677771875 0.3354453126934985 0.6714828130952382 0.3298640625386997 0.6859468750000001 0.31963125015479876 0.707328125
9 0.3577734377708978 0.6922359369047619 0.3562218749226006 0.699153125 0.3500203126934985 0.7299671880952382 0.33761718761609905 0.77273125 0.35405156222910217 0.6928640630952381 0.34971093746130033 0.6928640630952381 0.3453687498452012 0.7243078130952381 0.3385468749226006 0.757009375 0.3292437498452012 0.7928562499999999 0.3360656247678019 0.784051563095238 0.3459890625386997 0.76266875 0.3531218749226006 0.7412875 0.35684218761609904 0.720534375 0.36180468730650156 0.6966375 0.3577734377708978 0.6922359369047619
2 0.41049062476780185 0.6173984369047619 0.4030484377708978 0.619285936904762 0.40025625015479877 0.6199140630952381 0.3971562501547987 0.6205437500000001 0.39374531269349844 0.622429686904762 0.3956062501547988 0.6406671869047619 0.3993265622291022 0.6488421880952381 0.40521874984520123 0.6438125 0.41204062476780184 0.636265625 0.41576250030959755 0.6274609369047619 0.41049062476780185 0.6173984369047619
0 0.7429187498452012 0.636265625 0.739507812383901 0.62871875 0.7348562501547988 0.6199140630952381 0.7298953126934984 0.6142546880952381 0.7230718749226006 0.609853125 0.71625 0.6173984369047619 0.7106687498452012 0.6274609369047619 0.7084984377708979 0.6412968750000001 0.707567187616099 0.6507296869047619 0.707567187616099 0.66519375 0.7193515622291021 0.676514063095238 0.7274140625386997 0.6739984369047619 0.7354765622291022 0.66330625 0.7407484377708979 0.6406671869047619 0.7429187498452012 0.636265625
0 0.38080396099071206 0.6861865547619047 0.38006453560371517 0.6998659202380952 0.3793251102167183 0.7161332738095239 0.3804342482972136 0.7216789619047619 0.38487079938080493 0.7161332738095239 0.39263476346749226 0.7017144833333333 0.40224729040247675 0.6773134523809524 0.40076844024767805 0.6680706380952381 0.39781073931888544 0.6436696071428571 0.38967706253869966 0.6444090321428572 0.3822828111455109 0.6617855238095238 0.3796948229102167 0.6632643738095237 0.38080396099071206 0.6861865547619047
6 0.6736660984520124 0.6593022154761905 0.657865827244582 0.6679205452380953 0.6542748569659443 0.6722297095238096 0.6528384687306502 0.6808480392857144 0.6621749919504645 0.689466369047619 0.675820680495356 0.688748175 0.6815662340557276 0.6808480392857144 0.6851572043343653 0.676538875 0.6873117869969041 0.6600204095238096 0.6751024866873065 0.6593022154761905 0.6736660984520124 0.6593022154761905
2 0.22642376594427244 0.44812279761904766 0.22642376594427244 0.44848623928571424 0.22824097089783282 0.45430129523809526 0.24423237647058824 0.48192281428571426 0.2511377560371517 0.4899185178571429 0.2562259306501548 0.49355292738095236 0.2591334588235294 0.4950066916666666 0.2613141052631579 0.4942798095238095 0.2638581925696595 0.4899185178571429 0.2649485157894737 0.4830131380952381 0.26240442848297213 0.4742905523809524 0.2591334588235294 0.46593140833333335 0.25695281300309597 0.45902602976190476 0.25477216656346746 0.45539161904761905 0.2511377560371517 0.45103032619047617 0.24786678699690404 0.4463055928571429 0.2416882891640867 0.44158085952380954 0.23914420185758514 0.44230774166666664 0.22969473498452012 0.4452152702380952 0.22642376594427244 0.44812279761904766
