2 0.33962031269349846 0.5834109369047619 0.33905625015479873 0.565115625 0.33595625015479874 0.565115625 0.3311624996904025 0.5599703119047619 0.3263703126934985 0.5634 0.3187593752321981 0.5714046880952381 0.31227499999999997 0.567975 0.3066374996904025 0.567403125 0.30184531269349846 0.5656875 0.30071718761609906 0.5593984369047619 0.29648750030959753 0.5616859369047619 0.29225937523219814 0.5611140619047619 0.29648750030959753 0.5508234380952381 0.2981796873065016 0.540532811904762 0.295925 0.5279546880952382 0.2931046873065016 0.5268109369047619 0.28887656222910213 0.524525 0.2846484377708978 0.52566875 0.28182968730650154 0.5371015630952382 0.27900937523219815 0.5513953119047619 0.27590937523219816 0.566259375 0.2773187498452012 0.5731203130952381 0.27900937523219815 0.5788375 0.28380156222910213 0.5908421869047619 0.2877484377708978 0.5948453130952381 0.29141406253869967 0.5942734369047619 0.2984609374613003 0.592557813095238 0.29761562476780185 0.61028125 0.30325468730650157 0.60799375 0.30776406253869965 0.6091375 0.3117109374613003 0.6148546880952381 0.31735 0.613139061904762 0.32355156222910214 0.604564061904762 0.3306 0.6039921869047619 0.3345468749226006 0.6005609369047619 0.33962031269349846 0.5834109369047619
2 0.37091249969040246 0.5605421869047619 0.37091249969040246 0.5708328130952381 0.3711937498452012 0.586840625 0.37485937523219814 0.5959875 0.38444374984520124 0.6034203130952381 0.39882187492260057 0.6034203130952381 0.4047421876160991 0.5931296880952381 0.4058687498452012 0.5834109369047619 0.4036140625386997 0.5702609369047619 0.39572031269349844 0.565115625 0.38557187492260064 0.567975 0.3807796873065016 0.5599703119047619 0.3788062501547988 0.554825 0.37260468730650154 0.554825 0.37091249969040246 0.5605421869047619
1 0.576425 0.53195625 0.573042187616099 0.5439625 0.5693781250773994 0.5502515630952381 0.5659953126934985 0.5508234380952381 0.5609203126934984 0.553109375 0.5603562501547987 0.5634 0.5620484377708979 0.575978125 0.5634578123839009 0.5874125 0.5662765622291022 0.59941875 0.5702234377708978 0.6051359369047619 0.5761437498452012 0.610853125 0.5857281250773994 0.6091375 0.5930578123839009 0.602848436904762 0.5970046873065015 0.5908421869047619 0.5958765622291021 0.5708328130952381 0.5955953126934984 0.5519671880952381 0.5933406247678018 0.535959375 0.5879828123839009 0.52109375 0.5803718749226006 0.5262390630952382 0.576425 0.53195625
1 0.5913671876160991 0.5502515630952381 0.5927765622291021 0.562829688095238 0.5944671876160991 0.57655 0.5967234377708979 0.5839828130952381 0.6037703126934985 0.585125 0.6105359374613003 0.592557813095238 0.6175843752321981 0.5959875 0.6251953126934985 0.5942734369047619 0.6282968749226006 0.5908421869047619 0.6311156247678019 0.5742625 0.6299875003095975 0.55596875 0.6251953126934985 0.5439625 0.6206843752321981 0.53195625 0.6116640625386996 0.5313859369047619 0.6001062501547988 0.5313859369047619 0.5955953126934984 0.532528125 0.5916484377708978 0.5388171880952382 0.5913671876160991 0.5502515630952381
1 0.6344984377708979 0.5302421869047619 0.6282968749226006 0.5399609369047619 0.6271687498452012 0.546821875 0.6271687498452012 0.55368125 0.627732812383901 0.5611140619047619 0.6313984377708979 0.572548436904762 0.6359078123839009 0.579979688095238 0.6452109374613003 0.58626875 0.6562062501547987 0.589128125 0.6643812501547988 0.579979688095238 0.6629718749226006 0.56454375 0.6624078123839009 0.5416765619047619 0.6556421876160992 0.5331 0.6500031250773994 0.5285265619047619 0.6446468749226006 0.5285265619047619 0.6392906247678019 0.5285265619047619 0.6344984377708979 0.5302421869047619
9 0.5752125003095976 0.3657625 0.5761437498452012 0.4072671880952381 0.5770734377708978 0.45883593690476193 0.5755234377708979 0.502228125 0.5745921876160991 0.5173218749999999 0.5739718749226006 0.530528125 0.5817249999999999 0.5192078130952381 0.5820359374613003 0.47141249999999996 0.5804843752321981 0.41984531309523815 0.5798640625386997 0.39280312500000003 0.5773843752321982 0.37205 0.5752125003095976 0.3657625
9 0.6155265622291022 0.45003125 0.6136656247678018 0.41732968809523807 0.6121156247678019 0.4720421880952381 0.6114953126934984 0.505371875 0.6114953126934984 0.5160640619047618 0.6155265622291022 0.52109375 0.6152156247678018 0.4821046880952381 0.6155265622291022 0.45003125
9 0.6056031250773993 0.4273921869047619 0.6006406247678019 0.41544375 0.604982812383901 0.444371875 0.6043624996904025 0.4632375 0.6043624996904025 0.4745578119047619 0.6071531250773994 0.470784375 0.6068437498452012 0.4468875 0.6056031250773993 0.4273921869047619
9 0.6459156247678018 0.41104062500000005 0.6468468749226006 0.40160781309523813 0.6437453126934984 0.41795937499999997 0.641575 0.4619796869047619 0.6412640625386996 0.497196875 0.6412640625386996 0.515434375 0.643125 0.525496875 0.648707812383901 0.5267546869047619 0.651807812383901 0.51795 0.6468468749226006 0.494053125 0.6456062501547988 0.4613515619047619 0.6459156247678018 0.431165625 0.6459156247678018 0.41104062500000005
2 0.7138281250773993 0.5192078130952381 0.711657812383901 0.523609375 0.7107265622291021 0.5361874999999999 0.7051453126934984 0.534929686904762 0.7039046873065016 0.53115625 0.7001843752321981 0.528640625 0.6973921876160991 0.53115625 0.6921218749226007 0.54121875 0.6884 0.54939375 0.680957812383901 0.5500234369047619 0.675375 0.5449921880952381 0.6713437498452013 0.5380734380952381 0.6676234377708977 0.5380734380952381 0.6635921876160992 0.54121875 0.6626609374613003 0.5475078119047619 0.6629718749226006 0.561971875 0.6642125003095974 0.5726625 0.6682437498452012 0.5827249999999999 0.6728953126934984 0.585240625 0.6812671876160991 0.5833531249999999 0.6896406247678019 0.5795796869047619 0.6942921876160991 0.5795796869047619 0.7001843752321981 0.5827249999999999 0.704525 0.5839828130952381 0.7101078123839009 0.57580625 0.7153781250773993 0.561971875 0.7181703126934984 0.548765625 0.7159984377708979 0.530528125 0.7138281250773993 0.5192078130952381
0 0.723442187616099 0.5298984380952381 0.7240609374613003 0.523609375 0.7228218749226006 0.520465625 0.7200296873065015 0.5173218749999999 0.7184796873065016 0.5280125 0.7203406247678018 0.5343015619047619 0.723442187616099 0.5298984380952381
2 0.6998734377708978 0.621085938095238 0.704525 0.63555 0.7082468749226005 0.646240625 0.7159984377708979 0.6449828119047619 0.7225109374613004 0.6424671880952382 0.7253015622291021 0.64058125 0.7308843752321981 0.6298906249999999 0.7373953126934985 0.6254875 0.7386359374613003 0.6103953119047619 0.7361562501547988 0.5953015630952381 0.7308843752321981 0.5902703130952381 0.7256125003095976 0.599075 0.7218906247678019 0.5971890630952381 0.7153781250773993 0.6034765630952381 0.7094874996904025 0.6078796880952381 0.7048359374613002 0.616054686904762 0.6998734377708978 0.621085938095238
2 0.6223484377708978 0.670767188095238 0.6242093752321982 0.6651078119047619 0.6238984377708978 0.654415625 0.6204875003095975 0.6418390619047619 0.6170765622291022 0.6418390619047619 0.6133562501547988 0.6418390619047619 0.6111843752321982 0.6487562499999999 0.6133562501547988 0.671395311904762 0.6183171876160991 0.672025 0.6223484377708978 0.670767188095238
2 0.6142859374613003 0.6651078119047619 0.6149062501547987 0.653159375 0.6121156247678019 0.643096875 0.6087046873065016 0.63555 0.6031218749226006 0.631776561904762 0.5969203126934984 0.6324062500000001 0.5928890625386997 0.6393234369047619 0.5910281250773993 0.654415625 0.5950593752321981 0.680829688095238 0.6015718749226007 0.699067186904762 0.6062234377708978 0.699067186904762 0.6090140625386997 0.6934062499999999 0.6114953126934984 0.68523125 0.6145953126934984 0.6732828130952381 0.6142859374613003 0.6651078119047619
9 0.6108750000000001 0.8034609380952381 0.6152156247678018 0.8166671880952381 0.6220390625386997 0.8323890630952381 0.6133562501547988 0.802203125 0.6102546873065016 0.7852234380952381 0.6087046873065016 0.7695015630952381 0.6059125003095975 0.7789343750000001 0.6108750000000001 0.8034609380952381
1 0.40155625015479873 0.6519015619047619 0.3941140625386997 0.6581890619047619 0.3900828123839009 0.6739109369047619 0.3907031250773994 0.6940359380952381 0.397525 0.7097578130952381 0.39969531269349845 0.716675 0.4040374996904025 0.72170625 0.40992968730650153 0.721076563095238 0.41613125015479874 0.715417188095238 0.42605468730650153 0.705984375 0.43225625015479874 0.6984375 0.4347375003095975 0.6820875 0.43225625015479874 0.661334375 0.43039531269349846 0.6519015619047619 0.42946562476780187 0.646240625 0.420782812383901 0.646240625 0.41458125015479874 0.6519015619047619 0.4086890625386997 0.6519015619047619 0.40155625015479873 0.6519015619047619
2 0.38046874984520124 0.6349218750000001 0.3782984377708979 0.636807813095238 0.3748875003095975 0.6349218750000001 0.3724062501547988 0.633664061904762 0.366825 0.63555 0.36186406253869974 0.6393234369047619 0.35969218761609906 0.667623438095238 0.3649640625386997 0.66888125 0.3714765622291022 0.668251561904762 0.37612812507739934 0.6644781249999999 0.3770578123839009 0.659446875 0.38046874984520124 0.655673438095238 0.38543125015479873 0.6632203130952381 0.38884218761609907 0.666365625 0.3916328123839009 0.666365625 0.395975 0.6625921880952381 0.39876562476780186 0.65881875 0.4012468749226006 0.639951563095238 0.39814531269349845 0.6361796869047619 0.39287343777089784 0.634292188095238 0.3832609374613003 0.631148438095238 0.38046874984520124 0.6349218750000001
9 0.40651718761609906 0.7952843749999999 0.40651718761609906 0.811635938095238 0.40806874984520125 0.821696875 0.4096187498452012 0.808490625 0.4093093752321981 0.797171875 0.4111687498452012 0.7845937500000001 0.40806874984520125 0.787109375 0.40651718761609906 0.7952843749999999
2 0.30108281238390094 0.6229718750000001 0.2958109374613003 0.62234375 0.2924 0.6192000000000001 0.2868187498452012 0.6173125 0.2809265622291022 0.6091375 0.27689531269349843 0.6103953119047619 0.27255468730650156 0.616684375 0.2669718749226006 0.6349218750000001 0.2694531250773994 0.646870311904762 0.27596562476780184 0.655673438095238 0.28805937523219816 0.65881875 0.2942609374613003 0.6619625 0.2973625003095975 0.672025 0.3029437498452012 0.6802 0.306975 0.680829688095238 0.3100765622291022 0.687746875 0.31813906253869967 0.6581890619047619 0.3203093752321981 0.6443546880952381 0.31968906253869966 0.636807813095238 0.3172093752321981 0.6280031249999999 0.31193749969040246 0.62234375 0.306975 0.62234375 0.30108281238390094 0.6229718750000001
25 0.4039695281733746 0.7868307380952381 0.4097925120743034 0.780279880952381 0.41415975046439624 0.7133155630952381 0.4105203851393189 0.7096761976190477 0.4054252743034055 0.7125876892857144 0.4039695281733746 0.7868307380952381
6 0.33191009845201236 0.6470791178571429 0.3260871145510836 0.6470791178571429 0.3093460346749226 0.6616365785714285 0.3078902891640867 0.6689153083333333 0.3413724476780186 0.6689153083333333 0.34573968606811145 0.6660038166666667 0.35520203529411765 0.6543578476190476 0.35884140061919506 0.6470791178571429 0.34792330526315784 0.6463512452380953 0.33191009845201236 0.6470791178571429
6 0.33991670216718267 0.5772033071428572 0.3348215907120743 0.5844820380952381 0.3377330829721362 0.5881214023809523 0.3632086383900929 0.5844820380952381 0.37048736904024765 0.5772033071428572 0.37485460681114546 0.5750196880952382 0.36612013065015475 0.5590064821428572 0.36102501981424145 0.5655573392857143 0.33991670216718267 0.5772033071428572
25 0.5961280061919504 0.6907514988095238 0.6041346092879257 0.768633913095238 0.6085018476780186 0.7628109285714285 0.6055903554179567 0.6973023559523809 0.5983116253869969 0.6878400071428572 0.5961280061919504 0.6907514988095238
6 0.6550857207430342 0.6529021023809524 0.6536299752321981 0.6572693404761906 0.6521742291021672 0.6623644511904762 0.6761940390092879 0.6609087047619048 0.6827448959752321 0.6579972130952382 0.6863842613003097 0.6565414666666667 0.6922072452012383 0.6499906095238095 0.6965744835913313 0.6390725142857143 0.6776497845201238 0.6427118797619047 0.6550857207430342 0.6529021023809524
