2 0.38841874984520125 0.504175 0.3931937498452013 0.5027921869047619 0.3942171876160991 0.49725781309523814 0.3931937498452013 0.49379999999999996 0.3897828123839009 0.47927187499999996 0.3867124996904025 0.46889531309523813 0.3822781250773994 0.46682031190476186 0.3764796873065015 0.4702796869047619 0.3717031250773994 0.4633609369047619 0.3638578123839009 0.46958750000000005 0.3676109374613003 0.490340625 0.37818437523219817 0.49725781309523814 0.38841874984520125 0.504175
2 0.4198 0.5062515619047618 0.4136609374613003 0.501409375 0.4088843752321981 0.504867186904762 0.4088843752321981 0.5145515619047619 0.41229531269349845 0.5214703119047619 0.42252968730650153 0.5297703130952381 0.43787968730650156 0.538764063095238 0.4484531250773994 0.5366890619047618 0.4501593752321981 0.5318468749999999 0.45186406253869965 0.5214703119047619 0.45186406253869965 0.5159359380952381 0.4491359374613003 0.51109375 0.44163125015479876 0.522853125 0.43515 0.518703125 0.43515 0.5131687500000001 0.4371968749226006 0.505559375 0.43344531269349845 0.49449062499999996 0.42798749969040245 0.4986421869047619 0.4198 0.5062515619047618
2 0.5804640625386998 0.5373796869047619 0.5753468749226006 0.5498328119047619 0.5767109374613003 0.564359375 0.5845578123839009 0.567126563095238 0.5845578123839009 0.5366890619047618 0.5804640625386998 0.5373796869047619
2 0.6138921876160991 0.5574421869047619 0.6169624996904025 0.57404375 0.6193500000000001 0.5858046880952381 0.6241265622291021 0.5809609369047619 0.6248078123839009 0.55675 0.6224203126934984 0.5325375 0.6152578123839009 0.5366890619047618 0.6138921876160991 0.5574421869047619
2 0.5883093752321982 0.538071875 0.5852390625386996 0.562284375 0.5876265622291021 0.564359375 0.5927437498452013 0.554675 0.5934265622291022 0.5436062500000001 0.5883093752321982 0.538071875
2 0.6350421876160991 0.5436062500000001 0.6333359374613003 0.5276953130952381 0.6302656247678018 0.5242375 0.6278781250773994 0.5318468749999999 0.6265140625386997 0.5532906249999999 0.6265140625386997 0.5823453130952382 0.6347 0.592721875 0.6347 0.5844203130952381 0.6360656247678018 0.5636671869047619 0.6350421876160991 0.5436062500000001
2 0.8151484377708978 0.5325375 0.8233343752321981 0.5346140630952381 0.8267468749226006 0.5263125000000001 0.8386843752321981 0.51524375 0.8332281250773994 0.5069421869047619 0.8233343752321981 0.508326563095238 0.8199234377708978 0.5027921869047619 0.8151484377708978 0.500025 0.8096906247678018 0.507634375 0.8110546873065015 0.5200859369047619 0.8015046873065015 0.5221609369047618 0.8008218749226007 0.540146875 0.8083265622291022 0.538764063095238 0.8151484377708978 0.5325375
2 0.8714312501547987 0.49241562499999997 0.8779125003095976 0.48134687499999995 0.8796187498452012 0.47373750000000003 0.8768890625386996 0.47166250000000004 0.8710906247678019 0.4758140630952381 0.8666562501547987 0.46820468809523813 0.8598343752321981 0.4605953119047619 0.8557406247678019 0.46889531309523813 0.8516468749226006 0.48480625 0.8499421876160991 0.505559375 0.8567640625386996 0.5069421869047619 0.8663156247678018 0.4986421869047619 0.8714312501547987 0.49241562499999997
0 0.8403906247678019 0.4993328119047619 0.8383437498452012 0.47927187499999996 0.8359562501547988 0.4917234369047619 0.8403906247678019 0.4993328119047619
0 0.8478953126934985 0.48411406309523813 0.8414140625386997 0.4799640630952381 0.8424374996904025 0.4993328119047619 0.8451656247678018 0.49725781309523814 0.8478953126934985 0.48411406309523813
2 0.8252031250773993 0.5729375 0.8211156247678019 0.5591265630952381 0.8020468749226006 0.568334375 0.7911515622291022 0.5757 0.7829781250773993 0.5757 0.7875187498452013 0.595035936904762 0.7888812501547987 0.608846875 0.8002312501547987 0.6079265619047619 0.8111281250773994 0.5996390630952381 0.8161218749226006 0.5821453119047619 0.8252031250773993 0.5729375
2 0.4755187498452012 0.6138640630952381 0.481657812383901 0.6007218750000001 0.47995312507739935 0.589653125 0.4738125003095975 0.5834265619047618 0.4652859374613003 0.5751265630952381 0.4536874996904025 0.572359375 0.4420890625386997 0.568207813095238 0.4328796873065015 0.568207813095238 0.4216234377708978 0.568207813095238 0.42196406253869967 0.5813515619047619 0.42810468730650153 0.595878125 0.4294687498452012 0.6249328119047619 0.41520740743034057 0.6916912261904762 0.44038437523219814 0.6353093750000001 0.45402812507739937 0.6422265619047619 0.4615328123839009 0.63185 0.46733125015479876 0.611096875 0.4755187498452012 0.6138640630952381
2 0.41923593746130033 0.5529890630952381 0.41445937523219817 0.543304686904762 0.41036562476780186 0.5398453119047619 0.4025203126934984 0.539154688095238 0.3943343752321981 0.5322359369047619 0.3868296873065016 0.5260109369047619 0.38205468730650155 0.52324375 0.38000781238390097 0.5384625 0.3881937498452012 0.55160625 0.38989999999999997 0.563365625 0.39672187492260064 0.56475 0.4021796873065015 0.566132811904762 0.4072968749226006 0.5571406250000001 0.41138906253869967 0.563365625 0.41650625015479875 0.561982811904762 0.41923593746130033 0.5529890630952381
9 0.43970156222910217 0.7480671869047619 0.4468656247678019 0.7224718750000001 0.4526640625386997 0.695492188095238 0.45914531269349845 0.63876875 0.4489124996904025 0.6380765619047619 0.4472062501547988 0.650528125 0.4468656247678019 0.6816578119047619 0.4441359374613003 0.719704688095238 0.43015 0.763978125 0.43970156222910217 0.7480671869047619
9 0.4130953126934984 0.711403125 0.41787031269349845 0.6865 0.4134359374613003 0.688575 0.41138906253869967 0.702410938095238 0.4042265622291022 0.73008125 0.39910937523219814 0.7549843749999999 0.4028625003095975 0.7522171869047619 0.4079781250773994 0.732848438095238 0.4130953126934984 0.711403125
11 0.3053845665634675 0.6353347678571428 0.3073112829721362 0.6449683511904762 0.3097196786377709 0.6594187250000001 0.3116463950464396 0.6786858892857143 0.3169448656346749 0.6969896964285714 0.32995020185758517 0.7013248083333333 0.34488225448916404 0.6859110761904762 0.3564425535603715 0.6584553666666666 0.3545158371517028 0.5534493166666666 0.3463272922600619 0.5279203226190476 0.3347669931888545 0.5240668904761905 0.3270601269349845 0.5312920773809524 0.3169448656346749 0.5389989428571429 0.3039395287925697 0.5418890178571428 0.29623266315789476 0.5500775630952381 0.29334258823529413 0.5659729738095238 0.29286090897832817 0.5823500642857143 0.29286090897832817 0.593910363095238 0.29719602105263154 0.6064340202380952 0.30201281238390093 0.6218477523809525 0.3053845665634675 0.6353347678571428
11 0.37474636037151704 0.2938242678571429 0.36752117399380807 0.30538456666666663 0.3564425535603715 0.32176165714285715 0.34488225448916404 0.33958378452380955 0.3434372173374613 0.3516257630952381 0.3463272922600619 0.36992956904761903 0.34969904582043343 0.3853433011904762 0.3593326284829721 0.3925684880952381 0.3670394947368421 0.3925684880952381 0.38197154736842104 0.3795631523809524 0.3853433015479876 0.36414942023809527 0.3882333764705882 0.3574059119047619 0.3949768842105263 0.33958378452380955 0.3964219213622291 0.32320669404761904 0.3949768842105263 0.3068296035714286 0.3911234507739938 0.2856357226190476 0.38486162229102167 0.2726303857142857 0.3766730773993808 0.26588687857142856 0.3776364352941176 0.2817822892857143 0.37474636037151704 0.2938242678571429
11 0.32850516470588237 0.2576983333333333 0.3294685226006192 0.2779288559523809 0.33573035108359134 0.2923792297619048 0.35258912074303406 0.294787625 0.3742646817337461 0.2817822892857143 0.3766730773993808 0.27022199047619044 0.37619139814241487 0.2572166535714286 0.37185628606811144 0.24180292142857143 0.36655781547987615 0.2292792642857143 0.36077766625387 0.21242049523809522 0.3521074414860681 0.19459836666666666 0.33332195603715176 0.1806296726190476 0.32561508978328174 0.17918463571428572 0.32898684334365325 0.23120598095238093 0.32850516470588237 0.2576983333333333
11 0.905075079256966 0.3636677404761905 0.9031483628482971 0.35933262857142856 0.8949598173374613 0.3549975166666667 0.8833995182662538 0.3516257630952381 0.8756926526315789 0.336212030952381 0.8694308241486068 0.31164639523809523 0.882917839628483 0.2726303857142857 0.8805094439628484 0.26925863214285717 0.8737659362229102 0.25336322023809527 0.860278920123839 0.28033725238095236 0.8549804501547988 0.2894891547619048 0.8530537337461299 0.3058662452380952 0.8520903752321982 0.33476699285714284 0.8540170916408669 0.35933262857142856 0.8732842569659442 0.41424404880952376 0.8800277647058824 0.4344745726190476 0.8882163095975233 0.4306211392857143 0.9036300421052631 0.4137623702380952 0.9103735498452012 0.40268375 0.9127819455108359 0.39016009285714287 0.9108552284829721 0.37763643571428573 0.9060384377708979 0.3636677404761905 0.905075079256966 0.3636677404761905
11 0.8872529517027864 0.2697403107142857 0.8853262352941177 0.27648381904761904 0.8814728018575851 0.2894891547619048 0.8790644061919505 0.30538456666666663 0.8785827275541795 0.3328402761904762 0.8824361603715171 0.3434372178571428 0.8915880637770899 0.3516257630952381 0.9036300421052631 0.34632729166666665 0.9094101913312693 0.32995020238095235 0.9094101913312693 0.31887158214285716 0.905075079256966 0.29815937976190476 0.905075079256966 0.2788922142857143 0.9127819455108359 0.25914337023809525 0.9151903411764706 0.2432479595238095 0.9137453034055727 0.23265101785714284 0.911818586996904 0.22687086904761905 0.9055567585139319 0.2259075107142857 0.8992949294117646 0.22879758571428574 0.8925514216718267 0.25143650476190477 0.8872529517027864 0.2697403107142857
11 0.8872529517027864 0.5693447273809524 0.8858079139318885 0.5722348023809524 0.8848445560371517 0.5828317428571429 0.8867712724458204 0.6030622666666666 0.9002582879256965 0.6565286499999999 0.9012216464396284 0.6719423821428572 0.904111720743034 0.6825393226190476 0.9142269826625387 0.6984347333333333 0.926268960990712 0.680612605952381 0.9349391851393188 0.6647171952380952 0.9368659015479875 0.6454500297619048 0.9373475808049535 0.5992088333333333 0.9363842222910216 0.581386705952381 0.9392742972136222 0.5462241297619047 0.9373475808049535 0.5279203226190476 0.9310857523219815 0.5144333071428572 0.926750639628483 0.5153966654761905 0.9161536990712075 0.5206951357142857 0.8891796681114551 0.5153966654761905 0.8862895931888545 0.5197317773809524 0.8838811975232198 0.5471874880952381 0.8872529517027864 0.5621195404761905 0.8872529517027864 0.5693447273809524
0 0.5102593133126935 0.6371831130952381 0.5094046074303406 0.643593405952381 0.5106866662538699 0.6521404630952381 0.5089772551083591 0.6576960500000001 0.5072678433436533 0.6602601666666668 0.516242253250774 0.656841344047619 0.5170969591331269 0.6487216392857144 0.5188063708978329 0.6431660523809525 0.5205157820433436 0.6397472297619047 0.5213704879256966 0.6367557595238095 0.5209431349845202 0.6303454666666667 0.5102593133126935 0.6303454666666667 0.5102593133126935 0.6371831130952381
7 0.8055601386996905 0.7662436761904762 0.8072695504643963 0.772653969047619 0.80983366749226 0.778209555952381 0.8123977845201238 0.7803463202380952 0.8170986662538701 0.7769274976190477 0.8222269003095976 0.7747907333333333 0.8239363120743034 0.7692351464285714 0.8256457232198142 0.7564145595238095 0.8243636643962848 0.7440213273809524 0.8235089591331269 0.7380383869047619 0.8230816061919505 0.7312007416666666 0.8213721944272446 0.7303460357142857 0.8153892544891641 0.731628094047619 0.8132524904024767 0.7388930928571429 0.8102610204334365 0.7461580916666666 0.8059874916408669 0.7487222083333334 0.8012866105263158 0.7388930928571429 0.8000045517027864 0.7359016226190477 0.7970130817337461 0.7367563285714286 0.8021413157894738 0.7585513250000001 0.8055601386996905 0.7662436761904762
7 0.8350474860681114 0.742739269047619 0.8350474860681114 0.7487222083333334 0.8367568978328174 0.7534230904761905 0.8397483678018576 0.7585513250000001 0.840175720743034 0.7615427940476192 0.8448766018575851 0.7628248535714286 0.8525689535603715 0.7585513250000001 0.857697187616099 0.7508589726190477 0.8619707164086687 0.7401751511904762 0.8623980693498452 0.7273545654761905 0.8581245405572756 0.7205169202380952 0.8534236588235294 0.7162433916666667 0.8521416006191951 0.7243630952380953 0.851286894736842 0.7299186833333334 0.8500048359133128 0.7329101523809525 0.8418851318885449 0.7307733880952381 0.8341927801857586 0.7324828000000001 0.8341927801857586 0.7376110345238095 0.8350474860681114 0.742739269047619
