0 0.21242343777089784 0.4884109380952381 0.20767343777089783 0.5008921880952381 0.21276250030959754 0.5096296880952381 0.21615468730650153 0.5108781250000001 0.2232781250773994 0.50900625 0.22735 0.502765625 0.2280281250773994 0.4884109380952381 0.22158281238390093 0.48341875 0.21242343777089784 0.4884109380952381
0 0.23786562476780185 0.5046375000000001 0.23989999999999997 0.49839687499999996 0.23888281238390094 0.49090781190476196 0.23447343777089782 0.480921875 0.23040312507739938 0.4952765619047619 0.2283671876160991 0.503389061904762 0.22700937523219814 0.51711875 0.23040312507739938 0.5127499999999999 0.23447343777089782 0.510254686904762 0.23786562476780185 0.5046375000000001
0 0.2765375003095975 0.5208625 0.27721562476780187 0.5108781250000001 0.27484062476780186 0.4927796880952381 0.26941406253869965 0.5040125 0.2670390625386997 0.5115015630952381 0.2667 0.52585625 0.2683953126934985 0.5370890630952381 0.27043125015479874 0.544578125 0.27585937523219817 0.5370890630952381 0.2765375003095975 0.5208625
0 0.2833218749226006 0.5383375 0.2877312501547988 0.5345921869047618 0.29078437523219813 0.52523125 0.29112343777089783 0.51711875 0.2880718749226006 0.50900625 0.28400000000000003 0.49902031190476187 0.2816265622291022 0.5046375000000001 0.27925156222910213 0.513375 0.27789374984520127 0.5246078130952381 0.27721562476780187 0.540834375 0.2833218749226006 0.5383375
0 0.3979812501547988 0.5246078130952381 0.391875 0.5302250000000001 0.39221406253869967 0.5389609380952382 0.40205156222910216 0.5564359380952381 0.41121093746130033 0.5626765619047619 0.4152812501547988 0.565173438095238 0.41799531269349843 0.5620515630952381 0.4190124996904025 0.5551875000000001 0.42070937523219815 0.544578125 0.42003125015479875 0.5358406250000001 0.4173171876160991 0.52585625 0.41222812507739937 0.5158703119047618 0.4074796873065016 0.513375 0.4017125003095975 0.5202390619047619 0.3979812501547988 0.5246078130952381
9 0.4039515622291021 0.49458906190476193 0.4039515622291021 0.519303125 0.4121609374613003 0.5117515630952381 0.4095484377708979 0.4822328130952381 0.41104062476780184 0.451340625 0.4136531250773994 0.417703125 0.4136531250773994 0.366903125 0.40842968730650153 0.43005937499999997 0.4054437498452012 0.46301093809523813 0.4039515622291021 0.49458906190476193
0 0.7259812501547988 0.5213625 0.7323249999999999 0.5378375 0.7375484377708978 0.544017186904762 0.7431453126934985 0.5378375 0.7521015622291022 0.52548125 0.7517281250773993 0.515184375 0.7487437498452013 0.5035140630952382 0.745757812383901 0.4932171869047619 0.7420265622291022 0.4870390619047619 0.7360562501547987 0.487725 0.7326968749226006 0.4890984380952381 0.7285921876160991 0.489784375 0.7259812501547988 0.5048875 0.7259812501547988 0.5213625
10 0.6047648693498452 0.8289740392857143 0.6126384352941177 0.8211004738095238 0.6075719839009288 0.7470955845238095 0.6069356167182662 0.7140044690476189 0.6055609374613004 0.705215625 0.6078546873065016 0.69630625 0.6081093752321981 0.686460936904762 0.6045406247678019 0.6850531249999999 0.6014828123839009 0.682240625 0.5986781250773994 0.6803640630952381 0.595875 0.6766140630952381 0.5943453126934984 0.6738 0.5900140625386997 0.67333125 0.5864453126934984 0.6798953119047619 0.5828765622291021 0.6855218750000001 0.5836421876160991 0.690210936904762 0.5861906247678018 0.69630625 0.5895031250773994 0.7028703119047619 0.5841854743034055 0.7233908904761905 0.583549106501548 0.7523456178571428 0.5897676000000001 0.8147266345238094 0.6047648693498452 0.8289740392857143
2 0.42806718761609913 0.6305546880952381 0.42590781238390096 0.628284375 0.41912343777089783 0.62204375 0.41172187492260065 0.622610936904762 0.40586250030959753 0.6305546880952381 0.40524531269349845 0.6566515630952381 0.40586250030959753 0.6725375 0.4067874996904025 0.685585936904762 0.41172187492260065 0.6940968750000001 0.4144968749226006 0.706578125 0.41912343777089783 0.7077125000000001 0.42097343777089785 0.701471875 0.42282343777089787 0.6821828130952381 0.42745000000000005 0.663459375 0.4286828123839009 0.645871875 0.42806718761609913 0.6305546880952381
0 0.39445156222910216 0.668565625 0.39815312507739936 0.676509375 0.39969531269349845 0.6799124999999999 0.4018531250773994 0.66743125 0.4030875003095975 0.6560843749999999 0.40370312507739936 0.6470062499999999 0.4027781250773994 0.640198436904762 0.39969531269349845 0.6419015619047619 0.39599374984520125 0.64246875 0.3922937498452012 0.6470062499999999 0.39167656222910213 0.657785938095238 0.39445156222910216 0.668565625
9 0.4191546873065015 0.7087343749999999 0.4133874996904025 0.709357813095238 0.4082984377708978 0.7499234380952381 0.4042281250773994 0.784246875 0.3930328123839009 0.8385421880952382 0.40694218761609907 0.7892390619047619 0.41135156222910213 0.7611562500000001 0.41440468730650154 0.73556875 0.4191546873065015 0.7087343749999999
0 0.3540218749226006 0.6581843749999999 0.35605781238390094 0.6450781250000001 0.3543609374613003 0.6325968750000001 0.3502906247678019 0.623859375 0.34588125015479876 0.623859375 0.34384531269349844 0.6350921869047619 0.3435062501547988 0.647575 0.3452031250773994 0.666296875 0.3496125003095975 0.667545311904762 0.3540218749226006 0.6581843749999999
0 0.3254906247678019 0.659823438095238 0.32661250030959754 0.674265625 0.3296953126934985 0.684064061904762 0.3310984377708978 0.6737500000000001 0.3358640625386997 0.66291875 0.34006874984520125 0.650540625 0.34231250030959753 0.6376453119047619 0.34175156222910213 0.62733125 0.33950781238390093 0.6201093750000001 0.32997656222910215 0.626814061904762 0.32689218761609906 0.636098438095238 0.3280140625386997 0.6469296880952381 0.3254906247678019 0.659823438095238
0 0.22288125015479876 0.630425 0.22147968730650153 0.6428031249999999 0.22512343777089783 0.6402249999999999 0.23129218761609907 0.6350671869047619 0.23465625015479877 0.6257828119047619 0.23521718761609908 0.6165 0.23521718761609908 0.6036046880952382 0.23157187492260062 0.5969 0.22932968730650152 0.5896796880952381 0.2279281250773994 0.5948375 0.22484374984520125 0.6118578130952381 0.22288125015479876 0.630425
0 0.20045312507739937 0.62939375 0.20914374984520123 0.6412562500000001 0.21306874984520122 0.6500234380952381 0.2192359374613003 0.63145625 0.22035781238390093 0.6108265630952382 0.2195171876160991 0.596384375 0.21699374984520123 0.5901953130952381 0.21222812507739938 0.58606875 0.20746093746130032 0.5886484380952381 0.2055 0.5994796869047618 0.201575 0.60566875 0.19820937523219814 0.614951563095238 0.20045312507739937 0.62939375
0 0.3316468749226006 0.527434375 0.3325718749226006 0.5206265630952381 0.3325718749226006 0.5132515619047618 0.3310296873065015 0.507578125 0.3285625003095975 0.50360625 0.32609531269349845 0.512684375 0.3239375003095975 0.522896875 0.3264046873065015 0.5342421880952382 0.33010468730650155 0.542753125 0.33226406253869967 0.545589063095238 0.3316468749226006 0.527434375
7 0.18113224953560372 0.7319437678571429 0.17866065944272447 0.7322968523809524 0.17336439442724458 0.7330030214285714 0.17124588854489164 0.7330030214285714 0.16524345572755417 0.7354746107142858 0.16171261238390092 0.7404177916666668 0.17301131021671828 0.7548942476190477 0.17230514179566564 0.7693707047619047 0.17512981609907122 0.7820817392857143 0.1892531882352941 0.7845533297619048 0.1938432842105263 0.7852594988095238 0.20231730773993808 0.7870249202380953 0.21290983715170278 0.7820817392857143 0.22491470340557276 0.7764323904761905 0.23550723281733746 0.7718422952380952 0.23480106377708976 0.7651336928571428 0.23127022105263156 0.7577189226190476 0.22526778761609909 0.7513634047619048 0.21749993312693497 0.7474794773809523 0.21114441547987614 0.7407708761904761 0.20937899380804953 0.7361807797619048 0.20584815108359134 0.7315906833333333 0.1987864650154799 0.7280598404761904 0.19066552569659442 0.727706755952381 0.18819393560371517 0.7308845154761905 0.1839569238390093 0.7315906833333333 0.18113224953560372 0.7319437678571429
11 0.1518262520123839 0.7386523702380953 0.15359167368421053 0.7450078869047619 0.16806813003095974 0.741477044047619 0.1892531882352941 0.7315906833333333 0.20655431950464395 0.6994600119047619 0.22067769164086687 0.6143666940476191 0.21432217399380804 0.5917692988095238 0.1952556216718266 0.5878853714285714 0.18819393560371517 0.5843545273809524 0.17583598452012386 0.5829421904761904 0.1701866359133127 0.584707611904762 0.16524345572755417 0.5931816357142857 0.16241878142414862 0.6256653916666667 0.15818176965944272 0.6786280380952381 0.14970774613003096 0.6952229999999999 0.14441148173374613 0.7082871190476191 0.1472361560371517 0.7340622738095238 0.1518262520123839 0.7386523702380953
7 0.3203121523219814 0.8314838773809524 0.32584431393188856 0.8431014166666667 0.3291636105263158 0.8508464428571428 0.33856828544891643 0.8530593071428572 0.34133436594427247 0.8497400107142857 0.34465366315789475 0.8408885523809523 0.34686652755417957 0.8309306607142858 0.35018582476780186 0.818759905952381 0.34907939195046445 0.8137809607142857 0.3452068792569659 0.8126745285714286 0.34354723095975237 0.8154406083333333 0.33801506934984515 0.8209727702380952 0.3363554210526316 0.8204195547619048 0.3352489882352941 0.8099084476190476 0.3319296916408669 0.8054827178571429 0.3280571783281734 0.7993973404761905 0.32584431393188856 0.7977376916666666 0.3225250167182662 0.7999505571428572 0.3208653684210527 0.8043762857142857 0.3186525040247678 0.8082487988095238 0.3158864229102167 0.818759905952381 0.3203121523219814 0.8314838773809524
7 0.6079845517027863 0.8215259869047619 0.6024523900928792 0.8209727702380952 0.5974734445820433 0.8198663380952381 0.5891752024767802 0.8171002571428572 0.5869623380804954 0.8265049321428571 0.5875155541795666 0.8497400107142857 0.5924944990712074 0.8646768464285713 0.6013459578947369 0.8724218726190477 0.6074313356037152 0.8713154404761906 0.6184956588235294 0.8602511166666668 0.6201553071207431 0.848080361904762 0.6184956588235294 0.8403353357142856 0.6157295777089783 0.8265049321428571 0.6140699294117647 0.8171002571428572 0.6079845517027863 0.8215259869047619
11 0.7444271380804953 0.7514708011904762 0.7549926321981424 0.7668788142857144 0.7642374402476779 0.7743627059523809 0.7743627058823529 0.7756833928571429 0.779645453250774 0.7726017904761905 0.790210947368421 0.7721615607142858 0.7994557554179568 0.769520186904762 0.7968143820433436 0.7545524035714286 0.7853684291021672 0.7056869916666666 0.780085681733746 0.6185216607142857 0.7756833925696595 0.6009125035714286 0.7681995009287926 0.5969504428571428 0.758954692879257 0.5982711297619048 0.7527914879256966 0.5982711297619048 0.7448673665634674 0.600472275 0.7391443907120743 0.6009125035714286 0.7338616433436532 0.600472275 0.7250570643962848 0.6070757083333334 0.7219754619195047 0.6282066976190476 0.7246168352941176 0.6735502785714286 0.7444271380804953 0.7514708011904762
