2 0.35415937523219815 0.59960625 0.3530671876160991 0.59481875 0.34815 0.596185938095238 0.34377968730650155 0.6023421880952381 0.35415937523219815 0.6084984380952381 0.35415937523219815 0.60439375 0.35415937523219815 0.59960625
2 0.37874374984520126 0.6084984380952381 0.380382812383901 0.6057625 0.37874374984520126 0.5913984380952382 0.3754656247678019 0.5927671869047619 0.3710953126934985 0.596185938095238 0.3683640625386997 0.59960625 0.366725 0.603709375 0.3694562501547987 0.6084984380952381 0.3710953126934985 0.6105499999999999 0.37874374984520126 0.6084984380952381
2 0.380382812383901 0.5975546880952382 0.3798375003095975 0.6105499999999999 0.3847531250773994 0.6167062499999999 0.38967031269349844 0.6180734369047619 0.39513437523219813 0.6214937500000001 0.4005968749226006 0.618757811904762 0.4016906247678019 0.6084984380952381 0.40332968730650154 0.60439375 0.403875 0.594134375 0.4016906247678019 0.585926563095238 0.3967734377708978 0.584559375 0.39513437523219813 0.5927671869047619 0.39185625015479875 0.5968703119047619 0.3858468749226006 0.589346875 0.380382812383901 0.5975546880952382
2 0.3776515622291022 0.6194421869047619 0.36563281238390094 0.613285938095238 0.3536124996904025 0.611234375 0.3514281250773994 0.618757811904762 0.3536124996904025 0.624229688095238 0.36126093746130034 0.624229688095238 0.36617812507739933 0.6297015630952381 0.3710953126934985 0.631753125 0.3743734377708979 0.625596875 0.3776515622291022 0.6194421869047619
0 0.35088125015479876 0.612601561904762 0.3454187498452012 0.609865625 0.34323281238390096 0.6167062499999999 0.34268593746130027 0.630385938095238 0.34596406253869966 0.622178125 0.34596406253869966 0.636540625 0.3476031250773994 0.6297015630952381 0.3503343752321982 0.622178125 0.35088125015479876 0.612601561904762
0 0.3853 0.6420125 0.3853 0.634489061904762 0.38693906253869964 0.624914061904762 0.38639218761609906 0.618757811904762 0.3798375003095975 0.618757811904762 0.3760125003095975 0.626965625 0.37492031269349846 0.6338046869047619 0.37492031269349846 0.637909375 0.37874374984520126 0.645432813095238 0.38256874984520123 0.6461171880952381 0.3853 0.6420125
0 0.6103890625386996 0.6502203130952381 0.6125734377708978 0.647484375 0.6158515622291022 0.6502203130952381 0.6207687498452013 0.652271875 0.6234999999999999 0.6481687500000001 0.6229531250773994 0.638592188095238 0.6180374996904026 0.6399609369047619 0.6120265622291022 0.6406453119047619 0.6065640625386997 0.641328125 0.6011000000000001 0.641328125 0.5961843752321981 0.637909375 0.6005546873065015 0.6502203130952381 0.604925 0.65295625 0.6103890625386996 0.6502203130952381
0 0.6486312501547988 0.642696875 0.6535484377708978 0.641328125 0.6671276513931889 0.6375614095238096 0.6278703126934985 0.633121875 0.6349734377708978 0.6351734369047619 0.6377046873065016 0.6399609369047619 0.6437140625386997 0.642696875 0.6486312501547988 0.642696875
0 0.6650218749226007 0.637909375 0.6584656247678019 0.6392765630952381 0.6567265622291022 0.640003125 0.6622890625386997 0.641328125 0.6672062501547987 0.636540625 0.6650218749226007 0.637909375
0 0.6306031250773994 0.6262812499999999 0.6338812501547988 0.626965625 0.6349734377708978 0.624229688095238 0.6349734377708978 0.6201249999999999 0.6349734377708978 0.616021875 0.6349734377708978 0.6105499999999999 0.6338812501547988 0.603026563095238 0.6311484377708978 0.6084984380952381 0.627325 0.6105499999999999 0.624592187616099 0.6173890630952381 0.6262312501547987 0.6235453130952381 0.6306031250773994 0.6262812499999999
0 0.6431687498452012 0.6084984380952381 0.6387968749226006 0.603709375 0.6387968749226006 0.6167062499999999 0.6398906247678018 0.6262812499999999 0.6431687498452012 0.631753125 0.6464468749226006 0.6290171869047618 0.6475390625386996 0.624229688095238 0.6459 0.6153375 0.6431687498452012 0.6084984380952381
2 0.4140582099071208 0.6277872857142857 0.3973082823529412 0.6284572833333334 0.38725832631578944 0.6277872857142857 0.3845783374613003 0.6344872571428571 0.3845783374613003 0.6438672166666667 0.3926183027863777 0.6572671583333334 0.4060182452012384 0.6579371559523809 0.4160682012383901 0.6539171738095239 0.41941818699690403 0.6458772083333333 0.4187481900928792 0.6338172607142858 0.4140582099071208 0.6277872857142857
