3 0.2774314119775454 0.3082108581153568 0.3061339525436324 0.30860011331177534 0.3044633204154934 0.43178286883397055 0.2757607798897652 0.4313936163464162
3 0.3667192421875143 0.3370044046874942 0.38681473923577414 0.3349006910841168 0.39995870103496145 0.4604513780137979 0.3798632065978609 0.46255507556638087
3 0.40352260781253335 0.27973568281250144 0.4143687408867436 0.2786570076948544 0.4300275736217145 0.4361017824809085 0.4191814419258435 0.4371804482707555
3 0.5708162911331556 0.4301499670469825 0.5433075984343532 0.4257726544007371 0.5641137202936761 0.2950263968339068 0.5916220076055652 0.29940367605141427
3 0.6319700389459513 0.4185818477185358 0.6091328812486836 0.4161041404836165 0.6265395609576672 0.25567441701327587 0.6493763451110226 0.25815210385182097
3 0.667401834700172 0.4200733294130872 0.646905718977905 0.41884080493126874 0.6552335814419621 0.2803624808441924 0.6757293874646848 0.2815949958443789
3 0.7417138515538682 0.408956621875 0.7204001351263969 0.408956621875 0.7204003078441019 0.2830551296875001 0.7417137329399566 0.2830551296875001
3 0.28525030364289705 0.6646396922256478 0.25855387552473985 0.6601505746464614 0.2786226813426538 0.5408185201656445 0.30531854310652307 0.54530758988496
3 0.40052341820705806 0.6821087821196862 0.37508034808627144 0.6787878935651003 0.39125209697590435 0.5549052013942725 0.4166945917824023 0.5582260525965158
3 0.43842226841479714 0.5660047689655371 0.4678038172884271 0.5702461161565496 0.44774521094689135 0.7091841121474985 0.41836367463361057 0.704942822245191
3 0.6335327566607702 0.7279043712668832 0.607501708429254 0.727545945203967 0.6093820430121468 0.5910286883819909 0.6354123939270266 0.591387109719424
3 0.6767016038223801 0.7077227536718043 0.6519335761103093 0.7100561654866261 0.6398914669675833 0.5822483616409778 0.6646588887259668 0.5799149781037081
3 0.7832262479327028 0.6316619723699113 0.7649383615780607 0.6336964189102624 0.7531113420793645 0.527391487672189 0.7713988912821605 0.5253570598754449
6 0.7513046105500507 0.5545014883886131 0.7832489404416947 0.6425128568398984 0.6788386234375139 0.6804038124999817 0.6468953760147542 0.5923933611259877
6 0.47369506648738025 0.5687890138162017 0.6029663185348682 0.5705689772666795 0.6013678141920309 0.6866483484144954 0.47209656249992804 0.6848684046874993
6 0.3740544125903398 0.6571879754233685 0.3063409698971782 0.6513566290866027 0.3143758140624868 0.5580739921874988 0.38208809064690286 0.563905288057463
6 0.3687257457391979 0.43753000560466143 0.31558533667475785 0.43885123398002135 0.313987023468826 0.3745611090769804 0.3671270109374518 0.373239885937501
6 0.4529143093749326 0.41699288749999147 0.44570317355453426 0.3597263705673471 0.5440300109374903 0.3473452531250312 0.5512414276421396 0.4046114383255968
6 0.6772401031249728 0.3973486828124798 0.6760147930156108 0.34030834490413653 0.7175762120631362 0.33941559828130663 0.7188016523997476 0.39645580303278544
6 0.605916304979587 0.4150201360373257 0.5807959968750538 0.411635376562505 0.5887119619396799 0.3528896897355045 0.6138320984375696 0.35627443750000265