5 0.840198302654585 0.4327252065003184 0.9058412917850092 0.47540060123772343 0.6974302495010534 0.7959403229864472 0.6317884650220549 0.7532664610541103
5 0.3858724114555798 0.7703729992498642 0.3203790412126182 0.8109281283778783 0.13430017754410528 0.5104637552979875 0.19978983437499664 0.46991016250002215
9 0.5476080983142992 0.6078465026172495 0.5534414238314866 0.607226128879272 0.5676154462736349 0.7404857170579631 0.5617821221093209 0.7411060822486314
9 0.5090448000000833 0.7036588828125064 0.505552091787763 0.7030336957208878 0.5157864932629082 0.645865762111347 0.5192791609667893 0.6464909455014823
9 0.49892012381860695 0.6770428337593579 0.4958257903209642 0.6767367663314517 0.5008502802949124 0.6259461734978656 0.5039445827670761 0.6262522393829711
7 0.28702406691434135 0.6709662359375 0.2754507193264999 0.6709662359375 0.2754507469790042 0.6422478484374998 0.28702402768635693 0.6422478484374998
7 0.3086127663832485 0.6786120224915504 0.3063120921411837 0.6896941943228587 0.29002499922307834 0.6863134230753292 0.29232568745499066 0.6752312703147496
2 0.747326451501408 0.4333283681756591 0.7623443058407702 0.4453552221831815 0.7390437822128888 0.4744485932155027 0.7240259556756428 0.46242177010131
1 0.5382717952278426 0.5716687455335487 0.5648414990706669 0.5709906396360287 0.5670264912818084 0.6565940188899709 0.54045678765101 0.6572721193573015
1 0.5124982636415325 0.5760194803969152 0.5289340835390703 0.57595779841159 0.5292071245346506 0.6487044101256471 0.512771304640296 0.6487660916928392
1 0.49585686875002466 0.6005284703125002 0.4955249475575556 0.6005184426377792 0.496197913858623 0.5782453208103784 0.4965298337240256 0.578255348465037
1 0.495881083698805 0.5768540566247709 0.5114841755066664 0.5764740457635793 0.5126755852843417 0.625387570563423 0.4970724935412818 0.6257675797217684
1 0.4756675890625 0.572898521875 0.49568861406250003 0.572898521875 0.49568861406250003 0.6380262578125 0.4756675890625 0.6380262578125
1 0.4736694556203247 0.6587196595149332 0.45000176811436177 0.6576409052921993 0.4540167812540403 0.5695659635287267 0.4776840820451298 0.5706447089718181
7 0.3641448308439976 0.7092268416654985 0.33093691388432944 0.7245373702848619 0.30903127576334555 0.677031722947807 0.34223887753068993 0.6617212792573395
6 0.2738792250775077 0.5065056651763866 0.3059299387040255 0.4177510396924513 0.42869555255117575 0.46208070062769774 0.39664584768104305 0.5508344699542425
6 0.4480377127313204 0.6757102726826545 0.40331267573594687 0.6721678843390955 0.4109773869787432 0.5754131126306319 0.4557015980029746 0.5789554680400703
6 0.6549217522866684 0.5072786290962696 0.7160482885611827 0.5029876414348291 0.7229325139803677 0.6010469568280833 0.6618059814563821 0.60533790886127
6 0.5868418194866081 0.5279809620728982 0.5651885165618751 0.4427021075891675 0.7099166132087475 0.4059560843657495 0.7315705052933481 0.49123402841009717
0 0.7170683584334938 0.4038670480076458 0.7334448626918402 0.4056523110624257 0.730275027408652 0.4347281774898543 0.7138985236832696 0.4329429177772564