10 0.30273435687058736 0.597320689182704 0.32369543382333177 0.5989882609870584 0.3169671955307649 0.6835507245398317 0.2960061202251154 0.6818831665593943
10 0.32695205744710165 0.5986365525677334 0.35083468979644294 0.6021990315461193 0.3379856466186766 0.68832763566909 0.31410302079007124 0.6847651870765442
10 0.36134859000708275 0.5924736300555374 0.3866112288902741 0.5968497155278328 0.36582547594491643 0.7168283025890791 0.34056285051019586 0.7124522704658635
10 0.4103625726415885 0.6152058750069587 0.4342735823536259 0.6158003200275612 0.4311806459178342 0.7401941581831107 0.40726963644806347 0.739599720812412
10 0.46484375 0.621868115625 0.482421875 0.621868115625 0.482421875 0.7135118390625 0.46484375 0.7135118390625
10 0.5000001330885198 0.706965859375 0.48437487606520335 0.706965859375 0.48437501264629645 0.6185951265625 0.49999999217141067 0.6185951265625
10 0.6804601928827196 0.6686271393073724 0.654742348591185 0.6855873937205849 0.6149107310046702 0.6251958637503267 0.6406283046052295 0.6082357306593132
10 0.6676001013363475 0.6220194995797235 0.6885895380967213 0.6210561459263272 0.6923540686522074 0.7030666941413525 0.6713646324810725 0.7040300398256123
10 0.7360828143248455 0.6558231116086599 0.7072766969077975 0.6730107674039496 0.677467050833684 0.6230565290061375 0.7062729143771094 0.605868970795423
10 0.76033604760255 0.6665739937753697 0.7325047873281392 0.6729609206810706 0.7192393633609981 0.6151630459429882 0.7470703125 0.6087761562499894
10 0.6553665087417357 0.5750733036184089 0.6282651960158319 0.5736671150662814 0.6353236984806472 0.4376468832889226 0.6624244538720632 0.43905305753912216
7 0.23831591194812063 0.6675263886419193 0.21538704264582975 0.6715501774665416 0.20638321860292308 0.6202495678660286 0.22931185624997852 0.616225799999997
7 0.2050482573534964 0.6215333629043865 0.1950345051354816 0.6248693732181891 0.1854465152547391 0.5960921430573815 0.19546021537018987 0.5927561421736266
0 0.25829252518337853 0.616297229351243 0.2310747731162337 0.6074236993495128 0.2548334880132188 0.5345568039784463 0.28205090202743577 0.5434302743974466
5 0.8662191392116938 0.5113896637739356 0.9543195203876849 0.5844489730262986 0.7000764379799875 0.8909846382009518 0.6119788384422691 0.8179284525241133
5 0.39624180066118697 0.8158383243379059 0.30042519302605797 0.8833397027597825 0.06394261243656274 0.5477041934280652 0.15975302968752203 0.4802059281249706
7 0.4429562264905371 0.7233584376530421 0.4617536225858885 0.7302405503742311 0.44849061436104876 0.7664602542895714 0.4296932336364989 0.7595781716805972
7 0.3420236696822485 0.6904292334940471 0.3649517787453078 0.6927548403568898 0.36197125250350837 0.7221353570872974 0.339043144559696 0.7198097576131611
0 0.4092215029486397 0.6202988710414679 0.4020767472136413 0.6191339590145104 0.40517125220014805 0.6001566760041125 0.41231598281251536 0.6013215859374994
0 0.3844108224644742 0.5953980386697277 0.39119670070761003 0.5957386058453745 0.39021141863997855 0.6153683970476841 0.38342554044265853 0.6150278304897391
10 0.5373707099986405 0.7295450006014431 0.5139146471113918 0.725986750577158 0.5304191171513821 0.6172064741578586 0.5538746637256509 0.6207646845339622
7 0.2873450779771929 0.38449229409282765 0.3098064149237416 0.38216728852969617 0.3127610125523006 0.4107096283489747 0.2902996762680914 0.4130346298797115
7 0.4012270186076421 0.40821474550552034 0.41931356804582265 0.4099849193902491 0.4161150692132196 0.44266345168354615 0.39802852032175906 0.4408932815526544
10 0.6258357633473679 0.5678801625973039 0.6017361688176379 0.565825870051059 0.612126523995812 0.4439460383809524 0.6362256612595729 0.4460003111787451
7 0.6360555431347166 0.4482175825759828 0.6289139373338912 0.4552431977377414 0.6110789755591668 0.4371148555527408 0.6182205689550528 0.4300892523506103
7 0.5180328187734631 0.45560903396699276 0.49611228579908584 0.4702280075462634 0.4664403817079119 0.4257387579155223 0.48836080158969253 0.4111198356902817
7 0.41706946142608103 0.3842080332520481 0.4302600703514372 0.3829106200903927 0.4338428199714599 0.41933417056538386 0.4206522114849349 0.4206315808310281
7 0.6181298288463495 0.7469381678145899 0.630829991931023 0.741929388687454 0.6361268260768611 0.7553576492336668 0.6234266675074878 0.7603664200836464
7 0.39408310270312086 0.7443361454914248 0.3776521924920644 0.7430574371053532 0.3815213968135822 0.6933488572174944 0.3979521283545182 0.6946275586171564
7 0.38134336998246 0.4009481781042963 0.39803620937982487 0.4091915636563929 0.3853595678968986 0.4348603738479641 0.3686667382447695 0.4266170032729262
10 0.26705128014577895 0.5767140109268903 0.29906557956269353 0.5841862179433671 0.27830945298705956 0.673104472915161 0.24629517549863067 0.6656323308991224
2 0.4336226637948357 0.606940229873086 0.4517610313218938 0.6001814539331655 0.46445788562959933 0.6342517862404339 0.4463195301744918 0.6410105389647079
2 0.5067848109653141 0.563392404096473 0.50678478796749 0.5999966208744401 0.47220745707818423 0.5999965026891609 0.47220759235653986 0.5633923987283631