3 0.2987995781211339 0.6088849695999987 0.3163265479861366 0.6118981988409404 0.30321172294509324 0.6881733077483835 0.28568475881365885 0.6851601015434579
3 0.33071030781252375 0.7158348437500025 0.31116630330018324 0.712683180241993 0.3256715114727058 0.6227481040433908 0.3452151589568757 0.6258997381378026
3 0.3597199045104844 0.6295457441933581 0.3753018859564463 0.6313231263310696 0.3652546905576628 0.7193931913511281 0.3496727117822047 0.7176158253873672
3 0.7440983963055032 0.7292035554358054 0.7274525517323127 0.7307868971350762 0.7194399656250425 0.6465605031249975 0.7360855213680679 0.6449771751206463
3 0.7671405366860427 0.7142557830287126 0.7509308556343512 0.7170191167752012 0.7373169195702758 0.6371704200593004 0.7535263359374085 0.6344071093750084
3 0.38126079468145235 0.5232853602408006 0.36311576853131555 0.5220263853711309 0.37188953715747175 0.395585690703666 0.3900342363723439 0.39684465404582664
3 0.4247160252765525 0.5377122411446567 0.4035278061508052 0.5336664408052545 0.43453354839357416 0.3712995683557863 0.4557212796141812 0.3753453198407735
3 0.4511004625 0.38769323437500003 0.4656053 0.38769323437500003 0.4656053 0.5347492875000001 0.4511004625 0.5347492875000001
0 0.6571630997124203 0.5971089477191096 0.7001902725310174 0.5925784135036555 0.7047725969397334 0.6360925092750719 0.6617454270333383 0.6406230248555581
0 0.6215679406250274 0.6020557999999977 0.6525794492972636 0.5985863614454473 0.6575849099290281 0.6433223823467981 0.6265734037513084 0.6467918060527309
7 0.710363434196779 0.48751835468750004 0.6887486490172705 0.48751835468750004 0.6887487564213188 0.42486539375000004 0.710363358187351 0.42486539375000004
0 0.7506151511802273 0.5809941771292709 0.7120245088279944 0.5763888924288739 0.7192321527030572 0.5159991977961064 0.7578224030655747 0.5206044586897093
0 0.6143159481728162 0.4986712659078997 0.6513007030225708 0.5117116812648435 0.6310878149978407 0.5690337991111528 0.5941030925001769 0.5559934483966184
6 0.39724261608728284 0.40430738550153217 0.42125253535743923 0.40664326989161625 0.412489879685495 0.49670689332683826 0.38847996250001415 0.49437102343749684