11 0.26768775214588914 0.6193512252422864 0.18474756635703216 0.6327266067195869 0.16788909673448416 0.5281939315625684 0.25082778143166706 0.5148186732357611
2 0.30625663276634896 0.5572687423124139 0.2710384813111659 0.5454481972018067 0.28675948634997894 0.49861349043286196 0.3219773814353175 0.5104339889106723
10 0.3338590224446989 0.5418502053198762 0.3516002820703079 0.545500488487012 0.33703728632895036 0.6162731124827343 0.3192960335956059 0.612622852569376
10 0.35852237786900787 0.6132265840665143 0.3370288653524085 0.6057454781024781 0.35620399531251223 0.5506607921874971 0.37769730430215986 0.5581418593894466
11 0.8731074188982575 0.530538345684359 0.8372553033176473 0.6044411125640066 0.7585542276701744 0.5662642203557345 0.7944064525173644 0.49236198998707803
2 0.6709540012876687 0.44614514047753423 0.7007294235793324 0.4537310230699361 0.6872045133320626 0.5068141471056626 0.6574291020390319 0.4992282947486818
1 0.7292726601065169 0.49966379563917285 0.6849509697354961 0.49437444002295117 0.6913064863999807 0.44112386912774904 0.7356278404671457 0.4464132044949416
2 0.7398227421874708 0.563876651562481 0.7203430774873141 0.529366560534879 0.7573615203124291 0.5084728656249586 0.7768411889912841 0.5429828375390817
6 0.40709041428397086 0.6028949185722695 0.3689784180709239 0.5980219036905995 0.377046717187568 0.5349276265625043 0.41515829827176276 0.5398006145711333
2 0.38371021520049453 0.49709230338834987 0.37077581068581367 0.49845429334302205 0.3678678105651443 0.47083964653594523 0.38080216250000376 0.4694776593749944
9 0.26062791093750093 0.6268093140625164 0.2504256120075752 0.6224758252411746 0.2819716356517574 0.548215381480871 0.2921738086430423 0.5525488401587664
9 0.3008583126513713 0.5482862981626875 0.3102563545023713 0.5508744068376443 0.2865499039077122 0.6369493207189464 0.27715187031242294 0.6343612328124928
9 0.7691154494251577 0.6356198188869081 0.7577765968732137 0.6388935199972479 0.7352438486336723 0.5608570632911183 0.7465825453124353 0.5575833859375152
9 0.7882331557162843 0.6378206836285607 0.7820202424446734 0.6396217809880624 0.7570985277180853 0.5536633172844421 0.763311346874957 0.5518622343749998
7 0.6491483543901495 0.3328444447616216 0.6812413885004389 0.32790239851700037 0.689317457166112 0.3803454429502562 0.657224426281914 0.3852874749613853
2 0.8066155235145516 0.46506606151779767 0.7922346786817798 0.46629193412603354 0.7892845387527814 0.4316852790677739 0.8036653156250395 0.4304594093749986
9 0.6603187607989867 0.3601210529278043 0.6654649416939264 0.359974826088148 0.6684692796874288 0.4657017000000008 0.663323098833871 0.46584792586331875
9 0.6744780703887727 0.4606670794882205 0.6692477845947451 0.4611072163975883 0.6609857914212398 0.3629322669730138 0.6662160124999446 0.3624921328125047
0 0.6470680028575089 0.5551032813398257 0.6591032555794527 0.5535644524285239 0.6645357695211942 0.5960481992623171 0.6525005178987158 0.5975870224009708
2 0.6417928429730182 0.5779932975711681 0.625590885998804 0.5786838289055115 0.6242722708475412 0.547746996698396 0.6404741421875997 0.5470564671874979
12 0.18513558433278376 0.3172123904236911 0.2582768386996577 0.04807245542502674 0.4436333087254525 0.09844493794389658 0.37049410220140544 0.367583006100696
5 0.37737819809694884 0.7601577872687184 0.28542042007541113 0.8169059642935403 0.07028323617907972 0.4683254176039523 0.16223524062502293 0.41157960937498084
5 0.9035542279648325 0.38010953044422885 0.9885917863867917 0.43381083654346164 0.7537232617575 0.8056901276120738 0.6686873072732169 0.7519910018153435
12 0.6164603686160035 0.07834179361845461 0.8070789683546309 0.07249189439006103 0.8145193613312358 0.3149343678483872 0.623900761715845 0.320784222553133
2 0.683922472618292 0.5855166513235183 0.656576567105958 0.5819473306465257 0.6637928633834917 0.5266669805378041 0.6911385140624589 0.5302362843749945
0 0.7914223070333719 0.5654044226058059 0.7720699871285888 0.5592911509205105 0.7908234211772651 0.4999304531333764 0.8101755600471279 0.5060436940848824
2 0.7633113382858028 0.4517420848591471 0.7750903293243709 0.45964918661671716 0.7555858444173964 0.4887025262978417 0.7438068694261801 0.48079544430116994