3 0.21029759311909402 0.19841814043047348 0.23341273661753803 0.1914403669249541 0.2951966875444896 0.39610612896933156 0.27208157350116835 0.40308383440618095
3 0.307571077218995 0.4030836970434245 0.2958831691410069 0.40343241841211164 0.2919318275181695 0.2709995536225502 0.3036195772448309 0.2706508346124023
3 0.3431210172491319 0.30560361124409696 0.35847419537208225 0.3072693285405366 0.34424096273812665 0.4384541230192041 0.32888778658866613 0.4367884182169125
3 0.7030680503356734 0.4491797960047401 0.682771080479597 0.4495974333888011 0.6802816634564124 0.3286114671452288 0.7005783390625311 0.32819383281250025
3 0.725810488899242 0.3214869529182617 0.7442662210191884 0.32172636026022633 0.7426933774044073 0.44297068377817406 0.7242376453125416 0.4427312781249999
3 0.7882740740449208 0.5819274491828287 0.7741514371127778 0.589396734501562 0.7180016688199657 0.48324013722439196 0.7321240796875372 0.47577092500000623
3 0.6899508508616918 0.49313556520295476 0.7032700838286701 0.49171920979707073 0.7180360016176337 0.6305634579620056 0.7047167713358249 0.6319797963963929
3 0.39798671874996217 0.6477766656249935 0.3819039821671595 0.6446863251039789 0.41064626953925654 0.4951228275387376 0.4267285951867734 0.49821312771214793
3 0.31990268157994706 0.4603261229093904 0.3382993073838634 0.4746251429208801 0.26062469946077726 0.5745504417514264 0.24222819961914865 0.5602515643741154
3 0.294381557812585 0.5783292593750284 0.27804099718878206 0.5679539099928087 0.3440372475441791 0.46402288558978716 0.3603775677863723 0.47439813338289993
9 0.35868783500870904 0.49211856028786494 0.4176473025404448 0.511907262424827 0.37422402826132384 0.6412723184334796 0.3152646680904354 0.6214838500662937
9 0.43448450282051 0.6535136275044559 0.40749000616779085 0.64731859882828 0.44265862310214743 0.49409138791618995 0.4696524091795027 0.5002863319891315
9 0.4776931302305911 0.6613150752815308 0.44648048643773564 0.6579893538781427 0.4639955443974486 0.4936289282407923 0.49520728225047606 0.49695460075537684
9 0.5210343789516401 0.6081901629975944 0.5004152172983822 0.6083634472436842 0.4994990891020734 0.4993385042892692 0.5201178698068816 0.4991652216488843
9 0.5448401188747312 0.6034519471026296 0.5281827172422027 0.6044263846324042 0.5220897208776023 0.5002773305548482 0.5387468312500232 0.49930290156250123
9 0.5737584246338656 0.6010792484626294 0.5537141210166965 0.6035059475610387 0.5412684267636223 0.5007140173347056 0.5613123900699293 0.49828733889531046
9 0.5966505658478809 0.604957883784727 0.5767155125917043 0.6077694309952437 0.5609687321222054 0.4961275768889154 0.5809034140625045 0.49331605624999936
9 0.5896901782463146 0.49546437199778276 0.6205433230993549 0.49338026372064747 0.6310506915865517 0.6489169213971808 0.6001975495689749 0.6510010014430428
9 0.6137712578124592 0.4993029015624972 0.6387441073601394 0.4943359108364279 0.667534956869531 0.6390760842011228 0.6425621257973262 0.6440430114721736
9 0.703775985648349 0.6323463874351793 0.6790352999566949 0.6388840462052398 0.6397619885863151 0.4902746768957501 0.6645020609374797 0.4837371031249932
9 0.8589292187923547 0.5272578093164156 0.8038633848125301 0.5625316282900232 0.7437663932288388 0.4687211127597241 0.7988315093749634 0.4334476031249911
9 0.6708842489349536 0.4301331462245524 0.6474890667964246 0.42983924459417067 0.649310806647577 0.28484582946154374 0.672705620840361 0.2851397287865087
9 0.7950248487200042 0.407701111505955 0.7519297889606378 0.4058260061720231 0.7585107007236047 0.2545909648341331 0.8016051132923394 0.2564660562137321
9 0.6214154754393348 0.2795683268828152 0.6458242009476862 0.2807181973747171 0.6381799825923054 0.44297904620944967 0.6137712578124592 0.4418291859374982
9 0.5123158499161491 0.46116096971983433 0.48229988281252645 0.46218445937500047 0.47595477160632527 0.2760985253132875 0.505970132478069 0.27507504576529
9 0.5223129093747048 0.46577665663516743 0.522313429011092 0.28377632913817075 0.5494648456701725 0.28377651949891736 0.5494646078125243 0.46577656718747007
9 0.5764744535171076 0.46722976983706727 0.5558208133849121 0.46693159992302186 0.5584512468076355 0.28475285321646565 0.5791044557731766 0.2850510200164774
9 0.6100142131500661 0.4621323808877442 0.5860214483345771 0.460881394722818 0.5962640823998981 0.2644508373937129 0.6202563220672346 0.2657018097726063
9 0.4568195513011233 0.2959758583560742 0.4748198889632249 0.29538731086780406 0.4802936907151434 0.4627932884028052 0.46229335334055577 0.4633818301913277
9 0.450861331543706 0.446618657930316 0.423270150598114 0.4471101257103839 0.41985118977811453 0.25515924556040603 0.4474417815694096 0.2546677831658148
9 0.4330981961724092 0.4368412633678279 0.4032203414645892 0.44032343151591374 0.3835544315666084 0.27158974583584555 0.41343173538916744 0.2681076104418143
9 0.39771805238876823 0.4372622874326074 0.36817445622284595 0.4369166194206218 0.3701215728042371 0.27053018071603036 0.39966463469068003 0.2708758455850231