3 0.3228660912589021 0.36223796787045953 0.34406049649203396 0.36678294675289663 0.32822703957970134 0.44061488591612985 0.30703264062503877 0.436069928125003
3 0.38688867847326947 0.4499134206562705 0.3712774866886548 0.4480503543521543 0.38145878654097487 0.36274359371928516 0.3970698139638671 0.364606650103667
9 0.6113115745959021 0.40146119786290474 0.6311788198978547 0.4036016541091894 0.6222294841194298 0.48666258626576386 0.6023622406249842 0.48452214218750017
9 0.7025284773476415 0.6682984836422861 0.6556429918362028 0.679058303029792 0.6243193368028415 0.5425804099429647 0.6712036406250945 0.5318207328124894
2 0.6051158968750769 0.5537395906249793 0.6218628764113419 0.5417484751415893 0.6425152177196196 0.5705891507108936 0.6257682692008757 0.5825802296716357
2 0.2969557573296697 0.4668704313306114 0.3131075467588289 0.42510764069511986 0.3992186060208951 0.4584089622056691 0.38306713792758273 0.5001714801110814
1 0.4473456732698651 0.5014403593071276 0.4183671235460906 0.5277892677459403 0.3813792640240763 0.48711287565682626 0.4103576773218265 0.4607640767977023
2 0.6762571823364851 0.5225888179651402 0.724103396329383 0.510775364409325 0.7362002629311064 0.5597652298504391 0.6883540668851538 0.5715786342222218
1 0.6911642249982606 0.4474775432554739 0.712500181536484 0.5038574116948377 0.5988818075051086 0.5468502094519538 0.5775464618832302 0.49047085840015847
6 0.6231936648820238 0.41072715451867364 0.6519453203125067 0.4092021531250002 0.6544088514833675 0.45564583019849886 0.6256571964280511 0.45717082691770544
2 0.6978682915647596 0.4364942407561168 0.7394961089755725 0.43053278826223546 0.7480656942691439 0.4903690025548955 0.7064378821713717 0.4963304296584217
2 0.4215124870958107 0.5568673881277527 0.453172142466542 0.5638839060309062 0.44239006974351014 0.6125293426420586 0.41073042469918164 0.6055128559247829