6 0.30945133267516667 0.6293319391972764 0.2783243172045786 0.613477106088501 0.3111706048130145 0.5489989504431858 0.3422972854583577 0.5648536808574464
6 0.4701857281249886 0.7186970609374781 0.4693592397484281 0.6495612429498112 0.5745118596992143 0.6483041651947582 0.5753390958627733 0.7174392263431023
6 0.7223344831052145 0.6606600663891068 0.6647194406250492 0.6771611546874963 0.6424067231092749 0.599262324750299 0.7000209249999898 0.5827613640625139
6 0.41160030712694606 0.5311561507324062 0.3921560632064711 0.5276164531099697 0.40652487036993534 0.4486925107755134 0.4259688875226857 0.4522321872582377
0 0.3542443402718618 0.4758280227658406 0.38160902495133087 0.4658495886227112 0.40207740102277967 0.5219776104632872 0.37471273954622575 0.5319559992739004
1 0.45849222617357555 0.577799732579063 0.4351406588855298 0.6207621550683109 0.306457958840042 0.5508245519809181 0.3298095706506956 0.50786266368385
1 0.7162477032533161 0.4929221679744847 0.7516864911129915 0.5842737061446153 0.472027375671928 0.692747165506789 0.4365914717857322 0.6013980575884345
1 0.590138097547424 0.5227377621434761 0.5957572806557891 0.5993573122433433 0.4384109915782801 0.6108940431606622 0.4327929192583042 0.5342755280805105
9 0.4589194469895119 0.5739507156253794 0.43622154043191586 0.5744231707143439 0.4333125127433277 0.43466259945607577 0.45600993156881486 0.4341901494476391
9 0.5925385072316658 0.5817953978375094 0.5611205837840316 0.5812095646625356 0.563796833679362 0.4377157646852989 0.5952140558429164 0.4383015913122116
9 0.609987481471876 0.736258537490369 0.5821947656688735 0.739482996832214 0.5646727457919951 0.5884719997036477 0.5924646227217636 0.5852475893162186
9 0.34899373889709295 0.5366548037627877 0.4090926710845224 0.5566937941806556 0.3657446574147798 0.6866842613325874 0.3056458451439994 0.6666455275956312
9 0.668256696548724 0.7231076432221013 0.6411363496248441 0.7264661568557501 0.6200124001406948 0.5559070259657412 0.6471318605271108 0.5525485674078341
9 0.7789278338347003 0.5947829624019288 0.7256112168604432 0.6285441518323557 0.6580705623013046 0.5218915613036573 0.7113863212011893 0.48813073202704416
7 0.7120384515625346 0.6066759781249974 0.7300133200620849 0.6019837604862557 0.7386627088245632 0.6351138686424357 0.7206878460697226 0.6398060710814725
9 0.40331942508123575 0.6857034644444452 0.3750624699321179 0.6818126545385707 0.3938268285731965 0.5455559244723123 0.4220830664019104 0.5494466843482358
9 0.4478256928975952 0.5901436805686585 0.47740800091685287 0.5908791215488025 0.4739353713325727 0.7305441855041982 0.44435306363777727 0.7298087548599835
9 0.4220840226223572 0.5703378473757551 0.4471973757864589 0.5726535930546772 0.43526779064814036 0.702009973131881 0.4101544414215823 0.6996942566667634
2 0.6339309211275577 0.464721761049097 0.6734712883926477 0.46354208594948476 0.6753823638462109 0.5275928895545962 0.6358419968754561 0.5287725589351523
9 0.43663059424306994 0.5579471258332969 0.41052602253932946 0.5558609890284558 0.42027335368436525 0.43390189533622275 0.44637744649412525 0.43598801294818146
0 0.3374068278588993 0.5215075829105882 0.30778783357266093 0.5439677288606012 0.2700657434685354 0.49422615328896913 0.2996845421874923 0.4717661187499677
0 0.7323904091728082 0.5186381014929484 0.7033166207418162 0.4955071247226344 0.738522403237198 0.45125959160404583 0.7675960362183787 0.47439047239968446
7 0.7871279385858543 0.5773477613546856 0.7744720768336038 0.5795687985574408 0.7702522301328827 0.5555256016569702 0.7829080398165615 0.5533045691278458