3 0.3542928683415312 0.4010632021921635 0.38525256085881665 0.3994137540537424 0.38880926816148076 0.46616852031894673 0.35784957623855007 0.4678179611899174
3 0.5640474367247634 0.5440246384607894 0.5354546976304846 0.545521226031642 0.531980822326318 0.4791543643925437 0.5605732670671841 0.477657784520424
3 0.676710253124952 0.634536696875003 0.6929013285622432 0.6318119348086544 0.7040530288724085 0.698068809466724 0.6878619580460281 0.7007935529442616
3 0.7276510572971802 0.6871492923934029 0.7134082666335644 0.6898201436998932 0.7009919785865577 0.6236163815674122 0.7152345812500016 0.6209455484375084
3 0.42376793455957795 0.7330725057815888 0.4033033557224144 0.7337103625338918 0.3997552310179344 0.6198845053890824 0.42021932500006187 0.6192466562499995
3 0.33557545256644516 0.6369337439081892 0.3542860586526331 0.6379602989415394 0.35002066626032047 0.7156933878628033 0.33131006085386616 0.7146668410421427
1 0.36132217970953207 0.6424813515941958 0.33381376538739005 0.6420003966950869 0.3349870097972598 0.5749146179795249 0.36249507987270135 0.5753955698563616
1 0.42264814236386883 0.5719776941076535 0.43539838811125264 0.6362188385261979 0.3657124788512647 0.6500476815118977 0.35296271818640435 0.5858069626628399
1 0.6928222922774694 0.566163754619822 0.7177690765624902 0.5648820656249992 0.7212155767718968 0.631957579212707 0.6962687931197706 0.6332392603415092
1 0.6966076596229414 0.6249900860135952 0.6709571479481156 0.6308766236762919 0.657972778780163 0.5743030803509104 0.6836230287104854 0.5684165739250755
10 0.6415828189636841 0.6084896183238573 0.6595644992057714 0.6044662425441558 0.6781146314358466 0.6873621556452447 0.6601329622819776 0.6913854977352835
1 0.4448237143121787 0.6420522161195907 0.4162645313182338 0.6321119100530997 0.4400478913515826 0.5637890417474682 0.46860672683021676 0.5737292816595189
2 0.3300624362494773 0.5141487594635185 0.33517350156250814 0.5385462562499888 0.3125422478588007 0.5432868580148362 0.30743123460183597 0.5188894067027966
9 0.44164033636957356 0.6387665140840745 0.4453369995887897 0.6393179249872569 0.43745060631329125 0.6921813641649214 0.43375394375004817 0.6916299562500052
5 0.4089031855826306 0.7433533062054958 0.3532859192074511 0.8031944541002003 0.1198576506911877 0.586270820885153 0.17547318593744876 0.5264317187499815
12 0.2265141862941391 0.1521803137456734 0.4231773977916191 0.13872575198119125 0.4432381989256555 0.4319452575341077 0.24657499670365723 0.445399640986198
12 0.8249584134207453 0.13781983611921889 0.8149784763272692 0.44063138555770537 0.6015442798668573 0.4335950508119599 0.611527006596134 0.13078655998279687
5 0.8656085663184285 0.5120779984584541 0.919611793119202 0.5615483095562745 0.7049031101348646 0.7958987677945322 0.6509013842644435 0.7464300189647997
6 0.7150368031250309 0.5374449343750346 0.7002673858848993 0.4777872412726181 0.7840431125000578 0.4570484578125028 0.7988127875715918 0.5167057564741963
2 0.3936645640625329 0.509911893749981 0.4108208358985621 0.5034284887731327 0.42661787200984236 0.5452268670292307 0.40946161241561185 0.5517102487053114