7 0.25551355313359636 0.6058526486056396 0.29741219396657925 0.5980750976466124 0.31366495120221316 0.6856199550538237 0.2717663289091661 0.6933974375218009
6 0.5546792388419135 0.6123343057910953 0.5584019280876191 0.6528673512902782 0.4880827203124909 0.659324521875016 0.4843603302217616 0.6187917537220305
7 0.7137808018271699 0.6470975664526727 0.7564947905706276 0.6205500650314457 0.7971312797325254 0.6859242604586364 0.7544174533518344 0.712471553184882
7 0.49286995273189405 0.4340973660009151 0.4951670392167671 0.3960360694369471 0.5228847398659582 0.39770881394538954 0.5205877239114898 0.43577004394000135
7 0.5954267109054854 0.35941260689306165 0.6165702860238298 0.363720713637245 0.5969425315034869 0.46004631773803073 0.5757989640241021 0.4557382370946152
7 0.3305546410174429 0.707110620382012 0.2985148348466282 0.6975522249938487 0.3185621689766549 0.6303635860276807 0.3506015413233854 0.6399219118594992
5 0.32527502723132784 0.7733818745627974 0.23204458459065336 0.815811186324478 0.06450460634800947 0.44771394678241144 0.15772870624994084 0.4052863437500152
5 0.8841518831153508 0.42143667590962053 0.970768356704184 0.46156229630990697 0.7798332974514324 0.8736708707180989 0.6932179124278264 0.8335470507055684
12 0.44417812034532744 0.40140446316910444 0.25598753684721487 0.37975646182468886 0.29286493016900295 0.05920054942641137 0.48105185578253895 0.08084835818852808
12 0.7535956236559969 0.07661977813222319 0.7747593948331541 0.3688743855209897 0.597380331526665 0.3817176486330442 0.576218540232162 0.08946496723894794
6 0.7970978501317632 0.6315232021357499 0.7521691230357419 0.6455274669233331 0.7191800612960151 0.539701629664636 0.7641079562499726 0.5256975046874991
6 0.2733964249999872 0.6314243765624834 0.22657811342958212 0.6089970340216327 0.27709512364788225 0.5035517152439747 0.3239126429645012 0.5259788347392689