1 0.423828125 0.4483996421875 0.462890625 0.4483996421875 0.462890625 0.5269514046875 0.423828125 0.5269514046875
1 0.5990666897741903 0.5218537656015443 0.5597644858291915 0.5239857244378955 0.5552019035092144 0.43987712334501 0.5945036194978002 0.4377451778460536
6 0.7337611696843851 0.5729614142610433 0.7291059467306695 0.6426403785219296 0.6710852100940201 0.6387641468457402 0.6757407793253378 0.5690855569586692
6 0.7267288971975177 0.5660733555859675 0.7740015897734338 0.5587606094092091 0.7862354176588724 0.6378369023291048 0.7389627371551342 0.6451495950180156
9 0.29247732979138164 0.38477487258894594 0.29676130423774794 0.38452355296157875 0.30056472096623565 0.44935301036967606 0.2962807466111599 0.4496043289654496
9 0.2825951688382702 0.3583139272451826 0.288383823243862 0.3577663647789535 0.29720214887868224 0.4509864224642836 0.2914134949231766 0.45153398174880827
9 0.2644652041557265 0.40858102446007916 0.2734095017630125 0.40351552171657773 0.29781686363105564 0.44660994042016305 0.2888725779083643 0.4516754268213671
9 0.4336431945340564 0.40396645572494166 0.4291875397110516 0.40419674122074223 0.42742817252747045 0.37015721376730065 0.4318838096583022 0.3699269287265452
9 0.5837854729155652 0.3530659055155079 0.5874538612800961 0.3530902275879204 0.5871356421981773 0.4010837580877531 0.583467253834101 0.40105943608241207
5 0.8897181525866245 0.4797162991774537 0.9804910369402933 0.5410533129165317 0.7507488716304351 0.8810007116549738 0.6599780824735717 0.8196663167530255
5 0.354336256235797 0.7873841694905575 0.267803254420528 0.8594057817990852 0.033702994068903536 0.5781768447603358 0.12023151093751494 0.5061582562499797
1 0.5103127611021137 0.5395111933050938 0.4651235450921831 0.5401103985883763 0.4636432439123155 0.4284557975427586 0.5088317181626962 0.427856597168856
1 0.5570404874939641 0.5324056092751521 0.512095290509933 0.5320224870367525 0.5129649186485494 0.4300563974673454 0.5579094441981169 0.43043951684485066