9 0.38158973019505993 0.5516943270017575 0.42136739681916424 0.5537884972701376 0.4123893380010486 0.7243020932410387 0.3726116737138909 0.7222079577397145
2 0.38379296531570617 0.5596215700161039 0.4029589390623869 0.5577155812500046 0.40653655032497227 0.5936872368808427 0.3873705774811924 0.5955932195909459
2 0.6696195153390363 0.5729825375752012 0.7108289218749633 0.5616339562499951 0.7247004279400926 0.6119994947949617 0.6834910431139178 0.6233480225261792
9 0.7415451533826172 0.7268268049146357 0.6869978795782572 0.738661955487835 0.6504351793245178 0.5701671246807677 0.7049806203125399 0.5583321828124892
0 0.738967998437488 0.5574692265625001 0.7677623731740368 0.5571388239655726 0.7683207343750382 0.605794734375 0.7395263596739596 0.606125135547235
0 0.7611113336498647 0.48756969259537186 0.7508087407976518 0.5218937919765231 0.7163063050562641 0.5115383756515779 0.7266089515625254 0.4772143703124879
0 0.41299813801413165 0.4694477701346267 0.44361942931186604 0.4707528844268416 0.442074553582529 0.5069970107820725 0.4114532625000038 0.5056919000000019
9 0.42896191093745983 0.35208582812500056 0.4594600933887705 0.35004315988459167 0.47141053201505656 0.5284601950837593 0.44091235202529333 0.5305028386092455
9 0.38715312782483124 0.36783491293209203 0.4197500270022374 0.36049500476848684 0.44409977520626853 0.46862803619225174 0.41150289318375144 0.4759678922250039
10 0.7863442747054705 0.42025927885718417 0.8246370245966546 0.4371847257699265 0.796800924553736 0.5001580693811973 0.7585082226401028 0.48323270405371166
9 0.6081681468258466 0.5298546612725972 0.585844843850623 0.5267888591225444 0.6091927967627271 0.3567963247172369 0.6315155845426261 0.359862090762152
7 0.6075851842323345 0.32821720602061905 0.6514696912645377 0.3346041863734959 0.6386248197727582 0.4228568338381455 0.5947403195594916 0.4164698858264405
0 0.6350940648031838 0.6138335159959921 0.6291672499345395 0.5834202078963662 0.6560593937499561 0.578180157812504 0.6619862652231632 0.6085933899478627
10 0.33197767625620145 0.4587998100486558 0.2992078109899694 0.4663758690617735 0.27925599080390384 0.3800792753028215 0.3120254984374924 0.3725032593750119