6 0.5624012538615943 0.3976955812249201 0.5846360490356801 0.3978367253662604 0.5840180295405162 0.49518929008148366 0.5617832343749569 0.49504814687499993
9 0.656958984741209 0.5147257921875 0.6260576317419009 0.5147257921875 0.6260580545994117 0.3521262953125 0.6569587228061664 0.3521262953125
0 0.6209608949217227 0.5499671517708224 0.63937019492937 0.515793239087134 0.6927210284833336 0.5445305211717796 0.674311931286752 0.5787042593005581
9 0.45053902968750004 0.33348431562499997 0.4783500796875 0.33348431562499997 0.4783500796875 0.5385461 0.45053902968750004 0.5385461
9 0.6249090145088303 0.5492602878822852 0.6694763071122907 0.5363236709537309 0.7110238901533421 0.6794416889802998 0.6664566717754496 0.692378125233227
6 0.3214367798719877 0.6244264154201808 0.3423849406250383 0.5468314250000461 0.4424390747991538 0.5738399871179969 0.4214917718431934 0.6514342389177334
6 0.6483748918733454 0.6694752232565603 0.6180233593750017 0.6742182906250042 0.6043589630901351 0.586787081863822 0.6347099906249696 0.5820440546875041
2 0.7144157589066253 0.534935235848251 0.7001093359144761 0.5395318175819342 0.69234947029247 0.5153819447883926 0.7066558393782998 0.5107853724080142
6 0.28099077031249997 0.38277043593750004 0.3534291390625 0.38277043593750004 0.3534291390625 0.479686734375 0.28099077031249997 0.479686734375
0 0.42884529272703276 0.5275260529481454 0.39564692945089064 0.5244784719468252 0.4020419292014594 0.4548227650990054 0.43523994579436476 0.4578703300435521
2 0.33504918014091345 0.566047904731298 0.28355642216615706 0.5588184659373432 0.2931054535574731 0.4908122438728315 0.34459764970381457 0.49804164258903466
0 0.6040425162497058 0.5589818205823639 0.6040426483191368 0.6128242976100766 0.5783385965416983 0.6128242687185712 0.5783385878072522 0.5589819149664123