11 0.8092767000784988 0.506687274135902 0.7668877001277679 0.5164156010841725 0.7361786412241145 0.3826147704302042 0.7785668823576088 0.372886534089705
11 0.25308345846940483 0.37269529974935817 0.3018842140979814 0.3763352580959958 0.29269065596292876 0.4995860937211152 0.24388990315480896 0.49594616541633146
9 0.3487780812500887 0.37678594062499954 0.35584197840785237 0.3767086001301773 0.357076836742408 0.4894883379906606 0.35001293959385293 0.4895656779078138
9 0.3567582676087113 0.5029757082177324 0.34731470566885037 0.5064551607909197 0.3136708429531154 0.4151485317090826 0.32311428750006144 0.4116691031249894
9 0.35547919375198944 0.40856306866354714 0.3631549536211196 0.4086692765281256 0.36199244508452466 0.49268011072327483 0.3543166852281274 0.492573903469004
2 0.3440367819774792 0.5009494278916409 0.3673265818320033 0.4975992974886372 0.3744650209625888 0.5472210523122424 0.3511752239847965 0.5505711693516402
9 0.32178021253673705 0.3867131316891485 0.32690024839757825 0.3876620783208461 0.30897632660924046 0.4843651371712777 0.303856292428236 0.4834161967558556
9 0.3196469697909379 0.41583411856741986 0.32597227040344023 0.41683510227482246 0.3150592604222311 0.48579120546708227 0.30873396093750216 0.4847902265624977
9 0.3062404158924892 0.4843878346274674 0.29962943480143167 0.48536530813718964 0.2899191887042889 0.4196956909902525 0.29653011093751047 0.41871822187499574
2 0.3001826882596106 0.4831691336455864 0.313461519709449 0.48379302477584935 0.31179102385817714 0.5193450087004587 0.29851219253066574 0.5187211192627643
11 0.24325224216727293 0.5692118851168375 0.30541039876789 0.5978705018055639 0.24743994999164443 0.7235877242673349 0.18528203268044763 0.6949294971659536
11 0.811428247255094 0.7119706548536069 0.7536323646638721 0.719633887664432 0.733506767061499 0.5678603829380113 0.791300962710352 0.5601972627560676
9 0.6654567442398047 0.6493102266212956 0.673600150970401 0.6469080437513707 0.7105001361960603 0.7719807766077126 0.7023567438045575 0.7743829257334447
9 0.6681095821561485 0.7757174736012424 0.6615890682990084 0.775954697039441 0.6571694680005749 0.6544913054842862 0.6636898105205091 0.6542540851521473
2 0.6429788502824749 0.6220235773348523 0.6768031319355714 0.608614211524283 0.6918800099964528 0.6466401487624874 0.6580557577301533 0.6600494614240642
7 0.6520379692443612 0.7388888715497147 0.6730733729318672 0.7332258151941582 0.6931831245096873 0.8079101390415352 0.6721477408665351 0.8135731437181231
7 0.7239705801224545 0.7957177315131228 0.7107516440084964 0.8024348965586564 0.6953379237454556 0.7721073404744387 0.708556770406517 0.7653902028192753
7 0.34281159012766693 0.35092767564434624 0.3611266902709076 0.35122573571922044 0.36065947666963893 0.3799337834843344 0.3423443765331058 0.37963572388529493