2 0.35561386558720187 0.5668878225191618 0.39240860149425316 0.568289170913174 0.3900567720165782 0.6300337991650269 0.35326203661088584 0.6286324586606491
10 0.5396685580593612 0.4884017205783275 0.5195030479767411 0.4894792926402583 0.5135223549325474 0.3775619139012601 0.5336875608877563 0.3764843501013209
10 0.6955347542021855 0.37310312102180715 0.7668088673113971 0.37890261210021364 0.7574865303860179 0.49346535343039677 0.6862124214771939 0.4876659060944209
7 0.6226308213075527 0.6430981532236947 0.6489641239128332 0.6371347320688011 0.667028661190102 0.7168932338066103 0.6406953750895354 0.7228566042083707
10 0.5251658608292473 0.6254289554896897 0.54043623867517 0.6252602297740345 0.5416622755709568 0.736206660673372 0.5263918977558433 0.7363753844529219
10 0.40184501427745545 0.7162240755774956 0.3811792468584372 0.7108995472002128 0.40899572618195634 0.6029531354171506 0.4296610503068905 0.6082776035827836
10 0.25937197509574617 0.36199665720808333 0.2893616370192831 0.3590301576016497 0.3003003099131547 0.4696085590814755 0.2703106510878115 0.4725750376752267
10 0.48725390690447057 0.48646874598945095 0.4679180005841772 0.4880420822940901 0.4605429711298257 0.39740946381251635 0.47987863901232686 0.3958361373369379
10 0.48064745859562663 0.37601447094126017 0.5024368357601361 0.3742211133777115 0.5117909702340739 0.4878682375312193 0.49000159485422046 0.4896615816514959
7 0.4808790124477582 0.36647637216784784 0.5013712369850509 0.3653647358183029 0.5026288125000065 0.38854625624999695 0.482136588082426 0.3896578911161965
0 0.3066672088600626 0.48563670679166976 0.29247418487068444 0.48196680523344826 0.3025612321528115 0.4429588072363903 0.31675417931774064 0.44662869836876784
10 0.32792621060139027 0.5430863753524858 0.37318473970333343 0.5620894940462273 0.31419077532257234 0.7025753797811579 0.268932404035354 0.6835725370374369
0 0.3887304907402722 0.5066561389591887 0.3761471208825924 0.5110360772548878 0.36386254137835294 0.47574556511633165 0.3764458468749581 0.4713656390625112
0 0.3998669126550567 0.49228365549100644 0.3918211297284415 0.4934546100671284 0.387402652616629 0.4630966910020872 0.3954484000000775 0.46192573906249346
0 0.46642635463160786 0.5191944619256723 0.45332681923537166 0.5188337030168708 0.45500603587208843 0.45786629312836663 0.46810545328480657 0.4582270504193803
0 0.43385378237132954 0.5720656871569875 0.447385254579558 0.5742394272718568 0.43571428345603636 0.6468829071031862 0.42218281476675656 0.6447091818148204
0 0.4703715146825971 0.5705697545953821 0.48052386972869954 0.5710662824234491 0.47655526232426837 0.6522022543203686 0.46640290755146907 0.6517057302476694
0 0.48102916867628664 0.5820098711887943 0.49017698402610677 0.5825137089955972 0.4872629573302447 0.6354157290853135 0.478115142187562 0.6349118937500013
10 0.6072934693797833 0.7079417544892285 0.5817133898560769 0.7113924382569364 0.5688069190889564 0.6157277236655607 0.5943865045511529 0.6122770738101337
10 0.6244588416949455 0.7106412788071135 0.6001626221111565 0.7120909329882545 0.5922509137291172 0.5795025220140877 0.6165464952516686 0.5780528870291274
9 0.5523380613944937 0.39245123861273057 0.5586768797891182 0.3929112578860416 0.5506221914107527 0.5038940549271036 0.5442833733932275 0.5034340391723968
0 0.645471317764077 0.45613824439562123 0.6565147358134027 0.45770719925964354 0.6492264739192706 0.5090036326720743 0.6381830571200453 0.5074346837515364
0 0.6703393878968882 0.6205446225891516 0.6494336308718403 0.62380706633651 0.6377928360893748 0.5492198651344594 0.6586983189680495 0.5459574430699659
0 0.7252235827311324 0.6079295000656779 0.7022899375460838 0.6105866014036573 0.6945867453882784 0.5441053693434168 0.7175201266078375 0.5414482833484217
7 0.6976975809968735 0.7056076808537003 0.6726437965938885 0.7146835330449663 0.6517957489007813 0.6571406463539051 0.6768492411782745 0.6480648527141758
12 0.7776775851122011 0.4101318288342781 0.5603519573164704 0.40231951777480995 0.572060795533389 0.076676417586143 0.7893811029734934 0.08448863207584427
12 0.23362177632952807 0.08783604698531461 0.3899706589852485 0.08000192880326186 0.40613776661905376 0.40265117924847565 0.2497888929618739 0.4104851999227219
5 0.8455958135336914 0.49191988422518934 0.9223464306011238 0.5462540861638192 0.7034624334758064 0.8553976462343519 0.6267135308241905 0.8010655633924993
5 0.38413257117065314 0.7813035020201585 0.31523365549594473 0.8266826650677932 0.11687420870111964 0.5255536826402812 0.18576936562499213 0.48017621093747215