6 0.3548057047337352 0.6401203494480542 0.42956701789444196 0.659237419011525 0.40549242499992033 0.7533724609374884 0.3307311834466873 0.7342555880250856
6 0.7136682328862207 0.7383359507821925 0.6486409625000533 0.7459864578124976 0.6365054114527311 0.6428468127570682 0.7015312781250032 0.6351963890624958
9 0.6037519397602864 0.8002241901370188 0.5785834973954707 0.7993511271270692 0.5840665085941055 0.641328312596964 0.6092340798812756 0.6422013605067258
9 0.5847318296874999 0.41115425156249996 0.608973225 0.41115425156249996 0.608973225 0.60195936875 0.5847318296874999 0.60195936875
9 0.6697523966903418 0.6086850363533546 0.6352461867438706 0.6118878315600437 0.6189956249298803 0.4368176356692924 0.6535008649327665 0.4336148860643927
9 0.6737423105445259 0.4416894843430588 0.7162493923196962 0.44531289513876815 0.7059687598280107 0.5659085455714467 0.6634616821903592 0.5622851684418609
9 0.7127797926767698 0.43433822742802397 0.7589458080180975 0.43490620406575076 0.7571161980250736 0.5836088461252085 0.710950182786064 0.5830408760012864
9 0.31315127120888064 0.5888830403109606 0.3658342714417131 0.615480937895042 0.3096550871994168 0.7267416445746216 0.2569723070832879 0.7001440783279061
6 0.27648518992884874 0.4990904643719579 0.2953042656250773 0.4554702796874548 0.3853778156503722 0.4943278243233294 0.3665591216811208 0.5379476850642797
1 0.6572515439768267 0.5554980582776167 0.6707664072474699 0.5866021135661866 0.642725501103655 0.5987847030599862 0.629210736536379 0.5676807315780839
0 0.6716499506778746 0.5224833653763563 0.7065020235887687 0.5246723889900675 0.7035290383748816 0.5720019047194563 0.6686769663054974 0.5698128897567363
2 0.6436476242259914 0.5959973781696798 0.6090973423248442 0.6053234576917866 0.5943345863844343 0.5506368893844549 0.628884543132699 0.5413108562697091
0 0.4737187327840502 0.6838448762821735 0.44586054743899695 0.6828950530460963 0.4479116030253181 0.6227509356084006 0.47576945392256675 0.6237007531255027
2 0.4015328360617332 0.5791427888530106 0.3625091421971547 0.5758163775885231 0.3678386134373568 0.513301946992658 0.4068619013858097 0.5166283408431617
0 0.6094527941521619 0.6791943709765135 0.6005540594494505 0.6409652483892315 0.6294095492382894 0.634249335222903 0.6383083619715535 0.672478344737102
0 0.5816542713009767 0.67984277689056 0.5550283602957506 0.6791520534652544 0.5564999145229876 0.6224412897109006 0.5831255254300913 0.6231320092360141
7 0.459594263459735 0.7121535780633426 0.47964528618228996 0.714328677797941 0.46751468472473334 0.8261342355740703 0.4474636666433298 0.823959164638775