3 0.2814730015624036 0.48550656656466523 0.28147327326041705 0.3732006537093487 0.30415591286555355 0.3732007757711835 0.30415580781254903 0.4855065218749685
3 0.3082799338458244 0.5943566022723941 0.3226408763787276 0.6886106378490465 0.29995785427320243 0.6920661259392752 0.2855971484375459 0.5978123015625442
3 0.7496066817493556 0.44083314486508846 0.7310049750000189 0.44403977343749423 0.7175586281836104 0.36604066921433603 0.7361601578124919 0.3628340562500092
1 0.6712049152787358 0.5269732862255272 0.6341940014285683 0.5188369967317927 0.6463353837484647 0.46361246426350367 0.6833459927871672 0.47174871900194965
9 0.6763605377839212 0.5183343090134377 0.6453317446871552 0.5217168874688384 0.6257423189598512 0.3420276529821268 0.6567703375000065 0.338645118750003
6 0.23610735337786082 0.5598011116429524 0.2891726569800994 0.5633991345047836 0.28250403906247357 0.6617402062500011 0.2294387387516963 0.6581422163785788
1 0.39505932484269124 0.5703229302473863 0.42211919636804396 0.5777231324662758 0.40273855467160047 0.648583304093185 0.3756787030589521 0.6411831522585677
9 0.3948671019818448 0.5773110039878069 0.41914110258915116 0.5793800511216836 0.4058467975945632 0.7353290633184104 0.38157280112136505 0.7332600485523629
0 0.3773631188799982 0.635895609044001 0.32869369216598443 0.6295068307846509 0.3393307213825665 0.5484855528626953 0.3879994465347636 0.5548742847854632
0 0.7212503402383845 0.49259106655589496 0.7226972755945553 0.49611650678635305 0.6992769632988711 0.5057280772076097 0.6978300359374998 0.5022026437500451
2 0.666591952587396 0.4653676176372464 0.7079473223761852 0.44966427600655107 0.7248109885073291 0.4940724347543732 0.68345564748779 0.5097757220244042
2 0.6840282323042857 0.6178621655721886 0.6744861664420796 0.5590272761684671 0.7240047918736536 0.5509970020094683 0.7335470681566676 0.6098316285912374
0 0.7492591754904652 0.5079748714013622 0.7910757311948373 0.5270167056655751 0.7584278731195582 0.5987059217453229 0.7166113943026176 0.5796642136243186