6 0.424867409251533 0.5635719262239179 0.36989404959149397 0.5632266385558837 0.37056510077104576 0.45646916201434784 0.4255375593750159 0.4568144468750004
6 0.4086446310878955 0.5786948536000469 0.3696605578124945 0.639475729687507 0.24014632954231274 0.5564141514014477 0.27913028749992463 0.4956340781250391
6 0.2593103811552737 0.4455760746478015 0.292071890631064 0.4043654290820734 0.36421599762047663 0.46171492907096606 0.3314547732038591 0.5029253118649889
6 0.6579947372065362 0.5229259148467817 0.6052420637557816 0.5199438179383992 0.6118074351102223 0.40382010297958665 0.6645592359375314 0.40680217499999943
7 0.6837561756560717 0.3772838602751123 0.7017049985120138 0.37670493040590347 0.7037766028768146 0.4409286600361331 0.6858277801222812 0.4415075875867701
0 0.5879908149875064 0.5780210965772002 0.614291100688888 0.5731925777202903 0.6240072064529159 0.6261091857510357 0.5977069272345261 0.6309376807601964
0 0.5188398739148852 0.5008761853038912 0.5540762254595393 0.501305268695316 0.5533213535995856 0.563290201923035 0.5180850021050674 0.5628611206839781
0 0.46503883190291617 0.6283575192639932 0.44212879303779573 0.6287480852078429 0.44135862046573493 0.5835700543337612 0.4642684693776573 0.5831794900031885
0 0.6857443711364795 0.5135305198964043 0.6702171281137907 0.5142717234418651 0.6684393242609303 0.47703100807166676 0.6839664801143499 0.4762898066099551
0 0.6864954150091762 0.46696035275297954 0.6980232746840329 0.4681067946496363 0.6955084875000921 0.4933920703125036 0.6839806281392384 0.49224563054723025
0 0.7202180242163649 0.4551950870236033 0.739888183654557 0.4630198516507132 0.7256938818667322 0.4986995068479984 0.7060237343749804 0.4908747640624923
5 0.3828164691432221 0.7719351111379278 0.33480541227061167 0.8042881388662252 0.14877660870740783 0.5282613259270309 0.1967853390625578 0.4959093765624898
12 0.32730032202096027 0.40912906700521795 0.2052971825869463 0.15795753928386463 0.38257972961287123 0.07184744002381807 0.5045831033562536 0.32301686703220134
5 0.8419027096464333 0.5164244612560795 0.8953115312370983 0.5581620615912408 0.693707618280996 0.8161050327148284 0.6403000136450601 0.7743688279061142
12 0.5989261911186077 0.1143574545630835 0.7780717669584192 0.1221321033416809 0.765930645235585 0.40188627994941734 0.586785084776352 0.39411171927924565