6 0.3392226474383051 0.608775799094787 0.3758602975786971 0.6120754679579246 0.36889465312503944 0.6894083593750047 0.3322570063795638 0.6861087158371044
6 0.7089190254149571 0.6383405294246579 0.7338738206093467 0.6898322152827571 0.6487734234375466 0.731068514062488 0.6238192240859917 0.6795773357493428
9 0.4103314004580625 0.5456477807835328 0.374158391228093 0.5483886594382594 0.3643829448484439 0.4193810508590774 0.4005552743726639 0.4166401979320033
9 0.3211511554676463 0.6695499259252503 0.25794413837479624 0.6530500618791361 0.2859997241586143 0.545590786824909 0.3492055294130978 0.5620904863647659
9 0.6688112768251813 0.5790718430390863 0.7218883334701331 0.5442352313536984 0.7935536126642546 0.6534126848942808 0.7404768968451663 0.688248871431969
1 0.6699241469866593 0.677129812937011 0.6011568252690722 0.6315392716501752 0.6762783296583166 0.5182428976146061 0.7450443658138965 0.5638328519404188
2 0.7578255117066419 0.5057090768108717 0.7825744994660226 0.5211185455740185 0.7577265783652365 0.5610230427055153 0.7329776359374591 0.5456136328125166
1 0.36765982052884283 0.54359277293388 0.38515703474161 0.5053116517648903 0.41677279193004324 0.5197611223963066 0.39927570458598893 0.5580421356959363
7 0.3730866390370693 0.4155563315928773 0.4089995270788904 0.4148420251131872 0.4109566969691514 0.5132357719908562 0.3750438090772832 0.5139500735366549
2 0.33179340608182883 0.5201068567017694 0.2841554715677148 0.5165536972719075 0.28831732825130985 0.4607616578223336 0.3359548661321696 0.4643148023962081
2 0.312689047421145 0.5411527620097252 0.28294324252954084 0.5643631364131838 0.2387424698221139 0.5077210859109824 0.26848805473912307 0.4845108422406955
2 0.7457448249782601 0.44996804045630534 0.7731332345158535 0.4954931159642719 0.6711444528704078 0.5568454414208511 0.6437565256698008 0.5113207866251457