6 0.3820539058091299 0.5154179118862875 0.3905310078993125 0.584541230853158 0.29943533542211753 0.5957112936756089 0.29095882417288976 0.5265885132286872
6 0.332105052240081 0.4787075919458184 0.3321081261751715 0.390597731294799 0.682615365635229 0.39060726377543803 0.6826143519505194 0.4787150181360307
6 0.6072555203125 0.5491923640625 0.7273045921875 0.5491923640625 0.7273045921875 0.6064610859374999 0.6072555203125 0.6064610859374999
7 0.47103313994148266 0.5868809104830416 0.5036818676829853 0.5915562492071221 0.49706628104672745 0.6377488626288869 0.4644175577432179 0.633073544286339
7 0.243226981818907 0.5870775025034125 0.22280937476443796 0.592026789140084 0.21016692158900696 0.5398768900560674 0.23058434687504814 0.5349276265624987
0 0.2406411470827834 0.49550429177117145 0.28225191295882723 0.47412406602026985 0.3144871907591096 0.5368563392829186 0.27287650363632565 0.5582364463537187
1 0.5301251247541359 0.5700629750078455 0.5110027354577369 0.5689219628331372 0.515387329052146 0.4954484258254015 0.5345094934925783 0.4965894313321297
1 0.5366306478008482 0.5177575791658187 0.5595748791095048 0.5233948552638542 0.5459140027758167 0.5789908957622352 0.5229697810337939 0.5733536465174814
1 0.5538029888678011 0.5315712133380338 0.5821144825767988 0.537652692579394 0.570632583167253 0.5911000361556522 0.5423210984077969 0.5850185853981261
1 0.6147678516186943 0.5726208657101937 0.5824565742185541 0.5841886648253867 0.5642900984113339 0.533450329973482 0.5966011073442132 0.5218825837783414
5 0.37307253359279 0.6954316173333797 0.3171969227066711 0.7366416604452362 0.12376213894424382 0.4743953038874401 0.17963547187503082 0.43318649062498543
12 0.418540898260062 0.41056124361191465 0.23679184662455555 0.39396696562817246 0.2669061698117048 0.06416952983562497 0.44865054374997726 0.08076358281249683
12 0.5843760569041478 0.0880937722306384 0.7856757079064209 0.10588956423376117 0.7559147250606202 0.44252924358825474 0.5546151213750363 0.42473369557959345