6 0.4056323520659362 0.5951457266115727 0.4380711158888744 0.5998866301542752 0.428668518749987 0.6642145921874959 0.3962297611424219 0.6594737181032243
10 0.6863975607575412 0.6374321263002387 0.7030337958181008 0.6834051379096043 0.6514176848736497 0.7020805935663005 0.6347817531250257 0.6561078390625396
7 0.4965532370587198 0.6451296869702146 0.5157096120270808 0.6497730084529102 0.4964270271342457 0.7293134874226295 0.4772706662299697 0.7246702059488145
7 0.32465999294549874 0.7348331965024786 0.29984583649070373 0.7246545532127904 0.31929940824579717 0.6772371433035644 0.34411331969636194 0.6874157294274513
7 0.5798848856416043 0.7566784545710205 0.5915520678090616 0.71027182713631 0.6191698328539132 0.7172141773262335 0.6075028234400861 0.7636206553534556
0 0.34437435695645036 0.6490455251387838 0.32995475557936516 0.6458589542572711 0.3387175548814412 0.606211385214754 0.3531370484375884 0.6093979437500112
0 0.3592709308385338 0.6064610852821892 0.3662859711503188 0.6068661472654611 0.3636571714132515 0.6523874383353796 0.35664213125005517 0.6519823781250019
0 0.6944859847568523 0.6422558396315896 0.680767977547589 0.6406967676999346 0.6846697448170289 0.606370448840814 0.6983876624999539 0.6079295156250009
0 0.7422012114175232 0.5565345110908837 0.7267521446021874 0.5539007190367826 0.7320098267471167 0.5230637194331662 0.7474588156250093 0.5256975046875053
0 0.4547844120297668 0.6240822275817178 0.45993518360251073 0.624824052205839 0.453801314660609 0.6674084886621776 0.44865054374997726 0.6666666671874935
0 0.612513252406643 0.6505139398699596 0.5936184935716255 0.652275494382843 0.5877514752759225 0.5893511892381263 0.6066460108191905 0.5875896451793552
5 0.4446342499892353 0.7986849684568893 0.37121566385633287 0.8729219850713811 0.11147752414581191 0.6160841807281624 0.18489309531253184 0.5418502203124839
12 0.3978955387829046 0.435770962767124 0.2097638093553087 0.4047649512644859 0.2535133632069346 0.13933214260579155 0.44164037812493007 0.17033773906249208
12 0.8070443784486088 0.18208276160374007 0.8070467411719164 0.43024960499043957 0.6046266310950159 0.4302495476660194 0.6046266638292082 0.18208522852789127
5 0.9025533667327181 0.616735453385603 0.9540754410605814 0.6614115148387077 0.7344177872648743 0.9146815478940701 0.68289732372466 0.8700072328993506