6 0.6958942777537231 0.5184386299892666 0.6633340827388565 0.5236195955132191 0.6534506260733224 0.4615099852550245 0.6860105234375169 0.4563290437499972
11 0.28666200580312307 0.54840735759459 0.24662734795151664 0.6267085164495572 0.15845188123171283 0.5816290568975224 0.19848663716857118 0.5033285659293827
11 0.8061101204449415 0.6702246255855618 0.736409754652982 0.6652340003783342 0.7452864145149078 0.5412851684677401 0.8149851981155507 0.5462757370561955
1 0.7495025373607405 0.4858350682724484 0.7428899308016526 0.522136550109859 0.7011260421237466 0.5145293918336805 0.7077387389646219 0.47822802768123296
11 0.27920718999553173 0.2651555418083958 0.3263194988367104 0.27680225136205516 0.28917873454179244 0.427035786764825 0.24206645818128436 0.4153891732037858
10 0.7100728041247066 0.48400294020427226 0.6900200434640738 0.48584379524648136 0.6832360244092115 0.41194777587425196 0.7032885851720039 0.4101069300075969
12 0.22933159687590887 0.08893130190098991 0.4286694217862532 0.07406241287886652 0.4492726167264891 0.3502735737926921 0.2499348130385215 0.36514232302757804
0 0.33273243845155775 0.5613593368334385 0.3437246444286757 0.5652350020578256 0.33396050420628853 0.5929253724156882 0.3229683031249806 0.5890497171874944
0 0.40784136089314416 0.5827564481265737 0.41940144541638347 0.585055653284175 0.41489491905952036 0.607711409713304 0.403334835937585 0.6054122093750073
0 0.37404235707242606 0.5714285716744635 0.38592981194881304 0.5720453518769093 0.38442763757188914 0.6009943739195808 0.3725401828124859 0.6003775953124992
7 0.7298898625491574 0.3568584158928233 0.7644339627887575 0.36569250999945707 0.7510830709852598 0.41789636911852746 0.7165389812499825 0.4090623031249908
12 0.6203963910120365 0.07481908938026373 0.8171594457069205 0.08579238345771885 0.7987465638560707 0.41595067350262294 0.6019835104888216 0.4049775136124449
5 0.8474860996988127 0.4581711410424295 0.9201782271881029 0.5115372916022308 0.6604651444712317 0.8652544489689048 0.5877749951011992 0.8118906576296316