10 0.3792179370582289 0.6574993306091053 0.35552671106302114 0.6999066878081263 0.3101876889003279 0.6745808911573006 0.33387892454345547 0.6321737567595925
10 0.34027422446854416 0.46035303474680345 0.38112914170847034 0.47080059828064796 0.34916930759573006 0.5957683250749594 0.30831442924579733 0.585320870662767
0 0.6117553098359849 0.6653587785812954 0.6156894404527975 0.6645137389210075 0.6180944535893786 0.6757088909635521 0.6141603232841817 0.6765539296359592
0 0.6126840188074993 0.676475773400324 0.609462385464326 0.6765497051112143 0.609117251758903 0.6615120854697764 0.6123388752145047 0.6614381538725044
0 0.6928702127414681 0.6437990414498787 0.6964067028316094 0.6434192244745562 0.6979917815510817 0.6581760575685404 0.6944552915506392 0.6585558739848165
0 0.6952529694075338 0.6608193468562878 0.6919114516136915 0.6611260789733548 0.6907826121540666 0.6488301461677489 0.6941241217626839 0.6485234144289296
10 0.3639996535748651 0.5282515967776493 0.340255733010963 0.5291102588692086 0.33689233145253183 0.4361065819498196 0.3606359261174248 0.43524792577642557
0 0.3863180865614595 0.5901455978503983 0.38316845213489614 0.5892126015839478 0.38855262612526076 0.5710384572018657 0.39170225066504827 0.5719714519069343
0 0.6448081016687865 0.6705726872768584 0.6419717696527414 0.6707047128931996 0.6411986553782754 0.6540978973302212 0.644034977864294 0.6539658719365333
7 0.7726635483625159 0.7224496272274282 0.7806516574369198 0.7308803287494671 0.7660231870019061 0.744738548540082 0.7580350973083796 0.7363078659801195
7 0.7107382995347962 0.7721729640625001 0.6989770746712338 0.7721729640625001 0.6989771286685027 0.7334587218749999 0.710738248615371 0.7334587218749999
5 0.8378195415426717 0.5350480135916446 0.8992832073666932 0.5785694219059853 0.6989059340309041 0.861510919992793 0.6374435693818441 0.8179911300670327
5 0.37087348786212715 0.8037827170788204 0.32344174649927027 0.8404383729843362 0.09864030995152007 0.5495902714831682 0.1460696890625286 0.5129360031250217
12 0.789888209431524 0.47587827046818126 0.6080325124266892 0.4973555034900276 0.5689868580932398 0.16672539981099876 0.7508366491936158 0.1452485198580249