9 0.3615074569463559 0.5973010154387118 0.36709528290384696 0.5986021046146704 0.34544755933188753 0.6915617972800588 0.3398597374999781 0.6902607203124966
9 0.31820245795859137 0.6881280350623383 0.3093520628069655 0.6840789759842754 0.3532931063632532 0.5880454933134829 0.3621433467855013 0.5920945113644713
9 0.44047536028267587 0.7211785129703931 0.434610513206394 0.7205932161527127 0.4447142678772025 0.619365785534082 0.4505789938347107 0.6199510762559374
9 0.38661423449752874 0.42869514662101416 0.38139602834189645 0.42888049048043453 0.37854760155664735 0.34868848921203655 0.3837657586061596 0.34850314622050216
9 0.3726016343317724 0.4313220604117527 0.3681776887236765 0.4325434646007519 0.3512347411921155 0.3711789179907005 0.35565865415162534 0.3699575185798589
1 0.43472748112151294 0.5753172413988155 0.4657962339693995 0.5762713884871032 0.463847141855922 0.63973039287016 0.4327783892769048 0.6387762513848553
1 0.39344913452328 0.5544182278177111 0.43805969062771055 0.5609180043386247 0.4248849430351811 0.6513317980227743 0.3802743985698953 0.6448320761053175
1 0.33799726063671187 0.5407404365207016 0.3943814809970263 0.5521274575827689 0.3779463569129575 0.6334996268298804 0.3215621625942049 0.622112690304389
7 0.6109917418099258 0.32399674931917394 0.6248074056074984 0.32811879031852037 0.6166126888675763 0.3555837106668863 0.6027970276356882 0.35146167575589016
7 0.6396256247409156 0.35613627356187894 0.6450199086109478 0.33718081160025276 0.6577051010960986 0.3407905946013263 0.6523108327486398 0.35974604326457915
7 0.33510663519030004 0.3509956770570859 0.35052797020625803 0.3502195923895648 0.3522578480157108 0.384592069747132 0.3368365131188966 0.38536815291829946
6 0.6762896824437803 0.6258241219779906 0.6195684530914605 0.560125333128714 0.7270712165700388 0.4673213060076771 0.7837919363494166 0.5330193307491085
6 0.2655521421875 0.5052099765625 0.3358679765625 0.5052099765625 0.3358679765625 0.5935848984375001 0.2655521421875 0.5935848984375001
7 0.6704898006991016 0.7074253148172208 0.6603227108712417 0.7092510733112868 0.654989697782753 0.6795573506744168 0.665156724205076 0.6777315980196766