11 0.8089724375990954 0.7156789325615456 0.759654825643679 0.7205832393400734 0.7499662483652401 0.6231628205910923 0.799282874959772 0.6182585634150146
9 0.25985004375002063 0.7360063234374928 0.25321826576987405 0.7336998195998405 0.26877389133608176 0.6889805937287187 0.2754056069145463 0.6912870857053612
9 0.2883814314842539 0.6968919547775533 0.2933368688580913 0.6982101174102309 0.27868839782649957 0.7532702023839061 0.2737329636369168 0.7519520480447571
9 0.7376678032139807 0.6944493002616671 0.7441137124203578 0.6919695532788138 0.7663965126808989 0.7498829407380889 0.7599506125092148 0.7523626708006661
9 0.7422245896940467 0.7602503964911511 0.7371457465018239 0.7612634750204229 0.7251151892135113 0.7009607313351359 0.7301939657461389 0.6999476596020882
9 0.5289373162585207 0.47892599318267665 0.5353565290796496 0.4791249688641936 0.5331131002686789 0.551495221425362 0.5266938875000733 0.5512962468750011
6 0.7072268939921287 0.7117672262374233 0.6484855489410393 0.726082757744418 0.6320580129062137 0.6586832905125406 0.6907985429833161 0.6443678628520915
0 0.2771397334222456 0.62412370068642 0.2587021531880964 0.6743626954363272 0.22140264738459337 0.6606754625067234 0.2398403146482906 0.6104366634464942
2 0.279296875 0.628414096875 0.3125 0.628414096875 0.3125 0.684054928125 0.279296875 0.684054928125
1 0.46763462039575643 0.5584537260033848 0.5065584327326178 0.5558942516924026 0.5120464634422888 0.6393459424528068 0.4731226528760999 0.6419053971783634
1 0.510100487079967 0.5619603831285059 0.5521545360422806 0.5614683699294283 0.5530710352476262 0.6397963563477198 0.5110169863330611 0.6402883660217874
7 0.22808244006012046 0.7177456235482484 0.20170880541502356 0.7230070427112804 0.19000591001815792 0.6643524881532236 0.21637922401555443 0.6590911018298814
0 0.27803089712404017 0.6283754378753217 0.29538796467249995 0.6342008441574403 0.27641167104957276 0.690734154861895 0.2590546199307937 0.6849087835683667
2 0.3650083454089099 0.6426397415304254 0.3696900297392176 0.6786182824359589 0.33138373848714764 0.6836020201767979 0.3267022087723035 0.6476236184431314
2 0.5366033732358346 0.5624093000761082 0.5233953545537133 0.562891811286154 0.5226751546197193 0.5431785886849103 0.5358831294367974 0.5426960782772935
2 0.7792971596915095 0.5490867267767027 0.8023714824608987 0.5315975391635698 0.8133714563623471 0.546109040520729 0.7902971568646535 0.5635982015245391
2 0.7433840400291274 0.6965187763826225 0.7184707070513241 0.7015981741233769 0.7117150266861927 0.6684672697403584 0.7366281892302595 0.66338788995243
7 0.7276289197044434 0.7443467798367238 0.7425440698492594 0.7376725862846236 0.7572863153776552 0.7706121269326515 0.7423711820114249 0.777286292668837
7 0.7728155280343572 0.7654187064135828 0.7558115043436828 0.7688854313753147 0.7466849246316087 0.7241274938356047 0.7636887759305182 0.7206607870965139