6 0.4109343711792235 0.590717448363218 0.3906414296875482 0.6731277531249825 0.24514074086471282 0.637302056680161 0.2654344515625553 0.5548929187500194
6 0.7960097738383638 0.6609053578936813 0.6971708883181691 0.664591305855271 0.6919102061760896 0.5235096902629438 0.7907465828125169 0.5198237890625012
6 0.3044596474271657 0.49221213654409024 0.24609048215666007 0.485681663969939 0.25529368453408097 0.40343212865900474 0.31366219375001947 0.40996256406250453
7 0.7178100008270576 0.6680844826135374 0.7261318956875584 0.7056779613972274 0.6803406358934581 0.7158128508700812 0.6720189544812456 0.6782195574451857
5 0.45199527799866246 0.7859272716216216 0.38391826784550176 0.8623012710542121 0.09618608124833372 0.6058607484802194 0.1642609100510981 0.5294897588449552
5 0.8655385703724505 0.5185304362650288 0.9260361842287921 0.5743143789960761 0.7029636185690151 0.8162016636723001 0.6424678009340141 0.7604195904914653
12 0.4336613075262221 0.10220214307215243 0.44977792821850926 0.33620287668599713 0.2418221801291338 0.35052374010642967 0.22570734115822688 0.11652464000882276
12 0.7328270365909475 0.3492523408096382 0.6126035979754079 0.3297906244044573 0.6474296905552137 0.11466347846393977 0.7676512730112108 0.13412504033262854
1 0.3115141953124976 0.4988986781250146 0.30937703145696105 0.4983082847896617 0.32580718783435714 0.4388369397606711 0.32794433387982735 0.43942733049225124
1 0.3561432433648406 0.5356116471688731 0.30929370123226363 0.5348351227318846 0.3110096386602663 0.43133933157646 0.35785846634428253 0.4321158500889797
1 0.3575183758238154 0.4504405269731413 0.39521562163054114 0.45212755303928 0.3907057742657116 0.5528943720510654 0.35300852944851613 0.5512073590788312
1 0.39349770091962455 0.4544628088618457 0.4298048273293489 0.45748571239519165 0.4211044857490833 0.5619748451366003 0.3847973622492873 0.5589519661835707
1 0.4613562088703702 0.4537442636257458 0.461356543257466 0.5583700904937773 0.4225814963145922 0.5583700125646323 0.42258147625136644 0.45374450198045063
1 0.4557719668136997 0.45517431712672085 0.48838503855461113 0.45412242443865136 0.49159188301416634 0.5535406847000995 0.45897881167957166 0.5545925693567616
1 0.49062424347755496 0.45109004908451855 0.5317199254338902 0.4523475696588752 0.5286129537537363 0.5538757293489434 0.487517272219975 0.552618218551924
1 0.5319790527147461 0.45437017975609123 0.5677728902785475 0.4576062386036278 0.5587689585113367 0.5571907162224125 0.5229751243856526 0.553954682295425
1 0.5653559357857603 0.4519926326887177 0.5949581821083711 0.45301167963565536 0.5914530896403676 0.5548234447932222 0.5618508437318042 0.5538044058075584
1 0.4346817710730875 0.6640874171597677 0.39587674649203564 0.6654494096569031 0.392955276820544 0.5822146995280258 0.43175968804871445 0.580852717809802
1 0.4311042119056765 0.58973870233763 0.4590027791923603 0.5887143230006586 0.4622156015971086 0.6762040386753303 0.43431703478756845 0.6772284094096882
1 0.45364886705010576 0.5887236517720619 0.4796302225868203 0.5873456767138588 0.48447451017250387 0.6786727300925399 0.45849315562884385 0.6800506930337971
1 0.4792778252312928 0.5868035703910116 0.5028051002055918 0.584876796160951 0.5098574262591455 0.6709807327437493 0.4863301532652713 0.6729074910983821
1 0.5011317786772906 0.5838624422973879 0.5229405159565204 0.5819105577322393 0.531047168880832 0.6724770773258654 0.5092384339328646 0.6744289449106594
1 0.5240056262496182 0.5742746081801476 0.5487555515102258 0.5751432882315141 0.5450029689520761 0.6820473696863752 0.520253044169408 0.6811786985100398
1 0.5431239433422661 0.573818958001232 0.5670228420052581 0.5724277696864519 0.572663343820409 0.6693136704477611 0.5487644462829167 0.6707048459836435
1 0.5596271827936334 0.5651622028991775 0.5904715529607074 0.560673446528281 0.6068507087068156 0.6732098449413242 0.5760063488186233 0.6776985531761973
1 0.582065932632986 0.5652005370709409 0.6160027128001957 0.5548023445836736 0.6419178382510609 0.6393730471809265 0.6079810950425326 0.649771155070719
1 0.6578847523700233 0.6301191321177974 0.6297577759173691 0.6343148210604637 0.6176606773810818 0.5532261338375146 0.6457872477392357 0.5490304755628564
1 0.6399484043006396 0.5472065150987946 0.6903126767732601 0.5351860589218105 0.7115254084520757 0.6240559890714917 0.6611611699753439 0.6360763470526889
1 0.5976153786515397 0.4541267885915868 0.6374012585924902 0.4570942884091662 0.6304462311757106 0.5503349124475008 0.5906603534983788 0.5473674338103817
1 0.6268847720376698 0.4571309841635679 0.654008558222813 0.45481890023950433 0.6610513318536277 0.5374339216047557 0.6339275474571195 0.5397459909863209
1 0.6520164720094499 0.44686949754828076 0.6827753960124028 0.4442475419548635 0.6900093212102547 0.5291049365475319 0.6592503994896788 0.531726875521874
1 0.6792439704756816 0.4385215809013454 0.7320406221044777 0.4318573654107565 0.7429393175710857 0.5181955766630937 0.6901426737705378 0.5248597498127753