6 0.3961513975549451 0.6715289400573503 0.3404228453472342 0.6584033687206681 0.35620399531251223 0.5914096921874964 0.41193183547898116 0.6045351758574212
6 0.6447160890625128 0.6894273124999781 0.6315458675010177 0.6374409442933514 0.6880651593420453 0.6231242129822443 0.7012355789378262 0.6751102778718562
10 0.684284446600941 0.557713607316991 0.6558342312313243 0.5546821767284701 0.6642970807223492 0.47526638657687237 0.6927469414472398 0.47829779809900735
10 0.32687984065648834 0.47249557610878695 0.3532373197447214 0.4860782370786017 0.3211346683089005 0.5483692835177569 0.2947772389987904 0.5347866964781446
0 0.7732305722039428 0.518893619023143 0.7806622725645411 0.5406622949584837 0.743891849446868 0.5532143025322973 0.7364602303130141 0.5314456955246888
0 0.727564099650067 0.5233055359280918 0.7385516034034936 0.5242889508816408 0.7347966259393388 0.5662388567943784 0.7238091226440702 0.5652554452773917
7 0.5624190071816884 0.41342678358637913 0.5807843966230166 0.4153162197578121 0.577038348129463 0.4517259113041853 0.5586729593750306 0.44983647968750495
9 0.4784772682739913 0.5339750654738963 0.4728850338689199 0.5341752771809275 0.4686276540152221 0.4152673230601036 0.4742197877901617 0.41506711321004164
9 0.4132629547243596 0.6349530043549297 0.41875986999070847 0.6354740812127199 0.40639070954523504 0.7659395711575476 0.4008937953125269 0.7654185015624996
9 0.4349974527424365 0.7699691410441984 0.43019337629425536 0.7696961523108428 0.43815085717074 0.6296829625841788 0.4429547927471731 0.6299559473507506
9 0.5728745941449915 0.6829946532770307 0.5788469057239354 0.6828030774166868 0.5823392571988961 0.7916586479751974 0.5763669457336391 0.7918502215018772
9 0.6065983840801437 0.7742290746498974 0.6013061768308035 0.7742567729771815 0.6006490504261137 0.648706112014639 0.6059411140624889 0.6486784140625
9 0.6404786650930419 0.782966602538179 0.6338353850635485 0.7834422479716636 0.6249289303093519 0.6590659467683191 0.6315720296875043 0.6585903078124963
9 0.7413253389279362 0.752202543702046 0.7301008299609748 0.7548952208539993 0.7044697453259232 0.6480670963992214 0.7156940062500325 0.6453744500000037
9 0.7380391876592967 0.744493325806692 0.730438043231743 0.7462863371690293 0.7080930124246834 0.6515727288160741 0.7156940062500325 0.6497797359375044
9 0.7584126037525039 0.7323786872636472 0.7487391010724878 0.7363745284372102 0.7132499034479451 0.6504715724494213 0.7229232390625384 0.6464757703124925
9 0.304464199999984 0.6992390875000027 0.2978117342117912 0.6972365565753409 0.3271297071802337 0.5998545508755274 0.3337820483628775 0.6018570618046521
9 0.33385896968729867 0.6057268533565726 0.34104801008004415 0.6067865904827434 0.3272468726053148 0.7003989349734779 0.3200578343750067 0.6993392078125013
9 0.3362988231036752 0.6051453520310319 0.3471189805826498 0.606745057404308 0.3329690885071841 0.7024406993717831 0.32214893437503633 0.7008410093750018
9 0.5056878300971448 0.5190228238113412 0.4997380984868869 0.5194546043733256 0.4918764943444103 0.41113227286205595 0.49782613253455565 0.410700495756802
9 0.6172482618229651 0.41720429469664827 0.6244985159204361 0.4177685793311973 0.6121180512985802 0.5768286792040069 0.6048677979938475 0.5762644014301943
9 0.6238746560474056 0.41796876744054084 0.6314798061063129 0.418536011025854 0.6212908141341131 0.5551325533099197 0.6136856647032118 0.5545653155261163
9 0.648121611798615 0.5430516615790526 0.638929475333498 0.5426939522638113 0.6431320902967173 0.43470913949932904 0.6523240759785267 0.4350668458382447
10 0.3049426202230734 0.5334401116294881 0.26780012881408766 0.5347878611729894 0.26296558275055304 0.40155597222056555 0.3001073620579291 0.4002082357039775
10 0.374247475779498 0.575890985916869 0.3531047787760144 0.5824730686261486 0.3158329141148215 0.4627596038869213 0.33697522584247963 0.45617758511881634
10 0.34088769364586824 0.42109592242525057 0.36735156594534146 0.41670954645441793 0.3929963730502095 0.5714191795994279 0.3665325141713538 0.575805504094756
0 0.41520130805736244 0.5660340811335725 0.3882517894278408 0.5687647302045136 0.3821894496030609 0.5089380857384023 0.4091387062499052 0.5062074500000056
10 0.4386688131680785 0.5486844626557609 0.4106081366330727 0.5510099812216586 0.40007564569964416 0.4239271466219209 0.4281357823122107 0.4216016508881255
2 0.32959152735963926 0.6099748685266988 0.3094763150287463 0.5886374726424991 0.3330715768574919 0.5663961300319266 0.35318673587460125 0.5877334639275538
2 0.41096560903702084 0.6043991923467305 0.42208061327085034 0.6063887864604883 0.4150203953649907 0.6458265509790043 0.4039053931220451 0.6438369644470917
0 0.29593939257586044 0.6255604206249739 0.2810454608394366 0.61860552046923 0.29398822086375276 0.5908918175905391 0.3088820805390924 0.5978466980528333
1 0.44903132775459653 0.6007008091583187 0.4780671768439788 0.5983908412046767 0.4848462704942449 0.6835924094482653 0.4558104237709131 0.6859023581053807
1 0.4995180512431716 0.6804454316236844 0.47729347866345506 0.6796166409415514 0.4801773643168872 0.6022983162598458 0.5024016012437187 0.603127100676265
10 0.7049995576836636 0.54625550625 0.6858808717465763 0.54625550625 0.6858809636211163 0.48778534218749997 0.7049994733603171 0.48778534218749997
2 0.6061341837217924 0.6549810419732098 0.5965872345896059 0.6554836604313744 0.5950232234616806 0.6257794583179257 0.6045701172592999 0.6252768413203303
2 0.639407018686029 0.6564274501039399 0.6246673286900659 0.6594717665164461 0.6167400267335097 0.6210946496218679 0.6314796080066571 0.6180503447882506
1 0.5190451293666456 0.6969441149972179 0.49996434478339324 0.6964019792427972 0.5024414909016741 0.6092354947155081 0.5215219455900524 0.6097776257892035
1 0.5218869380487376 0.6121063138554813 0.5411501911331698 0.6117779231328347 0.542472920906448 0.6893589777301181 0.5232096678925018 0.6896873659331091
1 0.5410152143963387 0.6195470638681917 0.5627218562166263 0.6187852025553977 0.5650268611220781 0.6844502204864662 0.5433202195707736 0.6852120768469914
1 0.5914214356937464 0.6897894566885994 0.562999673136801 0.6910007597956727 0.5597791835002681 0.6154402601013435 0.5882005185859498 0.6142289661255665
2 0.6485996871189172 0.5935122156250001 0.6218334176242024 0.5935122156250001 0.6218335576021445 0.5326391671875 0.6485995481365308 0.5326391671875
5 0.861778855918601 0.5293732237423427 0.9277535801618342 0.5815861644542336 0.6600537606190073 0.9197892030163165 0.5940812354883747 0.8675787296820702
12 0.5530199717151163 0.2058732257421764 0.7724574475832924 0.10793205897333162 0.883941413109028 0.35770856658193334 0.6645047017788102 0.4556485488577551
12 0.2571086984123667 0.15293367127884785 0.46234903141305495 0.17699085502971829 0.4329371744780701 0.4279083409846307 0.22769689030178597 0.40385142333203894
5 0.42156224533869135 0.8431986964972576 0.3624853791603755 0.8845199071331102 0.13402491783995174 0.5579393704741585 0.19309817343741997 0.5166199437500316