9 0.6879913503673833 0.5204841684297734 0.6352994579452798 0.520845565440781 0.6342894776795447 0.3735161237518313 0.6869803206845972 0.37315473032227037
9 0.7264853747284405 0.5081848130576904 0.6854397662192468 0.513836856001952 0.6655613887627396 0.3694845749404103 0.7066061966636425 0.363832588447635
9 0.373552182621097 0.5553729664357343 0.4340369475725083 0.5640140609781016 0.41005320165709236 0.7318719839453938 0.3495684662339045 0.7232310336261839
9 0.7031023149147586 0.7233565675008466 0.6513920071575967 0.7351536295195821 0.615283293069524 0.5768953600973752 0.6669920173268338 0.5650984846627499
9 0.7509964222529106 0.6969260283755642 0.6987864417212677 0.708856673952642 0.6652069822877138 0.5619237641002381 0.7174155165926095 0.5499932898060611
9 0.32739093884219983 0.37540650923490454 0.37098961493245497 0.37766872328326023 0.3635432683450972 0.5211705956697312 0.31994459384873153 0.5189084041204574
1 0.31912193173889136 0.5117346417769316 0.32740211934401486 0.45491898402255265 0.428697832212265 0.4696803830216479 0.42041813036701114 0.5264956044542982
2 0.627110935641781 0.6124656708727064 0.6234089716683684 0.5756491124356317 0.6688869667154904 0.5710767194271575 0.6725890648806399 0.6078931248052398
2 0.7101606949513553 0.5433775030058033 0.7270121497714399 0.5625732265346663 0.6792789140304194 0.6044727361829856 0.6624275712609915 0.5852771193113828
2 0.6824120714545643 0.5238818081356652 0.6304597898611064 0.5165009284746745 0.6367872468307496 0.47196806789190715 0.6887391819160484 0.47934892268835566
2 0.7238013917293529 0.47058060348587116 0.7321041851453174 0.5036084415481917 0.6857907308855147 0.5152500606954338 0.6774880746226017 0.48222234072739567
2 0.43189102173732863 0.5907288270793131 0.4150835007241085 0.6233223706417337 0.36395671916852734 0.5969604173790806 0.38076426440284195 0.5643670409337429
9 0.5864134482026202 0.748276280652314 0.5614121665031462 0.7470535518246232 0.5692237159636306 0.587363120951721 0.5942241835429058 0.5885858297948777
2 0.5909788671581282 0.6570501341993373 0.5660742422205658 0.6558118165201249 0.5692651760159606 0.5916477705505179 0.5941694975714427 0.5928860806790897
6 0.35876935291275913 0.41740620524170663 0.39092105000008814 0.413367256249993 0.3983200756631504 0.4722631343939069 0.36616838165650734 0.4763020671519583
2 0.5517669480891527 0.49571373598051777 0.5701128399380195 0.49495878338070864 0.5723351851833058 0.5489589860395131 0.5539892935383932 0.5497139353855292