6 0.2823107380966121 0.5850710004132115 0.29705573124999773 0.5198237890624974 0.4274673503782651 0.5492919744285822 0.4127232256936395 0.6145384310054
6 0.6650893796875152 0.6277533046875322 0.6359807281296526 0.560320713992965 0.7400105156250447 0.5154185015625117 0.7691193773873692 0.5828504275642992
6 0.3811778283959484 0.46696036891963966 0.3461610355540188 0.4623736890949624 0.3588328078125187 0.36563876718749544 0.3938491741701 0.37022541876916426
11 0.7546929925027825 0.5620516638802487 0.7507625321626392 0.48230211245202737 0.8254903039633064 0.47861948036629787 0.82942121280621 0.5583685561457661
1 0.6926916694266083 0.3942723021834929 0.7130682400409114 0.4662871653032628 0.5841089259783985 0.5027728900457915 0.5637331247837665 0.4307586841611389
1 0.6517291318862135 0.5719151385856093 0.5744716172919198 0.5936086638143154 0.5526975594569876 0.5160696917739442 0.6299541087250873 0.4943763095364089
9 0.48165018358554335 0.555752216562939 0.5016334673767915 0.5549829601375177 0.5050126562159676 0.6427562159710654 0.4850293727878352 0.6435254662142628
9 0.4327426177221696 0.522592210209888 0.4609040416229391 0.5248161462005352 0.4483259672233544 0.6840739316743681 0.42016454712245377 0.6818500285322465
9 0.4547858863147667 0.5241407311966034 0.48293586209217665 0.5246138653720065 0.48019752518735004 0.6875192472607625 0.45204754956478155 0.6870461201524638
9 0.4733889095915629 0.49305422638821145 0.4427115823669965 0.4959961930957592 0.42529043709009784 0.3143433122173606 0.45596707318782137 0.31140137910305166
9 0.4131803007496728 0.3304764879800799 0.4360692435986948 0.3299511810148884 0.43961789598949963 0.4845675831742407 0.41672895332953885 0.4850928850406571
9 0.5704522197930828 0.4845815014708197 0.5495743169059324 0.483584865321838 0.5574161074387121 0.3193256697894267 0.578293580250488 0.3203222954906179
1 0.582779127371623 0.48112005718360273 0.5341170730649765 0.494784461531316 0.5159533741311861 0.43010284491508355 0.5646149992663823 0.4164385045373527
1 0.41140904375004084 0.5022026437499962 0.3981925170547811 0.4371389859171647 0.4631611592608351 0.4239426228921104 0.4763779107880737 0.489005975027672
1 0.4308826898135294 0.5210635903207167 0.48075913709624274 0.5255276600942603 0.4757439522933282 0.5815565596333142 0.4258675078125407 0.5770925109375029
6 0.6103622756018012 0.33960752656364307 0.6468704905370259 0.3421037157372588 0.6416128888243975 0.41899597808199934 0.6051046750000069 0.41649980000000275
0 0.30738882127025136 0.38419772985433237 0.34823634280132865 0.38506823188454364 0.3465823714492444 0.4626752845956998 0.30573485005459133 0.4618047869237807