3 0.2970894673097746 0.7305212095340929 0.27425869672515546 0.7233957280504859 0.30898076307653355 0.612159454290129 0.33181102614196334 0.6192848505809326
3 0.3503625523376286 0.6267640235091619 0.37854889531251956 0.6277533046875013 0.37489028326604057 0.7319795073871509 0.3467039408039909 0.7309902368288231
1 0.2953861437520118 0.5792981284675295 0.31629811534980945 0.556611558698967 0.3549946270476312 0.5922774953245039 0.33408276543013926 0.6149639584991846
1 0.357538121730272 0.6323519584834955 0.33508468247214296 0.5939458797812285 0.3807986080551018 0.5672230072254212 0.40325204439352547 0.6056288999393759
6 0.6834910625000248 0.6497797359375014 0.6808369434307906 0.5927561980057477 0.757097792187551 0.5892070484374755 0.7597523020524477 0.6462301739971145
2 0.7772730334127118 0.5349188079923841 0.7681405525745504 0.5387332923731953 0.7604037139067259 0.5202116172767709 0.7695361687500508 0.5163971390624934
2 0.2865405662644207 0.5583699481494684 0.2776164977163944 0.5687882090814934 0.2480423056656491 0.5434578734545376 0.2569663515624825 0.5330396468749723
1 0.6048131090788047 0.5916898431877393 0.6301848075144107 0.590680603208091 0.6316793799783227 0.6282490831629298 0.606307681755311 0.6292583196158957
9 0.6305457822086282 0.7444551510702968 0.6231502713101236 0.7447543090880563 0.6189190563102329 0.6401669969741374 0.6263144062500032 0.6398678421874995
0 0.4125837799972487 0.46394055288885117 0.4250746733443975 0.4632829120310704 0.42784314855794037 0.5158621854469452 0.4153522554246365 0.5165198237277505
5 0.42167890518180684 0.770721581959599 0.3441819007285858 0.8396084043392642 0.09469370555268597 0.5589722235499023 0.17218717187495258 0.4900881062500145
5 0.8445008909792477 0.5561619095477948 0.9142093910716085 0.6344223457690179 0.6641091278926297 0.8571546507550493 0.5944035475022247 0.7788970386121951
12 0.5932698035767316 0.12093204595065923 0.8045555528434534 0.14724420715938238 0.7706374862048051 0.4195996564848009 0.5593517977117699 0.39328780439573924
12 0.28416761604466956 0.13837293804880865 0.5101843355304254 0.17444307622765456 0.4733417976350438 0.4052950635555551 0.24732515802566013 0.36922527696729607