6 0.2688472451521875 0.6812763674226183 0.2737387390625372 0.6138798718749758 0.42958783326014327 0.6251890065162047 0.424697455638011 0.6925844512972994
6 0.6521422906249654 0.7083229281250165 0.6459420304993273 0.6275375077570192 0.7360083265624553 0.6206258031250219 0.7422092621286538 0.7014104853425056
3 0.6085319560889957 0.42499369952773136 0.6017901140249933 0.5094759378877727 0.5877005385132179 0.5083515897467953 0.5944424578125336 0.423869435937454
3 0.6534252860944889 0.5296900499654905 0.6332274361410555 0.5293505562793048 0.6347190954369353 0.44062184450567443 0.6549166763317089 0.4409613359064552
2 0.36477136075643557 0.5793369565455835 0.35476226731998395 0.6012352693190722 0.3221003884621041 0.5863079410617353 0.3321095000000014 0.5644096984374534
9 0.6177481777792764 0.5927330122486376 0.64662878784452 0.5924458126061358 0.6482056435590948 0.7509929096321336 0.6193250335816174 0.7512801046316292
9 0.4575732152813998 0.5599123980779049 0.4319143621071362 0.56220896680255 0.420173337869187 0.4310369639571353 0.44583168308668064 0.4287404181235076
9 0.3991540089048158 0.4592596306288813 0.4354391267520441 0.456273304728425 0.44622226434512413 0.5872828138405982 0.40993715069862446 0.5902691086358031
6 0.7091711953124786 0.5385502906250047 0.7055692497518748 0.4747810479396333 0.7652815993806144 0.47140851717443016 0.7688838205689308 0.5351774662779225
6 0.32422042661187334 0.5570239817876949 0.2676816529545931 0.5574991399112331 0.26697044062495934 0.47283406718750015 0.32350846092913343 0.47235891223677035
0 0.47844378532715837 0.6617718988504072 0.4524278788043148 0.6654243149558665 0.44317082286647747 0.5994938490295528 0.46918640182934723 0.5958414562410596
9 0.37479136083095455 0.6023423454192766 0.32706322151670975 0.606103702122504 0.316712837099999 0.4747729683497036 0.36443995146942143 0.47101165217760194
2 0.5166626353552601 0.5264501577185202 0.5479218237882151 0.5283153446869958 0.5449449677618077 0.5782007668683004 0.5136857800104053 0.5763355877342962
0 0.4830625327622329 0.5310216979309349 0.5091896109439631 0.5284234303599702 0.5143204977974847 0.58001272213193 0.4881934212037322 0.5826109783047374