6 0.4017987211942682 0.4620492628746709 0.38178818593746655 0.5281832531250272 0.25691115253471253 0.49040011934724986 0.27692204924630914 0.42426672754041783
6 0.7168925569559406 0.7189850797870285 0.6342485281249992 0.735822860937502 0.611236593816443 0.622885688500881 0.6938787312500381 0.6060481062499931
10 0.24761440744180163 0.635816103505816 0.20738784598404436 0.585488382927416 0.2725952156249605 0.5333742437499734 0.31282158160729523 0.5837015889120554
7 0.22148361250003745 0.6008571156249951 0.24606689159202233 0.5959677538168733 0.25400917812498847 0.6358963000000043 0.22942590456523249 0.6407856430181116
6 0.7015824258623979 0.4725244085893762 0.7581364021975787 0.4705393965607768 0.7612745419268094 0.5599396916396298 0.7047205664708827 0.5619246898006035
0 0.44511234915410114 0.5728805535763282 0.4131258809558176 0.5782695490028958 0.39894887738489615 0.4941278337280631 0.43093490750391084 0.48873887618865114
0 0.3914413321512029 0.49333260159537123 0.41744246820485387 0.4953216467953158 0.41191070355989723 0.5676278007382948 0.3859095687499803 0.5656387671874961
0 0.4723063321373502 0.5867553820499207 0.4429128274921368 0.5906528825749011 0.4317004970664584 0.5061001161754066 0.46109358593753313 0.5022026437499937
0 0.6204913115209365 0.5199658285052418 0.6511541598299573 0.5207974651259418 0.6489917606450035 0.6005187978042894 0.6183289125681313 0.599687166848962
9 0.717009630150983 0.5460430797856278 0.6948183634609677 0.5242732024458773 0.7551644726798941 0.4627638981793995 0.7773555884501775 0.4845336315499332
0 0.642811659456811 0.5224472997029792 0.6981034139283793 0.5265712748725413 0.6924550008125152 0.6022947031172825 0.6371632493164725 0.5981707547063487
7 0.4351290639066292 0.372078868195571 0.45976538821741997 0.3713438290806351 0.46109358593753313 0.4158590312500005 0.4364572617344038 0.41659406840661933
0 0.5961666245287915 0.6612656524936131 0.5711447510564085 0.6619600611987873 0.5696156126183496 0.6068618066542193 0.5946372234375303 0.6061674015625004
7 0.4800992645627957 0.6945719555244635 0.49888571455358033 0.6933265208435083 0.5011868969248781 0.7280328528340928 0.48240044739884524 0.7292782828204304