3 0.665060772390234 0.3544178110332457 0.6840131022413516 0.3518080313046934 0.6958713008181121 0.43791887645310873 0.6769189738174646 0.4405286424987047
3 0.4140378546875354 0.6299559468750033 0.43589634451893744 0.6266954451542295 0.4477258985230037 0.7059906403507364 0.4258674146976773 0.7092511154517799
6 0.3995801655884179 0.6629956723787442 0.2672560381437279 0.6498366813785367 0.2738289518044894 0.5837573921939039 0.4061514203125398 0.5969163000000038
6 0.7281808561765502 0.5484581498490785 0.7663820213575718 0.5493699026523691 0.7650676212737153 0.6044359780825266 0.7268664562500362 0.6035242296875005
1 0.6585172645901594 0.5528599484620359 0.6604436139132304 0.631515172391557 0.4725614917739449 0.6361137554156536 0.4706365182914851 0.5574598710707315
1 0.5730811569028447 0.471364118739393 0.5642936840228003 0.5417841217532511 0.44073877169944353 0.5263664663251099 0.44952681406243755 0.4559471359374834
9 0.6111987366062976 0.4713656443951421 0.6300492118622287 0.3588857727591073 0.6563371123045272 0.3632912534405221 0.6374868562500069 0.4757709250000265
7 0.49184011424040364 0.36531188574860923 0.527808088695565 0.36909937647674806 0.5196543257632129 0.4465280038208692 0.48368635412691674 0.4427405313060341
10 0.5975704256321706 0.4919401475195824 0.5784663527169869 0.4909038357965672 0.5838817573119286 0.3910809645942532 0.6029855697712492 0.392117269162923
7 0.46836054218749723 0.624528276562502 0.5173639295219346 0.6216044294739631 0.5227973428363839 0.7126558256059378 0.47379395777636546 0.7155796453761224
6 0.6711839965347508 0.45835511955156494 0.6409848562500429 0.45970663124999817 0.636880439491506 0.3679955725781521 0.6670792296876016 0.366644068749998
9 0.4415970828125637 0.5505267218749998 0.4787209377191175 0.5501239827554323 0.4801334176416958 0.6803099153517749 0.4430095627706123 0.6807126495661685