10 0.28176979599356855 0.7153978636611572 0.24104111596636812 0.6835853760746331 0.28743917343751946 0.6241917390624937 0.32816744288641075 0.6560039814236621
3 0.3615214544721539 0.779123452582817 0.3414651499796264 0.7756493493017292 0.3492305328124985 0.7308277359375028 0.36928663213427626 0.7343018210440607
3 0.39881797551777254 0.7755722885979577 0.3830544187172791 0.7759003766108774 0.38178306978124965 0.7148205076090692 0.39754640781256967 0.7144924218749995
3 0.4314522806639616 0.7223048584422423 0.43354982755738547 0.7811189130419128 0.41362998945032814 0.7818291144983708 0.41153258124995773 0.7230151937499628
3 0.45730558663512966 0.8224475460133402 0.4377877298798012 0.820537035009013 0.44670992968747214 0.7294072734375014 0.46622736748224725 0.7313177638015359
3 0.54291772832687 0.7251458688081542 0.5613551854842171 0.7278732226072675 0.5477454752692665 0.8198612735505593 0.5293080245625106 0.8171339496053753
3 0.5797905775566505 0.8331010098592554 0.5640822693738983 0.8320940956261325 0.5696187328125006 0.7457425875000008 0.5853267152231183 0.7467494912613065
3 0.6060675456202489 0.7414812013759021 0.6228255076796358 0.7420074305096229 0.6212087650388867 0.7934841156403156 0.6044508031219493 0.7929578896733959
3 0.7010040166138651 0.7386401899913034 0.6957051013498585 0.782902756264451 0.6779044277711819 0.7807720586712111 0.6832034218749641 0.7365095843750082
3 0.4172064265625295 0.4430298234375023 0.43190510908857505 0.44125348717121216 0.4404851440267521 0.5122461109937506 0.4257864631714483 0.5140224380185111
3 0.45259919182581143 0.44572573019758865 0.4688134086940181 0.44935384562028236 0.45433458462650833 0.5140559681753086 0.43812037343752763 0.5104278703125064
3 0.4803512985741918 0.4594695355558145 0.49389211453899406 0.46171390510132154 0.4827639788053375 0.5288477596350821 0.46922316562506694 0.5266034015625065
3 0.5732567574059431 0.5373870814194682 0.555563534911812 0.5383468536382664 0.5512735937775233 0.45926648054223634 0.568966604687489 0.45830671406249845
3 0.6027507393486076 0.5382857271057284 0.5868838380498573 0.5385254160249499 0.5857826987265753 0.46563064996612663 0.6016494243037869 0.4653909623686808
1 0.3604259055418879 0.6046958391355216 0.3615410724305548 0.5118274076852963 0.6692864058564965 0.5155208206798578 0.6681737035922879 0.6083867002867664
1 0.33175770927061876 0.7257268823836777 0.34019001424940143 0.6227738585149459 0.7123825367585823 0.653249591660394 0.7039545624186303 0.7561985133133684
6 0.5443047351313908 0.5064362775467586 0.500484084553591 0.5055024309527913 0.50129660832647 0.4673835716757908 0.5451170109374743 0.4683174156249999
6 0.6166077671874746 0.4778471296875027 0.6632508498194056 0.47475472749333797 0.6665004163734238 0.5237647023697941 0.619857334901667 0.5268570929813189
6 0.4151340458586219 0.514604603125 0.36070334667010684 0.514604603125 0.3607035806588783 0.4574263124999999 0.41513381875006417 0.4574263124999999
6 0.5329310874925568 0.7378715094686731 0.5329319092330707 0.8141099087723814 0.47118933592412304 0.8141100523069579 0.47118907031256185 0.7378722078125387
6 0.6352407905976634 0.7371053536462623 0.6751002031249982 0.7365108187500004 0.6759646526130609 0.7944559660740934 0.6361052401840652 0.7950504969514933