5 0.8590786231544598 0.5932809453636885 0.9138403638879709 0.65557353446568 0.661225791678703 0.8776072156965139 0.606466485221631 0.8153169818489145
5 0.4777023328317682 0.8088842228596304 0.42744840386592386 0.874521757101076 0.12067174764331412 0.6396783811819242 0.17092438281247269 0.5740437046875294
10 0.6571912752940534 0.6937750033307436 0.6371089986953393 0.7009643563243906 0.6192382333043724 0.6510520124774362 0.639320310694302 0.6438626987181016
10 0.6724788895744496 0.7028217849609051 0.652575070758985 0.7038114704370245 0.6500682451320472 0.6534011100914539 0.669971858179224 0.6524114297179039
0 0.6585769312910088 0.6088810813280403 0.666614696506258 0.6072824448536293 0.6742293386540723 0.645563481920634 0.666191575183916 0.6471621124188812
0 0.7711777094425543 0.6633082793233429 0.7521730927099952 0.6659275325718049 0.7445371535497998 0.6105294657299528 0.7635415680570077 0.6079102265694885
0 0.3286816278415472 0.5892484577110714 0.36355734336189016 0.5908654005869262 0.360957366956427 0.6469377072601143 0.3260816520235039 0.6453207729210695
0 0.32270047471297403 0.5770979806176427 0.30928174787698026 0.5762083460335918 0.31175034272587254 0.5389777592738371 0.32516898433266306 0.5398673910145793
0 0.7542510099567608 0.5744508429498302 0.7431150792004928 0.5734664540662745 0.7452023580736977 0.54985661492446 0.7563382438935378 0.5508410018101543
0 0.26065338445766884 0.6244835125432802 0.2768899018741422 0.614756864124078 0.2939506802888445 0.643232690855906 0.2777141862283088 0.6529593081579524
10 0.6362305657627303 0.5894642086004628 0.6047187723364686 0.5847926940173183 0.6249002540320134 0.4486727312235069 0.6564113758861367 0.4533441953260405
10 0.4339047008362513 0.59154927437099 0.4135822535990883 0.5939388470004547 0.39787878412880673 0.4603967969579191 0.4182008020268313 0.45800724968082684
7 0.42343884649744723 0.4947020455116297 0.40060281696219135 0.49733757407070006 0.3951183751204326 0.4498191876850784 0.4179542503194398 0.44718366807326326
10 0.27745104099722084 0.4958593671844697 0.3091500792270381 0.4940406610872042 0.31300823600895455 0.5612806947715558 0.28130919867533066 0.5630993910474636
7 0.6186063572013154 0.7617429558321034 0.6136171629007094 0.7607958138183606 0.6168341407994831 0.7438529659196738 0.6218233158723478 0.7448001060574633
7 0.4586301934243693 0.7471045274283117 0.4754388904910911 0.7397759157800572 0.49016161328609087 0.773537666914221 0.4733529346648311 0.7808662472670901