6 0.635421360937471 0.45563247343748225 0.6196189248430528 0.3793374331907322 0.6864656413736157 0.365492704010137 0.702268315373999 0.44178741452987647
6 0.7150369525223823 0.3310257869160748 0.6603726632525877 0.3369566059280776 0.653447498437572 0.27312775312499504 0.7081114654638441 0.26719695182069686
6 0.3394922640625282 0.4443045937500326 0.3471388581439214 0.39287315648052307 0.4402734846722751 0.4067191176277547 0.43262724061014524 0.45815024222114314
10 0.29651225937493564 0.4606988015624962 0.27124636516032297 0.4465018934969614 0.31566794270258924 0.36745039765334037 0.3409336087988777 0.3816472256659595
10 0.3139541562500199 0.4815763906249975 0.28882477243689664 0.46540540568171085 0.34162561106711564 0.38335905246693075 0.3667547532810431 0.3995299331191331
6 0.259876821875082 0.28067967343745115 0.278843372548522 0.23787230010114946 0.35229770304556496 0.2704167877818378 0.3333313226521568 0.3132240164477611
10 0.6312306566438792 0.30898832031250006 0.5988383927988252 0.3089883203125 0.5988385642602907 0.18650646406249996 0.6312305286874107 0.18650646406249996
10 0.745018267347973 0.30481280411117123 0.7091996042021265 0.3035174129864919 0.711873142682407 0.22959621250606704 0.7476915903246208 0.23089159972976725
10 0.5770192125 0.20103861093750003 0.5965791859375 0.20103861093750003 0.5965791859375 0.3124839296875 0.5770192125 0.3124839296875
0 0.3800510721411001 0.30837004372237087 0.39517328442980215 0.30869231991927126 0.39442219664806544 0.34393461000858594 0.3792999843750522 0.34361233437500033
0 0.3020466966481763 0.35154456749037444 0.3176003850788902 0.35654209468612397 0.30539279371896555 0.39453391491906076 0.2898391104901066 0.38953639904787074
5 0.38257085999680385 0.6110853397655431 0.3209514619005631 0.6497162985149185 0.12089787109744066 0.33063741345016867 0.1825146468750063 0.29200755156251523
5 0.8675032553612709 0.2920041855206021 0.9324485004673306 0.3392138159677234 0.6844054168051343 0.6804164719116672 0.6194614241159115 0.633208319085473