0 0.2810289756757811 0.5724857841660986 0.3109788424404769 0.5685145939898523 0.31696455520921063 0.6136528382726357 0.28701469167117466 0.6176240121276405
7 0.24261714900671905 0.6377973497817353 0.22430048594731034 0.6420739455608704 0.2109725992958147 0.5849968221319312 0.22928906874994937 0.5807202500000046
10 0.6761188471872401 0.6246580550991954 0.7157372575927639 0.6071477764348215 0.7527312454076309 0.6908391588933912 0.7131129316785518 0.7083492774889438
11 0.23620660287303963 0.6403385655716858 0.21480279223703747 0.5605164238449593 0.299004148180984 0.5379407225055616 0.3204083463227789 0.6177622362036547
5 0.3793116130815406 0.7861703341772491 0.31090658713662833 0.8259872724265352 0.12963622223480797 0.5146073697906988 0.19803715468754035 0.47479197343750495
12 0.24692294813235094 0.11893634129070728 0.41280205701934847 0.10001289773980439 0.4529052657844659 0.45154254540655814 0.287026227574529 0.47046568055635196
0 0.7315475045592166 0.5537265830434028 0.7590160473337164 0.5598727758166678 0.7468454971585743 0.6142597525405343 0.7193769642541383 0.6081135903517965
12 0.7533524108737311 0.4691465046284694 0.5850440335161693 0.46067618565664 0.6032453436913556 0.099070672711349 0.7715481694749542 0.10754084702008963
5 0.8385709831625263 0.4610616512460836 0.9004450226599374 0.4988151155300802 0.685875993804757 0.8504279362684105 0.6240031455954522 0.8126760125812647
0 0.7319780651583869 0.511992168382632 0.722492266100403 0.5121053714218826 0.7219081245474399 0.463157744815644 0.7313938546875534 0.46304454218749996
0 0.32013083766617 0.5981399821766868 0.33308675712510194 0.6040298287619731 0.318913405674607 0.6352033960612711 0.305957497690315 0.6293135684225564