6 0.6970105023737005 0.5462552184541555 0.7343827138571442 0.6121383437561574 0.6579284553631624 0.6555016405558919 0.6205568570156856 0.5896190450742262
10 0.34786716250005156 0.6676594578125115 0.32213061895242845 0.6538388473375031 0.3555785031250025 0.5915606375000038 0.3813147644484616 0.605381154977039
10 0.3383026929254811 0.6186917273847893 0.31251224348841333 0.6158938120662247 0.31755910821630096 0.5693794272528954 0.3433493405951822 0.5721773306692413
1 0.29796196423581023 0.4908887721689054 0.2466028077097917 0.48604991939264136 0.2502521028867477 0.44732074548592904 0.30161097497523315 0.45215958474877777
1 0.3741943636371161 0.4736517313368679 0.3362623360449106 0.5071021110395302 0.2974208945763621 0.46305953626534724 0.33535273653581044 0.4296092970621965
1 0.35601621974547015 0.4732536185805379 0.3844786664722051 0.4745600356339706 0.3827837733041406 0.5114833917690892 0.35432132682558404 0.5101769783383511
10 0.7747965839422477 0.37490711515173447 0.8102105406659348 0.37983785318605084 0.7985090657113005 0.4638767704233419 0.7630951143979701 0.45894605935054905
10 0.7348143947268682 0.3744110543872865 0.7529941605607746 0.37307363494141443 0.760534718091094 0.47556831859683213 0.7423549532168181 0.4769057290845747
10 0.7428282648514823 0.4833333362061876 0.7210632389640068 0.48542806315777653 0.7135514186089722 0.40738105914383926 0.7353162093750143 0.4052863437499965
10 0.6948775093750328 0.4881811093750105 0.674429760067369 0.4838183226965585 0.6969294723011217 0.37837252286792167 0.7173769406231258 0.38273527855848816
10 0.7077422177736707 0.41571510031336734 0.7222956109375218 0.41495394218750026 0.7257103862400527 0.48024082102607074 0.7111569933549617 0.4810019757561387
10 0.6583730478782854 0.3827135277111492 0.6836577143136537 0.3838068202129929 0.6780022810693254 0.514592996965369 0.652717615270717 0.5134997142388622
9 0.2801094910573738 0.4458768640278556 0.27610195696036044 0.44501332501815843 0.29861474600875226 0.3405408186217181 0.3026222300095469 0.3414043520079111
9 0.29592904654077756 0.377595961031796 0.3032406969665544 0.37939803878495715 0.2889700527482546 0.43729609292746163 0.281658404687505 0.4354940218749959
9 0.330357195629972 0.43928456365254004 0.3228378314790916 0.4408736713378915 0.30793811448779707 0.3703745003613776 0.31545741250010906 0.3687853999999886
9 0.33573687501609584 0.44052863400194614 0.32825129206310066 0.4405782646470719 0.3275002504458371 0.3272994724787561 0.3349857296874461 0.3272498421875001
9 0.3394922746890643 0.43171806093750004 0.33348355156249454 0.43171806093750004 0.33348357414388374 0.3750786656249999 0.3394922547643091 0.3750786656249999
9 0.3792999231612839 0.3687853941377117 0.3880932743442145 0.36962751215282286 0.3776534366602391 0.4786340528140849 0.3688600863198417 0.47779194079312526
5 0.40928803217445875 0.7809788720895435 0.3454414282896323 0.8230786143581652 0.10515264972434579 0.4587120476308407 0.16899504218747552 0.41661422343749777
0 0.4067978425770207 0.6147685035795039 0.3968241147520075 0.6138163297766916 0.40012097244607503 0.5792869729730746 0.4100946375000376 0.5802391437500016
5 0.8543142944739657 0.394230330939562 0.8971594672079846 0.41489922359539455 0.7151903200029892 0.7920712857045759 0.6723456468794211 0.7714031727146892
12 0.40178783976068644 0.4124022667088302 0.18604621578515435 0.36090669335527875 0.26238787931879415 0.04108878361064872 0.47812459500028126 0.09258373299121224
12 0.8422074860068278 0.3929499115398244 0.6254134040322015 0.4401792997240728 0.5549248456483156 0.11661849521619752 0.7717137823633493 0.06938967541665578