9 0.6940393714398851 0.5433231085958564 0.656336418442379 0.545105088347204 0.648187390850012 0.3726927880388851 0.6858894208213542 0.3709108304007017
9 0.35436332775077517 0.3763499069853506 0.3974336153181639 0.37609545160357805 0.39844404330733596 0.547115000339971 0.3553737557497243 0.5473694526727287
0 0.3632115668278857 0.4824881597199928 0.4019754004687002 0.48711417052097833 0.39478220681405674 0.5473850493436784 0.3560183771700167 0.5427590605815207
11 0.3316147697156566 0.44785765559040736 0.29202109121138164 0.43773225758050904 0.3101909083020473 0.36668662697937543 0.3497842388044319 0.3768119779304892
11 0.6905243507628711 0.3529480643672492 0.7252670231267757 0.3425823814450141 0.753491112706115 0.43717690482515426 0.7187484666056889 0.44754252617805557
11 0.27060532777966273 0.552712934636341 0.3148831005826196 0.5791323665692141 0.2668006809254848 0.6597072704057025 0.22252308205554527 0.6332880680700229
11 0.780013601176961 0.6424894599480346 0.7328974871595619 0.660060147954827 0.6999020021351043 0.5715911262027938 0.7470173895936796 0.5540205863576044
4 0.4433378067885769 0.7663195946142145 0.4125725998759435 0.7557509609309414 0.454379154878211 0.6340727374877243 0.4851435847845096 0.6446412253045293
11 0.5977602919296032 0.8215105109761084 0.5660356981171617 0.8237949568019437 0.5549668067392304 0.6700972381680651 0.586690295669996 0.6678128322378631
0 0.41554696485275144 0.5997774806349491 0.3872791221256193 0.6450517644962175 0.3366480043565616 0.6134426473473455 0.364915820097508 0.5681686142267127
0 0.539597075190045 0.6310972139852818 0.5601743984173027 0.6319157295760953 0.5585604571347176 0.6724847320253017 0.5379831341058434 0.6716662197312904