10 0.2928687121841449 0.6329057251946516 0.35135014531249453 0.6362981265625003 0.346528126573844 0.7194133655738859 0.2880466955674592 0.7160209933295487
10 0.35566497031254585 0.6476605921875005 0.3779951405082329 0.6449276015404737 0.3893125329927898 0.7373844350319149 0.3669823678110333 0.7401173988245062
6 0.2779982698347112 0.6910445850850093 0.23852144118586693 0.6844631941130226 0.251863531854724 0.6044465163033315 0.2913397445809096 0.6110278550116895
10 0.3810025088500879 0.45792027383563866 0.43263156476609765 0.4598456838095786 0.4283945658681887 0.5734502535849472 0.37676551091624333 0.5715248608287856
6 0.6557016186360443 0.5637682231048381 0.6348958765624957 0.5629585703125003 0.6387466061248688 0.46401853002921006 0.6595520265624373 0.4648281765624995
0 0.7347533001856164 0.5608926765393775 0.7078283688500733 0.5432202775383593 0.737647365966609 0.49779342170100443 0.7645721225723037 0.5154657428685352
6 0.5874336607371333 0.7313296324851654 0.46305855831678855 0.7360413038251924 0.4605937979058581 0.6709653588251688 0.5849671703124386 0.666253720312501
10 0.42690668978445956 0.6465681532978026 0.4684668593749848 0.6414628843750071 0.4773575614595984 0.7138290241259292 0.43579739946505924 0.7189342544262468
10 0.6952118100646203 0.6616752095835357 0.7131791531249974 0.645594690624997 0.7311464332659625 0.665667535998628 0.7131791320595084 0.6817480110407357
10 0.7539468315070508 0.7052485572372295 0.7328343179333388 0.705613688812143 0.7314606463799009 0.6261854638679054 0.752572822892148 0.6258203351910421
7 0.7787255878714632 0.6952180006419928 0.8037905062499249 0.6910445562500075 0.8122124821426269 0.7416175707988222 0.7871475695475283 0.7457909917884561
10 0.7992450932431439 0.7185226577417233 0.7612190482403776 0.7199632067599429 0.7577519267450725 0.6284420979804863 0.7957772578125741 0.6270015624999988
7 0.8250621607294306 0.716050515112557 0.7908436357416804 0.6924436291588758 0.8430479856506281 0.6167835358496269 0.8772660521271973 0.6403902006094216
6 0.5658593616661847 0.590848259375 0.4345639643747745 0.5908482593749999 0.434564688145997 0.5268052671875 0.5658586546875313 0.5268052671875
0 0.83348170207762 0.6470609530505832 0.8047711141830405 0.6517066112683956 0.7928327439319673 0.5779337097671531 0.8215429359374866 0.5732880843750054
0 0.38215846978869195 0.5710874254169203 0.413438692005343 0.5704652901786059 0.41462327676856603 0.6300184095147487 0.3833430546511636 0.6306405413572593
0 0.28904741494329755 0.5617099315856037 0.2631187527384782 0.5596742271201363 0.2675546203125805 0.5031815953125023 0.29348304197242214 0.5052172902039345
0 0.6261314203337633 0.5675965159247526 0.6616196120475024 0.566350932733199 0.6640857064742249 0.6366054351384582 0.6285975151569119 0.6378510102862385
7 0.3902900609723474 0.682700897284708 0.4372313129148324 0.6807003815147403 0.44098912624076547 0.7688620349256717 0.394047875561796 0.7708625310574123