10 0.2655276397696298 0.6564520989300383 0.20866226025179913 0.6348601913474036 0.23679566905218508 0.5607765612756794 0.29366030937501364 0.5823683140624938
7 0.6641505038192008 0.6715511460631182 0.6913560546875033 0.6553189093750127 0.7159150547142872 0.6964745539094195 0.6887095650754418 0.7127067092261993
7 0.6355162557583753 0.6783660912355851 0.6619400094601815 0.6704831993995477 0.6716435591880554 0.7030052290951053 0.6452198175202284 0.7108880927852382
7 0.7201317495232615 0.6565552903401127 0.7356384088700452 0.6735175074770084 0.7085099202257652 0.6983145004645498 0.6930033274788912 0.6813523477513415
10 0.41017927680059074 0.743918679153552 0.3834797925769635 0.7419497471217383 0.39165640062492457 0.6310938863109469 0.4183552640624839 0.6330627953125
10 0.6308457355730752 0.5971552573450242 0.651235981035029 0.5941137365347334 0.6652623314281527 0.6881344968143237 0.6448720923384599 0.6911759893159101
10 0.6900144852252197 0.6837344249948295 0.6614910336876392 0.6880881380830379 0.6462811164035429 0.5884505197077721 0.674804019705789 0.584096849215611
10 0.7250118090134947 0.6707916773404421 0.6989220975236776 0.6798041207312236 0.6719136749079553 0.6016280184778758 0.6980030035202844 0.592615647251618
10 0.7099075004244924 0.6346272879428163 0.6998680218232494 0.5926950353921646 0.7223453328125515 0.5873141171875488 0.7323848725884545 0.6292462794016442
10 0.751782077417829 0.6182541683271401 0.7270111822568879 0.6177445068297287 0.7278260562868581 0.5781493028565164 0.7525967718750053 0.5786589625000006
10 0.7385849065443608 0.5803539903168932 0.793170155597295 0.5470766317209326 0.8403844458599679 0.6245148265883003 0.7857994078716501 0.6577919099671944
0 0.34852337884672124 0.5700524957398487 0.343306406434408 0.5980692129986132 0.2948600693529215 0.5890488308403184 0.30007713464510744 0.5610322356380338
0 0.7165641373813969 0.5345812384220554 0.7489075718750655 0.5205457749999808 0.7701833138681877 0.5695693882486743 0.7378399166707368 0.583604788696368
10 0.3609162639115766 0.5225316672725957 0.3132191403134357 0.5075107129924341 0.33974741878944315 0.4232805561442969 0.3874439667642946 0.43830141185793725
7 0.6134376263737522 0.4172372557733717 0.585245536346747 0.4230604437481233 0.5760573504155673 0.3785789760314723 0.6042492903317225 0.3727558040324729
7 0.35895223548129707 0.6928313671743355 0.3757264228210033 0.7007448707166528 0.35943026562495106 0.735282339062499 0.34265609888223025 0.7273688683762288
10 0.685860727631848 0.5034022000369659 0.6887770631872172 0.47208020327854816 0.7280164717157049 0.4757334525494012 0.7251002358535743 0.5070553566010346
7 0.7233552567731749 0.4547461823992249 0.7073219820717895 0.4540102481728501 0.7089097013395076 0.41942240648163837 0.724942902816565 0.42015833903373245
0 0.7969259565396669 0.5429654061339296 0.7539890634141102 0.5441854099780747 0.7525283635844744 0.4927755820101817 0.7954649102736084 0.4915555830745226
7 0.6313927336826737 0.6848217717381548 0.6401524433256327 0.6869477856895931 0.6278189919224815 0.7377569428818334 0.6190592865075359 0.7356309410027112