0 0.40635870952962705 0.4311139734979622 0.4257135256307265 0.44410670362519433 0.4096876148261117 0.4679784501233681 0.39033281933291164 0.454985745560866
9 0.36724389443395467 0.5515119193098255 0.42653163091495117 0.5620078802159777 0.398947108065272 0.7178041967918388 0.3396594128283823 0.7073083964558545
9 0.6640508839100221 0.5210400458033811 0.6297171670706803 0.52073876764094 0.6310925336607625 0.36405479912111904 0.6654255090841161 0.3643560739829512
1 0.7760764479420459 0.4166615119061581 0.7969447181244504 0.48041376248581263 0.6466503080741859 0.5296055663868448 0.6257828881243768 0.4658540360706635
7 0.6862585775850221 0.3746955206657375 0.7034772189216483 0.37429259777833324 0.704740068699607 0.42825709602063605 0.6875214274085693 0.4286600175837374
3 0.791396540550295 0.6154160447270147 0.7763799234625139 0.6319579339312141 0.7057280344345145 0.5678272281403294 0.720744544222498 0.5512854783287374
3 0.6907923656832509 0.5959748458459443 0.7049963751311452 0.5803431451880844 0.7731520713156215 0.6422668474656933 0.7589482029583223 0.657898412266777
3 0.7298480111755907 0.6953539969039897 0.7122637459252701 0.7039807173263117 0.6611207803618981 0.5997468066537243 0.6787047064103717 0.5911201852063633
3 0.7230591688345385 0.7318247084436847 0.7082363629300517 0.7388390555593242 0.649089330249808 0.6138661922173216 0.6639117782256108 0.606851944666276
0 0.35560246555814956 0.5055847690348144 0.3189067857631471 0.50359418817281 0.32364952318562246 0.4161735384786324 0.3603447506135353 0.41816410700231627
0 0.48166243786738505 0.46077824589899924 0.5085587256370445 0.45975927095487157 0.5112548443024707 0.5309193576092563 0.48435855681407247 0.5319383270738908
6 0.711694754822588 0.3739110945105405 0.7382677094226437 0.37655381179145475 0.7310945091644498 0.448677947502795 0.7045215562500289 0.4460352421875046
2 0.47859355892524036 0.5729411437231179 0.49974188706096356 0.5766800171759509 0.4917116673397004 0.6220967798246033 0.4705633433767389 0.6183579220698615
2 0.5618409596323772 0.5723734028727727 0.5831908385329143 0.571354285364245 0.5854735298808009 0.6191701699378683 0.5641236512882415 0.6201892830094029
0 0.6723186003058572 0.4174008783394695 0.6871169359607165 0.42093297506185573 0.675001662048544 0.47168902090387205 0.6602033307215152 0.46815693670697894