6 0.34380179078959827 0.570037416788766 0.42950244580913477 0.5864005116470012 0.40871916718742796 0.6952386374999957 0.32301855762273135 0.6788757169343189
6 0.3278989921875 0.41017789843749997 0.3694636546875 0.41017789843749997 0.3694636546875 0.48756995312500007 0.3278989921875 0.48756995312500007
6 0.6527193772965347 0.5223963992279319 0.603132336566091 0.5182995155756686 0.6100601311094351 0.43445812593150734 0.659646565625053 0.4385549843749999
6 0.6511796890624737 0.6836298296874697 0.6360560039339589 0.5959666249635471 0.6883963417956238 0.5869380343537701 0.7035203804898629 0.6746007880704283
2 0.3979603995619527 0.524089614452553 0.37502045395399364 0.5250673383926627 0.37346389594461016 0.4885476743127484 0.3964037124999322 0.48756995312500206
6 0.4010220078125 0.42178670625 0.42719235 0.42178670625 0.42719235 0.509497703125 0.4010220078125 0.509497703125
9 0.4557355463763315 0.502970801662234 0.42950257786696966 0.5054121691358497 0.4146522496732814 0.345848241467507 0.4408846798207833 0.34340689914720707
2 0.5951100056199721 0.4995167392458594 0.6084305829300547 0.5011900609371848 0.6034015115989178 0.5412210437972396 0.5900809352754095 0.5395477274470452
0 0.7022924360657044 0.5176547852082998 0.6786815351626956 0.5219596191861077 0.6699033380845094 0.4738166256489539 0.6935140671874933 0.46951180781249713
0 0.3644063283699097 0.5658923077844034 0.3331088544242675 0.6101586084254256 0.2831448694090568 0.5748359694348149 0.3144422763101602 0.530569900072097
0 0.7026096921874796 0.4533440124999997 0.7442609350524663 0.4526536461384288 0.7453654947853465 0.5192894068194004 0.7037142519706094 0.5199797697760608