6 0.3297281062499451 0.4292007546875014 0.3806204244277751 0.4200423477695649 0.3986785205411252 0.5203828015954947 0.34778622102430745 0.5295411405790297
6 0.6098843328124985 0.44808055468750063 0.6405136898652017 0.447461015349085 0.6420158598307353 0.5217215595355882 0.6113865028872851 0.5223410954753296
6 0.7492260560650266 0.481974903902317 0.6857715871016126 0.48828548461866766 0.680654999801618 0.4368379639642989 0.74410901093745 0.43052740625000147
1 0.6511942312499741 0.5135305218750147 0.6349712563547882 0.4717584738271427 0.6823994945376626 0.4533401131109798 0.6986225325216537 0.495112004809859
11 0.2924481059892514 0.4192707905705651 0.2521031714045421 0.4066603873410459 0.27833165297886353 0.3227510031552293 0.31867622042761923 0.33536134520912486
11 0.5509700135179401 0.3059966128559357 0.5980363407926461 0.33028650366586493 0.5386114519385501 0.4454287958960257 0.491545249147066 0.42113908505119846
9 0.40033048886925826 0.4959093763595817 0.3956036988672622 0.49601383850760505 0.3936007147053715 0.40538527505082866 0.39832744584680313 0.40528081355389284
9 0.42554245679082214 0.42414473772253886 0.42907117946356266 0.4242149241431252 0.4275698969304358 0.49968931812013073 0.4240411742686092 0.4996191320731224
9 0.4312152155937383 0.40397812603971833 0.435142549596776 0.40411597572264785 0.4316546596220405 0.503479881664643 0.4277273256677745 0.5033420329366751
9 0.4544090162127077 0.4870987877461911 0.4499849076672717 0.48770310172381126 0.4357141548865684 0.38323489385090564 0.4401382000000922 0.38263058437499325
9 0.2989333878560956 0.5852737260997319 0.30971583568771166 0.5902545587490428 0.2769843602405899 0.6611030784265303 0.26620193515952906 0.6561222825041109
9 0.3109507296900347 0.5953429407811788 0.31779808630528805 0.597281859810043 0.29676773511266674 0.6715424296379643 0.2899203843750229 0.6696035250000136
9 0.33187082414929137 0.6851052988445265 0.32609010952751305 0.6829268857499103 0.35322288986515105 0.6109358677702093 0.35900352634951105 0.6131142646345992
9 0.3989085841714086 0.6236348781807893 0.4077394294276928 0.6261451114012571 0.38143110549242465 0.7186839023786861 0.37260027031254594 0.7161736937500042
9 0.3675076519597269 0.6197164266297325 0.37746123181295843 0.6212792932784379 0.3652787988920636 0.6988567496588165 0.3553252218749776 0.697293895312498
1 0.5649635074098569 0.5370322793656765 0.5398233333012286 0.5379414327637593 0.5369614083452916 0.4588041026863689 0.5621012778749446 0.45789495483573545
1 0.5901617071364171 0.5360020530952856 0.566581604660314 0.5387078530608198 0.5570749485914348 0.4558657608988009 0.5806547562472133 0.45315997804028585
1 0.5825725527751047 0.4577737915225352 0.6135084333201348 0.45830119889713905 0.6122394125085293 0.532732175976544 0.5813035320437621 0.5322047715639328
1 0.34620337211470087 0.5796409635802242 0.33119074057412945 0.6077939983496412 0.2852894740983629 0.5833195073596161 0.3003021178758445 0.5551666029430193
1 0.40044498203303647 0.5989692888186228 0.3705918669450057 0.6323681434763746 0.3294868427161646 0.5956308052011163 0.3593398325481303 0.5622321184756868
1 0.41992453291709353 0.6331512154840264 0.38881158850733755 0.631463555013604 0.3913836153566308 0.5840551015222177 0.4224962863501105 0.5857427545574966
1 0.4080137232352854 0.535541989649535 0.37595317906720993 0.529915430882245 0.38480943222327824 0.47945662778202586 0.4168697290961063 0.4850831643929785
1 0.4522346183005084 0.5226988738511389 0.4259063429072967 0.5466053442570254 0.3912923956015675 0.5084878717094419 0.41762055000003784 0.48458149843747556
1 0.43022664985699066 0.45207943165940967 0.4533922848850125 0.44768127707580424 0.47251598415846274 0.5484009035615278 0.4493503588408885 0.5527990236981614
9 0.6613460902757424 0.459321381609098 0.6566360702641987 0.4594775207018342 0.6547612481285796 0.40292517600277167 0.659471232812507 0.40276903749999826
9 0.6677332301484284 0.46192573940777837 0.6616529473806168 0.4618067833744759 0.6631551688411719 0.3850289367559379 0.6692353906249764 0.38514789218749956
9 0.6737419265624567 0.45814977968749626 0.6666582550327576 0.4573889405504011 0.6734181241561146 0.39445628377333347 0.6805017366571064 0.3952171196664181
5 0.8806609188404764 0.475985739331041 0.9569145993477832 0.5348247524403157 0.710466317716282 0.8541708008813751 0.6342147145859371 0.7953341694378873
12 0.575641539186563 0.12072100108020856 0.7862444302098766 0.09250875235814775 0.8250113118285753 0.3818976371815505 0.6144085184271262 0.41010956563635353
5 0.37835415541007933 0.7868981726092046 0.3061776859215115 0.8364436947031217 0.10208008131428414 0.5391597653215725 0.17425266562509023 0.48961611093747
12 0.45716473135564684 0.12716539823261436 0.4372939247166414 0.3985954834213858 0.2509709467094581 0.38495389938362373 0.2708435732699854 0.11352583391973597