3 0.33647781622039474 0.5432008716452195 0.31202758904464645 0.6489722204039413 0.2909975492306103 0.6441113107857217 0.3154479187500101 0.5383401687500108
3 0.3618586900657874 0.6647225170893103 0.34334224963913584 0.6627550186459289 0.3527696954624844 0.5740443478296754 0.37128582656248454 0.5760118296874946
3 0.42586527048467815 0.6517084130325447 0.4074049034422842 0.6529793600112895 0.40068685305220697 0.5554088980377482 0.4191468890625174 0.5541379625000015
6 0.35654622650372403 0.4350992536804054 0.30819624218759145 0.43990776874999543 0.29973096957405687 0.3547903608535261 0.34808046250009284 0.34998187031249467
1 0.312794508089155 0.464420903244241 0.3278607351392111 0.4009323053850093 0.4927151989511458 0.4400502730035824 0.4776498242014213 0.5035381393721381
1 0.43081318035115146 0.5111206461970861 0.4220530206273452 0.579602183160368 0.30233617950750613 0.5642885060324995 0.3110969125000338 0.4958076500000404
1 0.513966582892408 0.5221641269867848 0.5311980976938457 0.521270059254296 0.5341343860696952 0.5778565500660091 0.5169028716104549 0.578750613554281
1 0.5520775048465794 0.5765579091594263 0.5283399213101347 0.5737251372828299 0.5346930151991955 0.5204945982773064 0.5584303880579 0.523327357434353
9 0.7527240921185694 0.4180339049279174 0.7196028598094699 0.4168238688555297 0.7241111601661032 0.29343405041498305 0.7572319445491758 0.2946440782331615
9 0.7491874318928922 0.6059248404593514 0.6979351390815509 0.6157340779970765 0.6715240331793666 0.4777485341700731 0.7227751591940432 0.4679394119691248
1 0.6608288101281232 0.46391967475953205 0.6898179099001709 0.5079865524856878 0.5779779183035316 0.5815529252663714 0.5489893498375977 0.537486517108851
11 0.5506747869461606 0.6425624812665959 0.590573090965222 0.6338644589017006 0.6277306030601721 0.8042824754344664 0.5878323520666981 0.8129803307978736
11 0.6382982857497836 0.7086335831754587 0.6049496214152441 0.7198803672145161 0.5569386863627415 0.5775367286490223 0.5902864500000078 0.5662901093749997
11 0.6615007669569195 0.7336183981220721 0.6310743814555053 0.7385460271071703 0.6040685725619142 0.5718142300212663 0.634493963692762 0.5668866827361818
1 0.6304061389906792 0.47343175246685465 0.6122772612488916 0.4010861589902897 0.7436642625777949 0.3681639051481903 0.7617935578941797 0.44050885469230583
6 0.30021914534177085 0.5067444066189613 0.3002193984375481 0.5699357572087853 0.264686184375023 0.5699357546875333 0.26468611539280573 0.5067445881199634
6 0.7063133634425185 0.39251438211597606 0.6753035167074586 0.39482739264587285 0.6715052250000326 0.3439057968750012 0.7025148960357228 0.3415927928961613
2 0.612674226278159 0.4985897373122023 0.5839181611686399 0.49938782110790036 0.5820815249276166 0.4332110625801558 0.6108373206382112 0.4324129825192511