10 0.42192444381441874 0.5220264026849845 0.3984249134515494 0.5264083271588137 0.3771648142351296 0.41240069267994034 0.40066396231941326 0.40801880501596244
10 0.6572030565629348 0.5418502235961592 0.624915075641411 0.5409104138794883 0.6280433410280466 0.43345453478217494 0.6603308095715192 0.4343943370648692
0 0.30102372887722595 0.5759685222267596 0.27921776096002304 0.5990996259863194 0.2527639833807598 0.5741637669685387 0.27456988760309287 0.5510327369578588
7 0.21820462677248997 0.6623145819154661 0.24667605406477833 0.6552364044147296 0.25969349774402417 0.7075907862974111 0.23122208502809372 0.7146689239543437
10 0.6586071316378366 0.4547461696040923 0.6776309279618999 0.45633008588830454 0.6717111257739816 0.5274254239757612 0.6526873304924266 0.525841516171912
10 0.6923158408476411 0.5262173682472154 0.6734813521076148 0.5284650512983736 0.6641512111443717 0.45028775674022536 0.682985476345948 0.44804008737398804
10 0.3662811844510543 0.5198237783024972 0.35121755303930513 0.5219387022425088 0.34285873970873126 0.46240668319010914 0.357922238028209 0.46029176871222693
10 0.3960743873303727 0.5212921986208845 0.3689053339981001 0.5276358958154427 0.3466082535821897 0.4321470356148733 0.3737769360816401 0.4258033834318827
10 0.3470033031020421 0.7048458330194275 0.3230931789328224 0.7020435258101169 0.3327323999518512 0.6198115190778297 0.3566421312499415 0.6226138031249965
10 0.3680108235782882 0.7129049659720283 0.340733581853101 0.70578459840436 0.36010938626236566 0.6315697002296029 0.38738621896368386 0.6386900115077009
10 0.7421935314707753 0.6270923176534758 0.7562215203124651 0.6005873718750302 0.8169545231781967 0.6327270076661272 0.8029267383869865 0.6592317782435168
10 0.755936754133586 0.5904796638367321 0.7846411154192765 0.5647891757722036 0.8344887025190246 0.6204786417652604 0.8057845098816188 0.6461689530447267
5 0.8613670475474464 0.52862915151089 0.9377977376174158 0.5859622765265854 0.7108485521461034 0.88846147878004 0.6344199093749694 0.8311306906249858
5 0.36956932485486504 0.8039011146774607 0.29433718382904317 0.8501305872417303 0.10440768887508511 0.5410882151183135 0.17963547187503082 0.4948604999999943
12 0.4330967477307013 0.39995504149176464 0.2654004078184471 0.3897439233444763 0.2829500497724666 0.10156423979155418 0.4506423027536357 0.111775225252869
12 0.5846723882013976 0.08264484957984182 0.7599158830155375 0.07218748118541644 0.7769662655638285 0.357912649580642 0.6017227831194987 0.36836991165352156
0 0.7018927437500224 0.5256975046874922 0.7241131530543043 0.5221618660279033 0.7276182282903392 0.5441883046591547 0.7053978205005933 0.5477239369020399