6 0.3544689922875932 0.5808353312883522 0.39748143790370705 0.5833391391599118 0.3916311218749797 0.6838288156250005 0.34861867830090887 0.6813250320215479
9 0.7391611505601077 0.7060232015205323 0.6914065716040341 0.7124443377494868 0.6700994557269269 0.553996474535475 0.7178525761175933 0.5475754382734274
6 0.6846400593990438 0.5365241862283502 0.6481676150420981 0.5362555064817942 0.6489070406250903 0.43592590000000037 0.6853789429987955 0.43619457775016723
3 0.5209838377567166 0.5269433841533445 0.48959507786287304 0.5303835208098819 0.4719606343619489 0.3694882949140478 0.5033487083804857 0.366048196097398
1 0.3895699871030729 0.5297204213822053 0.38758146667123583 0.4929339965891249 0.4472413681271519 0.48970924228565654 0.4492300492357799 0.5264954957758429
1 0.3527668607839587 0.516064620913037 0.33588800625000204 0.5389193812499654 0.2889936675238687 0.5042893030080117 0.30587248281244683 0.4814346468750095
9 0.490968212499979 0.548500170312499 0.5071156659824965 0.5472533218523277 0.5154915576690655 0.6557148426170513 0.4993441056244592 0.6569616786639716
9 0.49975099899120323 0.6556322873127712 0.4778356395162291 0.658374108019766 0.46370288122886905 0.5454221533630733 0.48561778857765603 0.542680361313945
9 0.3456671553386741 0.5301861691740432 0.30937667143700764 0.5328454975060094 0.29840732773527634 0.3831570737546368 0.33469704846936565 0.3804977736992441
7 0.5124078668360426 0.6347270788989926 0.5138676530743851 0.6773998328705905 0.4788493942844525 0.6785974745640465 0.4773897625000245 0.6359248703124964
1 0.4979253513801041 0.46171309510824987 0.5290999381307984 0.46725402791445414 0.5182600005148288 0.5282375829566579 0.4870854204289117 0.5226966760955707
0 0.7394467757275152 0.6049705850509551 0.7090443734044811 0.5668753432102396 0.7567708975892629 0.5287903687834214 0.7871731967699134 0.5668854105345952
0 0.26625995556207727 0.4564291478336386 0.3045912130612578 0.4606647332077718 0.29894013056275526 0.5118024025325406 0.2606088757532916 0.5075668332182643
9 0.4429548576929392 0.524229075 0.4160094158276024 0.524229075 0.41600965164082027 0.378854625 0.4429545455027437 0.378854625