3 0.26049573078603316 0.36182464366460526 0.2819862884837221 0.3543137121071204 0.3212598971783791 0.4666793395037688 0.29976936767991447 0.47419021447793364
3 0.4156099724842761 0.5053088553353596 0.3927147872941532 0.5059242519436415 0.3882885764830917 0.3412495380180525 0.41118327664116805 0.34063414792208413
3 0.5747794609374068 0.3541607562500091 0.5957617151307204 0.3499873508480962 0.6231740340110719 0.48779894184717176 0.6021917911976971 0.4919723096334205
3 0.757824251205875 0.3660152579340644 0.7828188739729285 0.3833352245765249 0.7191512564003233 0.47520969239389266 0.6941567343749284 0.4578898484374717
3 0.6481744438282249 0.7157307373151686 0.6323552848016334 0.7150228418889071 0.6350082428784845 0.6557490761438894 0.6508272062499145 0.6564569671874984
3 0.6924401379528717 0.7229620185259822 0.6794910852711382 0.7234770937280357 0.6767864876384238 0.655490194931948 0.6897353546875138 0.6549751234375
3 0.3475205597222839 0.7542586893797983 0.32781621987953713 0.7519073719490903 0.33690919218747695 0.6757209421875017 0.35661320629697 0.6780722399751283
3 0.38466010156253105 0.6786846296874903 0.40306568369862816 0.6742919843228666 0.4189825290402496 0.7409750311406019 0.40057695832695117 0.7453676439135791
1 0.6675333623146571 0.6567442630542863 0.632220211713161 0.6590854070749437 0.6276209358667302 0.5897162476933873 0.6629336226967553 0.5873751190797057
1 0.6654648121772198 0.6607929726676632 0.6654649660508767 0.600377585646093 0.7015171764044226 0.6003777425093769 0.7015172323209526 0.6607929183570014
1 0.3372682619533407 0.6814016252654106 0.31848020227096185 0.6225478675699662 0.36613243003967 0.6073376606814073 0.3849206445578375 0.6661911286743368
1 0.36578224993968433 0.600905258389329 0.4111981025179148 0.5974311509012679 0.41705486308455875 0.6739854605902939 0.3716390132019569 0.677459542189824
1 0.4154958374300577 0.5960417078063789 0.4433030627718608 0.5986963853277377 0.43924727422120213 0.6411750988170827 0.41144005038427167 0.6385204319569318
1 0.28973420233717206 0.4796461878837819 0.3261039043126175 0.47684598831260727 0.3320805888039331 0.55446659831145 0.2957108887154618 0.557266780703251
1 0.38162913075348115 0.5429479139875738 0.39032926520360434 0.4996879838588857 0.4276802368912058 0.5071991579397721 0.4189802532358726 0.55045895562143
1 0.6003386171609009 0.47614590276721414 0.6295762247023049 0.4688767775770065 0.6424132815926669 0.5205057419315722 0.6131756845315977 0.5277748378096425
1 0.7082723895341587 0.5174123061690948 0.6763904352985719 0.5009249101309168 0.7019996695485133 0.451407749149445 0.7338814077210145 0.46789507754596527
5 0.4309746642635446 0.8044892981258939 0.37703895710603774 0.8645763623618379 0.1496110153208292 0.6604625741723779 0.2035451406250104 0.6003775953124639
9 0.42319037305912843 0.6363490239469599 0.42841774641897246 0.6369104348422384 0.42133072275032646 0.7028899149198835 0.4161033499999576 0.7023285078124977
12 0.43638437461186186 0.46570169999999994 0.2786525800382833 0.46570169999999994 0.27865487029225733 0.20264317187500003 0.4363825445375369 0.20264317187499994
5 0.8383574903174349 0.5302880305832326 0.8831617397083846 0.5652338318512324 0.6889619468474848 0.8141840144228658 0.6441586949931661 0.7792393455170658