2 0.40671745578845275 0.5493651523432376 0.42538546472633243 0.5533751328223214 0.41749656892454823 0.5900973955298521 0.39882856406256906 0.5860874281250102
5 0.8589607105379855 0.5385428573986116 0.9008691995696836 0.5788040851470707 0.6951752813990879 0.7928832842528708 0.6532679785713071 0.7526232744423469
0 0.36600346376917514 0.4764668838676369 0.35000809284349543 0.48267079560119913 0.3369226830094476 0.4489351741725273 0.35291798125001606 0.4427312781249919
9 0.4111020750244734 0.6789591566496399 0.4036571165704572 0.6780140089098254 0.41645108163493205 0.5772486941190809 0.42389589843742215 0.5781938328124937
6 0.35686119843749997 0.440528634375 0.3989221875 0.440528634375 0.3989221875 0.5033039640625 0.35686119843749997 0.5033039640625
1 0.5915094433396462 0.5667165311436948 0.6171194068699606 0.5461205428953415 0.6414090228048508 0.5763204113630201 0.615799121825944 0.5969163301975441
1 0.6815194231816122 0.5572685917063336 0.6890492115115876 0.5900016955230896 0.6318512507798459 0.6031576863375986 0.6243216580127182 0.5704247520011567
1 0.696117492485314 0.5874381604151113 0.6741588258338425 0.5612333761795071 0.7252809531755702 0.5183989485330169 0.7472395291540579 0.5446035847595254
0 0.27446119765761523 0.4195777576918453 0.2893145089423115 0.41999980703298245 0.2879688349744356 0.4673557454344615 0.2731155237401026 0.466933697447206
12 0.6052839109375 0.1343612328125 0.7952155624999999 0.1343612328125 0.7952155624999999 0.4030837 0.6052839109375 0.4030837
12 0.42236574397645654 0.40523115397257053 0.2351271546414182 0.39927221415828124 0.2437452204147803 0.12855136657869662 0.4309795283669473 0.13451023652029998
5 0.33752549293353695 0.754492490699512 0.291741492531969 0.787946467496624 0.13231976559609393 0.5697966457765026 0.1781019984375689 0.5363436124999879
0 0.40220822200853945 0.5022026455441363 0.390181217157874 0.5011472779978454 0.39346727856957386 0.4637023447546886 0.4054942171875382 0.4647577093750047