6 0.4889398750000282 0.5279745453124977 0.482848358496085 0.4775969955298801 0.6852399378281007 0.45312493892749706 0.691332112708551 0.5035017230566358
10 0.7370086794635426 0.638199321578393 0.6926170061128687 0.6495510748148041 0.6748486374597178 0.5800737610143968 0.7192397521519069 0.5687220824247392
7 0.4138253925224262 0.7167866461235639 0.3896899474207203 0.7089692218086493 0.4033927843750007 0.6666698453124914 0.42752802004224577 0.6744872329698888
6 0.291740299568346 0.6290208134663379 0.31930766350308204 0.5894878225086557 0.41843996666773364 0.6586068220118785 0.39087312906247007 0.6981393430777558
7 0.2784271395128144 0.6236457082254444 0.26434301899223556 0.6289788201256682 0.24047079299248253 0.5659418134633036 0.25455475781257064 0.5606087343749807
1 0.44800173067676496 0.5962074650156123 0.4037991833229171 0.6655652475967124 0.25741267597652495 0.5722799039754052 0.3016150638952695 0.5029232044957439
6 0.34192875931557865 0.5042277936834969 0.3609669921875138 0.45920964843749446 0.4446866524564257 0.4946121348957409 0.4256487869574812 0.5396299684786252
10 0.3526210442196316 0.4731957296875 0.30949959935935567 0.4731957296875 0.30949979444221754 0.4172514078125001 0.3526209124062234 0.4172514078125001
7 0.7038509329015596 0.6981385306354434 0.6735905346531581 0.6964971602076068 0.6767487357917616 0.6382839281171769 0.70700877129525 0.6399252886054161
2 0.42689500546646286 0.565278637213691 0.45881039214850716 0.5599888679926615 0.4660133647349767 0.6034429869806078 0.4340979831860068 0.6087327354283121
0 0.6299357381000164 0.6079449302617239 0.6135831010917627 0.5431906125156276 0.6656132252027191 0.5300525502262329 0.6819660595496089 0.5948065688243234
6 0.6053375645234382 0.5685273425776181 0.6368909984197444 0.5674576297137638 0.640066984407099 0.6611296613377173 0.6085135510717237 0.6621993648207313