6 0.3371770831563481 0.6402779988799439 0.403152804057072 0.652178984832135 0.390243771874907 0.7237330515624923 0.32426807455544804 0.7118321553677841
6 0.6106743041992786 0.4090665033211077 0.6353356023965944 0.4113304138987292 0.627171554120082 0.5002579059546705 0.6025102578125825 0.4979940093750042
6 0.6685929013178793 0.4856698308374905 0.6849676234375011 0.4172751999999474 0.7147857019914454 0.42441372384548437 0.6984111484892992 0.4928082083456756
6 0.33195828819907547 0.4403351715772813 0.3200325484375526 0.49252154687499117 0.25504001758997674 0.47767002460920255 0.26696592656253415 0.4254838921874821
0 0.507956572173498 0.5440874374807011 0.5291319530701912 0.5583704599777845 0.5149918356611352 0.5793319401616513 0.4938164796874389 0.5650489484374744
9 0.43310105580519576 0.33404635165018587 0.45990803816346215 0.3357082666640978 0.4510105655164125 0.4792193986759566 0.42420358437505 0.47755749843750256
9 0.4086146643853681 0.6259681228655102 0.43603342957817404 0.6279631865825227 0.42879945044660417 0.7273684315512869 0.4013806875291266 0.7253733884452386
9 0.5917094415029851 0.37912958808821823 0.6205067123777326 0.38398576453224526 0.5992966968196924 0.5097547114021567 0.5704994359375632 0.5048985765625019
9 0.6466385185786976 0.3946228887348874 0.6870895066247158 0.40669158562963664 0.6563907209100535 0.5095793992271392 0.6159397710426902 0.49751079123353914
9 0.7210084520976352 0.43137492084994866 0.7564772523041938 0.4417942110386754 0.73365465937502 0.5194804859374914 0.6981858846318119 0.5090612565318501
1 0.37109500676717744 0.5464944114582514 0.36651853195564854 0.47111484190807157 0.45887269651257157 0.4655082411394735 0.46344967277525484 0.5408872648703831
9 0.42094053940559206 0.49979491118689523 0.3943623128308218 0.4989885063772463 0.39847467497327216 0.3634677599630299 0.42505243369510026 0.3642741577262405
1 0.45196926163919215 0.5889267301831337 0.4294584960987322 0.6620978769510147 0.28814176050434526 0.6186260414355368 0.3106530767767026 0.5454558952842076
1 0.5694368091271826 0.569184774641839 0.5616086350298701 0.49718533740122733 0.739909062735137 0.47780083930579426 0.7477381333202402 0.5497991967831635
0 0.36926064006399884 0.47359169882484514 0.3712963667629765 0.5440345531197046 0.3222660213374411 0.5454511373525365 0.3202305699412591 0.47500855093446115
0 0.6051032920323678 0.6437398598326862 0.5771966748061459 0.6425504991616613 0.5796585102810923 0.5847976297278535 0.60756482673753 0.5859869839902735
11 0.8312829319604589 0.7075933111417337 0.7657958535171474 0.7241033166716684 0.7429369370989889 0.6334438997417454 0.8084228477957822 0.6169340466806698