11 0.5063083260099575 0.8381866145484507 0.47110704095052824 0.8440673256342281 0.4418377698128779 0.6688923033834796 0.47703766419488147 0.663011710098266
11 0.5942810199505857 0.8472929795649922 0.5612713459088354 0.8507942684363543 0.5426495231788522 0.6752552803614219 0.5756578652575399 0.6717540624311532
11 0.4092663302789106 0.33451541517720795 0.4462922696861824 0.3234686141502634 0.4974203778174342 0.4948280741788449 0.4603944907873938 0.5058747481448225
11 0.5975590593675406 0.29459551823931623 0.6296480137440312 0.3009780956036951 0.5889730781136677 0.5054655602608125 0.5568841470901589 0.4990830651177774
10 0.4562125716038281 0.6207550646705647 0.4723190704021363 0.622127941298046 0.4647208144377828 0.711258492841705 0.4486143171814092 0.7098856286787094
10 0.5635783358152366 0.6181536503162809 0.5775473700526845 0.6204267786256873 0.5671560635427113 0.6842762955296413 0.5531870327885144 0.6820031818096066
10 0.44023050670750763 0.4763944646261518 0.4608181647506626 0.47493079029127583 0.46748563838480095 0.5687062567974115 0.4468979815278544 0.5701699201743438
10 0.5804416334135567 0.49339206996826024 0.5967241920171773 0.49416932158530497 0.5933597942845381 0.5646438825450273 0.5770772359902594 0.5638666353536297
5 0.8497289906233618 0.4341765354296785 0.8887743657508054 0.4507098885967754 0.7533155957148665 0.7705782599547358 0.7142705173649802 0.7540454309213244
5 0.32685389743437554 0.7533012987975524 0.28166517006172853 0.7775532410030808 0.14001884344804694 0.5136558111473543 0.18520543990962324 0.489404572314787
12 0.2748966899695233 0.169514209118072 0.45149106918552206 0.19058998293287427 0.4232041982380679 0.4276007013710185 0.2466098599313682 0.40652515618699253
12 0.7821200019302523 0.40722466405214197 0.6000472381915642 0.4253326438800869 0.5689742203742298 0.11288525185039815 0.7510427575911081 0.09477747486313336