3 0.3574748998130417 0.35009377314461415 0.3730971875651221 0.35228718107883916 0.36095608854850525 0.43875681676032485 0.34533380312507234 0.4365634203125053
3 0.41027073381610535 0.46175050074825735 0.3938017062499739 0.4639755421875028 0.3791504482521759 0.3555368167525654 0.39561925312500534 0.3533117906249962
3 0.6391704609375 0.333006515625 0.655528378125 0.333006515625 0.655528378125 0.423364990625 0.6391704609375 0.423364990625
3 0.6980110284899865 0.4065711021459258 0.6815798765625232 0.4091512984374931 0.6693898085067076 0.33152564573748805 0.6858208171875049 0.32894546093749943
3 0.687638524048225 0.7015472640624999 0.6670392003532015 0.7015472640624999 0.6670395238794526 0.5817461390625 0.6876383640624226 0.5817461390625
3 0.7550147540010812 0.6968654601857633 0.7363320054255382 0.7007201772871839 0.7125771438334141 0.5856008118774022 0.7312594765625136 0.5817461390624987
3 0.30292432447072315 0.6365703755213356 0.32058010299454054 0.638563371683042 0.3115335698804529 0.7186948984359867 0.2938777940792079 0.7167019188591447
3 0.389560931245569 0.7208372579373062 0.3706495061755959 0.7227673562692983 0.36277360821372895 0.6456073123858636 0.3816847296874357 0.6436772296875053
7 0.4700335605099326 0.4371855027838224 0.44451627135947547 0.4386356358234103 0.44216105438476916 0.3971931518487835 0.4676782097442356 0.39574302261090044
7 0.5891477284691291 0.3686778508788062 0.6086790453360891 0.37613676766626963 0.592174138699761 0.41935316956549334 0.5726428328124484 0.41189427343748064
7 0.5383669319195405 0.661114985606892 0.5586225031249796 0.6593245218749969 0.5619544639846481 0.6970138854589952 0.5416988937308815 0.6988043421834651
7 0.5770241704304908 0.6497797179105387 0.5915933917144685 0.6686142558133217 0.5755620991336627 0.6810133465619108 0.5609929200256829 0.6621788473165714