6 0.3951212084276676 0.47351602476276455 0.3627760250000165 0.5208027406249653 0.27757200161317996 0.4625247858775513 0.30991710000000694 0.4152384171874885
3 0.630984578768107 0.4380923721499413 0.6080882479894854 0.4419959587381166 0.593032290309452 0.3536893827945285 0.6159283796874888 0.34978581718750756
11 0.8245259475588682 0.6571109198974039 0.7441889333441623 0.6726574822222334 0.7191508457161717 0.5432833666481667 0.7994859757844779 0.5277369919897503
11 0.28491586336303953 0.695471384063553 0.21436904922256872 0.6836854152770567 0.23152197392778362 0.5810313987276701 0.3020673990366731 0.5928172495151596
1 0.7278136659977008 0.5138529257610511 0.7415346109439724 0.6593626966179293 0.31106517535397415 0.6999369393795135 0.2973504513935268 0.5544327520680422
1 0.6074313391231954 0.5296454876039352 0.5452858093749455 0.5315583109375003 0.542847585690879 0.4523369968964731 0.6049923781139341 0.45042418492990416
1 0.5493369341869538 0.4857662756107652 0.5416055892013674 0.5730353254653014 0.3573200079299568 0.5567086410966348 0.3650525048659574 0.4694408927729265
6 0.636175733593177 0.4260525236603064 0.6710980921874352 0.4260541218750001 0.6710948085943755 0.49779895445662925 0.6361724500000037 0.49779735625
9 0.67410263563238 0.6765260772321771 0.6644630511332252 0.6785835724752929 0.6479390497917166 0.6011764212867798 0.6575784890624163 0.5991189421875068
9 0.6699715419865697 0.6733794772566204 0.6656261377714827 0.6737469566612325 0.658866318736159 0.5938224797000518 0.6632116562500414 0.5934550031250004
9 0.7059466570732411 0.6607699777772255 0.7007491213283856 0.6631490051039542 0.6659006258273621 0.5870234402908436 0.6710980921875489 0.5846444312499907
9 0.6489412175664029 0.6935178442303668 0.6455052797391545 0.6947608227392571 0.616588149219865 0.6148364227334998 0.620024034375092 0.6135934546874822
9 0.6140154676372731 0.7092510698629897 0.6062672824070887 0.710936098460388 0.5916210073626189 0.6435981696822745 0.5993690859374965 0.6419131531249944
9 0.5832208130406116 0.7350534694782979 0.5759929660455327 0.7362034787422309 0.5631712503999324 0.6556301937484911 0.5703989772410978 0.65448019410058
9 0.5469446370018431 0.6999258209438699 0.5422176058274317 0.7004481200065802 0.5383104079455734 0.6650912080881224 0.5430374046875386 0.6645689109374961
9 0.46191976591251205 0.6834487055434757 0.4664123993940166 0.6843810640020133 0.45544334128805986 0.7372282539300116 0.45095070945512816 0.7362959009077703
9 0.4356017285110738 0.6778414188783197 0.43882096535003257 0.6784490022184683 0.42683347628383217 0.7419543369160088 0.4236142406250565 0.7413467578125076
9 0.3863756581264397 0.7165468173408815 0.38118383763935526 0.7142544973733628 0.4030251716941393 0.6647939221272887 0.40821694114094953 0.667086229143371
9 0.316208329318556 0.6117054038505523 0.3219581964654026 0.6140805226396128 0.2949191530980215 0.6795305460245511 0.28916929531249025 0.6771554437499859
9 0.3265408638283134 0.6221005634448397 0.3341426529995033 0.6228243435165046 0.32794128068928785 0.6879484456711894 0.32033949218748603 0.6872246703124998
9 0.33573681874997874 0.7073631218749881 0.3278095993458692 0.7036007377601016 0.35678398431173264 0.6425613630747341 0.36471111085904795 0.6463237213473778
9 0.3711007086583322 0.6558166951460308 0.37829735146942767 0.6566076738180473 0.3703482121339903 0.7289218726155594 0.36315157031253875 0.7281309000000051
9 0.3796570055258144 0.6503204391032261 0.383803628311739 0.6509521237471663 0.3740579937034454 0.7149173944671906 0.36991137187499135 0.7142857140625013
5 0.460437447840377 0.8072908769515781 0.39084834810864777 0.8706097202402918 0.13966739870159017 0.5945938879343801 0.20925341718748314 0.5312775328125147
5 0.8249153088848971 0.4695989285131021 0.9013828419701895 0.5299176073520643 0.6580732033355616 0.8383248668548278 0.581607684839355 0.7780085342937268
9 0.6750788640625842 0.38590308437499166 0.6799343126115218 0.3850039265382717 0.6893980056543114 0.4361052552744955 0.6845425579051607 0.43700441016802294
9 0.6908782208905677 0.4378654062468753 0.6870383484840659 0.4378944099476913 0.6864861357262271 0.3647867129438308 0.6903259734375524 0.3647577093749999
9 0.7024184693519828 0.3709251033988573 0.7093860676345685 0.37205360351017863 0.6993966191329264 0.43372761452553993 0.6924290218750002 0.43259911874999335
9 0.5909570056737721 0.4572687059930905 0.5854482924393096 0.45800904672706205 0.5723041829947988 0.36021170166208727 0.5778128281250474 0.35947136562499643
9 0.5883280750000495 0.36475770937499913 0.5952431762318611 0.364592657527808 0.597517955851572 0.4598933318890891 0.5906028546553443 0.46005838274145944
9 0.5105152884915469 0.4942731256417266 0.5065336338760744 0.4945107125355415 0.5018017758881115 0.4152155589809625 0.5057833859374341 0.41497797343750226
9 0.48685595573454066 0.5022026422879714 0.4813655292114163 0.5027339065403557 0.4737699055823441 0.42424079896021594 0.47926027020389483 0.42370953776271636
9 0.44628306621302727 0.4070588762811307 0.45077568059343776 0.40612644374617785 0.4719596589102366 0.5081881108932048 0.46746704656891325 0.509120536610005
9 0.4437434517554948 0.49779735512196865 0.4409947004198784 0.49792857010841524 0.43784012733613054 0.43184927531566175 0.4405888531250639 0.4317180609374989
9 0.4432176656249567 0.424669603125 0.4482648763465704 0.4243152893584425 0.4540303519648887 0.5064394166206772 0.4489831414624632 0.506793728303676
12 0.5641430060430821 0.14361233434156462 0.6940668195261424 0.1460674450076544 0.6907087764735707 0.3237715282848796 0.5607849636152196 0.3213164338776946
12 0.3314550205367368 0.16271442779491105 0.4769880147288177 0.19663769684866117 0.42580601008660324 0.4162066898080819 0.28027314974383444 0.3822837567939386