6 0.3903783097659925 0.3678401276881108 0.4072045738016641 0.4581980032218514 0.2655099890624797 0.4845814984374606 0.24868468420118006 0.3942244676693691
6 0.277984261912934 0.6970667517158293 0.29837013593748907 0.6453744500000047 0.37396039512054813 0.6751807521223798 0.3535750394446495 0.7268726143779015
6 0.5875404785865612 0.748898643460397 0.4655796430819237 0.7529413161033576 0.46295187379746494 0.6736461630578585 0.5849106203124848 0.6696035249999992
6 0.7414086790100782 0.6026718255352959 0.7675441905830667 0.6149581793657956 0.7457121015625034 0.6613937234375218 0.7195766280359521 0.6491074302633142
9 0.38456777524879726 0.7423534186403273 0.3581422451893559 0.7358291489801954 0.38423926301777556 0.6301445317421656 0.4106642078124878 0.6366687249999992
9 0.41196097910346907 0.6333849475405389 0.44104300539572705 0.6392361418753265 0.41840930596322323 0.7517158589409398 0.3893273002817068 0.7458647353960206
9 0.4407877002732903 0.6449103716718875 0.4676591897934941 0.6513235596704228 0.44210261895727854 0.7583908656530656 0.4152311551820276 0.7519777531687276
9 0.8002031598407484 0.6132550752365976 0.7510898613392101 0.6279075352180651 0.726294269338041 0.5448028556795693 0.7754068569759056 0.530150509387576
7 0.7948934339378866 0.5872187248549064 0.8052858398523313 0.5890273145707564 0.8009824814182593 0.6137523105646875 0.7905900765624665 0.6119437249999903
9 0.6250335461966188 0.7330772928377869 0.6040255013497244 0.7362577072174001 0.591300036622215 0.6522116092837774 0.6123077109375572 0.649031223437496
9 0.6761833622206268 0.7121369874642067 0.6465971758452724 0.7241730462336124 0.617148889529858 0.6517953110038307 0.6467346499999849 0.639759349999992
9 0.59202040625 0.33172707031250004 0.6159963109375 0.33172707031250004 0.6159963109375 0.49037914687499995 0.59202040625 0.49037914687499995
9 0.6374261571338593 0.49989747882223207 0.6149679880281838 0.49953529405738883 0.6173266434450397 0.35330358241806925 0.6397843821669085 0.3536657636922256
9 0.68667815937863 0.5100186175386933 0.6368290862450294 0.5069520872465905 0.646582675274658 0.3484174665692499 0.6964307147194404 0.3514839649477125
6 0.5397652174926861 0.3513010260152237 0.5694729261011844 0.35248282105171425 0.5663991051669655 0.42974843960134923 0.5366913968749714 0.42856664999999977
6 0.47029657717382634 0.3471801951163969 0.5096910937671737 0.3480617140661371 0.5078468008357504 0.4304783724593204 0.4684522843750756 0.4295968578125005
3 0.43093614142480874 0.46988054036600174 0.4071107715558355 0.4672875029167719 0.4267701462420064 0.2866650593030509 0.4505950168495474 0.28925806915553887
3 0.464130829310875 0.45880863238393266 0.44195138998577477 0.45770573008071086 0.4496248858418994 0.30340320453981634 0.4718039246539547 0.3045060968089582
3 0.529035714817951 0.46681301829090766 0.5087909047913399 0.4661658600314983 0.5135629034442672 0.31689889549629074 0.5338073545808584 0.317546048033309
3 0.5818696651386972 0.46934848946360863 0.5602406440233381 0.4668462437162322 0.5762733177795099 0.32827160360010177 0.5979019683048818 0.33077382739897854
1 0.6860796296789431 0.43165670540109896 0.6965811646560951 0.49527987101667104 0.5992475967947257 0.5113437911176639 0.5887465648845591 0.44772106544840823
6 0.7021317265624702 0.43091709999999384 0.6976845148467419 0.38883509976298164 0.7507386055875713 0.38322862013163855 0.7551859395158544 0.4253104812207378