6 0.6398890937499573 0.6554252640625314 0.6276935764107066 0.5972058531714742 0.7781702109374464 0.5656876624999917 0.7903663328414723 0.6239062404576529
6 0.5856613616565483 0.47481413993051436 0.5612636968875222 0.47516494268868986 0.5599081419346703 0.3808836662195657 0.5843055062499616 0.3805328656249999
10 0.7112784083822135 0.4590761016483172 0.6905039010563314 0.4648315131927859 0.6794432223989588 0.42490950801761457 0.7002176203125146 0.4191541124999875
6 0.3755283616125098 0.4520957599480704 0.3436729779956522 0.45245106027162985 0.34231355156259724 0.3305524296874994 0.37416847229746963 0.3301971319455763
10 0.21436764916427364 0.35343208652116814 0.25559577166541203 0.3527671872671895 0.2569046249999474 0.4339210578125 0.21567650257679816 0.4345859538329033
6 0.2731732077313609 0.6179399633463716 0.2271125718920075 0.61208282244535 0.23792486406250646 0.5270664171874944 0.2839848187940106 0.5329235142135372
9 0.6383100846491061 0.30142118810383145 0.6739444967855661 0.31009441242565816 0.6314633138792942 0.4846231933763273 0.5958289328124238 0.47595006093748765
0 0.4507630387543031 0.5022930489712019 0.4429991122010506 0.5020670621523328 0.44436115332700865 0.4552775342734493 0.45212502656249853 0.4555035203124987
10 0.49008454843749405 0.5759109343749974 0.5164967067745465 0.5735933851892817 0.5232751441415076 0.6508358968025331 0.4968629881520883 0.6531534291929236
0 0.6716488593692702 0.5023719627705369 0.6651880860601977 0.5114231801467165 0.6253713856128797 0.48300400911415575 0.6318321484375247 0.4739528250000136
0 0.2619589370445965 0.40219750386230263 0.3118355671001609 0.3996095393291483 0.3158367334179957 0.47671786001816274 0.2659601046448188 0.4793058112445451
0 0.37796468535418626 0.49437103421755635 0.37796478502457376 0.4385707014899891 0.4118471611043333 0.4385707935328389 0.4118471959118324 0.49437099139612556
2 0.37918895812538267 0.5456423454299841 0.4056849775216733 0.5465723258661319 0.40421132474716615 0.5885540486987877 0.37771530551117394 0.5876240716320857
0 0.3367030431211333 0.5730949067627443 0.2855674109807751 0.5756375630410232 0.2825886013049512 0.515729681587345 0.3337237243953268 0.5131870380073612
0 0.3459529271633528 0.5269614085434643 0.378714519136679 0.5319524602420584 0.36955759634997776 0.592053484216925 0.3367960100624714 0.5870624583680216
0 0.5486575124135697 0.5618887357341238 0.5939922549795256 0.5631768409871993 0.5921064016367836 0.6295422871530704 0.5467716593850582 0.6282541896559944
0 0.4322640950017558 0.5976189355696085 0.4050041298397673 0.591519388633845 0.41528358744324123 0.54558377130466 0.44254333757351105 0.5516832932932376
0 0.6470361172135881 0.5955920173162443 0.6116830335922714 0.6272337648862714 0.5726461865065176 0.5836225707251824 0.607999059050826 0.5519809875221946
0 0.4537839041807956 0.5322324431853085 0.42309658797341854 0.5329648857388477 0.4210673161064733 0.44794205728924635 0.4517542478407677 0.44720961928621134