1 0.414363422359429 0.7030306242244742 0.46230306836821455 0.7092901819615713 0.44668890804678085 0.8288525373606123 0.398749278951982 0.8225930677995027
1 0.4716509116301495 0.8374045515251255 0.4413234812017208 0.8359379825754678 0.4459263528916608 0.7407804208059626 0.4762530924130033 0.7422469730592464
1 0.47570895439514516 0.7382949243586988 0.5117000616877476 0.7393120704152055 0.508592677149295 0.84924470279161 0.4726015704109159 0.8482275702154005
3 0.43161924924709183 0.6141122497898678 0.4528398098710795 0.6153559008245383 0.4473877106413511 0.708373660924496 0.42616715099802605 0.7071300215885012
3 0.4805581398635468 0.6435374347108163 0.5018455490452425 0.6433806333225871 0.5025140147533875 0.7341190440356136 0.4812266055882901 0.7342758439296103
1 0.5458922427368407 0.8678364927045342 0.5095541703809658 0.867142877736621 0.5114978332263718 0.7653595787109879 0.5478349830439129 0.7660531848557435
9 0.5080468749999909 0.6220828124999951 0.5141155720305051 0.6212242358538075 0.5252041069448978 0.6995914175777163 0.5191354113500211 0.7004499873672289
2 0.5511501017963383 0.7882249363148608 0.5626213419782289 0.7898354098218573 0.5561938300530755 0.8356088553469452 0.5447225917822607 0.8339983910408605
0 0.582728125 0.789809375 0.5906109374999999 0.789809375 0.5906109374999999 0.81115625 0.582728125 0.81115625
2 0.664046875 0.792859375 0.6789828124999999 0.792859375 0.6789828124999999 0.8477515625 0.664046875 0.8477515625
2 0.6970605729552517 0.8415241604200359 0.6837217279424976 0.8418259595908487 0.682651641959751 0.7945360362161432 0.6959903300595442 0.7942342388191358
1 0.6937513265065718 0.77640291929317 0.7356405775750545 0.7738692336272976 0.7412516197508694 0.8666176819907062 0.6993623713036641 0.8691513381860936
1 0.7320720751497447 0.774774548375127 0.7672182995738694 0.7718312224311765 0.7746294220906975 0.8603097994389495 0.7394832017939734 0.8632530927707847
9 0.7196421959411055 0.7051828130379422 0.7127880615347522 0.7047460072068796 0.718181920409279 0.620121010425932 0.7250359375000244 0.6205578124999993
1 0.7633461171990348 0.7748703269661323 0.8022816002924174 0.7716622227235895 0.808553963607892 0.847772497436538 0.7696184843708807 0.8509805713628095
1 0.8632518884001001 0.8444343222103033 0.8083977044485664 0.8535707020377589 0.7917943184442038 0.7539011763608028 0.8466471864009009 0.744764908118855
9 0.7863625796771885 0.7785079743297001 0.7755715181847336 0.7789017467873097 0.7716636717038909 0.6718242909527109 0.7824544687500747 0.6714305234374994
9 0.8211998354338448 0.7499762184869485 0.8149397837065635 0.7501780435682195 0.811602589903714 0.6466815102551681 0.8178625000000466 0.6464796874999996
9 0.8336281775436873 0.7379671877863999 0.8247579132455485 0.7379188386394465 0.8252608955976939 0.6456738367528372 0.8341309858345767 0.6457221854224552
9 0.8435890567413935 0.7213031246080377 0.8473478466402184 0.7215589705357716 0.8449608624622442 0.7566218548126146 0.8412020726661922 0.7563660098971433
9 0.8672422413433196 0.7423906165546132 0.8640630550503374 0.7428892757921011 0.8565692845670583 0.6951205315568748 0.8597484375000022 0.694621875000003
9 0.8824640567373763 0.6666484372955765 0.8857739310521993 0.6667658507398125 0.8836399017410486 0.7269152063095483 0.8803300274655612 0.7267977936167443
9 0.8805906424246359 0.7161390612359851 0.8753878345341946 0.7165164813869078 0.8707567299867378 0.652684642276738 0.8759594683003797 0.6523072246696128
1 0.7653826507013264 0.8438335420433658 0.8273542301722046 0.8343657852958888 0.8409283440389572 0.923195204670039 0.7789567902317458 0.9326628469175632
2 0.7403288208805634 0.8664074660819545 0.7694495932664722 0.862863695532199 0.7813457785416631 0.9605961764407542 0.752225015164413 0.9641398987841623
9 0.81639062499994 0.9264093750000072 0.8213213432831026 0.9246786750904764 0.8463375693676198 0.9959295384032731 0.841406860523648 0.9976602191780641
9 0.8070235801970966 0.9978484205175889 0.8009756005565123 0.9985681920209167 0.7922553306752889 0.9253154143249493 0.7983031805678138 0.9245956506412101
9 0.7761094062539087 0.9965578062018855 0.7716913875369755 0.997448099385487 0.7670070117878822 0.974209040015751 0.771425000000022 0.9733187499999998
2 0.6973171723057021 0.8895256668073344 0.718948053029635 0.864487316389963 0.7555839247617087 0.8961299059276276 0.733953218785814 0.9211680912256157
1 0.5437805773084392 0.8879205696183698 0.5748084215875906 0.8965262843906325 0.5533246443853841 0.9739656843507217 0.5222968392595249 0.9653600677391103
1 0.532712414204866 0.9485925709134169 0.5048745215850658 0.9451524683201262 0.5128570317633603 0.8805756512127968 0.5406944276284094 0.8840157228451121
1 0.48267536178991577 0.868649146220773 0.5205001530331401 0.873793937725479 0.510565734565148 0.9468142841092231 0.4727409538163556 0.9416695450264494
1 0.4784050377430731 0.9233438621979064 0.42197619569435574 0.9191916156186448 0.42701225220775996 0.8507755898989052 0.4834400523881186 0.8549277979899446
9 0.4536827206987937 0.9213508194768516 0.4620215770080449 0.9228719182810623 0.44837791425254636 0.9976476444292315 0.44003906250009095 0.9961265625000073
9 0.43488748184347514 0.9143593668957865 0.43897329196863666 0.9161830835690816 0.40838276102203963 0.9846988831670362 0.4042969628649189 0.9828751862392278
9 0.35040920030166944 0.9526876748233533 0.3458300831057386 0.9508606601972605 0.3641222695224542 0.9050265299549298 0.3687013296992063 0.9068535317964855
9 0.40152662661500926 0.8990001735053886 0.4070043257729594 0.9010160359120113 0.38392456436088196 0.9637142808062715 0.37844687500000873 0.9616984374999853
9 0.3931997562158358 0.8980061724416879 0.3987387054463625 0.8997683516686503 0.3753201904638672 0.9733590348429682 0.36978124999996 0.9715968750000009
1 0.4209504661127994 0.896378159478916 0.36640635453829873 0.8898635495469553 0.3739953536049825 0.8263425580946628 0.42853855398448104 0.8328571128192851
9 0.4794185170064793 0.9391746355878531 0.502631060277281 0.9427448035552533 0.4941528535410953 0.9978529394311939 0.4709403168985773 0.9942828007710396
1 0.8360969535999629 0.7402081115079683 0.8921241580993637 0.7186630148171492 0.9237749809701654 0.8009556259238388 0.8677478962380292 0.8225005005731251
6 0.8498995175375512 0.8939533709391688 0.8350592662472991 0.8781891213428253 0.8794140421421162 0.8364437792540207 0.8942541853850798 0.8522079026332753