1 0.1583718577610398 0.5621461881707114 0.21482979723123208 0.5630242317378744 0.21356860658318055 0.6441097026301348 0.1571106673156919 0.6432316656104778
2 0.24376282362777602 0.6286704202293311 0.2179899590126979 0.6343121734147252 0.20576868601381193 0.5784881057503252 0.23154128782721273 0.5728463824590038
9 0.18847157854872876 0.4774254903455303 0.19548391968817214 0.4776590389316724 0.19389928253599464 0.5252345020180836 0.1868869414385017 0.525000954282677
7 0.17250616990861545 0.5150085937987168 0.17325741776573977 0.44746777133345533 0.21661828878688993 0.44795005920389713 0.2158672574519187 0.5154906688384966
2 0.5867340775696448 0.6476581409046563 0.5684717480557993 0.6474040874754007 0.5690977964723061 0.602413696544126 0.5873599687247406 0.6026677488755032
2 0.6574453739168575 0.6309427032850641 0.618909508470324 0.632570287144815 0.6145626906513826 0.5296546480865391 0.6530978398162688 0.5280270795915374
2 0.6957220558275594 0.62493975406324 0.6538390120218764 0.6236511867137069 0.6562344785032792 0.5458069859914259 0.6981169436500068 0.5470955444600196
9 0.6841149258737005 0.5471105851851168 0.6738767263597083 0.5443045890088782 0.6943150840459111 0.4697377822771818 0.7045531671359413 0.472543761548319
9 0.7004756580048479 0.5147225369291295 0.6954504480821697 0.5135507805346692 0.7072712256150453 0.46285993573083023 0.7122963979797987 0.46403168755457436
9 0.6464624999999842 0.5474671874999968 0.6427269035158361 0.5458509319149691 0.6644031156502024 0.49575573555712354 0.6681386835400644 0.49737198402229144
9 0.6450578124999993 0.5345671874999914 0.6405994598541156 0.533616148851781 0.6554964726396975 0.4637863596686692 0.6599547785251616 0.4647373931605866
9 0.6351201293521171 0.542700780970643 0.6245828849886266 0.539930251079376 0.6419502460518061 0.4738819936799863 0.6524873847178014 0.47665250895915917
1 0.6521099353279851 0.6471059490829932 0.6845409087076177 0.7134602084155902 0.6188477121280584 0.7455627496311751 0.5864173412232958 0.6792090038549269
1 0.6078226778892031 0.745636358047946 0.5519949752094817 0.7505316758811327 0.5459012863905173 0.6810431215410923 0.6017281494921463 0.676147840672304
1 0.558561945631709 0.7594196807001216 0.521326111928488 0.7670165690959463 0.5056700789043589 0.6902902076380052 0.5429052835839911 0.6826933857330012
9 0.5515089270452336 0.8435723325591893 0.5454046928529124 0.8447011252699462 0.5378661404349714 0.8039428493047193 0.5439703125000506 0.8028140624999951
2 0.49417187500000637 0.6996156249999969 0.5110441832393917 0.6968006785293963 0.5186696826501702 0.7424995100395853 0.501797377945195 0.7453144421882552
0 0.5116156338923474 0.7596937496912625 0.5076910172278986 0.759830010114511 0.5070894613851351 0.7425065726530937 0.5110140625000668 0.7423703124999994
0 0.25985123436407775 0.7226998902227276 0.24835968589343338 0.723480082511395 0.24639664535698103 0.6945701979309715 0.25788812211067125 0.6937900080871622
2 0.20766180200701 0.6630846268590209 0.1933239785165597 0.6856984987126057 0.1483688941291348 0.6571993577121115 0.16270670231733675 0.6345856063144703