0 0.24466562476780185 0.6236828130952381 0.24507656222910218 0.6380296880952381 0.24959218761609908 0.6531328119047619 0.2582109374613003 0.656153125 0.26313749969040245 0.655398438095238 0.2684734377708978 0.64105 0.2606734377708978 0.637275 0.2561593752321981 0.635009375 0.2524640625386997 0.6236828130952381 0.24712812507739937 0.6191515630952381 0.24466562476780185 0.6236828130952381
2 0.30952031269349845 0.635009375 0.3029515622291022 0.636520313095238 0.2963843752321982 0.6327437499999999 0.2848921876160991 0.650867188095238 0.2848921876160991 0.6697453130952381 0.28653281238390094 0.685603125 0.29227968730650156 0.693154686904762 0.2992578123839009 0.705992186904762 0.30992968730650156 0.712789063095238 0.31485625015479873 0.707503125 0.31731874984520125 0.70070625 0.3210124996904025 0.6946656250000001 0.31937031269349847 0.687114063095238 0.3279906247678019 0.681073438095238 0.3316843752321981 0.6486015619047619 0.32840156222910216 0.6433156250000001 0.3214234377708978 0.640295311904762 0.3164968749226006 0.6387859369047619 0.30952031269349845 0.635009375
0 0.28151874984520125 0.6621703119047619 0.2789703126934985 0.6776421869047619 0.2764218749226006 0.6949906250000001 0.2782062501547988 0.694521875 0.28406718761609906 0.6917093750000001 0.28712656222910216 0.6865515619047619 0.2876359374613003 0.678110936904762 0.2876359374613003 0.672484375 0.2868718749226006 0.663107811904762 0.2845781250773994 0.65748125 0.28151874984520125 0.6621703119047619
0 0.2820296873065015 0.6420078119047619 0.27769687492260064 0.647634375 0.27514687492260065 0.654198436904762 0.27514687492260065 0.6617015630952381 0.2761671876160991 0.665451561904762 0.2782062501547988 0.6640453130952381 0.2812640625386997 0.66029375 0.28355781238390093 0.652792188095238 0.2820296873065015 0.6420078119047619
0 0.582007812383901 0.669203125 0.5853203126934985 0.6771734380952381 0.5893984377708978 0.678110936904762 0.5939859374613004 0.6752984369047619 0.5965343752321981 0.669203125 0.5952609374613003 0.66029375 0.5922015622291021 0.6598250000000001 0.5899078123839009 0.65795 0.5873593752321982 0.6584187499999999 0.5835375003095975 0.6626390630952381 0.582007812383901 0.669203125
0 0.7094406247678019 0.6368499999999999 0.705107812383901 0.624190625 0.7030687498452012 0.6232531250000001 0.7015406247678018 0.6199703119047619 0.698992187616099 0.6190328119047619 0.6969531250773994 0.622315625 0.6974625003095976 0.629817188095238 0.6946593752321981 0.630754688095238 0.6910906247678018 0.630754688095238 0.686757812383901 0.6349750000000001 0.6877781250773994 0.639195311904762 0.6913453126934985 0.6429453119047619 0.6961875003095975 0.6471656250000001 0.7000109374613003 0.647634375 0.7058734377708978 0.645290625 0.7094406247678019 0.6368499999999999
0 0.7285562501547987 0.654667188095238 0.7316140625386996 0.6584187499999999 0.7326343752321981 0.6471656250000001 0.7349281250773995 0.6401328130952381 0.7331437498452013 0.6321609380952381 0.7326343752321981 0.627473438095238 0.7316140625386996 0.6190328119047619 0.726007812383901 0.622784375 0.7237140625386997 0.630285936904762 0.7224390625386997 0.641539061904762 0.7234593752321982 0.647634375 0.7285562501547987 0.654667188095238
2 0.664525 0.51180625 0.657434375232198 0.515925 0.6551968749226006 0.5234765619047619 0.6548234377708979 0.538578125 0.6503453126934984 0.5461296880952381 0.6466140625386998 0.55368125 0.6421359374613004 0.5523078119047619 0.63915 0.5763359369047619 0.6402703126934984 0.583885938095238 0.645867187616099 0.59555625 0.6529578123839009 0.6037953119047619 0.6626593752321982 0.60448125 0.6671375003095976 0.598303125 0.6742265622291022 0.593496875 0.6831828123839009 0.58731875 0.6906453126934985 0.582514063095238 0.6899 0.5701562499999999 0.6854218749226006 0.560546875 0.6798234377708979 0.5584859369047619 0.6794515622291022 0.539265625 0.6734812501547988 0.531714063095238 0.6708687498452013 0.5193578119047619 0.664525 0.51180625
0 0.6395234377708978 0.5653515619047619 0.6402703126934984 0.5578000000000001 0.6343000000000001 0.5550546880952382 0.6320609374613003 0.563978125 0.6316874996904025 0.57084375 0.6324343752321981 0.5777078130952381 0.635792187616099 0.583885938095238 0.6398968749226007 0.5907515630952381 0.6387781250773994 0.5756484380952381 0.6395234377708978 0.5653515619047619
2 0.3291406247678018 0.61745 0.3378312501547988 0.6215765630952381 0.3423171876160991 0.618996875 0.34371874984520123 0.6086812500000001 0.3423171876160991 0.603525 0.33839218761609907 0.5957875 0.33390625015479874 0.5901140619047619 0.324375 0.5875359380952381 0.31820625015479875 0.594240625 0.31904843777089786 0.607134375 0.32129062476780185 0.612292188095238 0.32549687492260065 0.6138390630952382 0.3291406247678018 0.61745
0 0.27222812507739935 0.553495313095238 0.2708265622291022 0.543695311904762 0.2674624996904025 0.5452421869047619 0.2649390625386997 0.5529796869047618 0.2640984377708978 0.5632953130952382 0.26578125015479875 0.5700000000000001 0.26914531269349845 0.5643265619047619 0.2713874996904025 0.559684375 0.27222812507739935 0.553495313095238
0 0.26353749969040247 0.539053125 0.25989374984520125 0.5431796880952381 0.2587718749226006 0.54936875 0.2582109374613003 0.5581375000000001 0.2601734377708978 0.5643265619047619 0.2607343752321981 0.56896875 0.2618562501547988 0.55916875 0.26325781238390095 0.54936875 0.26353749969040247 0.539053125
0 0.24895937523219813 0.5550421869047619 0.24895937523219813 0.5519484369047619 0.2469968749226006 0.5447265619047619 0.23998750030959753 0.5344125 0.23578281238390092 0.536475 0.2307359374613003 0.5447265619047619 0.23241874984520125 0.5529796869047618 0.23466093746130032 0.5524640630952381 0.23746562476780186 0.5483375 0.24447343777089786 0.548853125 0.24895937523219813 0.5550421869047619
6 0.7071918916408668 0.7236999714285713 0.6790715133126934 0.673728538095238 0.6292968390092879 0.6937500011904761 0.6540756873065016 0.7518087904761904 0.7071918916408668 0.7236999714285713
11 0.7353122705882353 0.6268803869047619 0.7290634030959753 0.673728538095238 0.758745879876161 0.6752901797619048 0.8024886643962849 0.6643589321428571 0.797801894736842 0.6362500535714286 0.7806171529411764 0.6284420285714286 0.8089843393188855 0.5960937511904761 0.758745879876161 0.5597315011904762 0.7353122705882353 0.6268803869047619
11 0.17603008359133127 0.6237571654761904 0.13228741795665636 0.6503044630952381 0.22289730216718268 0.6862213666666666 0.23070850526315792 0.6268803869047619 0.21977286873065013 0.5722242107142858 0.15273433931888544 0.5902343761904761 0.17603008359133127 0.6237571654761904
11 0.6978185913312693 0.398886075 0.7134409975232198 0.4582270547619048 0.739999040247678 0.49102073690476195 0.7556214458204334 0.4519806107142857 0.7540591102167182 0.40825568095238096 0.7113280891640866 0.3734375011904762 0.6978185913312693 0.398886075
9 0.2666680383900929 0.7286635833333334 0.251492013622291 0.7795273309523809 0.2541701678018576 0.7839890595238095 0.29255661052631576 0.7259865869047619 0.2818441306501548 0.7955895130952382 0.2907712198142415 0.802728305952381 0.32023057337461297 0.7081396714285714 0.3407629058823529 0.6474601345238096 0.29933033684210525 0.6386160726190476 0.2800586718266254 0.6769075702380952 0.2666680383900929 0.7286635833333334
9 0.6755288191950465 0.5948117214285714 0.6969537789473684 0.5974887523809524 0.6790996006191949 0.44043591547619043 0.6639235764705882 0.4770220773809524 0.6442840074303405 0.4261583976190476 0.6430803368421053 0.585044644047619 0.6755288191950465 0.5948117214285714
