0 0.25375156222910217 0.479534375 0.24945468730650155 0.4802515630952381 0.24437499999999998 0.4888703130952381 0.2455468749226006 0.504671875 0.24945468730650155 0.5003625 0.2514078123839009 0.4903078130952381 0.25375156222910217 0.479534375
2 0.4452031250773994 0.531246875 0.44285937523219815 0.524065625 0.4342640625386997 0.5262203119047619 0.4291843752321981 0.531965625 0.42644843777089786 0.549203125 0.4241046873065016 0.568596875 0.4237140625386997 0.5843984369047619 0.4241046873065016 0.6095359380952381 0.42840312507739936 0.6231828119047619 0.4342640625386997 0.6253375 0.44090625015479873 0.6246203130952381 0.4420781250773994 0.6195921869047619 0.44598437523219814 0.6181562500000001 0.45106406253869974 0.6181562500000001 0.45419062476780186 0.613845313095238 0.45692499999999997 0.5908625 0.45692499999999997 0.5757781249999999 0.45340781238390093 0.5556671880952381 0.4506734377708978 0.5448937500000001 0.4452031250773994 0.531246875
0 0.6968218749226006 0.5108328119047619 0.6976234377708979 0.520153125 0.701625 0.52653125 0.7072296873065015 0.529965625 0.7115 0.529965625 0.7141687498452012 0.52456875 0.7144343752321981 0.5167203130952381 0.712567187616099 0.5127953130952381 0.7098984377708979 0.5029843749999999 0.7053624996904024 0.496115625 0.7021593752321981 0.49268125 0.6994906247678019 0.498078125 0.6978890625386998 0.503475 0.6968218749226006 0.5108328119047619
0 0.7037609374613003 0.47354999999999997 0.7048281250773994 0.4833609380952381 0.7066953126934985 0.49513437499999996 0.7104328123839009 0.5064171880952382 0.7139015622291022 0.5172109369047618 0.7179046873065016 0.5221156250000001 0.7224406247678018 0.5206437500000001 0.7251093752321982 0.5157390619047619 0.7267109374613003 0.505435936904762 0.7277781250773994 0.497096875 0.7267109374613003 0.490228125 0.7219078123839009 0.4823796869047619 0.7168375003095976 0.4833609380952381 0.7141687498452012 0.4774734380952381 0.7085640625386996 0.47354999999999997 0.7037609374613003 0.47354999999999997
0 0.7227078123839009 0.6099281249999999 0.7227078123839009 0.6025703130952381 0.7213734377708978 0.5966828130952381 0.7181718749226007 0.596192186904762 0.7152359374613003 0.5966828130952381 0.7115 0.5981546880952381 0.7128343752321981 0.6045328130952381 0.7147015622291022 0.61041875 0.7197718749226005 0.6148343749999999 0.7219078123839009 0.615325 0.7227078123839009 0.6099281249999999
0 0.7082968749226006 0.6025703130952381 0.7061625003095976 0.610909375 0.7053624996904024 0.621703125 0.7085640625386996 0.6261171869047619 0.7122999999999999 0.6261171869047619 0.7149687498452012 0.6226828119047619 0.7147015622291022 0.61630625 0.712567187616099 0.60845625 0.7082968749226006 0.6025703130952381
2 0.7015281250773994 0.615967188095238 0.6999234377708978 0.608228125 0.6971171876160991 0.6034359380952381 0.6941093752321981 0.6034359380952381 0.6898984377708979 0.6049109369047618 0.6868921876160992 0.60159375 0.6840843752321982 0.6019609369047618 0.6810765622291022 0.606384375 0.6778687498452013 0.606753125 0.6768671876160991 0.6093328119047619 0.6750625003095976 0.6126499999999999 0.6710515622291021 0.6144937500000001 0.6674437498452013 0.615229686904762 0.663432812383901 0.6181796869047619 0.6596234377708978 0.624076561904762 0.6588218749226006 0.632184375 0.660425 0.6450843749999999 0.663032812383901 0.6495078130952381 0.666440624767802 0.65393125 0.6690468749226006 0.6565109369047619 0.6744609374613003 0.654667188095238 0.6758640625386997 0.6520875 0.6752624996904025 0.6450843749999999 0.6784703126934983 0.645821875 0.6808765622291022 0.6425046869047619 0.6820796873065015 0.63808125 0.687092187616099 0.63845 0.6931062501547988 0.637345313095238 0.6945109374613003 0.634396875 0.6959140625386998 0.628867188095238 0.7017281250773993 0.6226015619047619 0.7015281250773994 0.615967188095238
1 0.6445859374613002 0.623339061904762 0.636967187616099 0.6273937500000001 0.6325562501547988 0.6325531249999999 0.6287468749226006 0.633659375 0.6227312501547988 0.6355015619047619 0.6167171876160991 0.63808125 0.613107812383901 0.646190625 0.6165156247678019 0.6679359369047619 0.6211281250773995 0.684153125 0.6247375003095975 0.6885765630952381 0.62975 0.691525 0.6351625003095975 0.6944734369047619 0.6395734377708978 0.6955796880952381 0.6457890625386996 0.6937375 0.6518046873065015 0.69263125 0.6584203126934985 0.6874703130952381 0.6652375003095975 0.6801 0.6698484377708979 0.6664625 0.6688468749226006 0.6535624999999999 0.660225 0.6355015619047619 0.6598234377708978 0.627025 0.6542093752321981 0.624814063095238 0.6491984377708978 0.623339061904762 0.6445859374613002 0.623339061904762
9 0.6920374996904025 0.7614171880952381 0.6973390625386997 0.7605031250000001 0.695682812383901 0.759285936904762 0.6903796873065016 0.754715625 0.6859062501547987 0.7480140619047619 0.6830890625386997 0.7413140619047619 0.6812671876160991 0.74161875 0.67845 0.7388765630952381 0.6782843752321982 0.74375 0.6827578123839009 0.7522796869047619 0.6877281250773993 0.758676561904762 0.6920374996904025 0.7614171880952381
9 0.6509421876160991 0.759590625 0.6519374996904025 0.7669 0.6552515622291022 0.7766484380952381 0.6610499999999999 0.7842625 0.6718218749226006 0.795228125 0.6703296873065016 0.7906593749999999 0.6650281250773994 0.7842625 0.6610499999999999 0.77634375 0.6706609374613003 0.7842625 0.6698328123839009 0.781521875 0.6646968749226007 0.7745156249999999 0.6605531250773994 0.766290625 0.6574046873065016 0.75898125 0.6560796873065015 0.762635936904762 0.6544234377708977 0.761721875 0.6509421876160991 0.759590625
1 0.5874312501547988 0.6942312500000001 0.5942234377708978 0.7009218749999999 0.6058687498452012 0.7093953119047619 0.6126609374613003 0.708948436904762 0.6187265622291022 0.7027046880952381 0.6238218749226005 0.692448436904762 0.6223656247678019 0.6759468750000001 0.6170281250773993 0.6589999999999999 0.6129046873065015 0.649634375 0.6082953126934985 0.6474046880952381 0.5947093752321981 0.6429453119047619 0.585732812383901 0.645175 0.5813656247678018 0.6589999999999999 0.5845203126934985 0.6857578119047619 0.5874312501547988 0.6942312500000001
9 0.6226421876160991 0.7881765630952381 0.628275 0.8113265630952381 0.6296015622291021 0.810107813095238 0.6296015622291021 0.8052343750000001 0.6274468749226005 0.79426875 0.6322515622291022 0.8043203130952381 0.6314234377708978 0.7976187499999999 0.6292703126934984 0.79183125 0.6257906247678018 0.7799515619047619 0.6218124996904024 0.75710625 0.62115 0.7708140619047619 0.6175046873065015 0.763503125 0.6191624996904025 0.77325 0.6226421876160991 0.7881765630952381
0 0.57715 0.6782859380952381 0.5760468749226006 0.6823406249999999 0.5756046873065016 0.6904499999999999 0.5786937498452013 0.698557813095238 0.5826624996904025 0.7086937499999999 0.5868531250773994 0.71518125 0.5917062501547987 0.715992186904762 0.5936906247678019 0.7082890630952381 0.5919265622291022 0.69936875 0.5881765622291022 0.6916656250000001 0.5848687498452012 0.688421875 0.5817812501547988 0.676665625 0.5808984377708979 0.669367188095238 0.5786937498452013 0.676665625 0.57715 0.6782859380952381
2 0.394975 0.6503125000000001 0.39740156222910217 0.6478796869047618 0.4004890625386997 0.642203125 0.39651874984520125 0.636526561904762 0.38968281238390096 0.6316625 0.3821843752321981 0.6259859380952381 0.3760078123839009 0.624770313095238 0.3704937498452012 0.627201561904762 0.3678484377708979 0.6340953119047619 0.366525 0.6409874999999999 0.36586249969040247 0.652339061904762 0.3696125003095975 0.6584203119047619 0.37733125015479874 0.664907813095238 0.3835062501547987 0.664907813095238 0.38791718761609906 0.661257813095238 0.3901234377708978 0.65639375 0.3923281250773994 0.6503125000000001 0.394975 0.6503125000000001
9 0.35571718761609905 0.777617188095238 0.3433671876160991 0.8011328130952381 0.34821874984520124 0.7995109369047619 0.35505625015479875 0.7889703119047619 0.36057031269349843 0.7751843749999999 0.36630468730650156 0.7605890619047619 0.3700531250773994 0.741939063095238 0.37247968730650155 0.7313984380952381 0.36696562476780187 0.73018125 0.36630468730650156 0.73666875 0.36365781238390094 0.7532921880952381 0.35571718761609905 0.777617188095238
1 0.3199890625386997 0.611390625 0.3135921876160991 0.62841875 0.3100640625386997 0.64058125 0.31668125015479875 0.653960938095238 0.3250609374613003 0.666529686904762 0.3407203126934984 0.6746375 0.35593750030959753 0.6742328130952381 0.36431874984520124 0.669771875 0.3735828123839009 0.6559875 0.3753468749226006 0.642203125 0.3751265622291021 0.632067188095238 0.37137656222910215 0.6215265619047619 0.36476093746130034 0.6138234380952381 0.35571718761609905 0.610173436904762 0.34623437523219813 0.6073359380952381 0.33278125015479876 0.601659375 0.3219734377708979 0.6008484380952381 0.3199890625386997 0.611390625
9 0.3374124996904025 0.69004375 0.3338828123839009 0.6932875 0.33410312507739937 0.69936875 0.3310156247678019 0.717614063095238 0.326825 0.7362640619047619 0.32042968730650156 0.7528859380952381 0.31601874984520123 0.76464375 0.3155781250773994 0.77113125 0.32065 0.7670765630952382 0.32572343777089785 0.760995313095238 0.3288109374613003 0.7484265619047619 0.33410312507739937 0.734235936904762 0.3387359374613003 0.7168031250000001 0.34270468730650155 0.69936875 0.3449109374613003 0.68071875 0.34182343777089785 0.685584375 0.3374124996904025 0.69004375
9 0.31050468730650155 0.68436875 0.30609374984520127 0.698153125 0.2977124996904025 0.7168031250000001 0.28668593746130033 0.7431562500000001 0.2915374996904025 0.740723438095238 0.2966109374613003 0.7313984380952381 0.30168281238390093 0.720857811904762 0.3078578123839009 0.7050453119047619 0.3153578123839009 0.688828125 0.3221937498452012 0.6774765619047619 0.3213125003095975 0.6689625 0.31645937523219814 0.6738265630952381 0.31050468730650155 0.68436875
2 0.3001390625386997 0.634904688095238 0.30322656222910216 0.642609375 0.30807968730650154 0.639365625 0.3127109374613003 0.6280125 0.32087031269349847 0.614634375 0.32065 0.60693125 0.31645937523219814 0.5947671880952381 0.3118281250773994 0.5838203130952381 0.3089609374613003 0.589496875 0.3056531250773994 0.591523436904762 0.30102187492260063 0.598417188095238 0.30322656222910216 0.6040921880952381 0.3008015622291022 0.6134171869047619 0.2994781250773994 0.6300406249999999 0.3001390625386997 0.634904688095238
0 0.23463750030959754 0.542084375 0.2310859374613003 0.5325859369047619 0.22301250030959752 0.5254625 0.21687812507739937 0.5302125 0.21074218761609909 0.5480203130952381 0.20848125015479876 0.566421875 0.21074218761609909 0.5871968750000001 0.2178468749226006 0.5907578119047618 0.22688750030959753 0.5931328119047619 0.23496093746130028 0.5931328119047619 0.23948125015479876 0.5907578119047618 0.24400156222910216 0.575325 0.2446468749226006 0.565234375 0.24077187492260063 0.5551421869047619 0.23463750030959754 0.542084375
25 0.3742202068111455 0.6648204119047619 0.37090852383900924 0.7070443726190476 0.3775318904024768 0.7211190273809525 0.38415525634674924 0.6639924904761905 0.3775318904024768 0.6639924904761905 0.3742202068111455 0.6648204119047619
25 0.6134893213622291 0.7550637797619048 0.6234243708978329 0.7600313047619047 0.6151451628482972 0.7029047690476191 0.612661400619195 0.7029047690476191 0.6060380340557275 0.7045606107142858 0.6134893213622291 0.7550637797619048
25 0.6449503120743034 0.7534079380952381 0.6573691244582043 0.7509241761904761 0.6449503120743034 0.6987651654761905 0.6590249659442724 0.6946255607142857 0.679722986377709 0.7426449678571428 0.6830346693498452 0.7343657595238096 0.6598528866873065 0.6846905107142858 0.6490899164086688 0.6921417988095238 0.6374990247678018 0.6971093238095237 0.6449503120743034 0.7534079380952381
11 0.21358134736842105 0.6969496607142858 0.23390184024767802 0.6597674821428572 0.2568164383900929 0.5975089523809524 0.2620046489164087 0.5784855119047618 0.26113994736842105 0.5676767392857143 0.25854584210526316 0.5620561773809524 0.25378998204334363 0.5564356166666666 0.2486017708978328 0.5538415107142858 0.24427826191950464 0.5490856511904761 0.23865770030959751 0.5464915452380953 0.23260478761609907 0.5438974392857143 0.22655187492260062 0.5438974392857143 0.216175453250774 0.5361151238095238 0.21358134736842105 0.5387092285714286 0.20666373312693498 0.5542738619047619 0.19628731145510836 0.6122088833333333 0.19455790773993809 0.6809526773809524 0.20925783839009288 0.6930585023809523 0.21358134736842105 0.6969496607142858
