9 0.2948640655415602 0.376890625198065 0.28871752196539546 0.37649036964992644 0.29390151842528667 0.29688555028258473 0.3000480111553543 0.2972858041549552
9 0.27287368964584857 0.2916574421491342 0.2791906573821734 0.29119904000714875 0.28503102476531694 0.3716791001231997 0.2787140572336284 0.3721375003821656
9 0.28595834534257847 0.2588074798233495 0.2959212402912499 0.25926246860298013 0.29086445729808474 0.36998779884917876 0.2809015624999347 0.36953281249999953
9 0.357590620355154 0.30100781245662 0.3613640952444257 0.30104305428667727 0.360390103630607 0.4053282190241742 0.35661662874395006 0.405292977394258
9 0.402403124999978 0.27555625000000034 0.4057939392754406 0.2755067601464778 0.40717987061248095 0.3704614479704929 0.403789056342589 0.3705109375898684
9 0.38808126292747147 0.41945781208406296 0.3830366944795287 0.4196201194279908 0.3793829455070181 0.3060640956619371 0.38442744729661626 0.3059017894273073
9 0.37329843750001146 0.3293968750000005 0.38044774722186503 0.3291879478686632 0.3836805397130547 0.4398066998087028 0.37653123005497946 0.44001562558285656
2 0.4302745562227983 0.48201335129413586 0.44022300389576685 0.48257669096317884 0.43812318495292857 0.5196562233695791 0.42817473741115464 0.5190928852955831
0 0.4453671874999827 0.5290968749999938 0.4397493914482311 0.5275504447050218 0.4494509975799019 0.49230982780779653 0.45506876363140236 0.4938562537523648
2 0.5410011930842984 0.46533841647075763 0.5552944466526242 0.46564499740877763 0.5538018543375074 0.5352266914295213 0.5395086008210228 0.5349201121216872
9 0.5465422750171456 0.4605734345500431 0.5387638957071204 0.4608356217202316 0.5346061175399655 0.33749031005581104 0.542384375000097 0.3372281249999985
1 0.5908485557032463 0.5305290374020497 0.5548080631627954 0.5298742062839691 0.5565918418958518 0.4317206219600919 0.592631814079482 0.43237544833797364
1 0.6394651676747571 0.4862330568470448 0.6140347995922184 0.4885742866589457 0.6067840560987179 0.40982048210759275 0.6322141520107607 0.4074792648865245
1 0.7251411346096575 0.4587673296756973 0.6817746789175771 0.45996838307331894 0.6793788802182235 0.37345992861012056 0.7227448588117795 0.3722588818385301
1 0.5900274376531343 0.4157435102787503 0.6133220557139794 0.4154823672380543 0.6142873727000051 0.5015857847647908 0.5909927546657627 0.5018469262304879
1 0.6842244538235036 0.46953344584262324 0.6400076322834138 0.4725144424336597 0.6349478802013664 0.39746486958606403 0.6791642591316531 0.39448388807520585
9 0.7077750082631837 0.36170156315000174 0.6995863492085164 0.3610574209616757 0.7073986174458469 0.26174775213225865 0.7155871964066591 0.2623918910777632
9 0.6989968913537723 0.33624843637486834 0.6935269515926166 0.33662476628316057 0.6865119201573862 0.2346639422274521 0.6919818106314324 0.23428761403987985
9 0.6703546875000939 0.3851953125000047 0.6639440940414261 0.3845902710153122 0.6706824512107232 0.3131985763390476 0.6770929954519715 0.31380361546518404
9 0.6454062499999509 0.263807812500001 0.6507154505501376 0.2633998873439445 0.6571841761689257 0.34758895331552475 0.6518749758082549 0.3479968768587339
9 0.6937560860585563 0.3497945895679515 0.6888869069740622 0.35001496600006304 0.685349608375418 0.27186100056134566 0.6902187499999854 0.2716406249999986
2 0.6307087388978516 0.5450094985938385 0.6055806094549325 0.5089410799688974 0.6602489425407612 0.47085781622425965 0.6853770202154692 0.5069260482748982
2 0.6053702486057091 0.516198147718261 0.6204678355630904 0.5129331154560266 0.629610867662791 0.5552071005398024 0.614513284337022 0.5584721212821065
2 0.5963803810406034 0.49929001736270784 0.6065945289414003 0.4998577439446966 0.6052641478141823 0.5237911630217725 0.595049999999901 0.5232234374999971
1 0.5982506317170646 0.6124261059537656 0.5616728466289942 0.6147796507595817 0.5556981300568395 0.5219277907791009 0.5922753336204778 0.5195742646393811
9 0.5806997607163566 0.6159443955737696 0.5875100633561487 0.6152099759210428 0.595823971975733 0.6922954962856052 0.58901367025112 0.6930299102934911
0 0.6028221393814874 0.5591669107761795 0.5949923056344915 0.5601396334914099 0.590807647110978 0.5264585353930665 0.5986374372471346 0.5254858154252007
2 0.3940164859852757 0.531174324410684 0.4137352131431271 0.536603171124745 0.4025610274821929 0.5771864527548028 0.38284230801752983 0.5717576252863954
1 0.3837184310654038 0.5901491924366303 0.3548064013233443 0.5869382614511839 0.36222773575400424 0.5201227957385149 0.3911394386818756 0.5233337083639426
2 0.31097168792598495 0.49037517509376854 0.36370615532791817 0.48886788710651974 0.36663666121171445 0.591386787986667 0.31390219438583244 0.5928940632159502
9 0.35805306019233285 0.6455906154151594 0.3627752740643473 0.6462890152397223 0.35307377532672035 0.711876520055755 0.3483515624999427 0.7111781249999933
9 0.31277811076472517 0.5858749948818411 0.3214471003769859 0.5889918437351082 0.29522419544377954 0.6619179806316098 0.2865552173736887 0.6588011547163286
9 0.3372623298337203 0.5897905939950375 0.3502036947173792 0.5921485611697137 0.3321866711688699 0.6910204440261352 0.31924531250001564 0.6886624999999947
1 0.41812673297920355 0.5231102839935834 0.36398239277298217 0.5156426423883501 0.377102163151676 0.4205268146422829 0.43124575764477413 0.4279944036882465
1 0.3875092292315685 0.45651613387872786 0.3530311855832906 0.49530231282785214 0.2500114382172569 0.4037301990617909 0.28448921845256336 0.36494437619041303
6 0.7159313660374664 0.489153994000481 0.724567558649369 0.5089647221093948 0.6816870513671347 0.5276562671179337 0.6730509434881924 0.5078456109655733
6 0.30925145060678005 0.48922926897424396 0.31221792642213586 0.5090038432579133 0.26394942328420257 0.5162441244054706 0.2609830299404621 0.496469623755762