1 0.29226718761609904 0.311634375 0.29226718761609904 0.327134375 0.29552343777089785 0.34177343809523814 0.30244531269349845 0.350384375 0.31343749969040247 0.3564125 0.32280156222910217 0.34866250000000004 0.3297218749226006 0.3391890630952381 0.33012968730650155 0.322828125 0.3285015622291022 0.303884375 0.3248374996904025 0.299578125 0.31791562476780183 0.3004390630952381 0.3085515622291022 0.29785625 0.30244531269349845 0.2987171880952381 0.29389531269349845 0.2987171880952381 0.29226718761609904 0.311634375
1 0.37898437523219813 0.3943015630952381 0.38712812507739935 0.38310625000000004 0.39119843777089786 0.36760624999999997 0.3924203126934985 0.35210625 0.38753437523219814 0.33832812500000004 0.38183437523219815 0.319384375 0.3765421876160991 0.3107734380952381 0.37165625015479875 0.322828125 0.3692140625386997 0.34177343809523814 0.3671781250773994 0.3589953119047619 0.36555 0.38052343690476187 0.3696203126934985 0.396884375 0.37898437523219813 0.3943015630952381
1 0.39038437523219816 0.3607171869047619 0.38957031269349846 0.3719125 0.3887562501547988 0.38138437499999994 0.3916062501547987 0.393440625 0.39527031269349844 0.4029125 0.40056249969040253 0.405496875 0.40667031269349846 0.39946875 0.4119625003095975 0.3882734380952381 0.41399843777089784 0.37621875 0.41562656222910216 0.3564125 0.41277656222910214 0.3434953119047619 0.40707656222910216 0.3331625 0.3997484377708978 0.327134375 0.3940484377708979 0.322828125 0.3916062501547987 0.33660625 0.39038437523219816 0.3607171869047619
1 0.3285015622291022 0.3434953119047619 0.32727968730650153 0.361578125 0.3305359374613003 0.3770796880952381 0.3419359374613003 0.3719125 0.35374374984520124 0.37621875 0.3590359374613003 0.37621875 0.36677187492260066 0.3710515619047619 0.37165625015479875 0.353828125 0.3724703126934984 0.33143906309523813 0.36799218761609903 0.3124953119047619 0.3602578123839009 0.29785625 0.3508937498452012 0.2961328130952381 0.343157812383901 0.2944109369047619 0.3362359374613003 0.303021875 0.33216562476780187 0.3176609380952381 0.3285015622291022 0.3434953119047619
9 0.30773125015479874 0.29126562500000003 0.3113468749226006 0.2924421880952381 0.3160734377708978 0.29126562500000003 0.31968906253869966 0.268328125 0.32080156222910217 0.23597812499999998 0.31913281238390095 0.21598125 0.31440468730650156 0.18245625 0.3174640625386997 0.22656874999999999 0.3169078123839009 0.2512703119047619 0.3160734377708978 0.2700921880952381 0.31440468730650156 0.2818546869047619 0.31051250030959754 0.2842078130952381 0.30745312507739936 0.265975 0.30411718761609907 0.2371546869047619 0.3016140625386997 0.218921875 0.29688750030959754 0.1889265619047619 0.3013359374613003 0.24891875 0.3035609374613003 0.269503125 0.30773125015479874 0.29126562500000003
9 0.3091218749226006 0.28244375 0.3096781250773994 0.290678125 0.31385 0.288325 0.3149609374613003 0.246565625 0.3152390625386997 0.2142171869047619 0.3127374996904025 0.18775 0.3091218749226006 0.16892812499999998 0.31023437523219816 0.2218625 0.31051250030959754 0.257740625 0.3091218749226006 0.28244375
3 0.5612531250773994 0.1818015630952381 0.5507718749226006 0.1862359369047619 0.548675 0.21283437500000002 0.5495140625386996 0.2811046880952381 0.5667031250773994 0.2811046880952381 0.5637687498452012 0.21549374999999998 0.5612531250773994 0.1818015630952381
3 0.5998234377708977 0.2651453130952381 0.6157546873065015 0.2598265619047619 0.6056937498452013 0.1622953119047619 0.5956312501547988 0.16850312499999998 0.5998234377708977 0.2651453130952381
3 0.6144968749226006 0.1578625 0.6258171876160991 0.2616 0.6455218749226006 0.25450625 0.6279140625386997 0.148996875 0.6144968749226006 0.1578625
3 0.6354593752321981 0.6597000000000001 0.6350406247678019 0.6242343749999999 0.6295906247678018 0.5453234369047619 0.6107234377708979 0.5488703130952381 0.6165937498452012 0.6268937499999999 0.6249781250773994 0.66590625 0.6354593752321981 0.6597000000000001
1 0.5721531250773993 0.5329109369047619 0.5746687498452012 0.512517188095238 0.5725718749226006 0.4681859369047619 0.5687984377708978 0.4486796869047619 0.5562218749226006 0.4486796869047619 0.5461593752321982 0.45665937500000003 0.544482812383901 0.469071875 0.5469984377708978 0.5027640630952381 0.5495140625386996 0.5160640619047618 0.5549640625386997 0.53645625 0.5646062501547988 0.541776563095238 0.5721531250773993 0.5329109369047619
1 0.3759437498452012 0.44690625 0.3704937498452012 0.5018781250000001 0.37804062476780187 0.512517188095238 0.3822328123839009 0.5134046880952381 0.38977968730650153 0.505425 0.3977453126934985 0.462865625 0.39606718761609905 0.44690625 0.3893593752321981 0.44158749999999997 0.3759437498452012 0.44690625
2 0.36965468730650153 0.4451328130952381 0.36294687492260064 0.4389265630952381 0.35414218761609906 0.4389265630952381 0.34659687492260066 0.43537968690476186 0.3369531250773994 0.431834375 0.33150312507739943 0.43981406190476185 0.3264718749226006 0.45665937500000003 0.3319218749226006 0.462865625 0.33485781238390094 0.45843281190476187 0.3369531250773994 0.454 0.3407265622291022 0.457546875 0.3407265622291022 0.4681859369047619 0.3398874996904025 0.478825 0.33821093746130027 0.4912390619047619 0.34030781238390095 0.5027640630952381 0.3461765622291022 0.5169515619047619 0.3537234377708979 0.527590625 0.35917343777089783 0.527590625 0.3658812501547988 0.51163125 0.37175156222910216 0.49035156190476187 0.3725890625386997 0.469071875 0.36965468730650153 0.4451328130952381
9 0.34817812507739937 0.591725 0.3513015622291022 0.5779609380952381 0.3526031250773993 0.556490625 0.35494531269349844 0.536671875 0.35208281238390093 0.5317171869047619 0.3450531250773994 0.607139063095238 0.34817812507739937 0.591725
9 0.36744218761609904 0.608790625 0.3723875003095975 0.592275 0.3700453126934985 0.58566875 0.3645781250773994 0.613195311904762 0.36744218761609904 0.608790625
9 0.3190218749226006 0.5933765630952381 0.32214531269349844 0.5812640630952381 0.32500937523219814 0.5680515630952381 0.3286531250773994 0.549334375 0.32605 0.5432781250000001 0.3247484377708978 0.5531875 0.3190218749226006 0.5933765630952381
7 0.3618421876160991 0.637335938095238 0.3634874996904025 0.625821875 0.3503296873065016 0.612664061904762 0.33141406253869965 0.600329688095238 0.32483593746130035 0.625821875 0.33141406253869965 0.643092186904762 0.33799374984520125 0.643092186904762 0.3453953126934985 0.638157813095238 0.35115156222910215 0.638157813095238 0.3618421876160991 0.637335938095238
9 0.5600328123839009 0.54111875 0.5559203126934984 0.578125 0.5641453126934984 0.631579688095238 0.5822374996904025 0.639803125 0.5731906247678018 0.5822375 0.5707234377708978 0.5452296869047619 0.5600328123839009 0.54111875
9 0.5879937498452013 0.609375 0.6003296873065016 0.624178125 0.6044406247678018 0.6060859380952381 0.5970390625386996 0.557565625 0.5855265622291022 0.5641453130952381 0.5879937498452013 0.609375
25 0.5805921876160991 0.504934375 0.5814140625386996 0.541940625 0.5888156247678018 0.560032811904762 0.5995062501547987 0.55263125 0.6003296873065016 0.52549375 0.5962171876160991 0.504934375 0.5805921876160991 0.504934375
21 0.5572367455108359 0.3371619476190476 0.5688841585139319 0.33777496904761906 0.5707232235294117 0.3255145345238095 0.5645930061919505 0.2948634488095238 0.5597954452012384 0.2840689357142857 0.5535586154798762 0.28198999166666666 0.5511065281733747 0.3016066869047619 0.5486544414860681 0.3304187083333333 0.5572367455108359 0.3371619476190476
21 0.6044394179566563 0.2856681226190476 0.6056654613003096 0.2905722964285714 0.6056654613003096 0.29608949166666665 0.6044394179566563 0.3034457523809524 0.6044394179566563 0.3132541 0.6056654613003096 0.32244942619047623 0.6148607876160991 0.3187712952380953 0.6228300699690402 0.30957597023809524 0.6197649609907121 0.28689416547619045 0.6154738092879257 0.2635993404761905 0.605052439628483 0.2685035142857143 0.6013743095975232 0.2709556011904762 0.6038263962848297 0.2807639488095238 0.6044394179566563 0.2856681226190476
21 0.6289602873065016 0.26237329761904765 0.6283472650154799 0.28628114404761906 0.6338644606811146 0.3132541 0.6522551126934985 0.30651086071428574 0.6510290693498453 0.29608949166666665 0.6442858303405573 0.2550170369047619 0.643059786377709 0.25563005833333335 0.6387686346749226 0.2574691238095238 0.6326384173374613 0.2599212107142857 0.6289602873065016 0.26237329761904765
21 0.6258951783281733 0.5302637892857143 0.6258951783281733 0.5186163773809525 0.6240561133126935 0.5124861595238096 0.6209910049535604 0.5032908345238095 0.6160868309597524 0.5075819857142857 0.6062784835913313 0.5265856595238095 0.6130217219814241 0.5462023547619048 0.6289602873065016 0.5412981809523809 0.6258951783281733 0.5302637892857143
25 0.37578231578947363 0.5541716369047619 0.3739432507739938 0.5793055273809524 0.3788474241486068 0.5811445928571428 0.3923339021671826 0.5057429214285715 0.3892687938080495 0.5032908345238095 0.3782344024767802 0.5045168773809524 0.37578231578947363 0.5541716369047619
25 0.3261275560371517 0.5419112023809524 0.33103173003095976 0.5419112023809524 0.3426791430340557 0.5051298988095239 0.3426791430340557 0.49593457380952377 0.33961403405572754 0.4965475952380953 0.3261275560371517 0.5419112023809524
13 0.3733302291021672 0.5486544416666667 0.4150157058823529 0.5504935071428572 0.4524100309597523 0.5492674630952381 0.4775439213622291 0.5486544416666667 0.5216814854489163 0.5253596154761905 0.562140919504644 0.5425242238095238 0.6265082 0.5333288988095238 0.6228300699690402 0.4769309 0.46344442229102173 0.49470852976190477 0.360456772755418 0.4861262261904762 0.28444207925696596 0.4272761404761905 0.2709556012383901 0.4646704654761905 0.3144801436532508 0.5216814857142857 0.3733302291021672 0.5486544416666667
13 0.29363740495356033 0.3040587738095238 0.4052073585139319 0.3531005119047619 0.6399946780185758 0.3782344023809524 0.6448988520123838 0.26298631904761904 0.5431372458204334 0.2776988404761905 0.4094985102167183 0.28444207857142856 0.2911853182662539 0.24336962380952382 0.29363740495356033 0.3040587738095238
