8 0.19886874984520123 0.6253031250000001 0.1916890625386997 0.595875 0.18230156222910215 0.5938453119047619 0.17180937523219816 0.5948609380952381 0.16076562476780185 0.6060234369047619 0.15082500000000001 0.6242875000000001 0.15689999999999998 0.641539061904762 0.16463125015479874 0.64356875 0.1723609374613003 0.636465625 0.19279374984520123 0.636465625 0.19886874984520123 0.6253031250000001
8 0.19058437523219815 0.650671875 0.18064531269349846 0.640523438095238 0.16628750030959752 0.651685936904762 0.1552421876160991 0.661834375 0.15855625015479877 0.6760406250000001 0.1668390625386997 0.682128125 0.17346562476780183 0.6831437499999999 0.18064531269349846 0.6760406250000001 0.1872718749226006 0.6669078119047618 0.19058437523219815 0.650671875
2 0.2653718749226006 0.6449 0.2681390625386997 0.640596875 0.26941718761609906 0.6335546880952381 0.2672874996904025 0.624946875 0.26558437523219813 0.6167312500000001 0.25962343777089786 0.61008125 0.2517453126934984 0.6034296880952381 0.24216562476780187 0.5987343749999999 0.23790781238390094 0.602646875 0.23130781238390094 0.606559375 0.22364218761609908 0.6108625 0.22002343777089783 0.620253125 0.22428125015479877 0.6265124999999999 0.22598437523219814 0.633945313095238 0.2213 0.639814063095238 0.21981093746130032 0.6503765619047619 0.22236562476780183 0.653115625 0.22619687492260063 0.6515515619047619 0.23045625015479876 0.64685625 0.23407499999999998 0.65350625 0.23769374984520122 0.6578109380952382 0.2396109374613003 0.662114063095238 0.2423781250773994 0.664070311904762 0.2459968749226006 0.663679686904762 0.24642343777089784 0.6582015630952381 0.24876562476780187 0.653115625 0.25046874984520123 0.6523328119047619 0.25259687492260063 0.6499859369047619 0.25600468730650155 0.6460734380952381 0.2615390625386997 0.6484203130952381 0.2653718749226006 0.6449
0 0.2751656247678019 0.6409874999999999 0.2717593752321981 0.6335546880952381 0.26941718761609906 0.6402046880952381 0.26750156222910215 0.6464640630952381 0.26792656222910216 0.6566375 0.27090781238390094 0.655854686904762 0.27325 0.654289063095238 0.27622968730650155 0.6488125 0.2751656247678019 0.6409874999999999
0 0.6017609374613003 0.6887171880952381 0.6026125003095976 0.696932813095238 0.6058062501547988 0.704367186904762 0.6096390625386997 0.7106265619047619 0.611767187616099 0.714929688095238 0.6126187498452013 0.704367186904762 0.613257812383901 0.6922390630952381 0.6124062501547988 0.682457813095238 0.6107031250773993 0.670720311904762 0.6104906247678019 0.6644609369047619 0.6083609374613004 0.6664171880952381 0.6051671876160991 0.67306875 0.6030390625386997 0.6789375 0.6017609374613003 0.6887171880952381
0 0.5700390625386996 0.683240625 0.5715281250773994 0.687153125 0.5745093752321981 0.69145625 0.576425 0.682457813095238 0.5762125003095975 0.676589061904762 0.5725937498452013 0.6742421880952381 0.5706765622291021 0.678545311904762 0.5700390625386996 0.683240625
0 0.6777687498452012 0.6566375 0.6784062501547987 0.655071875 0.6794718749226006 0.65076875 0.6811750000000001 0.64685625 0.6809624996904025 0.639814063095238 0.6771296873065016 0.6343374999999999 0.674575 0.634728125 0.667975 0.641770313095238 0.6688265622291022 0.6464640630952381 0.6705296873065016 0.6480296880952381 0.6737234377708977 0.6495953119047619 0.6777687498452012 0.6566375
2 0.6902484377708978 0.582321875 0.6852609374613003 0.568575 0.6752859374613003 0.58346875 0.6668703126934984 0.5914874999999999 0.6556484377708979 0.601225 0.6603234377708979 0.61268125 0.6681171876160991 0.618409375 0.6762218749226007 0.618409375 0.6855718749226006 0.60924375 0.6930531250773994 0.6000796869047619 0.6902484377708978 0.582321875
8 0.562757812383901 0.554828125 0.5671218749226007 0.5576921869047619 0.5730437498452012 0.551390625 0.5792781250773994 0.546809375 0.5839531250773994 0.5393625 0.5864468749226006 0.5284796869047619 0.5867593752321981 0.512440625 0.5851999999999999 0.494684375 0.5777203126934984 0.47406406309523813 0.5711734377708978 0.4689078130952381 0.5633812501547988 0.4797921880952381 0.5590171876160991 0.49239375 0.5624453126934985 0.510721875 0.5636921876160991 0.53764375 0.562757812383901 0.554828125
0 0.567432812383901 0.5851859380952381 0.5655624996904024 0.5783125 0.5624453126934985 0.580604686904762 0.5593281250773994 0.58805 0.5574578123839009 0.5989328130952382 0.5636921876160991 0.6063796880952381 0.567432812383901 0.608671875 0.5696156247678018 0.606953125 0.5717968749226007 0.5977875 0.567432812383901 0.5851859380952381
0 0.49823281238390094 0.5977875 0.5001031250773994 0.6121078130952381 0.5029078123839009 0.62241875 0.5041546873065016 0.6350203130952381 0.5078953126934985 0.637884375 0.512882812383901 0.644184375 0.5153765622291022 0.637884375 0.5184937498452012 0.631010938095238 0.5191171876160992 0.6258546880952381 0.5175593752321981 0.6172624999999999 0.5069609374613003 0.6080984369047618 0.5075843752321981 0.59950625 0.506025 0.5891953119047619 0.4994796873065016 0.5851859380952381 0.49823281238390094 0.5977875
0 0.41749843777089785 0.645903125 0.41905781238390094 0.627573436904762 0.41874531269349846 0.6195546880952381 0.4125109374613003 0.614971875 0.4084593752321981 0.62241875 0.41438125015479876 0.6367375000000001 0.41749843777089785 0.645903125
0 0.38663906253869973 0.616690625 0.3800937498452012 0.6115343750000001 0.3757296873065016 0.6195546880952381 0.3763531250773994 0.631582811904762 0.37822343777089784 0.6396015630952381 0.3844578123839009 0.6418937499999999 0.387575 0.6350203130952381 0.3888218749226006 0.624135938095238 0.38663906253869973 0.616690625
6 0.35100110402476786 0.5706626297619047 0.3634989572755418 0.520691255952381 0.3011718390092879 0.4945312511904762 0.29476034613003094 0.5409921095238095 0.35100110402476786 0.5706626297619047
6 0.6556380229102168 0.5175680345238095 0.6447022674922601 0.4644734988095238 0.5960937139318885 0.4847656261904762 0.6009596018575851 0.5363073071428571 0.6556380229102168 0.5175680345238095
6 0.6493890368099056 0.7346311591663821 0.6821961850134298 0.7221382711677687 0.6650114429298696 0.6752901794549887 0.6332030892372131 0.6839843764901161 0.6493890368099056 0.7346311591663821
9 0.22853048482972135 0.6607251678571429 0.21987806068111457 0.7039696142857143 0.2035346495356037 0.7327992464285714 0.21795533250773994 0.7433701702380952 0.25929465139318886 0.6761010297619047 0.26986980433436536 0.633817555952381 0.2631401083591331 0.6165197476190476 0.2477580613003096 0.6078708797619048 0.2314146507739938 0.6097928261904761 0.22372359071207432 0.6270906345238095 0.21122570959752324 0.6482323714285714 0.16988639009287926 0.6924377916666666 0.17950017894736842 0.7097356 0.22853048482972135 0.6607251678571429
0 0.38068358018575854 0.7143302464285715 0.4025549721362229 0.7112070833333334 0.3949218390092879 0.6898437511904761 0.38068358018575854 0.6909062297619047 0.38068358018575854 0.7143302464285715
