0 0.2619811097429192 0.4550765422436499 0.2726853619428766 0.4552872437323621 0.2718297248594581 0.49875316254762214 0.2611254726793959 0.4985424617247542
2 0.31297829046252446 0.46149226221021983 0.3427542877182077 0.45976507956295215 0.348969724200515 0.566908770598097 0.3191937281379751 0.5686359387681152
0 0.3527426903083324 0.5012338147314414 0.37111695835369574 0.5041461216365088 0.3626061992222276 0.5578375520349845 0.34423193414556863 0.5549252578724074
9 0.325686000457722 0.45114843323148157 0.3158792576717815 0.4518133282323785 0.3103855471275665 0.3707883289488998 0.3201921874999698 0.37012343750000004
9 0.3299578124999698 0.3931781250000009 0.3362240123267384 0.3928585402164316 0.3401768538617489 0.4703589482231687 0.33391065416276433 0.4706785313779571
9 0.3188403983239141 0.4635277757417222 0.31325797944634814 0.46399439811194165 0.30720357234224593 0.39156662008150916 0.31278593750005257 0.3910999999999969
0 0.6543264884453492 0.5376402507577777 0.6413578594105047 0.5392915366601196 0.6366034145988806 0.5019545576021976 0.6495719671789857 0.5003032766301916
2 0.7101071501673459 0.6010021883862838 0.7267958858320753 0.6106022185176122 0.7089858269924889 0.6415596522534861 0.6922971150094099 0.6319596545900429
2 0.6782453625019116 0.6400515542787016 0.6570348313014165 0.6435389856425465 0.6539582947140161 0.6248296124955874 0.6751687500000116 0.6213421875000052
0 0.6854203303219037 0.6821500013872142 0.6763178656489117 0.681441486051063 0.6799745040030984 0.6344706880761984 0.6890768832463436 0.6351792000769954
2 0.28082036394494025 0.6095305371765092 0.32119208730443916 0.6191131993049036 0.30538935715742355 0.6856816545007589 0.26501765599596183 0.6760990570782116
9 0.251899494011127 0.7827428192436665 0.2222577493814697 0.7723038061480069 0.2559110924075867 0.6767613788975085 0.285552233480189 0.6872002761952921