0 0.29369218761609905 0.5095140619047619 0.2921296873065016 0.48625625 0.289525 0.47040000000000004 0.2780625003095975 0.45665625 0.2738953126934985 0.4439703130952381 0.26712187492260064 0.44714218690476193 0.2697265622291022 0.5095140619047619 0.2749375003095975 0.5169140619047619 0.289525 0.5158578119047619 0.29369218761609905 0.5095140619047619
2 0.3426640625386997 0.5528578130952381 0.35620937523219814 0.5465156250000001 0.36454531269349844 0.5412296880952381 0.3655875003095975 0.5296 0.3619406247678018 0.504228125 0.35673125015479873 0.49471406309523813 0.3525625003095975 0.5 0.3515203126934984 0.5169140619047619 0.34787343777089785 0.52854375 0.3353703126934985 0.5296 0.32911874984520123 0.5264296880952382 0.321825 0.5422875 0.3285984377708978 0.553915625 0.3426640625386997 0.5528578130952381
2 0.3636453126934985 0.499903125 0.3631718749226006 0.5162421880952381 0.36269843777089783 0.5393078119047618 0.3636453126934985 0.5527624999999999 0.3669609374613003 0.5537234369047619 0.37264374984520127 0.554684375 0.37927500000000003 0.5642953119047619 0.3835375003095975 0.554684375 0.3911156247678019 0.5460343750000001 0.3873265622291021 0.5364249999999999 0.38543125015479873 0.5095140619047619 0.3849578123839009 0.4931765619047619 0.3830640625386997 0.479721875 0.37785468730650157 0.47876093690476185 0.3745390625386997 0.48740937500000003 0.37075 0.49605937499999997 0.3679078123839009 0.4912546880952381 0.3636453126934985 0.499903125
9 0.38116874984520127 0.4739546880952381 0.3802218749226006 0.41725312499999995 0.37264374984520127 0.371121875 0.37621406253869966 0.48841875 0.38116874984520127 0.4739546880952381
0 0.6042437498452012 0.5287359380952381 0.6108734377708979 0.5354625 0.6108734377708979 0.525853125 0.6094531250773993 0.5095140619047619 0.604717187616099 0.517203125 0.6042437498452012 0.5287359380952381
0 0.6828640625386996 0.664245313095238 0.6909156247678018 0.660401563095238 0.6928093752321981 0.646946875 0.6918624996904025 0.6229203119047619 0.6838109374613003 0.6036984380952382 0.6733906247678019 0.59889375 0.6700765622291022 0.609465625 0.6681812501547988 0.6238812499999999 0.6714968749226006 0.6392578119047618 0.6767062501547988 0.6623234380952381 0.6828640625386996 0.664245313095238
2 0.6693796873065015 0.6461046880952381 0.6671703126934985 0.6062796880952381 0.6608156247678019 0.603475 0.6439609374613003 0.6006703119047619 0.6331859374613003 0.5995484380952381 0.627107812383901 0.60123125 0.6240687498452012 0.608523436904762 0.6276609374613004 0.6180593750000001 0.6318046873065015 0.637690625 0.6309750000000001 0.662371875 0.6312515622291022 0.6926609369047619 0.6326328123839009 0.6999531250000001 0.6351203126934984 0.70331875 0.6381593752321981 0.6982703119047619 0.6400937498452013 0.6876125000000001 0.6387125003095976 0.673589063095238 0.650592187616099 0.6752718750000001 0.6511453126934985 0.6831250000000001 0.6547359374613003 0.704440625 0.6602625003095975 0.703879688095238 0.6610906247678018 0.6909781249999999 0.6588812501547988 0.6747109369047619 0.6586046873065016 0.662371875 0.663025 0.655640625 0.6668937498452012 0.6629328119047619 0.6693796873065015 0.6461046880952381
9 0.6572234377708979 0.7055625 0.659432812383901 0.721828125 0.6657875003095975 0.7633375 0.6746296873065016 0.7919437500000001 0.670209375232198 0.7672625 0.6649593752321981 0.73865625 0.6610906247678018 0.7027578130952381 0.6572234377708979 0.7055625
9 0.6342906247678018 0.700514061904762 0.6340156247678019 0.71229375 0.6376062501547987 0.7571671869047619 0.6423796873065016 0.7783281249999999 0.641475 0.7711890619047619 0.6384359374613003 0.7409 0.6376062501547987 0.701635938095238 0.6342906247678018 0.700514061904762
2 0.38286718761609906 0.6393734380952381 0.3870125003095975 0.628154686904762 0.38867031269349844 0.616376563095238 0.3817625003095975 0.6124499999999999 0.3823156247678019 0.6074015630952381 0.37457968730650154 0.60571875 0.3685015622291022 0.6124499999999999 0.3643562501547988 0.6208625 0.35910781238390094 0.6174984380952381 0.3582781250773994 0.6135718750000001 0.3508187498452012 0.6118890619047619 0.3417015622291022 0.613010938095238 0.3403187498452012 0.6354468750000001 0.3444640625386997 0.6438609369047619 0.35164687492260066 0.6472265630952381 0.3566203126934985 0.6477875 0.36490937523219813 0.6354468750000001 0.37236874984520124 0.63656875 0.38286718761609906 0.6393734380952381
2 0.3312015622291022 0.6438609369047619 0.33479374984520127 0.646665625 0.3386609374613003 0.6494703119047619 0.34142500000000003 0.6433 0.34335781238390095 0.639934375 0.3441875003095975 0.6303984380952381 0.3461218749226006 0.61469375 0.34114843777089787 0.6107671880952381 0.3358984377708978 0.603475 0.3314781250773994 0.608523436904762 0.3284390625386997 0.60123125 0.32318906253869967 0.6051578119047619 0.3187687498452012 0.60123125 0.3140718749226006 0.5978656250000001 0.3088218749226006 0.60123125 0.3057828123839009 0.59674375 0.30302031269349844 0.6208625 0.31545312507739937 0.625910938095238 0.32236093746130035 0.624228125 0.32650468730650156 0.621423438095238 0.330925 0.6303984380952381 0.3312015622291022 0.6438609369047619
13 0.39235747801857584 0.7078340988095239 0.44736705696594425 0.6912649488095238 0.5653394068111455 0.6899394166666667 0.6302904755417957 0.687951119047619 0.6786723944272445 0.6859628202380952 0.7224149510835912 0.6574638821428572 0.7224149510835912 0.6104074952380952 0.5726298328173375 0.6442085619047618 0.4274840767801858 0.6574638821428572 0.37777662600619194 0.6548128178571428 0.33867343095975233 0.6455340940476191 0.2922798105263158 0.6369181357142857 0.2856521504643963 0.6660798404761905 0.3419872613003096 0.6912649488095238 0.39235747801857584 0.7078340988095239
13 0.2750478941176471 0.45465748333333333 0.27173406439628484 0.5030394023809523 0.396996840247678 0.5090042964285714 0.4003106699690402 0.4745404630952381 0.323429813003096 0.4699011011904762 0.28631491640866874 0.45664578095238095 0.2750478941176471 0.45465748333333333
13 0.5845596210526316 0.5017138702380952 0.7290426111455107 0.5030394023809523 0.7257287814241485 0.45863407857142857 0.5812457913312693 0.4659245047619047 0.5845596210526316 0.5017138702380952
