0 0.2801337526041152 0.4360142472232615 0.2927037414599454 0.44231976572286724 0.27599740299547193 0.47562158432405227 0.26342742483632264 0.46931608212196424
2 0.3984294967775668 0.5816494953900022 0.3754759058069794 0.5829108852289027 0.37145457540088955 0.5097386714866247 0.39440788313447683 0.5084772895252222
9 0.39696251517068504 0.5245156256869763 0.3886139885615876 0.5241375792263931 0.39351441197686654 0.41592924247403384 0.401862806619647 0.4163072859024284
0 0.5248263400562792 0.5444717117757438 0.5366036569528205 0.5450810184762376 0.5346042503963417 0.5837239511742502 0.5228269336558924 0.5831146465000385
0 0.5801979402388042 0.5834890164227127 0.5677634885531688 0.5850478127374278 0.5620194718391076 0.5392320676239943 0.5744538266739028 0.5376732774434942
2 0.583978125 0.5364359375000001 0.607384375 0.5364359375000001 0.607384375 0.5876109375 0.583978125 0.5876109375
0 0.6870306694628425 0.5640530553563902 0.6645785174323464 0.5687457381469125 0.6511338004181653 0.5044245916691361 0.6735857182223981 0.4997319342764663
2 0.6826343021244838 0.5969860432273634 0.6957482887139577 0.6156518039607931 0.6648202758337902 0.6373782566706145 0.6517063629745508 0.6187125619700714
0 0.6587013503425396 0.633881847267024 0.6625560064317142 0.6464549958751048 0.6540827366637814 0.649052381522995 0.6502280933461861 0.6364792438062206
2 0.37799207911700705 0.6721688654381482 0.380991090417524 0.6324958449360024 0.41563288519262187 0.6351142090630244 0.4126340204538792 0.6747870920078896
9 0.3249968662163383 0.7140859346062642 0.32951021932785807 0.7155728280503943 0.31810942456263547 0.7501735017811066 0.3135960742604311 0.7486866143646955
9 0.3545297684737534 0.6720770184927195 0.3630238716538088 0.6732040292432089 0.3495472256290668 0.7747598105711337 0.3410531250000304 0.7736328124999998
2 0.2999184223778002 0.5892153618485569 0.34104412738508927 0.5964000235009832 0.3288051757026551 0.6664487116059836 0.2876794833655367 0.6592640988861769
9 0.2913921416862877 0.6482796671562245 0.29796189168314413 0.6511969947326093 0.26641622467707293 0.7222270661883303 0.25984648883547834 0.7193097622776692
9 0.30391162628870916 0.6631918755931571 0.31209386496175284 0.6657422308616696 0.2871462909438378 0.7457690823415982 0.2789640625001084 0.7432187500000164
6 0.4088134421874656 0.6717252671875472 0.4083684564034229 0.6632713331235734 0.4275509533318882 0.6622617638322246 0.4279959546762484 0.6707156813538041
6 0.6259539311110984 0.5289306651135788 0.6382437941928174 0.5398539853742681 0.6168877710731522 0.5638794979128248 0.6045979356666749 0.5529562068891649
10 0.37889406741180665 0.5474564832064144 0.3483391118763848 0.5468064219294523 0.35163984776727375 0.39169050374449704 0.38219413071601593 0.3923405579015205
10 0.352491259579665 0.5300150486490511 0.3277778417261743 0.5296718286637604 0.32978826204680445 0.38494064720666327 0.3545011971951908 0.38528386391229075
10 0.3289063367808467 0.5289062510984138 0.30068685908872794 0.5285490678104132 0.30223703006856795 0.4061102084260596 0.33045601691401316 0.40646738861216153