10 0.1992140625386997 0.704214063095238 0.20467968730650157 0.695284375 0.21136249969040247 0.6830062499999999 0.21379218761609908 0.66068125 0.20285781238390094 0.645054686904762 0.18706406253869967 0.658448438095238 0.18220468730650152 0.6785406249999999 0.17430781238390092 0.715376563095238 0.18220468730650152 0.7220734369047619 0.18767187492260062 0.719840625 0.19374687492260062 0.712028125 0.1992140625386997 0.704214063095238
10 0.2763578123839009 0.7187250000000001 0.28061093746130034 0.69975 0.28061093746130034 0.6885875 0.26906874984520124 0.6751921880952381 0.2623874996904025 0.667378125 0.2563124996904025 0.6617984369047619 0.25084531269349847 0.668495311904762 0.24902343777089783 0.703098438095238 0.2520609374613003 0.7310031250000001 0.2617796873065016 0.745514063095238 0.27028437523219817 0.736584375 0.2763578123839009 0.7187250000000001
10 0.30811562476780185 0.4628328130952381 0.30208125015479875 0.453821875 0.29642343777089786 0.466990625 0.29755625015479875 0.48154531309523807 0.30208125015479875 0.487784375 0.30660781238390095 0.48917031309523806 0.3111343752321981 0.48986250000000003 0.3111343752321981 0.48431874999999996 0.3107562501547988 0.4753078119047619 0.30811562476780185 0.4628328130952381
1 0.32282656222910217 0.579271875 0.3318781250773994 0.5799640630952381 0.33979843777089785 0.5709546880952381 0.3533765622291022 0.5619437500000001 0.3575265622291022 0.5543203119047618 0.3537546873065015 0.5210515619047619 0.34394843777089784 0.503725 0.33602656222910215 0.5016453130952381 0.3239578123839009 0.5058046869047619 0.3194312501547988 0.513428125 0.31565937523219817 0.533528125 0.3141515622291022 0.5550125 0.31528281238390093 0.5674890619047619 0.32282656222910217 0.579271875
1 0.35262343777089783 0.546003125 0.35300000000000004 0.558478125 0.34922812507739937 0.5827359380952382 0.35413125015479874 0.584815625 0.3628062501547988 0.597290625 0.36997343777089786 0.5959046880952381 0.37562968730650154 0.591746875 0.3797796873065016 0.5868953119047619 0.3843046873065015 0.5799640630952381 0.3892093752321981 0.5702609369047619 0.3888312501547988 0.5550125 0.3873234377708978 0.5383796869047619 0.3827968749226006 0.5279828119047619 0.3737453126934984 0.5224375 0.3650703126934985 0.519665625 0.3586578123839009 0.5210515619047619 0.35564062476780184 0.5314484380952381 0.35262343777089783 0.546003125
9 0.33112343777089787 0.3900578130952381 0.3352734377708978 0.4364953130952381 0.3382906247678018 0.43164375000000005 0.33112343777089787 0.3900578130952381
9 0.3997687498452012 0.45936718809523813 0.40127812507739935 0.47738749999999996 0.4061812501547987 0.46907031190476195 0.40127812507739935 0.3935234369047619 0.39712968730650156 0.3519390630952381 0.39939218761609907 0.43095 0.3997687498452012 0.45936718809523813
1 0.40203281238390093 0.611846875 0.4178734377708978 0.604221875 0.4216453126934985 0.5938265619047619 0.42277656222910215 0.552934375 0.41598750030959747 0.5383796869047619 0.4076906247678018 0.5272890619047619 0.3956203126934984 0.5210515619047619 0.3877 0.5342203130952381 0.38656874984520123 0.5598640619047619 0.3839281250773994 0.5841234369047619 0.38581406253869965 0.59451875 0.3937343752321982 0.6056078119047619 0.40203281238390093 0.611846875
2 0.4276796873065015 0.5986781250000001 0.431075 0.59451875 0.43446874984520123 0.5862015619047619 0.43786406253869964 0.5737265630952381 0.4386187498452012 0.558478125 0.43786406253869964 0.548775 0.43296093746130027 0.5439234380952381 0.42843437523219813 0.5480828130952381 0.42202343777089785 0.5709546880952381 0.42240000000000005 0.5924390630952381 0.4254171876160991 0.6000640619047619 0.4276796873065015 0.5986781250000001
0 0.4518187498452012 0.5702609369047619 0.4518187498452012 0.5619437500000001 0.4510656247678019 0.552934375 0.44465312507739935 0.5577859380952381 0.4423906247678019 0.5702609369047619 0.4435218749226006 0.5799640630952381 0.44691562476780183 0.590360938095238 0.45144218761609906 0.597984375 0.45219687492260063 0.5834296880952381 0.4518187498452012 0.5702609369047619
9 0.44050468730650155 0.5023390619047619 0.4412593752321981 0.4108515630952381 0.43748750030959754 0.4961 0.4363546873065015 0.5363 0.4348468749226006 0.5466953130952381 0.4416359374613003 0.5480828130952381 0.4416359374613003 0.5314484380952381 0.44050468730650155 0.5023390619047619
2 0.4571 0.5550125 0.45596874984520125 0.565409375 0.4548375003095975 0.5827359380952382 0.45445937523219815 0.60075625 0.4567234377708978 0.6097671869047618 0.45860937523219814 0.6069953119047619 0.46124843777089786 0.6028359369047619 0.4638890625386997 0.60145 0.46766093746130033 0.5952125 0.47218749969040247 0.585509375 0.47369531269349846 0.578578125 0.46954687492260067 0.571646875 0.4699234377708978 0.5598640619047619 0.4665296873065015 0.5508546880952381 0.46275781238390096 0.5501609380952381 0.4571 0.5550125
1 0.5679890625386996 0.584815625 0.5687437498452013 0.5570921869047619 0.5653484377708978 0.5425375 0.5547875003095976 0.5300625 0.5453578123839009 0.545309375 0.5397015622291021 0.559171875 0.5389468749226006 0.5841234369047619 0.5393234377708979 0.619470313095238 0.5461125003095975 0.623628125 0.5600687498452013 0.6229359380952382 0.5679890625386996 0.617390625 0.5679890625386996 0.584815625
1 0.5909968749226007 0.623628125 0.6068374996904025 0.60145 0.6045750000000001 0.5667953130952381 0.6011796873065016 0.55570625 0.592882812383901 0.5411515619047619 0.5857156247678019 0.5404578119047618 0.5789265622291022 0.547389063095238 0.5710062501547988 0.5570921869047619 0.5691203126934985 0.566103125 0.5702515622291022 0.5834296880952381 0.5725156247678019 0.611153125 0.5819437498452013 0.625015625 0.5909968749226007 0.623628125
1 0.639275 0.597984375 0.6396515622291021 0.5744203130952381 0.6343718749226006 0.5425375 0.6238109374613003 0.5342203130952381 0.6166437498452012 0.5286765630952381 0.6087234377708979 0.52936875 0.6049515622291022 0.539765625 0.6087234377708979 0.5952125 0.6140046873065016 0.60075625 0.6192843752321981 0.6125390619047619 0.6264515622291021 0.6125390619047619 0.639275 0.597984375
9 0.6273765622291022 0.514778125 0.626525 0.49521718809523807 0.6292921876160991 0.44631406309523813 0.6267375003095975 0.4588328130952381 0.6248203126934985 0.48660937499999996 0.6237562501547987 0.52690625 0.6267375003095975 0.5296453119047619 0.6273765622291022 0.514778125
9 0.6167312501547988 0.5253421880952381 0.6152406247678018 0.49678125 0.6165171876160991 0.4787859369047619 0.6186468749226006 0.4592234380952381 0.6214140625386997 0.4427921880952381 0.6135374996904025 0.4854359369047619 0.6133234377708978 0.5061718749999999 0.6135374996904025 0.5241687500000001 0.6167312501547988 0.5253421880952381
9 0.6569703126934985 0.4553109369047619 0.6580343752321981 0.4181453119047619 0.6539890625386997 0.44944375000000003 0.6569703126934985 0.4553109369047619
1 0.6388734377708979 0.5656390630952381 0.6429171876160991 0.5891124999999999 0.6450468749226006 0.595371875 0.65335 0.6043703130952381 0.6612281250773995 0.6047609380952381 0.6701703126934985 0.5961546869047619 0.6742156247678018 0.5891124999999999 0.6742156247678018 0.5820703119047619 0.670382812383901 0.5656390630952381 0.6676156247678018 0.542946875 0.6639953126934984 0.5406 0.6582468749226006 0.535121875 0.6522859374613003 0.532775 0.6454734377708978 0.5335578119047619 0.6390859374613003 0.539817188095238 0.6390859374613003 0.5503796880952381 0.6388734377708979 0.5656390630952381
2 0.6912468749226006 0.5406 0.6886921876160991 0.54920625 0.6878406247678018 0.54255625 0.6844343752321981 0.533165625 0.6797500000000001 0.5288625 0.6759187498452012 0.5292546869047619 0.672725 0.534340625 0.6708078123839009 0.5449031249999999 0.6699562501547988 0.5593781250000001 0.6742156247678018 0.57541875 0.6795374996904026 0.5793312500000001 0.6842218749226007 0.5820703119047619 0.6891187498452012 0.5820703119047619 0.6965703126934985 0.5777671880952381 0.7008281250773994 0.57268125 0.7080671876160991 0.5718984369047618 0.7080671876160991 0.5679859380952381 0.7044468749226006 0.5542921869047619 0.7038093752321981 0.5382515619047619 0.6993375003095975 0.5374703119047619 0.6940156247678018 0.5374703119047619 0.6912468749226006 0.5406
2 0.6844078123839009 0.640292188095238 0.6816390625386997 0.64694375 0.6761031250773994 0.658289063095238 0.6726968749226007 0.664548436904762 0.6758906247678018 0.6704171869047619 0.6788718749226006 0.6739390619047618 0.6839812501547988 0.6731562499999999 0.6897296873065015 0.6755031250000001 0.6978203126934984 0.673546875 0.7010140625386997 0.666114063095238 0.7033562501547987 0.6496828130952381 0.7110203126934984 0.640292188095238 0.7056968749226006 0.627382811904762 0.7016515622291022 0.62855625 0.7001625003095975 0.623078125 0.6956906247678019 0.6250343749999999 0.6929234377708978 0.6297296869047619 0.689517187616099 0.636771875 0.6844078123839009 0.640292188095238
1 0.586257812383901 0.7079749999999999 0.6007359374613003 0.7165828119047619 0.6064843752321981 0.711496875 0.6077609374613003 0.69154375 0.6045671876160991 0.6719828130952381 0.6015875003095975 0.6622015630952381 0.597542187616099 0.6563328119047619 0.5909421876160991 0.653203125 0.5826390625386997 0.65476875 0.5736968749226006 0.6555515619047619 0.5713546873065016 0.666504688095238 0.5743359374613003 0.6931093749999999 0.5792328123839009 0.702498436904762 0.586257812383901 0.7079749999999999
9 0.6016593752321981 0.784871875 0.5976921876160991 0.7879953119047619 0.598825 0.807782813095238 0.6016593752321981 0.8494421880952381 0.6016593752321981 0.784871875
2 0.5557515622291022 0.739048436904762 0.5619859374613003 0.739048436904762 0.5639703126934984 0.7317578119047619 0.5670874996904025 0.71821875 0.5753046873065015 0.703117188095238 0.5741718749226007 0.6864546880952381 0.5713375003095975 0.6661453130952381 0.5639703126934984 0.650003125 0.5563187498452012 0.6453171880952381 0.5543359374613003 0.6713531250000001 0.5566015622291022 0.6989515619047619 0.5532015622291022 0.701554688095238 0.5543359374613003 0.7098875000000001 0.5537687498452013 0.72655 0.5557515622291022 0.739048436904762
9 0.5534 0.750139063095238 0.5558937498452012 0.75529375 0.5524656247678018 0.778779686904762 0.5499718749226006 0.83033125 0.5543359374613003 0.81715625 0.5552703126934985 0.797109375 0.5593234377708979 0.758157811904762 0.5624406247678019 0.7827890619047619 0.5643093752321982 0.8028359380952381 0.5661796873065015 0.8400687499999999 0.5649328123839009 0.775342188095238 0.5624406247678019 0.746703125 0.5633750000000001 0.7381109380952381 0.5543359374613003 0.7306640619047619 0.5534 0.750139063095238
2 0.41344062476780186 0.660209375 0.41281718761609904 0.67739375 0.4143765622291022 0.6957234369047619 0.4209218749226006 0.70030625 0.4246625003095975 0.6945781249999999 0.42809062476780185 0.683121875 0.43401406253869973 0.675103125 0.4352609374613003 0.6682296869047619 0.4352609374613003 0.6596375 0.4337015622291022 0.648753125 0.4246625003095975 0.6470359380952381 0.41687031269349845 0.64818125 0.41344062476780186 0.660209375
2 0.4084531250773994 0.68369375 0.41032343777089786 0.677967188095238 0.41250625015479875 0.6693749999999999 0.4131296873065015 0.65791875 0.406582812383901 0.6636468750000001 0.4019078123839009 0.6642187500000001 0.39847812507739944 0.675103125 0.4009718749226006 0.6854125 0.40627187492260064 0.6854125 0.4084531250773994 0.68369375
2 0.3925562501547988 0.648753125 0.38600937523219814 0.64818125 0.3819578123839009 0.6493265630952381 0.3775937498452012 0.650471875 0.37447656222910214 0.6544812499999999 0.37416406253869966 0.692859375 0.3779046873065015 0.6985874999999999 0.38164531269349844 0.6974421869047619 0.38756874984520123 0.6957234369047619 0.39380312507739934 0.6905687500000001 0.39723125015479877 0.678539063095238 0.39317968730650155 0.6705203119047619 0.39505 0.6647921869047619 0.39847812507739944 0.6659375000000001 0.4022187498452013 0.665365625 0.4056484377708978 0.663073438095238 0.40751874984520126 0.6544812499999999 0.406582812383901 0.6458890619047619 0.40346562476780184 0.6435984369047619 0.39847812507739944 0.6453171880952381 0.3925562501547988 0.648753125
1 0.33894062476780185 0.6693749999999999 0.33738281238390094 0.6825484380952381 0.3364468749226006 0.6985874999999999 0.33894062476780185 0.702023436904762 0.3448640625386997 0.704315625 0.3510984377708978 0.702023436904762 0.3598265622291022 0.700878125 0.3694890625386997 0.6957234369047619 0.3732296873065015 0.68885 0.37416406253869966 0.676820313095238 0.37665781238390095 0.658490625 0.37354062476780187 0.6464625 0.36824218761609906 0.6401625 0.3616968749226006 0.636151563095238 0.35203281238390094 0.63500625 0.3426812501547987 0.64474375 0.3405 0.6533359369047619 0.33894062476780185 0.6693749999999999
9 0.35152723900928795 0.7528336857142858 0.3595164947368421 0.706127269047619 0.3490690068111455 0.7055127107142857 0.33582343777089785 0.8297578119047619 0.3429937498452012 0.789089061904762 0.35152723900928795 0.7528336857142858
25 0.5617061126934985 0.4793553261904762 0.5543314154798762 0.4738243035714285 0.5457276018575852 0.5334364392857143 0.5574042061919505 0.5315927654761905 0.5617061126934985 0.4793553261904762
9 0.5555605318885449 0.4455546297619048 0.5561750897832817 0.45784579166666667 0.5475712761609908 0.5223743940476191 0.5574042061919505 0.5334364392857143 0.559247880495356 0.497792069047619 0.5623206712074303 0.4062229107142857 0.559247880495356 0.406837469047619 0.5555605318885449 0.4111393761904762 0.5555605318885449 0.4455546297619048
25 0.650202480495356 0.5260617428571428 0.6557335040247678 0.5352801142857143 0.6581917362229102 0.47628253571428575 0.6557335040247678 0.46952239642857146 0.6545043876160991 0.4689078380952381 0.6508170390092879 0.47259518690476193 0.650202480495356 0.5260617428571428
6 0.6108707616099072 0.6846177345238095 0.6065688551083591 0.6962943392857143 0.6133289944272446 0.7012108035714285 0.6256201566563467 0.698138013095238 0.6409841089783281 0.6907633154761904 0.6495879226006193 0.6858468511904762 0.6551189455108358 0.6827740607142857 0.66802466625387 0.6741702476190476 0.6366822024767802 0.6772430380952381 0.6108707616099072 0.6846177345238095
6 0.2439795696594427 0.6311511797619048 0.25012515108359135 0.6434423416666667 0.27409291702786376 0.6661809916666667 0.2968315671826625 0.6840031773809524 0.3220284495356037 0.6895342 0.3324759374613003 0.6747848047619048 0.33493417027863776 0.6508170392857143 0.3171119851393189 0.642213225 0.2439795696594427 0.6311511797619048
