2 0.3318703126934984 0.4933078119047619 0.33333125015479875 0.4783515630952381 0.3326 0.4546265630952381 0.3304093752321981 0.4572046880952381 0.3267562501547988 0.45153125 0.32407812507739936 0.45617343809523814 0.3196953126934985 0.46442500000000003 0.3187218749226006 0.4623625 0.30922656222910216 0.4603 0.30630468730650157 0.454109375 0.3016781250773994 0.4556578119047619 0.3004609374613003 0.464940625 0.2980265622291022 0.4711296880952381 0.29948749969040245 0.4783515630952381 0.30216562476780184 0.48660312499999997 0.30630468730650157 0.4896984369047619 0.31190468730650156 0.4958875 0.3199390625386997 0.5010453119047619 0.32383593746130035 0.5005296869047619 0.32773125015479876 0.49691874999999996 0.3316265622291022 0.49795 0.3318703126934984 0.4933078119047619
2 0.36741718761609904 0.4902140630952381 0.3652265622291022 0.48299375 0.3664437498452012 0.4690671869047619 0.3535390625386997 0.4556578119047619 0.3472093752321982 0.45978281309523805 0.3382 0.4670046869047619 0.33649531269349847 0.471646875 0.3321140625386997 0.48092968809523806 0.3321140625386997 0.4907296880952381 0.3311390625386997 0.49898125 0.3328437498452012 0.5051703130952381 0.3396609374613003 0.51858125 0.3464781250773994 0.5247703130952381 0.3554875003095975 0.53044375 0.36790468730650155 0.5278640630952381 0.3720437498452012 0.522190625 0.3754531250773994 0.509296875 0.3732609374613003 0.49795 0.36741718761609904 0.4902140630952381
9 0.36106562476780185 0.33492187500000004 0.3579671876160991 0.38274687500000004 0.3568593752321982 0.3977515619047619 0.3597375003095975 0.40103281309523814 0.36128593746130033 0.39540625 0.36106562476780185 0.37712031309523814 0.36128593746130033 0.3635234380952381 0.36106562476780185 0.33492187500000004
9 0.3672625003095975 0.3672734369047619 0.3694765622291022 0.38743593809523813 0.3708046873065015 0.39634375 0.3730171876160991 0.39915781309523807 0.37235312507739937 0.38931093690476193 0.37036093746130033 0.3672734369047619 0.36859062476780186 0.360709375 0.3672625003095975 0.3672734369047619
9 0.34424374984520123 0.3663359380952381 0.3460140625386997 0.41978750000000004 0.3475624996904025 0.438075 0.3511046873065016 0.45073437499999996 0.3530968749226006 0.4460453130952381 0.3495546873065015 0.427290625 0.3471203126934984 0.39540625 0.34424374984520123 0.3663359380952381
1 0.39233906253869966 0.537478125 0.3939374996904025 0.526353125 0.3941671876160991 0.5152296869047619 0.3955359374613003 0.5026546880952381 0.3939374996904025 0.4949171869047619 0.3902843752321981 0.4876625 0.3884578123839009 0.4886296869047619 0.38389062476780184 0.491046875 0.37772656222910217 0.49395 0.3749859374613003 0.4983015630952381 0.37475781238390093 0.5132953130952381 0.3722453126934985 0.52296875 0.37041874984520123 0.531190625 0.3706468749226006 0.544248438095238 0.3820640625386997 0.5529546880952381 0.3852609374613003 0.5500515630952381 0.3905125003095975 0.542796875 0.39233906253869966 0.537478125
1 0.41677187492260065 0.4987859369047619 0.41334687492260064 0.493465625 0.4078671876160991 0.493465625 0.3975921876160991 0.4963671880952381 0.39462343777089787 0.503621875 0.3927968749226006 0.509909375 0.39142656222910216 0.531673438095238 0.39302499999999996 0.53699375 0.3941671876160991 0.5432812499999999 0.3966781250773994 0.5519875000000001 0.40284374984520127 0.55730625 0.4099218749226006 0.5524703130952381 0.41700000000000004 0.551503125 0.4195124996904025 0.5437640630952382 0.4206531250773994 0.51039375 0.41677187492260065 0.4987859369047619
1 0.44782656222910217 0.5113609380952381 0.44051874984520123 0.51184375 0.43914843777089785 0.5355421869047619 0.43869218761609907 0.5611765630952381 0.43983437523219815 0.566496875 0.44097656222910214 0.5737515630952381 0.44782656222910217 0.5747187500000001 0.4555890625386997 0.57616875 0.46107031269349846 0.5693984380952382 0.4622109374613003 0.5461828130952381 0.4601562501547987 0.5031390630952381 0.4571875003095975 0.5050734369047619 0.44782656222910217 0.5113609380952381
1 0.5337375003095974 0.502896875 0.529217187616099 0.5002359380952381 0.5257 0.503428125 0.5229374996904025 0.50555625 0.5231890625386997 0.532689061904762 0.5249468749226006 0.5497140630952381 0.5272078123839009 0.5592890630952381 0.5380078123839009 0.568865625 0.5478031250773994 0.5646093750000001 0.5493109374613003 0.558225 0.5518218749226006 0.5401375 0.5500640625386997 0.5146015630952381 0.5460453126934985 0.5082171880952381 0.5337375003095974 0.502896875
2 0.5972843752321981 0.5220484380952382 0.5975359374613003 0.5018328119047619 0.5945218749226007 0.49598125000000004 0.5902515622291021 0.49651249999999997 0.5877406247678019 0.4991734369047619 0.5859812501547987 0.50928125 0.582717187616099 0.5023640619047619 0.5792 0.5023640619047619 0.5769390625386996 0.5023640619047619 0.5724187498452012 0.5087484369047619 0.5694046873065015 0.512473438095238 0.5716656247678019 0.52258125 0.5756843752321982 0.529496875 0.5799531250773994 0.5332218750000001 0.5864843752321982 0.541201563095238 0.5854796873065016 0.5332218750000001 0.5877406247678019 0.53588125 0.5922609374613003 0.5310937499999999 0.5927640625386996 0.5231125 0.5972843752321981 0.5220484380952382
1 0.6158718749226005 0.47044375 0.6080859374613004 0.47576406190476195 0.6000484377708978 0.478425 0.5945218749226007 0.4752328119047619 0.5932656247678019 0.489596875 0.5970343752321982 0.506620313095238 0.6013031250773994 0.5167296869047618 0.6103453126934985 0.5231125 0.6203921876160992 0.5263046869047618 0.6256671876160991 0.513004686904762 0.6279281250773994 0.5050250000000001 0.623657812383901 0.49225625 0.6198906247678019 0.4699125 0.6158718749226005 0.47044375
1 0.6651015622291021 0.44863125000000004 0.661082812383901 0.43160781190476194 0.6469346501547988 0.4252829452380953 0.6372036000000001 0.42924744761904765 0.6367187498452012 0.455015625 0.6206437498452012 0.467784375 0.6206437498452012 0.47736093809523805 0.6231562501547987 0.49704531190476187 0.6264203126934985 0.50076875 0.6327 0.5018328119047619 0.6394812501547987 0.5002359380952381 0.6462640625386997 0.49598125000000004 0.6525421876160991 0.49172499999999997 0.6575656247678019 0.485871875 0.6613343752321982 0.48002031309523807 0.6640968749226006 0.46140000000000003 0.6651015622291021 0.44863125000000004
9 0.6011390625386998 0.3613921869047619 0.5984031250773995 0.39486718809523813 0.6044828123839009 0.437996875 0.608432812383901 0.4759765619047619 0.6120796873065015 0.4656765630952381 0.6056984377708978 0.420615625 0.60205 0.3884296869047619 0.6011390625386998 0.3613921869047619
9 0.6442953126934985 0.3774859380952381 0.642167187616099 0.42898437500000003 0.6473343752321981 0.427053125 0.6488546873065015 0.38199218690476194 0.6512859374613003 0.3523796880952381 0.6488546873065015 0.3131125 0.6442953126934985 0.3774859380952381
9 0.6278843752321982 0.42898437500000003 0.632442187616099 0.447653125 0.6333546873065016 0.453446875 0.6342656247678018 0.43349062499999996 0.6291 0.414178125 0.6215015622291021 0.39422343809523813 0.6221093752321981 0.3716921880952381 0.6275796873065016 0.347875 0.6221093752321981 0.3601046880952381 0.6196781250773994 0.3736234369047619 0.6187656247678018 0.3916484380952381 0.6215015622291021 0.4051671880952381 0.6236296873065015 0.419971875 0.6278843752321982 0.42898437500000003
2 0.6804609374613003 0.52425625 0.6807656247678019 0.5120265619047619 0.6807656247678019 0.4972203119047619 0.6768140625386997 0.4804828130952381 0.6713437498452013 0.4907828130952381 0.6683046873065015 0.4817703130952381 0.6573640625386997 0.49850781309523806 0.6503734377708978 0.5158890619047619 0.6506781250773994 0.53455625 0.6503734377708978 0.5461437499999999 0.6555406247678018 0.56288125 0.6607062501547988 0.56803125 0.6625312501547987 0.55901875 0.6616187498452012 0.5467875 0.6643546873065015 0.5339125 0.6676968749226007 0.5319812500000001 0.6734718749226006 0.52683125 0.6804609374613003 0.52425625
2 0.6449031250773993 0.622104686904762 0.6449031250773993 0.6130921880952381 0.6430796873065016 0.6040796880952382 0.6436874996904024 0.5963546869047619 0.6488546873065015 0.5963546869047619 0.6558437498452013 0.601504688095238 0.6634421876160991 0.6092296869047619 0.6622265622291021 0.5982859380952381 0.654325 0.5860546869047619 0.6579718749226006 0.57125 0.6619218749226007 0.56416875 0.6594906247678017 0.55644375 0.6552359374613003 0.5416375 0.6500703126934984 0.532625 0.6400406247678018 0.54228125 0.6309234377708979 0.5455 0.6154234377708978 0.5545125 0.6202859374613003 0.56931875 0.6236296873065015 0.5783296869047619 0.6278843752321982 0.5924921880952381 0.6272765622291022 0.6034359380952381 0.6297078123839009 0.6111609369047619 0.6345703126934985 0.6143796869047619 0.638217187616099 0.611804688095238 0.6412562501547988 0.624035936904762 0.6449031250773993 0.622104686904762
2 0.6126874996904025 0.5725375 0.6096484377708978 0.56416875 0.6035703126934985 0.5648124999999999 0.5953640625386997 0.568675 0.5886781250773994 0.57704375 0.5908062501547988 0.5834796880952381 0.5935406247678019 0.5969984380952381 0.5968843752321982 0.6150234380952381 0.6017468749226006 0.6259671869047619 0.6072171876160991 0.636909375 0.6099531250773994 0.626610936904762 0.6126874996904025 0.6111609369047619 0.6151187498452012 0.6021484380952381 0.6126874996904025 0.5725375
9 0.6090406247678019 0.6510718750000001 0.6142078123839009 0.6890531249999999 0.6275796873065016 0.736045313095238 0.6221093752321981 0.709651563095238 0.6169421876160991 0.683903125 0.6108640625386997 0.634334375 0.6056984377708978 0.633048438095238 0.6090406247678019 0.6510718750000001
9 0.6594906247678017 0.671028125 0.6667859374613003 0.6806843749999999 0.6722562501547987 0.6864781249999999 0.6607062501547988 0.666521875 0.6531093752321981 0.643990625 0.6455109374613003 0.6182421880952381 0.642167187616099 0.626610936904762 0.6528046873065015 0.656221875 0.6594906247678017 0.671028125
9 0.6780296873065016 0.643990625 0.6838046873065016 0.656221875 0.6892750000000001 0.663946875 0.6847171876160991 0.645278125 0.6731671876160991 0.620817186904762 0.6637468749226006 0.6040796880952382 0.6616187498452012 0.611804688095238 0.6698249999999999 0.625323436904762 0.6780296873065016 0.643990625
7 0.6932265622291022 0.636265625 0.67955 0.6150234380952381 0.6932265622291022 0.653646875 0.6932265622291022 0.666521875 0.6898828123839009 0.670384375 0.6841093752321982 0.669740625 0.6746874996904025 0.6484968750000001 0.6658734377708979 0.636909375 0.6567562501547988 0.620817186904762 0.6549328123839009 0.624035936904762 0.6634421876160991 0.651715625 0.6695203126934984 0.6723156250000001 0.6728640625386997 0.6851906249999999 0.6710406247678018 0.689696875 0.6637468749226006 0.682615625 0.6567562501547988 0.672959375 0.649157812383901 0.667809375 0.6573640625386997 0.689696875 0.6670890625386996 0.698064061904762 0.6762062501547988 0.703857813095238 0.6807656247678019 0.696776561904762 0.6835015622291022 0.687121875 0.6920109374613003 0.684546875 0.7032562501547988 0.6774656250000001 0.7041671876160991 0.662015625 0.6993046873065015 0.6472093750000001 0.6932265622291022 0.636265625
2 0.4251703126934984 0.6002171869047619 0.4206109374613003 0.5957109369047618 0.41331718761609904 0.5982859380952381 0.41270937523219814 0.6130921880952381 0.4197 0.6272546869047619 0.42425937523219814 0.622104686904762 0.429425 0.6175984369047619 0.429425 0.6098734380952381 0.4251703126934984 0.6002171869047619
2 0.4078468749226006 0.6111609369047619 0.41301406253869966 0.6047234380952381 0.40997500000000003 0.5937796880952381 0.3981218749226006 0.5879859369047619 0.3887 0.5879859369047619 0.38809218761609904 0.6047234380952381 0.39204374984520124 0.6111609369047619 0.398425 0.6124484369047619 0.3990328123839009 0.6002171869047619 0.4038968749226006 0.6079421880952381 0.4078468749226006 0.6111609369047619
2 0.34675937523219813 0.5764 0.34979843777089786 0.56030625 0.3431125003095975 0.55000625 0.3336906247678018 0.54035 0.3236609374613003 0.53005 0.31758281238390096 0.527475 0.3148484377708978 0.5416375 0.31424062476780185 0.55258125 0.3236609374613003 0.5673875 0.3339953126934984 0.57446875 0.34675937523219813 0.5764
2 0.38930781238390094 0.6053671880952382 0.3914359374613003 0.5918484380952381 0.3887 0.57575625 0.3856609374613003 0.57575625 0.38079843777089784 0.5764 0.37198437523219813 0.57189375 0.3631703126934984 0.5635249999999999 0.3516218749226006 0.56095 0.3470640625386997 0.568675 0.3455437498452012 0.5937796880952381 0.3482796873065015 0.5963546869047619 0.3528374996904025 0.5918484380952381 0.3564843752321981 0.5860546869047619 0.35709218761609907 0.5982859380952381 0.35922031269349847 0.5969984380952381 0.36925 0.601504688095238 0.37745468730650156 0.6053671880952382 0.3841421876160991 0.6156671869047619 0.38930781238390094 0.6053671880952382
0 0.3391609374613003 0.6072984369047619 0.3406812501547987 0.6040796880952382 0.34402343777089783 0.5957109369047618 0.3452406247678019 0.5789734380952382 0.3388578123839009 0.57446875 0.3339953126934984 0.5751125 0.333082812383901 0.5912046869047619 0.3373374996904025 0.6021484380952381 0.3391609374613003 0.6072984369047619
10 0.28946562476780185 0.6093359380952381 0.2943609374613003 0.5854906249999999 0.29191250030959753 0.5678656249999999 0.2845718749226006 0.5533515630952381 0.2757609374613003 0.566829688095238 0.26890781238390093 0.5917109380952381 0.2552031250773994 0.6051890630952381 0.25765 0.627996875 0.27037656222910217 0.625923438095238 0.27918749969040246 0.61659375 0.28946562476780185 0.6093359380952381
25 0.3607696854489164 0.39897306785714287 0.35608436470588234 0.40005429642857143 0.3524802718266254 0.457719780952381 0.3607696854489164 0.4598822357142857 0.3607696854489164 0.39897306785714287
