0 0.26460937523219813 0.4836328119047619 0.2623390625386997 0.4983640619047619 0.2618859374613003 0.516779686904762 0.26460937523219813 0.511254686904762 0.27232812507739934 0.5011265619047619 0.2732359374613003 0.4863953130952381 0.2668796873065015 0.474425 0.26460937523219813 0.4836328119047619
0 0.31727656222910217 0.495603125 0.3131890625386997 0.487315625 0.3104656247678019 0.49928593809523814 0.30637968730650156 0.5121749999999999 0.30547187492260064 0.525065625 0.3127359374613003 0.5204624999999999 0.3150062501547988 0.516779686904762 0.3177296873065016 0.504809375 0.31727656222910217 0.495603125
2 0.27595781238390094 0.5290296880952381 0.27595781238390094 0.5328031249999999 0.2834015622291022 0.5346890630952381 0.28650156222910217 0.5340609369047619 0.29053281238390094 0.5302875 0.28991250030959753 0.5221125 0.2883624996904025 0.508276563095238 0.2834015622291022 0.512678125 0.2768890625386997 0.5133078119047619 0.2734781250773994 0.5133078119047619 0.27192656222910216 0.518339063095238 0.26820625015479876 0.5208546869047619 0.27223750030959754 0.5265140630952381 0.27595781238390094 0.5290296880952381
2 0.34077031269349845 0.5302875 0.33766874984520123 0.5233703119047619 0.3317765622291022 0.524628125 0.32650468730650156 0.52714375 0.32216406253869967 0.5346890630952381 0.3206125003095975 0.5296578119047619 0.3168921876160991 0.5290296880952381 0.3122406247678019 0.53343125 0.3072781250773994 0.5416078130952381 0.311 0.54538125 0.3134812501547988 0.551040625 0.31751249969040246 0.5497828130952381 0.3209234377708978 0.5541843750000001 0.32340468730650157 0.55355625 0.32495468730650157 0.5548140630952381 0.328675 0.55355625 0.33456718761609905 0.55166875 0.3385984377708978 0.5541843750000001 0.34107968730650157 0.5541843750000001 0.3451109374613003 0.550410936904762 0.3494531250773994 0.550410936904762 0.3482124996904025 0.54538125 0.3441812501547987 0.5384625 0.34077031269349845 0.5302875
9 0.37860156222910213 0.3931921869047619 0.3789125003095975 0.3762125 0.3758109374613003 0.4082859380952381 0.3748812501547988 0.43595625000000005 0.37395 0.462996875 0.3724 0.4799765630952381 0.3724 0.4957 0.37270937523219816 0.5026171880952381 0.3773609374613003 0.4950703130952381 0.3776718749226006 0.46802812499999996 0.37860156222910213 0.43972968809523805 0.37860156222910213 0.415203125 0.37860156222910213 0.3931921869047619
0 0.39317656222910213 0.55166875 0.3965874996904025 0.549153125 0.39999843777089783 0.546009375 0.40309999999999996 0.5353187500000001 0.39751874984520125 0.522740625 0.39131562476780185 0.5202249999999999 0.3894562501547988 0.5290296880952381 0.38666406253869967 0.5416078130952381 0.38604374984520123 0.5522984369047619 0.39069531269349844 0.5522984369047619 0.39317656222910213 0.55166875
0 0.6251281250773993 0.5415656249999999 0.6209 0.5449968749999999 0.6200546873065016 0.5592890630952381 0.6214640625386997 0.5735812499999999 0.6225921876160991 0.5787265630952381 0.6256921876160991 0.5787265630952381 0.629075 0.576440625 0.6273843752321981 0.5615765619047619 0.6265390625386997 0.5495703130952381 0.6251281250773993 0.5415656249999999
2 0.6321765622291021 0.5610046880952381 0.6307671876160991 0.5718671880952382 0.6349953126934985 0.5735812499999999 0.6386609374613003 0.5730109369047619 0.6437343752321981 0.577584375 0.6474 0.5787265630952381 0.6496546873065017 0.5661499999999999 0.6485281250773994 0.5398515619047619 0.6485281250773994 0.5204125000000001 0.6465546873065015 0.5146968749999999 0.642325 0.5118375 0.6397875003095975 0.5129812499999999 0.6386609374613003 0.5244156249999999 0.6375328123839009 0.5392796869047619 0.6366875003095975 0.5432812499999999 0.6333046873065016 0.5489984369047619 0.6321765622291021 0.5610046880952381
9 0.6479640625386996 0.3929234369047619 0.6462718749226006 0.383203125 0.642607812383901 0.458096875 0.6403515622291021 0.4901125 0.6409156247678018 0.5106937500000001 0.6442984377708979 0.5146968749999999 0.6482453126934984 0.5152671880952381 0.6485281250773994 0.49125625 0.6493734377708978 0.468959375 0.6476812501547987 0.4535234369047619 0.645707812383901 0.43923125 0.6479640625386996 0.3929234369047619
0 0.6755906247678019 0.5106937500000001 0.6730531250773993 0.52384375 0.6727718749226006 0.5381359369047619 0.6753093752321983 0.5547156249999999 0.6778468749226005 0.5701515619047619 0.680382812383901 0.5730109369047619 0.6837656247678019 0.5707234369047619 0.6882765622291022 0.563290625 0.6905328123839009 0.555859375 0.6925046873065016 0.543853125 0.6939156247678019 0.5364203130952381 0.698425 0.523271875 0.7001171876160991 0.510121875 0.7006812501547988 0.4941140630952381 0.6970156247678018 0.47925 0.6933515622291021 0.471246875 0.6877125003095975 0.4729609380952381 0.6815109374613002 0.4832515619047619 0.6775640625386997 0.4941140630952381 0.6755906247678019 0.5106937500000001
2 0.7173140625386997 0.5387078130952381 0.7195687498452012 0.544425 0.7243609374613004 0.5467109380952381 0.7280265622291021 0.54556875 0.7345093752321982 0.54556875 0.7390203126934984 0.5467109380952381 0.7455046873065015 0.5387078130952381 0.7432500000000001 0.5289890630952381 0.7387390625386997 0.5289890630952381 0.7359203126934984 0.5364203130952381 0.734792187616099 0.5295609369047619 0.7308453126934985 0.5226999999999999 0.7285906247678019 0.5186984369047619 0.724925 0.5186984369047619 0.7206968749226007 0.5255578130952381 0.7195687498452012 0.5307046880952381 0.7173140625386997 0.5387078130952381
0 0.7505796873065016 0.5198421880952381 0.7491687498452013 0.510121875 0.7474781250773993 0.501546875 0.7426859374613004 0.501546875 0.7401484377708979 0.5152671880952381 0.7438125003095976 0.5267015619047619 0.7500156247678018 0.5301328130952381 0.7505796873065016 0.5198421880952381
2 0.7122390625386997 0.5935921869047619 0.7085750000000001 0.5947343749999999 0.7006812501547988 0.5935921869047619 0.6989890625386997 0.595878125 0.6998343752321982 0.6033109380952381 0.695042187616099 0.6027390630952381 0.6922234377708978 0.6038828130952382 0.6882765622291022 0.6101703130952381 0.6930687498452013 0.618175 0.6967343752321982 0.623892188095238 0.6992718749226007 0.622176561904762 0.7029359374613003 0.6210328130952381 0.7054734377708979 0.62789375 0.709984375232198 0.624464063095238 0.7142125003095975 0.614745311904762 0.7184406247678018 0.619890625 0.7229515622291022 0.609028125 0.7266171876160991 0.6027390630952381 0.7291531250773994 0.5947343749999999 0.7237968749226006 0.5907328130952381 0.7192874996904025 0.5918765619047619 0.7156218749226005 0.5901609369047619 0.7122390625386997 0.5935921869047619
2 0.6620593752321982 0.618175 0.6564203126934985 0.619890625 0.6538843752321981 0.6153171869047619 0.6493734377708978 0.618746875 0.6468359374613002 0.6227484380952382 0.6434531250773994 0.624464063095238 0.6386609374613003 0.629609375 0.6327406247678019 0.632467188095238 0.6366875003095975 0.6404718749999999 0.6395062501547988 0.6404718749999999 0.6431718749226006 0.6398999999999999 0.6485281250773994 0.63875625 0.6493734377708978 0.646760938095238 0.6519109374613004 0.65190625 0.6544468749226006 0.652478125 0.6586765622291021 0.6456171869047619 0.6569843752321982 0.638184375 0.6595218749226006 0.6341828119047619 0.6657234377708978 0.63018125 0.6705171876160991 0.6216046880952381 0.6707984377708979 0.6153171869047619 0.6665703126934984 0.6153171869047619 0.6620593752321982 0.618175
2 0.32912343777089786 0.6176031249999999 0.3265859374613003 0.614745311904762 0.3243312501547988 0.6113140619047619 0.31728281238390094 0.6095999999999999 0.3139 0.625035938095238 0.31502812507739936 0.632467188095238 0.3198203126934985 0.6341828119047619 0.3254578123839009 0.6341828119047619 0.3294046873065015 0.639328125 0.33194218761609906 0.644473436904762 0.3361703126934985 0.643329688095238 0.33927187492260064 0.642757813095238 0.34152656222910216 0.6421859380952382 0.3463203126934985 0.6421859380952382 0.3471656247678019 0.639328125 0.34547343777089784 0.627321875 0.3443468749226006 0.61931875 0.3406812501547987 0.616459375 0.3356062501547988 0.6141734369047618 0.32912343777089786 0.6176031249999999
2 0.27668750030959754 0.5810140619047619 0.27245937523219815 0.577584375 0.2687937498452012 0.5867312499999999 0.27245937523219815 0.597021875 0.2758421876160991 0.6038828130952382 0.2772515622291022 0.6095999999999999 0.2845812501547988 0.6118859380952382 0.29021874984520124 0.6130296880952381 0.2958578123839009 0.6113140619047619 0.29980468730650156 0.6015953130952381 0.29867656222910216 0.59530625 0.2938843752321981 0.59759375 0.29021874984520124 0.595878125 0.28711874984520125 0.5907328130952381 0.2865546873065015 0.58444375 0.28288906253869966 0.5833015619047619 0.2789437498452012 0.5855875 0.27668750030959754 0.5810140619047619
10 0.25935167244582047 0.46297488571428574 0.26006613993808053 0.45082894047619043 0.25649380247678016 0.43153832023809524 0.253635933126935 0.4172489714285714 0.24649125882352943 0.40367409047619046 0.24434785634674921 0.40081622023809527 0.23934658452012383 0.3822400678571429 0.23863211702786377 0.37866773095238093 0.23577424767801858 0.3679507202380952 0.23363084520123836 0.37223752380952385 0.23363084520123836 0.3893847416666667 0.23291637770897833 0.4001017535714285 0.23291637770897833 0.4215357761904762 0.23148744334365323 0.43939746190476187 0.23648871517027864 0.4651182880952381 0.24792019380804955 0.46440382142857145 0.25935167244582047 0.46297488571428574
10 0.36294944767801857 0.5051284630952381 0.37152305696594423 0.5194178119047619 0.38366900309597524 0.5065573988095238 0.38867027492260064 0.3629494476190476 0.38152560061919505 0.341515425 0.3750953938080495 0.3500890345238095 0.37295199133126933 0.3629494476190476 0.3600915783281734 0.4715484952380952 0.36294944767801857 0.5051284630952381
11 0.4669608866873065 0.46917048095238095 0.47064354303405576 0.4514937273809524 0.47211660619195045 0.43529003809523814 0.46327822972136223 0.4176132845238095 0.4559129157894737 0.40067306309523815 0.44707453931888547 0.37342140238095234 0.43455350650154795 0.31818155 0.4117210340557276 0.2835645761904762 0.3962538755417957 0.29387601547619047 0.4205594105263158 0.38299631071428575 0.43970922600619194 0.4470745392857143 0.44044575727554175 0.46254169880952384 0.45959557275541796 0.47579926309523807 0.4669608866873065 0.46917048095238095
11 0.6076383777089783 0.4124575654761905 0.6304708501547988 0.3859424357142857 0.6496206656346749 0.36163690119047615 0.6606686359133127 0.3380678976190476 0.664351292879257 0.3130258309523809 0.6665608866873065 0.2901933583333333 0.664351292879257 0.2732531369047619 0.6569859789473684 0.2732531369047619 0.6370996321981424 0.31007970595238094 0.6172132854489164 0.32701992738095237 0.5965904068111455 0.34396014880952386 0.5759675287925696 0.36531955833333335 0.5457697424148606 0.4205594107142857 0.5472428055727554 0.4330804440476191 0.5686022148606812 0.4478110714285714 0.589225093498452 0.4330804440476191 0.6076383777089783 0.4124575654761905
