2 0.24320625015479877 0.504721875 0.23822656222910218 0.503959375 0.23615312507739938 0.5070078130952381 0.23324843777089785 0.5161578130952381 0.23615312507739938 0.52301875 0.23988593746130032 0.52073125 0.24237656222910217 0.52454375 0.24569531269349845 0.5298796869047618 0.24776874984520122 0.5344546869047619 0.2490140625386997 0.5298796869047618 0.25067343777089784 0.52530625 0.2548218749226006 0.5298796869047618 0.2581421876160991 0.5344546869047619 0.26312031269349845 0.5375046880952381 0.26477968730650153 0.52454375 0.26312031269349845 0.51691875 0.2548218749226006 0.5138703130952381 0.25191874984520124 0.508532813095238 0.24320625015479877 0.504721875
2 0.2888437498452012 0.532167186904762 0.28345 0.541315625 0.28386562476780186 0.5512265630952381 0.28718437523219814 0.5558015630952381 0.2925781250773994 0.5519890630952381 0.29921562476780184 0.5565640630952381 0.29880156222910215 0.563425 0.3054390625386997 0.5641875000000001 0.3133218749226006 0.5619 0.32203437523219813 0.5619 0.31913125015479876 0.5359796880952381 0.3054390625386997 0.5375046880952381 0.30834374984520124 0.532929686904762 0.30709843777089785 0.52378125 0.3033656247678018 0.52378125 0.2983859374613003 0.52454375 0.29382187492260065 0.52759375 0.2888437498452012 0.532167186904762
2 0.4601937498452012 0.5977328119047619 0.46890625015479875 0.6152687499999999 0.47720468730650156 0.622129688095238 0.48384218761609904 0.620604686904762 0.4871609374613003 0.60993125 0.48467187492260067 0.5901093749999999 0.48384218761609904 0.5695250000000001 0.4755453126934984 0.5588515630952381 0.46932187492260063 0.5603765630952381 0.4639281250773994 0.5680000000000001 0.4639281250773994 0.5832484380952381 0.4601937498452012 0.5977328119047619
2 0.4946296873065016 0.622129688095238 0.4971187498452012 0.6198421880952381 0.5080938501547987 0.6225136047619048 0.5146696984520124 0.6168145357142857 0.5116009690402477 0.5984021619047619 0.5212455461300309 0.5681532619047619 0.49669571393188855 0.5414114797619047 0.4875765622291022 0.5680000000000001 0.48467187492260067 0.592396875 0.4867468749226006 0.6152687499999999 0.48799062476780186 0.622892188095238 0.4946296873065016 0.622129688095238
9 0.47098125015479875 0.5565640630952381 0.47098125015479875 0.49633437500000005 0.46932187492260063 0.4605015619047619 0.4651718749226006 0.43076875000000003 0.46683125015479876 0.480325 0.4655875003095975 0.5092953130952381 0.46600156222910216 0.546653125 0.4630984377708979 0.5611390630952381 0.47098125015479875 0.5565640630952381
2 0.6336187498452012 0.566475 0.6419156247678018 0.5657125000000001 0.6448203126934984 0.5573265630952381 0.6460640625386996 0.543603125 0.6452343752321981 0.5291171880952381 0.6402562501547988 0.5161578130952381 0.6348625003095976 0.52149375 0.6323734377708978 0.51768125 0.62615 0.51768125 0.6207562501547987 0.52454375 0.6244906247678019 0.5443656250000001 0.6211718749226006 0.5626625000000001 0.6249046873065016 0.566475 0.6336187498452012 0.566475
9 0.6311281250773993 0.43686875 0.6294687498452013 0.4010359380952381 0.628225 0.4734625 0.628225 0.499384375 0.6249046873065016 0.5115828130952381 0.6307140625386997 0.5123453130952381 0.6323734377708978 0.4788 0.6311281250773993 0.43686875
2 0.6518734377708978 0.5375046880952381 0.647725 0.5382671869047618 0.6439906247678019 0.548940625 0.643575 0.5603765630952381 0.6481390625386997 0.5756234369047619 0.659340624767802 0.5763859380952381 0.6701281250773994 0.5771484380952381 0.6780109374613003 0.5710500000000001 0.6829906247678018 0.5657125000000001 0.6850640625386997 0.5558015630952381 0.6809156247678019 0.545128125 0.6738624996904025 0.546653125 0.6684687498452012 0.5443656250000001 0.663075 0.546653125 0.6589265622291022 0.5580890630952381 0.6560218749226007 0.543603125 0.6518734377708978 0.5375046880952381
2 0.7024906247678019 0.5862968749999999 0.7074687498452013 0.592396875 0.7136921876160991 0.5916343749999999 0.7182562501547988 0.585534375 0.721575 0.5786734380952381 0.7282124996904025 0.5824859369047619 0.7323624996904025 0.5756234369047619 0.7344359374613003 0.56495 0.7369265622291022 0.5558015630952381 0.7331921876160992 0.547415625 0.7273828123839009 0.5527515630952381 0.7219890625386997 0.5580890630952381 0.7141062501547988 0.5611390630952381 0.7120328123839009 0.5657125000000001 0.7070531250773994 0.56495 0.6991703126934985 0.5740984369047619 0.7024906247678019 0.5862968749999999
2 0.657267187616099 0.6427140619047619 0.6610015622291021 0.636615625 0.6688843752321981 0.629754688095238 0.6775968749226006 0.622892188095238 0.6858937498452012 0.6160312499999999 0.6829906247678018 0.5977328119047619 0.6771812501547988 0.6038328119047619 0.670957812383901 0.6122187499999999 0.6639046873065015 0.6198421880952381 0.6564375003095976 0.627467186904762 0.657267187616099 0.6427140619047619
2 0.5691531250773993 0.665742186904762 0.5719859374613003 0.664795313095238 0.5748203126934984 0.660534375 0.5748203126934984 0.6487 0.5750781250773994 0.640178125 0.5825484377708978 0.638757813095238 0.5900187498452012 0.638284375 0.5918234377708979 0.6297640619047619 0.5902765622291022 0.624082813095238 0.5861546873065016 0.622664061904762 0.5853828123839009 0.620770313095238 0.5822906247678019 0.624082813095238 0.5755937498452012 0.622664061904762 0.5696671876160991 0.6259765619047618 0.5658031250773994 0.629290625 0.5629703126934984 0.6425453119047619 0.5650312501547988 0.65390625 0.5691531250773993 0.665742186904762
25 0.44069374984520127 0.6711390630952381 0.4429578123839009 0.656584375 0.43390468730650156 0.6385640619047619 0.42485312507739936 0.6344062500000001 0.4173093752321982 0.6413374999999999 0.4127828123839009 0.6607437500000001 0.41165156222910215 0.6829218749999999 0.41693281238390095 0.701635938095238 0.4192326643962848 0.7595137916666667 0.4247592718266254 0.7650403988095238 0.43239687492260065 0.69955625 0.43654531269349844 0.687773438095238 0.44069374984520127 0.6711390630952381
9 0.4267390625386997 0.76470625 0.4214578123839009 0.761240625 0.41844062476780186 0.8007468750000001 0.41919531269349847 0.81738125 0.422967187616099 0.8118359380952381 0.4267390625386997 0.76470625
2 0.3886437498452013 0.655198438095238 0.39090781238390093 0.6434156249999999 0.3973187498452012 0.6461890619047619 0.40335468730650154 0.647575 0.4052390625386997 0.6538125 0.407125 0.6621296869047619 0.41014374984520124 0.6718328130952381 0.4139140625386997 0.65935625 0.4135374996904025 0.6468812500000001 0.4044859374613003 0.6330203119047619 0.39694218761609906 0.6295546880952381 0.38638125015479874 0.635098436904762 0.3848718749226006 0.642723436904762 0.38298593746130033 0.6468812500000001 0.3818546873065016 0.6572781249999999 0.3886437498452013 0.655198438095238
0 0.39694218761609906 0.6766843750000001 0.40071406253869973 0.6607437500000001 0.4003359374613003 0.644801561904762 0.39467968730650155 0.6434156249999999 0.3882671876160991 0.6538125 0.3826093752321981 0.6558921880952381 0.38034687492260066 0.664209375 0.38034687492260066 0.6822281250000001 0.3818546873065016 0.691932811904762 0.39090781238390093 0.689159375 0.39694218761609906 0.6766843750000001
0 0.3807234377708978 0.644801561904762 0.37846093746130033 0.635098436904762 0.3761968749226006 0.637871875 0.37355781238390096 0.6461890619047619 0.3671453126934984 0.6468812500000001 0.36261874984520126 0.637871875 0.3584703126934985 0.6461890619047619 0.3584703126934985 0.6655953130952381 0.36450468730650154 0.6884671869047619 0.3716718749226006 0.6926249999999999 0.376575 0.6766843750000001 0.38147812507739937 0.6607437500000001 0.3807234377708978 0.644801561904762
2 0.37506562476780186 0.644109375 0.37770625015479875 0.635098436904762 0.376575 0.618465625 0.37091718761609904 0.6163859380952381 0.36374999999999996 0.617771875 0.3573390625386997 0.6156921880952381 0.35696093746130025 0.6330203119047619 0.3611109374613003 0.637178125 0.36299687492260063 0.6434156249999999 0.36676874984520125 0.647575 0.3731796873065016 0.6482671880952381 0.37506562476780186 0.644109375
2 0.34413749969040247 0.6122265619047619 0.3407437498452012 0.6066828130952381 0.3350859374613003 0.603217188095238 0.3275421876160991 0.6004453130952381 0.31962187492260064 0.59559375 0.3105687498452012 0.5935140619047619 0.3075515622291021 0.5990578119047618 0.3098156247678019 0.6094546869047619 0.31019218761609907 0.6191578119047619 0.3113234377708978 0.628860936904762 0.3169812501547988 0.6330203119047619 0.32263906253869973 0.630246875 0.324525 0.6212375 0.3298046873065016 0.624009375 0.3384796873065015 0.623317186904762 0.34413749969040247 0.6122265619047619
2 0.28718437523219814 0.5824250000000001 0.2803953126934985 0.5775734369047618 0.26945781238390093 0.5699484369047619 0.26606250030959755 0.570642188095238 0.2634218749226006 0.5789593749999999 0.26455468730650156 0.5900484369047619 0.2713437498452012 0.5928203119047619 0.2758687498452012 0.5942062499999999 0.28001874984520125 0.597671875 0.2849218749226006 0.6011375 0.2894468749226006 0.5997515630952381 0.2917109374613003 0.5942062499999999 0.289825 0.58796875 0.28718437523219814 0.5824250000000001
6 0.6299662321981424 0.6514473357142858 0.627335892879257 0.661091911904762 0.6317197913312693 0.6641606416666667 0.6387340291021671 0.6645990309523809 0.6448714873065016 0.6645990309523809 0.6470634365325078 0.6619686916666667 0.6505705554179566 0.6510089452380953 0.6361036904024768 0.650570555952381 0.6299662321981424 0.6514473357142858
2 0.3398178216718266 0.5559830738095238 0.3383061770897833 0.5584017059523809 0.338608505882353 0.5614249964285715 0.340422479876161 0.5650529440476191 0.3449574154798762 0.567773905952381 0.3567482470588235 0.567773905952381 0.36400414365325073 0.5656576023809523 0.3676320922600619 0.5396573059523809 0.3630971566563468 0.5324014095238095 0.36249249845201237 0.5336107261904761 0.359166879256966 0.5384479904761905 0.3570505764705882 0.541471280952381 0.3522133120743034 0.5450992285714286 0.3503993380804954 0.5478201892857143 0.339515492879257 0.5496341642857143 0.3398178216718266 0.5559830738095238
2 0.3673297628482972 0.5714018535714286 0.3697483950464396 0.5732158273809524 0.37307401424148606 0.5771461047619048 0.3794229238390093 0.5810763821428571 0.39030676904024764 0.5840996726190476 0.39242307182662545 0.5792624083333333 0.3927254012383901 0.5714018535714286 0.3945393752321982 0.557494719047619 0.3933300588235294 0.5475178607142858 0.390911426625387 0.5454015571428572 0.38002758204334364 0.5514481380952381 0.3754926464396285 0.5541690988095238 0.371260040247678 0.557494719047619 0.36853907925696594 0.5602156797619048 0.36158551145510837 0.565959930952381 0.3673297628482972 0.5714018535714286
13 0.36421512136222906 0.6949080119047618 0.4631570272445821 0.7251344047619047 0.5402275003095975 0.7095000726190476 0.6339620167182662 0.7095000726190476 0.6881196594427245 0.6824005773809524 0.7287378513931889 0.6448781535714285 0.7724807157894737 0.6021442869047618 0.751650840866873 0.6021442869047618 0.7183229139318885 0.6271592357142857 0.7099910916408668 0.6323706797619048 0.7016591095975232 0.6386243976190475 0.6454183523219814 0.6740622345238095 0.6068831157894736 0.6876120214285715 0.5777213386996903 0.6907388404761905 0.5412690575851393 0.68344285 0.4569080012383901 0.6886542952380952 0.4173312866873065 0.6886542952380952 0.38504499628482974 0.68344285 0.34963419318885447 0.6511319511904762 0.30380845263157896 0.6313283666666667 0.28506153374613 0.6271592357142857 0.2749999758513932 0.6460937511904762 0.3121404346749226 0.6709353357142858 0.36421512136222906 0.6949080119047618
