0 0.35067499999999996 0.43478437500000006 0.35067499999999996 0.4594546869047619 0.35326406253869974 0.4649359380952381 0.35887187492260064 0.4649359380952381 0.3610281250773994 0.4530578119047619 0.3610281250773994 0.4293015630952381 0.3584390625386997 0.42107812499999997 0.35498906253869966 0.42381874999999997 0.35067499999999996 0.43478437500000006
1 0.3614593752321981 0.4311296869047619 0.3584390625386997 0.4759015630952381 0.36275312507739943 0.4877796869047619 0.3709484377708978 0.4978296880952381 0.38302656222910214 0.48046875 0.3882015622291022 0.463109375 0.39035937523219816 0.44209375 0.38777031269349843 0.41102812499999997 0.38647656222910215 0.379046875 0.3843203126934985 0.370825 0.37137968730650156 0.37447968690476185 0.36792968730650155 0.3890984380952381 0.36275312507739943 0.4082859380952381 0.3614593752321981 0.4311296869047619
3 0.37396718761609904 0.30777812499999996 0.36836093746130033 0.364428125 0.36965468730650153 0.37447968690476185 0.38604531269349845 0.3753921869047619 0.38690781238390093 0.350721875 0.3886328123839009 0.3141734369047619 0.3899281250773994 0.26300625 0.38043749969040247 0.2620921880952381 0.37396718761609904 0.30777812499999996
2 0.5728140625386997 0.4640234380952381 0.5689328123839009 0.449403125 0.5637562501547988 0.439353125 0.5564234377708979 0.439353125 0.5529734377708978 0.4484890630952381 0.5546984377708979 0.458540625 0.5607375003095975 0.4740734369047619 0.5693640625386996 0.4850375 0.5728140625386997 0.47955625 0.5728140625386997 0.4640234380952381
1 0.5749703126934984 0.484125 0.5805781250773994 0.4996578119047619 0.5913624996904024 0.501484375 0.5961062501547988 0.4905203119047619 0.6021453126934985 0.4740734369047619 0.5991265622291021 0.45580000000000004 0.5917937498452012 0.42564687500000004 0.5835984377708978 0.42107812499999997 0.5758343752321982 0.4247328130952381 0.5672062501547988 0.4293015630952381 0.5654812501547988 0.44209375 0.5697953126934985 0.463109375 0.5749703126934984 0.484125
1 0.5969687498452012 0.4092 0.5913624996904024 0.41742343809523813 0.5926562501547988 0.4293015630952381 0.5961062501547988 0.449403125 0.6017140625386996 0.46859062500000004 0.6077531250773994 0.4759015630952381 0.6176734377708978 0.4786421880952381 0.624575 0.4749875 0.630182812383901 0.4640234380952381 0.6297515622291021 0.4457484380952381 0.6237124996904025 0.41376874999999996 0.6193984377708979 0.401890625 0.6150859374613004 0.39915 0.6124968749226006 0.4000625 0.6081843752321981 0.4009765619047619 0.6012828123839009 0.4055453119047619 0.5969687498452012 0.4092
1 0.6202828123839009 0.4381109380952381 0.6282921876160991 0.45224843809523807 0.6376359374613003 0.45507499999999995 0.6456453126934986 0.45224843809523807 0.6527640625386997 0.4513046869047619 0.6572140625386997 0.4409375 0.6581046873065015 0.4268 0.6541 0.3975828119047619 0.647425 0.37873437499999996 0.6403062501547987 0.3655390630952381 0.6309609374613003 0.3655390630952381 0.6242874996904025 0.3683671869047619 0.6211718749226006 0.4079515619047619 0.6202828123839009 0.4381109380952381
2 0.6781281250773994 0.4352828130952381 0.6821328123839009 0.4315125 0.686582812383901 0.42397343809523813 0.6937015622291022 0.4145484369047619 0.6950359374613003 0.401353125 0.6892515622291021 0.396640625 0.6861374996904024 0.3975828119047619 0.6821328123839009 0.40889375 0.6790171876160991 0.3975828119047619 0.6741234377708979 0.3956984369047619 0.6701187498452013 0.39946875 0.6723437498452013 0.41360625 0.6647781250773994 0.41831874999999996 0.6656687498452013 0.436225 0.6781281250773994 0.4352828130952381
3 0.6269406247678019 0.3655640630952381 0.6390968749226006 0.36427656309523815 0.6421359374613004 0.3546203119047619 0.6342343752321982 0.278015625 0.625725 0.272221875 0.6202531250773994 0.279303125 0.6229890625386997 0.3591265630952381 0.6269406247678019 0.3655640630952381
2 0.6904593752321981 0.517484375 0.6859 0.506540625 0.6737437498452012 0.511046875 0.6691843752321982 0.528428125 0.6667531250773995 0.5393718750000001 0.6691843752321982 0.5548203119047619 0.6764781250773994 0.5586828130952382 0.686507812383901 0.545165625 0.6910671876160991 0.532290625 0.6904593752321981 0.517484375
0 0.6570281250773994 0.534221875 0.6576359374613002 0.523278125 0.6561156247678018 0.517484375 0.6497343752321982 0.517484375 0.6521656247678018 0.534865625 0.6564203126934985 0.540015625 0.6570281250773994 0.534221875
0 0.6962328123839009 0.5129781250000001 0.7004875003095975 0.520703125 0.7041359374613003 0.521990625 0.7029187498452012 0.5129781250000001 0.7001843752321981 0.501390625 0.6947140625386997 0.48851718809523814 0.691675 0.5007468749999999 0.6962328123839009 0.5129781250000001
2 0.6090093752321982 0.548384375 0.6023218749226006 0.536153125 0.5925968749226006 0.538728125 0.5862156247678019 0.543878125 0.5834796873065016 0.5528890619047618 0.5880390625386996 0.572845311904762 0.5941171876160991 0.5837890619047619 0.6011062501547988 0.587651561904762 0.6087046873065016 0.578639063095238 0.6105281250773994 0.5683390630952381 0.6090093752321982 0.548384375
2 0.3846078123839009 0.4495859380952381 0.38507031269349845 0.46524843809523814 0.39061406253869974 0.4721 0.40077812507739935 0.48189062499999996 0.402625 0.47112187499999997 0.39846718761609906 0.441753125 0.38969062476780186 0.4358796880952381 0.3846078123839009 0.4495859380952381
9 0.6056462520123839 0.5363073071428571 0.5790882092879257 0.5394305285714286 0.6202203126934984 0.7090015619047619 0.6179109374613003 0.6825703130952381 0.6095953126934984 0.6385187499999999 0.6056462520123839 0.5363073071428571
1 0.3915374996904025 0.576845311904762 0.3952343752321981 0.54845625 0.3892281250773994 0.528878125 0.3758312501547988 0.526920311904762 0.36474218761609906 0.531815625 0.36104687492260057 0.5748875 0.36289531269349845 0.589571875 0.3679765622291022 0.5954453119047619 0.37536874984520124 0.598382811904762 0.38229843777089784 0.5885921880952381 0.3915374996904025 0.576845311904762
1 0.32270312507739934 0.5230046869047619 0.3176203126934985 0.537689061904762 0.313 0.558246875 0.3190062501547988 0.5699937500000001 0.3250125003095975 0.576845311904762 0.33286562476780185 0.58271875 0.33794843777089784 0.5846765619047619 0.3494968749226006 0.581740625 0.3587375003095975 0.5748875 0.36289531269349845 0.56705625 0.36751562476780186 0.539646875 0.3615093752321981 0.528878125 0.3541171876160991 0.5249625 0.34718749969040247 0.5239843750000001 0.34487812507739934 0.52006875 0.3370234377708979 0.51419375 0.32824687492260063 0.5151734380952381 0.32270312507739934 0.5230046869047619
2 0.2658781250773994 0.5797828119047619 0.2704984377708978 0.5934875 0.27696562476780184 0.589571875 0.28250937523219816 0.5758671869047619 0.2945218749226006 0.5748875 0.30098906253869967 0.5680359380952381 0.30607031269349844 0.570971875 0.32639843777089783 0.51419375 0.3185437498452013 0.5093 0.3051468749226006 0.4955953119047619 0.2931359374613003 0.47993125 0.2889781250773994 0.49657343809523813 0.2894390625386997 0.5093 0.2774281250773994 0.53573125 0.27511718761609905 0.5464984380952381 0.2658781250773994 0.5797828119047619
9 0.3041338854489164 0.6300037285714285 0.29476034613003094 0.6784133416666667 0.3072583188854489 0.673728538095238 0.3244429417956657 0.6221957035714286 0.31819395541795664 0.6862213666666666 0.3291297114551084 0.6955910333333334 0.34162756470588235 0.6674821547619048 0.3525633207430341 0.6050179523809524 0.3666235095975232 0.5363073071428571 0.34023433931888547 0.5277343761904761 0.3025715492260062 0.5644161857142858 0.3041338854489164 0.6300037285714285
9 0.3681857269349845 0.7112070833333334 0.39005711888544886 0.5691009892857143 0.39005711888544886 0.5316225035714286 0.36953121424148605 0.5277343761904761 0.35100110402476786 0.700275955952381 0.3681857269349845 0.7112070833333334
9 0.2682023034055728 0.6518661035714286 0.3322541448916409 0.5097600095238095 0.2855468390092879 0.4867187511904762 0.23851970835913314 0.6518661035714286 0.2682023034055728 0.6518661035714286
6 0.6821961851393188 0.6128259773809523 0.6618868904024767 0.5659778261904762 0.619531214241486 0.5902343761904761 0.6368910643962847 0.6534278047619048 0.6821961851393188 0.6128259773809523
