10 0.30504687492260063 0.4331125 0.30062656222910217 0.417059375 0.2949437498452012 0.43578750000000005 0.2987328123839009 0.4745828130952381 0.3126265622291022 0.4732453130952381 0.31199374984520123 0.4625421880952381 0.30504687492260063 0.4331125
7 0.29810156222910217 0.4384625 0.3082046873065015 0.4331125 0.31199374984520123 0.451840625 0.31452031269349845 0.47592031190476186 0.3328343752321981 0.4946484369047619 0.33915 0.4785953119047619 0.3315718749226006 0.43578750000000005 0.3126265622291022 0.40635625 0.3031531250773994 0.40635625 0.29810156222910217 0.4384625
2 0.3740859374613003 0.562975 0.36847968730650155 0.5721125 0.3624406247678018 0.5830765619047619 0.3615781250773994 0.569371875 0.3564015622291022 0.5565796880952381 0.3503625003095975 0.56663125 0.34906874984520125 0.5922140619047619 0.35855781238390094 0.6104890619047619 0.3645968749226006 0.6104890619047619 0.3753812501547988 0.602265625 0.3784 0.583990625 0.3740859374613003 0.562975
2 0.3917718749226006 0.578509375 0.3865953126934985 0.569371875 0.3809875003095975 0.573026563095238 0.37926250030959746 0.5922140619047619 0.37926250030959746 0.603178125 0.38616406253869967 0.6132296869047619 0.3960843752321982 0.6177984380952382 0.4025546873065015 0.6132296869047619 0.4047109374613003 0.5949562500000001 0.39263437523219813 0.59586875 0.3917718749226006 0.5867328130952382 0.3917718749226006 0.578509375
0 0.40842031269349843 0.593196875 0.41136562476780186 0.5963171869047619 0.41401718761609907 0.5988140619047618 0.4154906247678019 0.58695625 0.4146062501547988 0.57884375 0.41077656222910214 0.572603125 0.408125 0.57884375 0.40842031269349843 0.593196875
2 0.5409937498452013 0.6256484380952381 0.5448234377708978 0.6194078130952381 0.5436453126934985 0.608175 0.5404046873065015 0.6056781250000001 0.5368687498452013 0.608175 0.5362796873065016 0.6175359380952381 0.5371640625386996 0.6250249999999999 0.5409937498452013 0.6256484380952381
2 0.6176562501547987 0.5423578119047618 0.6097546873065015 0.5436453119047618 0.6079312501547988 0.5642437499999999 0.6085390625386997 0.581625 0.6079312501547988 0.59514375 0.6130984377708979 0.6002937500000001 0.6222156247678019 0.6002937500000001 0.6267734377708979 0.6002937500000001 0.6292046873065016 0.5945 0.6310281250773994 0.58355625 0.6285968749226006 0.55651875 0.624342187616099 0.5423578119047618 0.6203921876160992 0.5378515630952381 0.6176562501547987 0.5423578119047618
2 0.6638515622291021 0.522401561904762 0.662332812383901 0.5249765630952381 0.6611171876160991 0.5301265619047619 0.6568625003095976 0.5314140619047619 0.6550390625386997 0.539782813095238 0.6541265622291021 0.550725 0.6450093752321981 0.5494375 0.6425781250773994 0.5494375 0.6407546873065015 0.55651875 0.6374109374613003 0.55008125 0.6310281250773994 0.5417140619047619 0.6264703126934984 0.5494375 0.6267734377708979 0.55845 0.6282937498452013 0.5700375 0.6310281250773994 0.58098125 0.635284375232198 0.58613125 0.6413625003095975 0.58613125 0.6465281250773994 0.57969375 0.6556468749226007 0.58484375 0.6629406247678018 0.57905 0.6708421876160992 0.5700375 0.6708421876160992 0.546864063095238 0.6678031250773994 0.5314140619047619 0.6638515622291021 0.522401561904762
2 0.6690187498452013 0.5121015630952381 0.6665874996904024 0.5198265630952381 0.6665874996904024 0.5320578119047619 0.6681062501547989 0.55845 0.6738812501547987 0.56681875 0.6808718749226006 0.57196875 0.6817828123839009 0.555875 0.6784406247678019 0.529482813095238 0.6729703126934984 0.5288390619047619 0.6732734377708979 0.5198265630952381 0.6690187498452013 0.5121015630952381
2 0.6826953126934985 0.57068125 0.6857343752321982 0.5648875 0.6957640625386997 0.5623125 0.7021453126934984 0.55394375 0.7003218749226006 0.5436453119047618 0.6969796873065015 0.5288390619047619 0.6890765622291021 0.5301265619047619 0.6851265622291022 0.5378515630952381 0.6845187498452012 0.55394375 0.6826953126934985 0.57068125
1 0.35628749969040246 0.6138109380952381 0.34230625015479876 0.6105921880952381 0.335925 0.6118796880952381 0.33136562476780185 0.6369859380952381 0.3328843752321981 0.660160938095238 0.33622812507739935 0.669815625 0.3435218749226006 0.683978125 0.35142343777089785 0.690415625 0.3571984377708979 0.687840625 0.36570781238390093 0.673678125 0.3739140625386997 0.664021875 0.37543437523219814 0.6466421869047619 0.3720906247678019 0.6266859369047619 0.35628749969040246 0.6138109380952381
2 0.32832656222910217 0.6118796880952381 0.32224843777089784 0.6002937500000001 0.31708125015479877 0.59128125 0.31009062476780186 0.581625 0.30614062476780185 0.5906374999999999 0.3070515622291022 0.59965 0.31009062476780186 0.612523438095238 0.31556250030959754 0.6234671869047619 0.3225515622291022 0.6215359380952381 0.32832656222910217 0.6118796880952381
9 0.35112031269349847 0.759295313095238 0.3529437498452012 0.7444890630952381 0.3556796873065015 0.7200265619047619 0.3578062501547987 0.687840625 0.3547671876160991 0.6871968749999999 0.35112031269349847 0.689128125 0.35112031269349847 0.734189063095238 0.34777656222910214 0.7547890619047619 0.33562031269349846 0.776675 0.3435218749226006 0.7695953130952381 0.33501249969040253 0.79148125 0.34656093746130034 0.7721703130952381 0.35112031269349847 0.759295313095238
9 0.33136562476780185 0.712946875 0.33744374984520126 0.697496875 0.3426109374613003 0.678828125 0.3389640625386997 0.668528125 0.3307578123839009 0.696209375 0.32407187492260064 0.7200265619047619 0.31525781238390094 0.741270313095238 0.3003656247678019 0.755432811904762 0.31100312507739936 0.7547890619047619 0.3198171876160991 0.7457765630952381 0.3277187498452012 0.727751561904762 0.33136562476780185 0.712946875
2 0.3862562873065015 0.6504489 0.394616813003096 0.6500308738095238 0.3996331287925697 0.6542111357142858 0.40214128606811145 0.6638257404761905 0.4075756278637771 0.6792927130952381 0.4117558910216718 0.6629896880952381 0.41050181176470585 0.6479407416666666 0.4084116804953561 0.6391621892857143 0.40464944396284835 0.6328917952380952 0.39796102352941176 0.6328917952380952 0.38667431393188856 0.6345639011904762 0.38165799814241486 0.6429244261904762 0.3862562873065015 0.6504489
2 0.40882970650154804 0.658809425 0.41300996965944275 0.6617356095238096 0.4209524687306502 0.6642437666666666 0.4284769424148607 0.6659158726190476 0.4372554941176471 0.669260082142857 0.4326572049535604 0.6521210047619048 0.4255507578947368 0.648776794047619 0.4188623374613003 0.6496128464285714 0.4117558910216718 0.6529570571428571 0.40882970650154804 0.658809425
2 0.4401816780185759 0.6684240297619047 0.44687009845201237 0.6738583714285714 0.44937825634674927 0.6788746869047618 0.4606649659442725 0.6843090285714285 0.46108299256965946 0.68305495 0.4577387820433437 0.6734403452380953 0.45481259814241487 0.6654978452380953 0.44979628297213625 0.6608995571428571 0.4439439145510836 0.6596454773809525 0.43683746811145513 0.6629896880952381 0.4401816780185759 0.6684240297619047
2 0.48365641176470586 0.6960137642857143 0.4890907535603715 0.6880712654761905 0.49118088482972133 0.6755304761904762 0.48700062229102165 0.6684240297619047 0.48156628049535605 0.6654978452380953 0.47989417523219813 0.6675879773809524 0.4786400965944272 0.6746944238095238 0.4755736160990712 0.6818495452380952 0.48156628049535605 0.6805467916666667 0.4807302278637771 0.6834729761904762 0.47738601733746133 0.6935056071428571 0.48365641176470586 0.6960137642857143
2 0.4084116804953561 0.5994496928571428 0.4067395752321981 0.6040479821428572 0.40548549659442723 0.6090642976190477 0.4050674699690402 0.6161707440476191 0.40632154922600616 0.618260875 0.4100837857585139 0.6165887702380952 0.41342799566563465 0.611990480952381 0.41551812755417955 0.6040479821428572 0.4142640482972136 0.5990316666666666 0.4117558910216718 0.5940153511904762 0.40715760185758515 0.5935973250000001 0.4084116804953561 0.5994496928571428
6 0.6517029783281734 0.6320557428571428 0.6504488996904025 0.6349819273809524 0.6583913987616099 0.6412523214285715 0.6671699510835915 0.6391621892857143 0.6738583715170279 0.6312196904761905 0.6696781083591331 0.6249492964285714 0.6600635040247678 0.6287115321428572 0.6517029783281734 0.6320557428571428
2 0.5752513739938081 0.5943073202380952 0.5764423708978328 0.5998653047619048 0.5756483727554179 0.6082022809523809 0.5768393696594427 0.6157452595238094 0.5808093585139319 0.6173332547619048 0.5867643417956656 0.6141572642857143 0.5919253269349845 0.6078052821428571 0.594704319504644 0.5974833119047619 0.5907343306501548 0.5863673428571429 0.5871613405572755 0.5843823488095238 0.580412359752322 0.5843823488095238 0.5768393696594427 0.5847793476190476 0.5740603777089783 0.5863673428571429 0.5752513739938081 0.5943073202380952
2 0.5629444086687306 0.5772363690476191 0.5645324043343654 0.5812063571428572 0.5649294030959753 0.5843823488095238 0.5661204 0.5939103214285715 0.5665173987616099 0.599468305952381 0.5661204 0.6085992797619048 0.5677083956656347 0.6129662678571428 0.5736633789473684 0.6209062452380952 0.5764423708978328 0.6109812726190477 0.5704873876160991 0.5776333678571428 0.5692963907120743 0.5740603773809524 0.56572340123839 0.5736633785714286 0.5625474099071207 0.5764423702380952 0.5629444086687306 0.5772363690476191
2 0.5962923145510836 0.6475051702380953 0.6058202879256966 0.6502841619047619 0.617730253869969 0.6510781595238095 0.617730253869969 0.6494901642857143 0.6117752712074304 0.6371831988095238 0.6022472978328173 0.6320222142857143 0.5954983170278638 0.6316252142857144 0.5919253269349845 0.6320222142857143 0.5891463349845201 0.6403591904761904 0.5939103213622291 0.645917175 0.5962923145510836 0.6475051702380953
13 0.7151985603715171 0.5854676809523809 0.697493039628483 0.6188209321428572 0.6693727399380804 0.6532164571428571 0.6443769535603715 0.678231405952381 0.5777213386996903 0.6969925583333333 0.4975262730650155 0.7032463547619048 0.39441837647058825 0.6907388404761905 0.36525659938080496 0.6667662440476191 0.2933935151702787 0.6271592357142857 0.27881258699690403 0.6104825892857143 0.3090159213622291 0.6553010428571427 0.32672128359133124 0.681358225 0.38087900557275545 0.7022040023809524 0.5318955981424148 0.7282612238095237 0.5943852222910216 0.7115846178571429 0.6756217659442725 0.681358225 0.70894953374613 0.6480050130952381 0.7329039219814242 0.5875522666666667 0.7151985603715171 0.5854676809523809
13 0.7006175523219814 0.4603930154761905 0.65375033374613 0.48436565238095236 0.5954267003095975 0.5135497321428572 0.5443934910216718 0.5406492666666667 0.4808623888544892 0.5594104583333334 0.40691634922600617 0.5302263785714285 0.346509680495356 0.48749251071428573 0.28506153374613 0.45518157142857146 0.30380845263157896 0.4864502380952381 0.34026073374613003 0.5218880357142857 0.37150554613003095 0.5406492666666667 0.4006674024767802 0.5635795904761904 0.44545158575851396 0.5812985095238096 0.524605094117647 0.5760870642857143 0.5902192315789474 0.5541990142857143 0.6443769535603715 0.5260572071428572 0.6777047219814242 0.49061936904761905 0.7072916427244582 0.46119791785714287 0.7006175523219814 0.4603930154761905
