10 0.30504687492260063 0.4331125 0.30062656222910217 0.417059375 0.2949437498452012 0.43578750000000005 0.2987328123839009 0.4745828130952381 0.3126265622291022 0.4732453130952381 0.31199374984520123 0.4625421880952381 0.30504687492260063 0.4331125
2 0.34906874984520125 0.5922140619047619 0.35855781238390094 0.6104890619047619 0.3645968749226006 0.6104890619047619 0.3753812501547988 0.602265625 0.3784 0.583990625 0.3740859374613003 0.562975 0.36847968730650155 0.5721125 0.3624406247678018 0.5830765619047619 0.3615781250773994 0.569371875 0.3564015622291022 0.5565796880952381 0.3503625003095975 0.56663125 0.34906874984520125 0.5922140619047619
2 0.3960843752321982 0.6177984380952382 0.4025546873065015 0.6132296869047619 0.4047109374613003 0.5949562500000001 0.39263437523219813 0.59586875 0.3917718749226006 0.5867328130952382 0.3917718749226006 0.578509375 0.3865953126934985 0.569371875 0.3809875003095975 0.573026563095238 0.37926250030959746 0.5922140619047619 0.37926250030959746 0.603178125 0.38616406253869967 0.6132296869047619 0.3960843752321982 0.6177984380952382
0 0.408125 0.57884375 0.40842031269349843 0.593196875 0.41136562476780186 0.5963171869047619 0.41401718761609907 0.5988140619047618 0.4154906247678019 0.58695625 0.4146062501547988 0.57884375 0.41077656222910214 0.572603125 0.408125 0.57884375
2 0.5371640625386996 0.6250249999999999 0.5409937498452013 0.6256484380952381 0.5448234377708978 0.6194078130952381 0.5436453126934985 0.608175 0.5404046873065015 0.6056781250000001 0.5368687498452013 0.608175 0.5362796873065016 0.6175359380952381 0.5371640625386996 0.6250249999999999
2 0.6222156247678019 0.6002937500000001 0.6267734377708979 0.6002937500000001 0.6292046873065016 0.5945 0.6310281250773994 0.58355625 0.6285968749226006 0.55651875 0.624342187616099 0.5423578119047618 0.6203921876160992 0.5378515630952381 0.6176562501547987 0.5423578119047618 0.6097546873065015 0.5436453119047618 0.6079312501547988 0.5642437499999999 0.6085390625386997 0.581625 0.6079312501547988 0.59514375 0.6130984377708979 0.6002937500000001 0.6222156247678019 0.6002937500000001
2 0.6450093752321981 0.5494375 0.6425781250773994 0.5494375 0.6407546873065015 0.55651875 0.6374109374613003 0.55008125 0.6310281250773994 0.5417140619047619 0.6264703126934984 0.5494375 0.6267734377708979 0.55845 0.6282937498452013 0.5700375 0.6310281250773994 0.58098125 0.635284375232198 0.58613125 0.6413625003095975 0.58613125 0.6465281250773994 0.57969375 0.6556468749226007 0.58484375 0.6629406247678018 0.57905 0.6708421876160992 0.5700375 0.6708421876160992 0.546864063095238 0.6678031250773994 0.5314140619047619 0.6638515622291021 0.522401561904762 0.662332812383901 0.5249765630952381 0.6611171876160991 0.5301265619047619 0.6568625003095976 0.5314140619047619 0.6550390625386997 0.539782813095238 0.6541265622291021 0.550725 0.6450093752321981 0.5494375
2 0.6817828123839009 0.555875 0.6784406247678019 0.529482813095238 0.6729703126934984 0.5288390619047619 0.6732734377708979 0.5198265630952381 0.6690187498452013 0.5121015630952381 0.6665874996904024 0.5198265630952381 0.6665874996904024 0.5320578119047619 0.6681062501547989 0.55845 0.6738812501547987 0.56681875 0.6808718749226006 0.57196875 0.6817828123839009 0.555875
2 0.6890765622291021 0.5301265619047619 0.6851265622291022 0.5378515630952381 0.6845187498452012 0.55394375 0.6826953126934985 0.57068125 0.6857343752321982 0.5648875 0.6957640625386997 0.5623125 0.7021453126934984 0.55394375 0.7003218749226006 0.5436453119047618 0.6969796873065015 0.5288390619047619 0.6890765622291021 0.5301265619047619
2 0.4890984377708978 0.671746875 0.48605937523219817 0.665309375 0.47998125015479876 0.669815625 0.4784624996904025 0.6871968749999999 0.48241250030959754 0.680759375 0.48849062476780186 0.6801156250000001 0.4890984377708978 0.671746875
2 0.40005156222910215 0.6517921869047619 0.3991390625386997 0.673678125 0.40430625015479876 0.6801156250000001 0.40521718761609904 0.673678125 0.4088640625386997 0.662734375 0.4079531250773994 0.651148436904762 0.40400156222910216 0.6427796880952381 0.40035468730650153 0.6414921880952381 0.40005156222910215 0.6517921869047619
1 0.3435218749226006 0.683978125 0.35142343777089785 0.690415625 0.3571984377708979 0.687840625 0.36570781238390093 0.673678125 0.3739140625386997 0.664021875 0.37543437523219814 0.6466421869047619 0.3720906247678019 0.6266859369047619 0.35628749969040246 0.6138109380952381 0.34230625015479876 0.6105921880952381 0.335925 0.6118796880952381 0.33136562476780185 0.6369859380952381 0.3328843752321981 0.660160938095238 0.33622812507739935 0.669815625 0.3435218749226006 0.683978125
2 0.31009062476780186 0.612523438095238 0.31556250030959754 0.6234671869047619 0.3225515622291022 0.6215359380952381 0.32832656222910217 0.6118796880952381 0.32224843777089784 0.6002937500000001 0.31708125015479877 0.59128125 0.31009062476780186 0.581625 0.30614062476780185 0.5906374999999999 0.3070515622291022 0.59965 0.31009062476780186 0.612523438095238
2 0.34048281238390093 0.6620906249999999 0.33865937523219813 0.6730343750000001 0.34169843777089787 0.6781843750000001 0.34716874984520124 0.667884375 0.3520312501547988 0.6801156250000001 0.3544640625386997 0.6871968749999999 0.3584140625386997 0.686553125 0.3629734377708978 0.667884375 0.34048281238390093 0.6620906249999999
6 0.6969537789473684 0.6822616321428572 0.6799923640866873 0.6537065273809524 0.6497767653250774 0.6665178583333333 0.6594600315789474 0.704570275 0.6969537789473684 0.6822616321428572
9 0.31041078885448914 0.7616804154761905 0.34254829659442726 0.6983238142857142 0.3345139708978328 0.7688191404761905 0.33094312136222914 0.7946971809523808 0.3443337554179567 0.7839890595238095 0.35772438885448915 0.7536492904761904 0.3666514780185759 0.6786922345238096 0.37468587182662544 0.6358596119047619 0.3443337554179567 0.6126586369047619 0.3294642650154799 0.670982144047619 0.3077327027863777 0.7554339547619048 0.31041078885448914 0.7616804154761905
