0 0.28174687492260064 0.4385203130952381 0.27950937523219815 0.4495046869047619 0.281375 0.4666671869047619 0.2851062501547988 0.4701 0.28734531269349844 0.4749046880952381 0.29256874984520126 0.47765 0.29667343777089783 0.4728453119047619 0.30227031269349847 0.4707859380952381 0.3071218749226006 0.45705625 0.3171968749226006 0.450190625 0.31831718761609906 0.4412671880952381 0.31831718761609906 0.424790625 0.31197343777089787 0.41518125 0.30264374984520126 0.412434375 0.2944343752321981 0.4199859369047619 0.29145 0.42822343690476194 0.28547968730650153 0.429596875 0.28174687492260064 0.4385203130952381
0 0.35787031269349845 0.43989375 0.3530187498452012 0.4344015619047619 0.3481687498452013 0.433715625 0.3455562501547988 0.42341874999999995 0.34219843777089787 0.421359375 0.341825 0.4447 0.3436906247678018 0.4515640619047619 0.3444374996904025 0.47353125 0.3649609374613003 0.48176874999999997 0.36421406253869965 0.4598015630952381 0.35787031269349845 0.43989375
0 0.31794374984520124 0.42547812500000004 0.31831718761609906 0.437834375 0.31868906253869966 0.4495046869047619 0.321675 0.4618609380952381 0.3287640625386997 0.47421875 0.3392125003095975 0.480396875 0.3392125003095975 0.4749046880952381 0.3332421876160991 0.4707859380952381 0.32988437523219816 0.4625484369047619 0.33100312507739943 0.450190625 0.3343624996904025 0.44881875 0.3324968749226006 0.42410468809523805 0.3302578123839009 0.41518125 0.3261531250773994 0.4131203119047619 0.32242031269349847 0.4179265619047619 0.31794374984520124 0.42547812500000004
9 0.3275484377708978 0.3991 0.3317531250773994 0.429015625 0.33371562476780187 0.40683749999999996 0.32894999999999996 0.37795468809523813 0.325025 0.35165 0.3241843752321982 0.37073281309523815 0.3275484377708978 0.3991
9 0.3410046873065016 0.37228125 0.3412859374613003 0.3547453130952381 0.33652031269349847 0.31812500000000005 0.3379218749226006 0.34803906309523813 0.3356781250773994 0.3681546869047619 0.3410046873065016 0.37228125
9 0.3426875003095975 0.34081875 0.34773437523219813 0.36041875 0.3480140625386997 0.38362812500000004 0.34437031269349844 0.4156046880952381 0.34437031269349844 0.42179375 0.34885468730650154 0.4279828119047619 0.3505374996904025 0.40580468690476196 0.3513781250773994 0.3733125 0.346892187616099 0.33772500000000005 0.3426875003095975 0.34081875
8 0.38206250030959754 0.398803125 0.37900937523219813 0.36884843690476193 0.3695109374613003 0.3470046880952381 0.36476093746130034 0.3557421880952381 0.3654390625386997 0.39193906309523807 0.36374374984520125 0.43000781190476195 0.3634046873065015 0.449978125 0.3708671876160991 0.4437375 0.3762953126934985 0.4424890619047619 0.38443593746130034 0.435 0.38206250030959754 0.398803125
8 0.41123593746130027 0.45809062500000003 0.4064859374613003 0.45809062500000003 0.39834531269349843 0.4674515619047619 0.3952921876160991 0.4768125 0.3925781250773994 0.48804687500000005 0.3905421876160991 0.496784375 0.3922390625386997 0.512385938095238 0.3949531250773994 0.5279875 0.39936250030959747 0.521746875 0.40343281238390094 0.51550625 0.40343281238390094 0.50676875 0.40377187492260064 0.49803125 0.4088609374613003 0.4886703130952381 0.41123593746130027 0.48118125 0.41360937523219815 0.4662046869047619 0.41123593746130027 0.45809062500000003
2 0.4149671876160991 0.512385938095238 0.4186984377708979 0.5073921869047618 0.42276874984520124 0.49803125 0.42141250030959754 0.49054218690476187 0.4200546873065016 0.4824296869047619 0.4163234377708978 0.47431718690476193 0.41360937523219815 0.479309375 0.4119140625386997 0.4886703130952381 0.41327031269349845 0.5030249999999999 0.4122531250773994 0.5161296869047619 0.4149671876160991 0.512385938095238
2 0.4298921876160991 0.519875 0.43023281238390093 0.530484375 0.43498125015479877 0.5279875 0.4393906247678019 0.52424375 0.43973125015479875 0.5092656249999999 0.4393906247678019 0.49179062500000004 0.4387125003095975 0.4780609380952381 0.43532031269349847 0.4843015619047619 0.4298921876160991 0.4930390630952381 0.42921406253869965 0.4999046880952381 0.4271796873065015 0.5098890630952381 0.4298921876160991 0.519875
2 0.44312343777089785 0.52424375 0.4468546873065015 0.517378125 0.44956874984520123 0.5098890630952381 0.4512640625386997 0.5055203130952381 0.4536390625386997 0.5017765630952381 0.45194218761609906 0.4930390630952381 0.4478718749226006 0.48555000000000004 0.4434624996904025 0.4830546869047619 0.4400703126934985 0.4886703130952381 0.4417656247678019 0.5011515630952381 0.4417656247678019 0.5161296869047619 0.44312343777089785 0.52424375
2 0.4777234377708979 0.504271875 0.4770453126934984 0.4930390630952381 0.47535 0.4867984369047619 0.47297500000000003 0.49366249999999995 0.4702609374613003 0.49803125 0.4702609374613003 0.5073921869047618 0.4709390625386997 0.5142578119047619 0.4746703126934984 0.530484375 0.4760281250773994 0.519875 0.4777234377708979 0.504271875
2 0.5119859374613003 0.49054218690476187 0.5133437498452013 0.5017765630952381 0.5136828123839009 0.5329796880952381 0.5204671876160991 0.5292359380952381 0.5231812501547988 0.504896875 0.5197890625386997 0.487421875 0.5130031250773994 0.4799328119047619 0.5119859374613003 0.49054218690476187
2 0.5279296873065016 0.5161296869047619 0.5319999999999999 0.5223703130952381 0.5370890625386997 0.5286109369047619 0.540142187616099 0.529859375 0.5381062501547987 0.5167546869047619 0.5350531250773994 0.50676875 0.5336968749226005 0.4930390630952381 0.5326796873065015 0.4805578130952381 0.5303046873065015 0.47306875 0.5275906247678018 0.48555000000000004 0.5241984377708978 0.49803125 0.5258937498452012 0.5092656249999999 0.5279296873065016 0.5161296869047619
1 0.540142187616099 0.469325 0.533357812383901 0.4699484369047619 0.5326796873065015 0.48492656309523813 0.5357328123839009 0.50676875 0.5408203126934984 0.5248671880952381 0.5489625003095975 0.5342281249999999 0.5581218749226007 0.5348515619047619 0.5666015622291022 0.5223703130952381 0.5682984377708978 0.513009375 0.5652453126934984 0.4955359369047619 0.5632093752321982 0.474940625 0.5625312501547988 0.46557968690476187 0.5615140625386996 0.45933906190476187 0.5550687498452012 0.4637078130952381 0.5516765622291021 0.4718203119047619 0.5459093752321982 0.47306875 0.540142187616099 0.469325
1 0.559817187616099 0.471196875 0.5608343752321981 0.49054218690476187 0.5638874996904025 0.5098890630952381 0.5710124996904025 0.5229953119047619 0.578475 0.5273640619047619 0.5852593752321982 0.53173125 0.5950968749226007 0.517378125 0.5954359374613003 0.4942875 0.592382812383901 0.466828125 0.5869562501547988 0.470571875 0.579492187616099 0.4687 0.5764390625386997 0.46557968690476187 0.572707812383901 0.46058750000000004 0.5659234377708978 0.45621875 0.559817187616099 0.471196875
9 0.5486234377708978 0.3813296869047619 0.5496406247678018 0.3451328130952381 0.5428562501547988 0.40504375 0.5428562501547988 0.4281359369047619 0.5428562501547988 0.44748125 0.5431953126934985 0.46495624999999996 0.5506578123839009 0.4256390619047619 0.5486234377708978 0.3813296869047619
9 0.5835625003095976 0.39693125 0.5866156247678018 0.4193984380952381 0.5876343752321981 0.4125328130952381 0.5903484377708978 0.35449375 0.5835625003095976 0.39693125
0 0.6144328123839009 0.43812031190476186 0.6086656247678018 0.44311249999999996 0.6029 0.44436093809523813 0.5974718749226006 0.44311249999999996 0.5930609374613003 0.45122656309523806 0.5930609374613003 0.46433125000000003 0.5930609374613003 0.48991874999999996 0.5961140625386997 0.5111375 0.6022203126934985 0.5117609380952381 0.6110406247678019 0.517378125 0.6198609374613003 0.513009375 0.6218953126934985 0.5024000000000001 0.6212171876160991 0.4949109380952381 0.6185031250773995 0.48180625 0.6185031250773995 0.469325 0.6205390625386996 0.45809062500000003 0.6195218749226006 0.44935312499999996 0.6181640625386997 0.4424890619047619 0.6144328123839009 0.43812031190476186
0 0.6409828123839009 0.47079375 0.6417484377708979 0.482046875 0.6445515622291021 0.4782953119047619 0.6468453126934984 0.4759515619047619 0.6473546873065016 0.4661046880952381 0.645825 0.46094687500000003 0.6409828123839009 0.458603125 0.6409828123839009 0.47079375
0 0.6748796873065016 0.5359671880952381 0.6759000000000001 0.544407811904762 0.6776843752321982 0.554721875 0.6751359374613003 0.5650375 0.6700375003095975 0.5720703119047619 0.6636656247678019 0.575821875 0.6600984377708978 0.5809796880952381 0.6618828123839009 0.5908265630952381 0.6662156247678018 0.599265625 0.6748796873065016 0.6053609369047619 0.6827812501547987 0.599734375 0.6878781250773994 0.596453125 0.690682812383901 0.5861375 0.6883890625386998 0.5650375 0.6832906247678019 0.5476890630952381 0.6787031250773993 0.5378421880952381 0.6748796873065016 0.5359671880952381
2 0.6718218749226006 0.532684375 0.6657046873065016 0.5354984380952381 0.6588234377708978 0.53878125 0.6514328123839009 0.5420625 0.6463359374613004 0.543 0.6389437498452013 0.544407811904762 0.6412375003095976 0.5612859369047619 0.6427671876160991 0.573946875 0.6511781250773994 0.580042186904762 0.6580593752321982 0.5791046880952381 0.6626468749226005 0.575353125 0.6672343752321981 0.574415625 0.670292187616099 0.5697265619047619 0.6766640625386997 0.5631625 0.6756453126934984 0.5420625 0.6718218749226006 0.532684375
2 0.6177906247678019 0.56550625 0.6109093752321981 0.56550625 0.6040265622291021 0.56456875 0.5991843752321981 0.56644375 0.593832812383901 0.56550625 0.5864421876160991 0.5701953130952381 0.5889906247678018 0.5898875 0.5951062501547988 0.593170313095238 0.5989296873065015 0.596921875 0.6055562501547987 0.599734375 0.6111640625386997 0.596453125 0.6160062501547988 0.5912953119047619 0.6256906247678019 0.5861375 0.6231421876160991 0.5641 0.6177906247678019 0.56550625
0 0.5844031250773994 0.601140625 0.5864421876160991 0.6091125 0.5889906247678018 0.615207813095238 0.5930687498452012 0.61239375 0.5971453126934985 0.6062984369047619 0.6009687498452012 0.599734375 0.5989296873065015 0.596453125 0.5933234377708978 0.5941078119047619 0.5887359374613003 0.5908265630952381 0.5866968749226006 0.577696875 0.5854218749226006 0.58566875 0.5854218749226006 0.5936390619047619 0.5844031250773994 0.601140625
0 0.5765015622291022 0.601140625 0.5815984377708978 0.6058296869047619 0.5836375003095975 0.61145625 0.5849124996904025 0.599734375 0.5877156247678019 0.590357813095238 0.5872062501547988 0.5814484380952382 0.5844031250773994 0.576290625 0.5810890625386997 0.580042186904762 0.5787953126934984 0.584260938095238 0.5762468749226006 0.5898875 0.5757374996904024 0.5950453130952381 0.5765015622291022 0.601140625
2 0.5548375003095974 0.6320874999999999 0.559425 0.625523436904762 0.5617187498452012 0.6128625 0.5607 0.5950453130952381 0.5566218749226006 0.5819171880952381 0.5533093752321981 0.5711328119047618 0.5487218749226006 0.574884375 0.5474468749226006 0.5809796880952381 0.5461718749226007 0.596921875 0.5431140625386998 0.61145625 0.5459171876160991 0.6213031250000001 0.5499953126934984 0.6297421880952381 0.5548375003095974 0.6320874999999999
2 0.4409125003095975 0.6292734369047619 0.43683437523219815 0.6044234380952381 0.4322468749226006 0.598796875 0.4256203126934984 0.5912953119047619 0.4256203126934984 0.6053609369047619 0.4253656247678018 0.622709375 0.42867812507739933 0.63255625 0.4353046873065015 0.638182811904762 0.43912812507739934 0.6358375 0.4409125003095975 0.6292734369047619
9 0.4401734377708978 0.6267890630952381 0.43540781238390097 0.634525 0.44297656222910214 0.66908125 0.4505468749226006 0.703121875 0.4578359374613003 0.7387093750000001 0.4595171876160991 0.7366468749999999 0.4544718749226006 0.700028125 0.45026562476780185 0.675785938095238 0.4401734377708978 0.6267890630952381
2 0.40980468730650155 0.600675 0.4067515622291022 0.6094125 0.4023421876160991 0.62189375 0.40098593746130035 0.6368718750000001 0.40980468730650155 0.6474812499999999 0.4172687498452013 0.63936875 0.4226953126934984 0.628759375 0.42473125015479873 0.620021875 0.4250703126934985 0.599428125 0.42439218761609904 0.5919390630952381 0.41998281238390095 0.591314061904762 0.4172687498452013 0.58008125 0.4128578123839009 0.58008125 0.41184062476780187 0.5894421880952381 0.40980468730650155 0.600675
9 0.38165 0.72361875 0.3979328123839009 0.6774375 0.40777031269349845 0.6462328130952381 0.4020031250773994 0.6318796869047619 0.39861093746130033 0.6437375000000001 0.3931828123839009 0.674940625 0.38165 0.72361875
0 0.3948796873065015 0.565728125 0.39080781238390094 0.5582390630952381 0.38843437523219815 0.55449375 0.3836843752321981 0.5644796869047619 0.37927500000000003 0.581953125 0.37656093746130026 0.5975546880952382 0.3735078123839009 0.62189375 0.3779171876160991 0.620021875 0.38130937523219816 0.6131578130952381 0.3826671876160991 0.603171875 0.38504218761609904 0.5981796869047619 0.38979062476780185 0.6013 0.39216562476780187 0.6013 0.3952187498452012 0.598803125 0.39759374984520124 0.590690625 0.39895 0.583825 0.40030625015479876 0.5769609369047619 0.3948796873065015 0.565728125
0 0.3738468749226006 0.544509375 0.3653656247678018 0.5370203119047618 0.36570625015479874 0.55075 0.3643484377708978 0.5644796869047619 0.35993906253869973 0.5700953130952381 0.35518906253869975 0.5644796869047619 0.35044062476780186 0.5632312500000001 0.3456906247678018 0.5757125 0.3433171876160991 0.5944343750000001 0.34908281238390093 0.611284375 0.36129531269349846 0.630007813095238 0.37147187492260064 0.624390625 0.3782578123839009 0.616278125 0.38029218761609906 0.5975546880952382 0.3796140625386997 0.5788328119047619 0.3796140625386997 0.5682234380952381 0.3785968749226006 0.5532453130952381 0.3738468749226006 0.544509375
2 0.3640093752321981 0.565103125 0.3653656247678018 0.552621875 0.3643484377708978 0.5413890619047619 0.3582421876160991 0.5370203119047618 0.35281562476780187 0.535771875 0.3484046873065016 0.5407640619047619 0.34738750030959753 0.5519984380952381 0.3565468749226006 0.5582390630952381 0.3582421876160991 0.568848436904762 0.3640093752321981 0.565103125
8 0.30315 0.554015625 0.29670468730650157 0.55276875 0.29059843777089783 0.54403125 0.2872062501547988 0.563378125 0.2885624996904025 0.5808515630952381 0.29263437523219815 0.592709375 0.2984 0.5895890619047619 0.30382812507739937 0.5777312499999999 0.3072203126934984 0.5577609369047619 0.30315 0.554015625
8 0.3062031250773994 0.6095593749999999 0.3180765622291022 0.60269375 0.3289312501547988 0.5908375 0.3346984377708978 0.5845953130952382 0.33367968730650155 0.56525 0.3268953126934984 0.56525 0.3211281250773994 0.5596328130952382 0.3129875003095975 0.570865625 0.30484531269349846 0.5789796880952381 0.3000968749226006 0.5902125 0.2973828123839009 0.6008218750000001 0.3062031250773994 0.6095593749999999
13 0.479166666873065 0.625 0.5625 0.6158854166666666 0.6627604167182664 0.6106770833333334 0.7005208334365325 0.5924479166666666 0.692708333126935 0.5807291666666666 0.5638020835913312 0.6106770833333334 0.4830729164086688 0.62109375 0.447916666873065 0.6236979166666666 0.38671874984520127 0.6171875 0.3307291665634675 0.5846354166666666 0.30729166687306503 0.5729166666666666 0.2994791665634675 0.5833333333333334 0.41015625015479873 0.6393229166666666 0.479166666873065 0.625
13 0.27473958328173376 0.4309895833333333 0.38281250030959757 0.453125 0.4205729164086688 0.46484375 0.4856770835913312 0.4596354166666667 0.5377604167182662 0.45703125 0.604166666873065 0.4479166666666667 0.6705729164086687 0.42578125 0.6601562501547988 0.4244791666666667 0.5976562501547987 0.44140625 0.5286458334365325 0.44921875 0.49348958328173376 0.4544270833333333 0.4361979164086688 0.4427083333333333 0.3880208334365325 0.4296875 0.29166666687306503 0.4166666666666667 0.27473958328173376 0.4309895833333333
