2 0.28280156222910213 0.588003125 0.29154218761609907 0.589115625 0.2926359374613003 0.598003125 0.2986453126934985 0.598003125 0.30410781238390094 0.596892188095238 0.3106640625386997 0.603559375 0.3166734377708978 0.6002265630952381 0.32159062476780187 0.593559375 0.32377656222910217 0.5724484380952382 0.3204984377708978 0.5546703119047619 0.3144890625386997 0.5624484369047619 0.309025 0.5724484380952382 0.29919062476780184 0.5624484369047619 0.29154218761609907 0.569115625 0.28280156222910213 0.5680046880952381 0.28280156222910213 0.588003125
2 0.33361093746130027 0.6057812499999999 0.3412593752321981 0.6068921880952381 0.346175 0.6068921880952381 0.353825 0.6113375 0.3592874996904025 0.608003125 0.36365781238390094 0.6068921880952381 0.3674828123839009 0.6013375 0.36802968730650154 0.588003125 0.3652968749226006 0.5702265630952381 0.35764843777089783 0.563559375 0.35109218761609906 0.5680046880952381 0.34836093746130037 0.5802265630952381 0.33579531269349844 0.579115625 0.3347031250773994 0.593559375 0.33361093746130027 0.6057812499999999
2 0.3642046873065015 0.603559375 0.3740390625386997 0.6157812500000001 0.37840937523219814 0.6113375 0.38332656222910216 0.619114063095238 0.38988281238390093 0.6157812500000001 0.39534531269349843 0.6013375 0.3964374996904025 0.5857812499999999 0.3931609374613003 0.579115625 0.38769687492260063 0.57578125 0.38168750030959747 0.5868921880952381 0.37840937523219814 0.5868921880952381 0.3778625003095975 0.5713374999999999 0.37294531269349845 0.5680046880952381 0.3652968749226006 0.569115625 0.3631124996904025 0.5913375 0.3642046873065015 0.603559375
0 0.36584374984520124 0.56578125 0.36475156222910216 0.5502265630952381 0.3669359374613003 0.543559375 0.35764843777089783 0.5513374999999999 0.3592874996904025 0.569115625 0.36584374984520124 0.56578125
0 0.5390296873065016 0.593559375 0.5395765622291022 0.5846703130952381 0.5368453126934984 0.578003125 0.5313812501547988 0.5746703119047619 0.5313812501547988 0.6002265630952381 0.5352062501547988 0.6002265630952381 0.5390296873065016 0.593559375
0 0.6275359374613003 0.5846703130952381 0.6264437498452012 0.598003125 0.6313609374613003 0.6057812499999999 0.6346374996904025 0.604670311904762 0.6324531250773994 0.576892188095238 0.6275359374613003 0.5846703130952381
2 0.6384624996904025 0.696892186904762 0.6422875003095976 0.699114063095238 0.6466578123839009 0.692446875 0.6455640625386997 0.6846703130952381 0.6532140625386996 0.6813359380952381 0.6543062501547988 0.6713359369047619 0.6553984377708978 0.658003125 0.6439265622291022 0.6602250000000001 0.6324531250773994 0.664670311904762 0.6258968749226006 0.663559375 0.6160624996904025 0.6613359369047619 0.6111453126934985 0.67578125 0.6133312501547988 0.686892188095238 0.6160624996904025 0.708003125 0.6198875003095975 0.70578125 0.6248046873065015 0.7035578119047619 0.62535 0.696892186904762 0.6269890625386997 0.683557811904762 0.6297218749226006 0.683557811904762 0.6335453126934985 0.686892188095238 0.6373703126934985 0.683557811904762 0.6384624996904025 0.696892186904762
2 0.41774531269349846 0.6680031249999999 0.41173593746130027 0.6557812500000001 0.40627187492260064 0.652448436904762 0.39971562476780187 0.648003125 0.39206718761609904 0.651335936904762 0.38605781238390097 0.651335936904762 0.38059531269349844 0.66578125 0.38114062476780186 0.6813359380952381 0.3855109374613003 0.6768921880952381 0.38933593746130035 0.6702250000000001 0.3947984377708978 0.6668921869047619 0.40190156222910217 0.669114063095238 0.40517968730650156 0.6813359380952381 0.4111890625386997 0.683557811904762 0.41610625015479874 0.679114061904762 0.41774531269349846 0.6680031249999999
2 0.3434437498452012 0.723557813095238 0.34562968730650157 0.71578125 0.3505468749226006 0.71466875 0.35327812507739936 0.7213359369047619 0.353825 0.736892188095238 0.3571031250773994 0.7435578119047619 0.36092656222910213 0.7424468750000001 0.3663906247678019 0.740225 0.3691218749226006 0.733557811904762 0.36966718761609907 0.7224468749999999 0.3724 0.708003125 0.3740390625386997 0.692446875 0.3767703126934985 0.6846703130952381 0.38004843777089786 0.6735593750000001 0.38332656222910216 0.664670311904762 0.38496562476780183 0.6557812500000001 0.38168750030959747 0.64578125 0.3702140625386997 0.644670313095238 0.35983437523219813 0.643559375 0.34726874984520123 0.641335938095238 0.3385265622291022 0.6491140630952381 0.3325171876160991 0.654670313095238 0.32759999999999995 0.67578125 0.331425 0.6813359380952381 0.33197187492260066 0.6891140630952381 0.3286937498452013 0.7013359369047619 0.3330640625386997 0.70466875 0.3368875003095975 0.7035578119047619 0.33579531269349844 0.718003125 0.3347031250773994 0.7324468749999999 0.3412593752321981 0.733557811904762 0.3434437498452012 0.723557813095238
2 0.3024687498452012 0.6613359369047619 0.3079328123839009 0.664670311904762 0.3112109374613003 0.659114063095238 0.31558125015479876 0.658003125 0.31995156222910215 0.6613359369047619 0.32377656222910217 0.654670313095238 0.3243218749226006 0.66578125 0.32322968730650153 0.6735593750000001 0.32486874984520125 0.6768921880952381 0.3325171876160991 0.6824468749999999 0.3363421876160991 0.6713359369047619 0.33962031269349846 0.6557812500000001 0.3401656247678019 0.641335938095238 0.3347031250773994 0.63578125 0.3265078123839009 0.633559375 0.3210453126934985 0.630225 0.3150343752321981 0.6268921880952381 0.30629374984520125 0.62578125 0.2997374996904025 0.6224484380952381 0.294275 0.619114063095238 0.2888109374613003 0.623559375 0.2860796873065015 0.638003125 0.286625 0.651335936904762 0.29372812507739937 0.652448436904762 0.30082968730650156 0.6468921869047619 0.3024687498452012 0.6613359369047619
0 0.32159062476780187 0.6813359380952381 0.3221374996904025 0.6891140630952381 0.32322968730650153 0.7035578119047619 0.32759999999999995 0.7035578119047619 0.32759999999999995 0.683557811904762 0.32159062476780187 0.6813359380952381
6 0.3904034284829721 0.5737204678571428 0.39007782105263156 0.5792557952380952 0.39658997151702785 0.5890240214285714 0.41189352569659443 0.5886984142857142 0.41873128359133127 0.5812094404761905 0.4213361436532507 0.5773021511904762 0.41775446068111455 0.5701387845238095 0.4131959554179567 0.5681851392857142 0.3904034284829721 0.5737204678571428
6 0.6535880984520124 0.5959348654761905 0.6491532346749226 0.5998153714285714 0.6447183702786378 0.6053589511904761 0.6419465801857586 0.612565605952381 0.6436096544891641 0.6192179011904763 0.6524793826625387 0.610902530952381 0.6596860365325078 0.6053589511904761 0.6635665430340557 0.6014784452380952 0.6691101232198143 0.5948261488095239 0.6668926910216718 0.5903912845238095 0.6613491108359133 0.5887282107142857 0.6535880984520124 0.5959348654761905
