2 0.30295015108359136 0.5447189273809524 0.30181295046439627 0.5451738071428571 0.30158551021671826 0.5319822845238095 0.29385254860681115 0.5240218821428572 0.2786140650154799 0.5299353238095238 0.2651951021671827 0.5570006904761905 0.26739374984520126 0.582421875 0.27077031269349844 0.5892703119047619 0.27564843777089787 0.597640625 0.28052656222910216 0.59611875 0.28315312507739937 0.603728125 0.28540468730650154 0.5999234380952382 0.2880312501547988 0.6014453130952381 0.29328437523219814 0.603728125 0.2966609374613003 0.6098156250000001 0.30529218761609905 0.6014453130952381 0.30941874984520124 0.59611875 0.31129531269349847 0.5831828130952381 0.31054531269349844 0.55959375 0.3075421876160991 0.555028125 0.30454062476780186 0.54741875 0.3027428786377709 0.5463771047619048 0.30295015108359136 0.5447189273809524
1 0.3172984377708978 0.5573109369047619 0.3127953126934984 0.5786171869047619 0.3127953126934984 0.60829375 0.3154218749226006 0.618185936904762 0.32180156222910217 0.6174249999999999 0.3300562501547988 0.6174249999999999 0.33568437523219813 0.6136203119047619 0.3409374996904025 0.62046875 0.3473156247678018 0.6235125 0.35782187492260065 0.615903125 0.3634515622291022 0.6014453130952381 0.36195 0.555789061904762 0.3596984377708978 0.533721875 0.35181874984520123 0.5223078130952381 0.3439390625386997 0.5238296869047618 0.3300562501547988 0.53524375 0.3221765622291022 0.5481796869047619 0.3172984377708978 0.5573109369047619
2 0.36832812507739937 0.555028125 0.361575 0.5633984369047619 0.360825 0.5831828130952381 0.3645765622291022 0.6060109369047619 0.3713312501547988 0.6090546880952381 0.3803359374613003 0.6090546880952381 0.3840874996904025 0.61438125 0.3863390625386997 0.60829375 0.39309374984520123 0.6029671869047619 0.39759687492260065 0.588509375 0.3942187498452012 0.55959375 0.39009218761609904 0.555028125 0.3859640625386997 0.555789061904762 0.3844640625386997 0.5633984369047619 0.3795859374613003 0.5732906249999999 0.3818375003095975 0.591553125 0.3726396408668731 0.5697027785714286 0.3743328123839009 0.55655 0.36832812507739937 0.555028125
9 0.3464687498452012 0.5219171880952381 0.3482640625386997 0.4902125 0.34877656222910214 0.4657859380952381 0.3469812501547988 0.4481140630952381 0.34364999999999996 0.4309640630952381 0.3449312501547988 0.4657859380952381 0.34364999999999996 0.49956875 0.3421124996904025 0.5271140630952381 0.3464687498452012 0.5219171880952381
9 0.3400625003095975 0.4413578130952381 0.3403187498452012 0.425246875 0.33570625015479877 0.4642265619047619 0.3341671876160991 0.5006078119047619 0.3339109374613003 0.5068437499999999 0.33775625015479877 0.5021671880952381 0.33878125015479876 0.4657859380952381 0.3400625003095975 0.4413578130952381
9 0.32417343777089785 0.50320625 0.32981093746130036 0.53646875 0.33160468730650156 0.534390625 0.33365468730650155 0.5271140630952381 0.33134843777089784 0.5156796880952381 0.32596718761609905 0.49800937500000003 0.31853437523219813 0.4491546880952381 0.31750937523219813 0.45435156309523805 0.31955937523219813 0.4741015630952381 0.32417343777089785 0.50320625
1 0.41899687492260057 0.51931875 0.4141281250773994 0.51931875 0.4020828123839009 0.5234765619047619 0.3977265622291022 0.5307515619047619 0.39465 0.5395875 0.3933687498452012 0.5588171869047619 0.3954187498452012 0.567132811904762 0.39695625015479874 0.5796078130952381 0.3972124996904025 0.5879234380952381 0.3954187498452012 0.600915625 0.3977265622291022 0.60559375 0.4041328123839009 0.6133890630952381 0.40797656222910217 0.614429686904762 0.4120781250773994 0.610790625 0.4169468749226006 0.6029953119047619 0.42232968730650156 0.593640625 0.4254046873065015 0.5853234380952381 0.4274546873065016 0.57285 0.42668593746130035 0.5603765630952381 0.42514843777089784 0.538548436904762 0.41899687492260057 0.51931875
3 0.4161781250773994 0.5203578130952381 0.4187406247678019 0.5141203119047619 0.41899687492260057 0.507884375 0.4169468749226006 0.47046249999999995 0.41387187492260064 0.4294046880952381 0.4095140625386997 0.4049765630952381 0.4023390625386997 0.40601562500000005 0.39849531269349847 0.4127734380952381 0.3977265622291022 0.4236875 0.3982390625386997 0.4465546880952381 0.39900781238390093 0.4777390630952381 0.4000328123839009 0.5198375 0.4018265622291021 0.5245156249999999 0.4161781250773994 0.5203578130952381
2 0.4256609374613003 0.5967578130952381 0.4261734377708978 0.6035140630952381 0.42899218761609903 0.6087125 0.43591249969040247 0.61546875 0.4412937498452012 0.6128703130952381 0.44565 0.6076734380952381 0.448982812383901 0.5915609369047619 0.44923906253869966 0.57285 0.4477015622291021 0.55258125 0.4433437498452012 0.54270625 0.4395 0.5297125 0.4333484377708978 0.521396875 0.4279671876160991 0.527634375 0.4254046873065015 0.5395875 0.4238671876160991 0.5702515630952381 0.4256609374613003 0.5967578130952381
2 0.4679468749226006 0.60559375 0.47281718761609903 0.5962390630952381 0.4735859374613003 0.5853234380952381 0.47179062476780187 0.569732813095238 0.47050937523219816 0.5582984369047619 0.4669218749226006 0.551542188095238 0.46359062476780183 0.55258125 0.4679468749226006 0.60559375
9 0.4310421876160991 0.425765625 0.4279671876160991 0.396140625 0.43078593746130034 0.4657859380952381 0.4312984377708978 0.47046249999999995 0.4341171876160991 0.4663046880952381 0.4310421876160991 0.425765625
2 0.4964640625386997 0.5940171869047619 0.49879374984520125 0.602521875 0.50555 0.6091375 0.5106765622291022 0.6110265630952381 0.5155687498452013 0.609609375 0.5218593752321982 0.606775 0.5165015622291022 0.5987421880952382 0.5109093752321981 0.5930734380952382 0.5064828123839009 0.5911828130952381 0.5032203126934984 0.5831500000000001 0.500657812383901 0.5718109380952381 0.49972656222910217 0.563778125 0.49623125015479874 0.5571640619047619 0.4964640625386997 0.573228125 0.4964640625386997 0.5940171869047619
2 0.5206953126934984 0.567559375 0.5206953126934984 0.5784265619047619 0.5232578123839009 0.5888203130952381 0.52815 0.5916546869047619 0.5297812501547987 0.577953125 0.5297812501547987 0.5623609380952381 0.5276843752321981 0.5472421880952382 0.5251218749226007 0.5472421880952382 0.5209281250773994 0.55149375 0.5206953126934984 0.567559375
1 0.5377031250773994 0.604884375 0.544925 0.603940625 0.5547109374613003 0.5963796869047618 0.5570406247678018 0.57748125 0.5544765622291021 0.55385625 0.5533124996904025 0.529759375 0.5491187498452013 0.5188921880952381 0.5437593752321981 0.517475 0.5349062501547988 0.5222 0.5309453126934984 0.5387375 0.5302468749226006 0.56803125 0.5311796873065016 0.5949625000000001 0.533042187616099 0.60205 0.5377031250773994 0.604884375
3 0.5491187498452013 0.517003125 0.5493515622291022 0.5146406250000001 0.550517187616099 0.5037734380952381 0.5470218749226007 0.4683375 0.5430609374613004 0.427703125 0.5398000000000001 0.4088046880952381 0.5360718749226007 0.4021890630952381 0.5288484377708979 0.407859375 0.5267515622291021 0.41589062499999996 0.529082812383901 0.44140468809523814 0.5307125003095975 0.4725890619047619 0.5337421876160992 0.5113328130952381 0.5351390625386997 0.519365625 0.5491187498452013 0.517003125
1 0.57265 0.5066078119047619 0.5677578123839009 0.5136953119047619 0.5637968749226007 0.5255078119047619 0.5607671876160991 0.5316500000000001 0.5572734377708979 0.535429688095238 0.5519140625386997 0.5420453119047619 0.5521468749226006 0.5524390619047619 0.5537781250773994 0.563778125 0.556107812383901 0.567559375 0.556107812383901 0.58693125 0.5603015622291022 0.6034671880952381 0.567057812383901 0.6133890630952381 0.5731156247678019 0.6138625 0.5803390625386997 0.609609375 0.5847656247678018 0.601578125 0.5861625003095975 0.5930734380952382 0.5859296873065015 0.5713390619047619 0.5854640625386996 0.536375 0.5833671876160991 0.517948438095238 0.5787078123839009 0.5084984380952381 0.57265 0.5066078119047619
1 0.5842984377708978 0.5590546880952381 0.5856968749226006 0.58456875 0.5912890625386997 0.5944906249999999 0.5973468749226006 0.6006328119047619 0.6038703126934984 0.6029953119047619 0.612025 0.596853125 0.6159843752321981 0.5892937500000001 0.6180812501547988 0.5784265619047619 0.6173828123839009 0.5599984369047619 0.6155187498452013 0.5411 0.6129562501547988 0.525034375 0.6096937498452012 0.512278125 0.6036374996904025 0.512278125 0.5985109374613002 0.522673438095238 0.5910562501547988 0.5307046880952381 0.5854640625386996 0.5425171880952381 0.5842984377708978 0.5590546880952381
1 0.622275 0.5236171869047619 0.6148203126934985 0.521728125 0.6108593752321981 0.5259796880952381 0.6099281250773994 0.5340125 0.6099281250773994 0.562834375 0.6101609374613003 0.56803125 0.6136546873065015 0.5788984380952381 0.6190140625386997 0.5911828130952381 0.6255374996904025 0.5916546869047619 0.6367203126934984 0.60205 0.6411468749226007 0.6006328119047619 0.6481374996904025 0.5902375000000001 0.6497671876160991 0.57511875 0.6493015622291021 0.5448796869047619 0.6453406247678019 0.529759375 0.6411468749226007 0.5151125 0.6350890625386997 0.5127499999999999 0.6297312501547988 0.517475 0.6253046873065016 0.5259796880952381 0.622275 0.5236171869047619
9 0.5724703126934985 0.4077859380952381 0.5717203126934984 0.3727828130952381 0.5683437498452012 0.45115937500000003 0.5672171876160991 0.504425 0.5679671876160991 0.5188828119047619 0.5735968749226007 0.503664063095238 0.5724703126934985 0.44659375 0.5724703126934985 0.4077859380952381
0 0.5818515622291022 0.50746875 0.5844781250773994 0.518121875 0.5863531250773993 0.505185938095238 0.5841031250773994 0.49225 0.5811 0.48540156190476186 0.5750968749226006 0.4869234369047619 0.5750968749226006 0.5006203119047619 0.5818515622291022 0.50746875
2 0.6880390625386997 0.5280140619047619 0.6839109374613003 0.5401890619047619 0.6846625003095975 0.554646875 0.692167187616099 0.56225625 0.6955437498452012 0.557690625 0.7031525820433436 0.5675844214285715 0.7246032408668731 0.5705875130952381 0.726748306501548 0.5570735988095238 0.7244359374613003 0.542471875 0.7270624996904025 0.533340625 0.7251859374613003 0.5173609380952381 0.7169312501547987 0.5067078130952382 0.7071749999999999 0.5067078130952382 0.7004218749226006 0.508990625 0.6947937498452013 0.5173609380952381 0.6880390625386997 0.5280140619047619
2 0.6806293907120744 0.6162774154761905 0.6471390625386997 0.617804688095238 0.6430124996904025 0.616282813095238 0.6377593752321982 0.6200875 0.6340062501547987 0.624653125 0.6388843752321981 0.6566124999999999 0.6430124996904025 0.6588953119047619 0.6448890625386997 0.6550906249999999 0.6471390625386997 0.652046875 0.649390624767802 0.645198438095238 0.6825599498452013 0.6486679095238095 0.6806293907120744 0.6162774154761905
1 0.6012968749226006 0.639665625 0.6010406247678018 0.6599359369047619 0.6043718749226006 0.6864421869047619 0.6082156247678019 0.6937187499999999 0.6100093752321981 0.6994343749999999 0.6179546873065015 0.696835938095238 0.6276937498452012 0.705671875 0.6341 0.7051515630952381 0.6376890625386996 0.685403125 0.6394828123839009 0.6724093750000001 0.6379453126934985 0.6562968749999999 0.6343562501547987 0.640704686904762 0.628975 0.632389061904762 0.6230796873065015 0.6308296880952381 0.6182109374613003 0.632389061904762 0.6123156247678019 0.62823125 0.6046281250773994 0.6303109380952381 0.6012968749226006 0.639665625
9 0.6330749999999999 0.76648125 0.6328187498452013 0.75036875 0.6292312501547987 0.7301 0.62795 0.708790625 0.6230796873065015 0.7046328119047619 0.6233359374613003 0.709309375 0.6256437498452012 0.7238625 0.6302562501547987 0.75660625 0.6330749999999999 0.8023421880952382 0.6330749999999999 0.76648125
2 0.5869437498452013 0.6370671880952381 0.5836125003095975 0.6422640619047618 0.5787437498452013 0.645903125 0.5741296873065015 0.6474625 0.5769500000000001 0.6562968749999999 0.5792562501547988 0.6656531250000001 0.5807937498452013 0.678645313095238 0.5831 0.6921593749999999 0.5859187498452012 0.6989156249999999 0.5895078123839009 0.7035937499999999 0.592582812383901 0.708270313095238 0.5984765622291022 0.7067109369047619 0.6018093752321981 0.6989156249999999 0.6030906247678018 0.6880015619047618 0.6018093752321981 0.6620140630952381 0.6005281250773994 0.6490203130952381 0.596682812383901 0.6370671880952381 0.592582812383901 0.63446875 0.5869437498452013 0.6370671880952381
9 0.6013218749226006 0.8235468749999999 0.6004765622291022 0.798392186904762 0.5987843752321981 0.7692359369047619 0.597375 0.754942188095238 0.5962468749226006 0.7234984369047619 0.5951203126934985 0.70063125 0.5883546873065015 0.7012015619047619 0.5914546873065015 0.719496875 0.5934281250773994 0.7457953130952382 0.5951203126934985 0.76980625 0.6013218749226006 0.8235468749999999
2 0.4411968749226006 0.6491765630952381 0.4347124996904025 0.634884375 0.4299203126934985 0.63545625 0.4242828123839009 0.6457468749999999 0.4220265622291022 0.6623265619047619 0.42230937523219814 0.6840515630952381 0.42484531269349846 0.6949140630952381 0.43132968730650156 0.696628125 0.43809531269349844 0.688625 0.44147812507739936 0.6657562499999999 0.4411968749226006 0.6491765630952381
9 0.43161250030959747 0.77209375 0.4293562501547988 0.796104688095238 0.42766562476780184 0.8161156249999999 0.43161250030959747 0.7875296869047619 0.4338671876160991 0.7595156249999999 0.4360479213622291 0.6934117869047619 0.42979765572755413 0.6948824380952381 0.43161250030959747 0.77209375
10 0.41729712507739936 0.7095889440476191 0.41619413746130035 0.693044125 0.39781100433436534 0.6926764619047618 0.390825413622291 0.7915777190476191 0.3915607386996904 0.8143728035714286 0.3992816544891641 0.8231967083333334 0.4077378959752322 0.8187847559523809 0.4121498482972136 0.8110638404761905 0.41104686006191954 0.8007692857142857 0.409208546749226 0.7893717428571428 0.41729712507739936 0.7095889440476191
6 0.34597056842105267 0.6776022928571428 0.3621477256965944 0.6860585333333333 0.4154588117647059 0.6772346297619047 0.4250180414860681 0.6717196892857143 0.4209737517027864 0.6676754 0.405531920123839 0.6632634488095238 0.39045775046439624 0.6614251357142857 0.36729500309597524 0.6665724119047619 0.3463382309597523 0.6706167023809524 0.34597056842105267 0.6776022928571428
13 0.5430859133126935 0.727809013095238 0.6407252662538699 0.7103922642857143 0.6919199541795665 0.6987810976190476 0.6887532724458204 0.6401974857142857 0.42116866749226006 0.6671142809523809 0.38316848730650155 0.6723920833333333 0.3916129715170279 0.7283367940476191 0.4649744315789474 0.714614505952381 0.5430859133126935 0.727809013095238
6 0.6641123839009289 0.529616755952381 0.65596113374613 0.5313328083333334 0.6484534030959752 0.537768005952381 0.6505984693498451 0.5450612297619047 0.6688315287925697 0.5454902428571429 0.6741941931888544 0.5420581380952382 0.6799858712074303 0.5371244857142857 0.6849195226006192 0.5279007035714286 0.6759102458204335 0.5276861964285714 0.6641123839009289 0.529616755952381
13 0.26003919814241483 0.553695630952381 0.4202154346749226 0.5645717952380953 0.734635453869969 0.5368870142857143 0.740567907120743 0.4795399666666667 0.6209301009287925 0.47657374047619044 0.4567988959752322 0.49041613095238096 0.27585907368421053 0.4983260678571429 0.26003919814241483 0.553695630952381
