2 0.26257675118210955 0.526726625284223 0.3073676784941881 0.5228530890117056 0.31475361954414893 0.6082509742204913 0.26996269587721144 0.612124481681699
1 0.3127953125 0.5223078125 0.3634515625 0.5223078125 0.3634515625 0.6235125 0.3127953125 0.6235125
2 0.4003970324719148 0.6124760511004839 0.3647338634480093 0.6166420452122933 0.35768115380733434 0.5562718575216283 0.39334394133322803 0.5521058859041377
9 0.34364998957016724 0.4309640623332319 0.3493319275638669 0.4310549134752428 0.3477944379777682 0.5272049130037952 0.3421124999999847 0.5271140624999996
9 0.33726908288645063 0.42512156544244606 0.34091606626589055 0.4252714184775186 0.33755792082649805 0.5069936021604641 0.3339109375000362 0.5068437500000023
9 0.31511091557160853 0.4497348677492199 0.320388572502452 0.4488404530655665 0.33508857832339345 0.5355743437163086 0.3298109228780959 0.5364687524779801
1 0.3914990314054876 0.5204205722069783 0.424822630650624 0.5187980289498543 0.42942856167758237 0.6133851870523297 0.3961049633951461 0.6150077170178909
3 0.3972287243429946 0.4052772508470882 0.41647384454495295 0.4048062191690916 0.4193934354813109 0.5240856726917518 0.4001483154318066 0.5245567003909035
2 0.4206193744378197 0.5222581990701205 0.44570055840335954 0.520561056960414 0.4520492955076634 0.6143768472220918 0.426968112970485 0.61607397546253
2 0.4635281555806614 0.5518210340193257 0.4707839387798458 0.5512248592344349 0.47520263784645067 0.6049975796869552 0.4679468549949206 0.6055937516437214
9 0.43441465966566284 0.47022613997236157 0.43114157111313034 0.47047439804221414 0.4255172560797291 0.39632644894560237 0.42879031178324567 0.3960781921485508
2 0.5218595248796873 0.6067749228566433 0.5053556646015522 0.6152694821655108 0.4797992175215313 0.565621679704781 0.49630293928532865 0.5571271637789463
2 0.5206953125 0.5472421875 0.52978125 0.5472421875 0.52978125 0.5916546874999999 0.5206953125 0.5916546874999999
1 0.5285140715413945 0.5180029966034198 0.5549487946751697 0.5170874723894114 0.557965474714706 0.6041826262481363 0.5315307519604175 0.6050981436290267
3 0.5252734384123414 0.40303342219743377 0.54253403713642 0.4016837680812741 0.5516355991470618 0.5180757254637613 0.534375001746298 0.5194253685408331
1 0.5864937960006955 0.613684356834687 0.5528738158686792 0.6141320390725088 0.551446015664169 0.5068901664481711 0.5850653755455824 0.5064424883621622
1 0.5818002100389776 0.5134749218978691 0.6147339297014014 0.511669982936623 0.6196919632740219 0.6021282104169471 0.5867582446833239 0.6039331354526757
1 0.6501788898835912 0.6018427830413597 0.6105380547120376 0.6024531189462646 0.6091632282184491 0.5131491739101401 0.6488034628947617 0.5125388426254741
9 0.5700021494332077 0.3727464758932086 0.5763628981466127 0.372880996316783 0.5732726265650854 0.518995013561333 0.5669118778890834 0.5188604944867037
0 0.5884820281846714 0.5174255128943541 0.5783270577452413 0.5191916734837864 0.5727038203057191 0.4868618362539949 0.5828587413099058 0.48509568003833226
2 0.7265691829925345 0.5706135382448067 0.6835155942686697 0.5700436158949378 0.6843600138314514 0.5062766481502681 0.7274131541303177 0.5068465675399466
2 0.6329627574220922 0.6178165642368414 0.6797738805281597 0.6106724330377191 0.6861299556111362 0.6523149199206517 0.6393188395693414 0.6594590219808617
1 0.6425306002722664 0.704347200824236 0.6056143999384176 0.7078693661872043 0.5981444231033493 0.6295833311443939 0.6350600416101315 0.6260611935986261
9 0.622848914503038 0.7046569664957264 0.6279773417836623 0.7041201965131534 0.6382033242879288 0.8018054342120742 0.6330748979595455 0.8023421981800103
2 0.5723372847734254 0.6385313062740329 0.597413243211804 0.6334994541335296 0.6116511859257798 0.7044439949645247 0.5865752383610925 0.7094758098705173
9 0.5951203085741099 0.70063120343511 0.6054540350887692 0.8231985873865195 0.5986883104732215 0.8237688503311129 0.5883546874999865 0.701201562500034
2 0.42167153679986313 0.6350541170946522 0.4410751647642428 0.6348015581056585 0.44187822256992604 0.6964908253812558 0.42247459463874293 0.6967433827901702
9 0.4319952790580146 0.8162584344638051 0.4258000981258192 0.8160540923935541 0.4298529148389889 0.6932074482886917 0.4360479218750015 0.6934117874999985
6 0.3477643997721316 0.6884391543977165 0.3445504846019958 0.6690232884267159 0.42243770162929195 0.656132100004396 0.42565174161654795 0.6755478097097839
6 0.6846503561257578 0.5262559666205533 0.6873034338699426 0.5424675696750564 0.650215664099278 0.5485364727443668 0.6475626423427912 0.5323249194142667
10 0.3977572874065345 0.6849729589041547 0.421875 0.6859375000000019 0.41605809574684827 0.8313609039758207 0.3919403840787936 0.8303963791329898