2 0.23479531269349846 0.5583750000000001 0.23719843777089783 0.5672203130952381 0.24080468730650154 0.5705359369047619 0.24861718761609905 0.572748438095238 0.2558281250773994 0.573853125 0.2624390625386997 0.5716421880952381 0.26364062476780187 0.55948125 0.25943437523219814 0.5495296880952381 0.25282343777089783 0.548425 0.25102031269349845 0.541790625 0.24561250030959753 0.538475 0.2384 0.5462140630952381 0.23179062476780185 0.545107813095238 0.22818437523219814 0.552846875 0.23479531269349846 0.5583750000000001
2 0.27445781238390093 0.5661140619047619 0.28888125015479876 0.572748438095238 0.2912859374613003 0.5771703119047619 0.29909843777089784 0.5749593749999999 0.3075109374613003 0.5760640619047619 0.31532343777089783 0.5694312499999999 0.32493906253869964 0.5694312499999999 0.3267421876160991 0.5495296880952381 0.3219343752321982 0.53736875 0.31412187492260063 0.531840625 0.3081125003095975 0.542896875 0.30450625015479876 0.551742186904762 0.29969843777089783 0.555057813095238 0.2912859374613003 0.551742186904762 0.28106874984520125 0.5561640630952381 0.27445781238390093 0.5661140619047619
0 0.3183281250773994 0.538475 0.3243390625386997 0.541790625 0.3225359374613003 0.5252078119047618 0.3207328123839009 0.5152578119047618 0.3183281250773994 0.5064125 0.31292031269349846 0.500884375 0.30570781238390093 0.50530625 0.29969843777089783 0.5141515630952381 0.29849687492260063 0.5285234369047619 0.3039062501547988 0.545107813095238 0.3081125003095975 0.53736875 0.3117187498452012 0.5351578119047619 0.3183281250773994 0.538475
8 0.33094843777089783 0.520784375 0.34056406253869964 0.530735936904762 0.35138125015479876 0.5329468749999999 0.35017968730650156 0.5152578119047618 0.34597343777089784 0.49535625 0.34056406253869964 0.4677171869047619 0.3381609374613003 0.44560468809523807 0.3333531250773994 0.4301265619047619 0.32854531269349846 0.4245984380952381 0.3237375003095975 0.43344375 0.3243390625386997 0.4511328130952381 0.32493906253869964 0.4843 0.3243390625386997 0.501990625 0.33094843777089783 0.520784375
2 0.3688093752321982 0.542896875 0.3628 0.53736875 0.3555890625386997 0.545107813095238 0.35258437523219816 0.562796875 0.3531843752321982 0.584909375 0.36219843777089783 0.5915421869047619 0.3730171876160991 0.588226561904762 0.37421874984520126 0.5760640619047619 0.3736171876160991 0.55948125 0.3688093752321982 0.542896875
9 0.3658703126934984 0.5298437500000001 0.3658703126934984 0.5454453119047619 0.37265468730650153 0.544196875 0.37299374984520123 0.49115 0.37401093746130026 0.43685625 0.36858281238390095 0.49115 0.3658703126934984 0.5298437500000001
2 0.4488453126934984 0.5497515630952381 0.44100937523219813 0.5435734380952382 0.4320531250773994 0.544259375 0.42384374984520123 0.5490640630952381 0.41936562476780187 0.5621078130952382 0.4204859374613003 0.585448438095238 0.42384374984520123 0.604670311904762 0.4350390625386997 0.6101625 0.44436718761609906 0.607415625 0.44809843777089786 0.6012375 0.4499640625386997 0.5847625 0.4525765622291022 0.5614218750000001 0.4488453126934984 0.5497515630952381
9 0.4286953126934985 0.421378125 0.42720156222910216 0.44403281190476196 0.4298140625386997 0.4948328119047619 0.43727656222910216 0.4927734380952381 0.43541093746130033 0.47217812499999995 0.43279999999999996 0.449525 0.4286953126934985 0.421378125
2 0.4600390625386997 0.5415140630952381 0.45108437523219813 0.55455625 0.44809843777089786 0.5724046869047619 0.4473531250773993 0.590253125 0.4499640625386997 0.6067296880952381 0.45481562476780185 0.615653125 0.46712968730650156 0.6211453130952381 0.4805625003095975 0.620459375 0.48504062476780185 0.612907811904762 0.48504062476780185 0.57995625 0.4820546873065016 0.5586749999999999 0.47384687492260064 0.5497515630952381 0.4600390625386997 0.5415140630952381
2 0.5137734377708978 0.620459375 0.518625 0.6087890619047619 0.516757812383901 0.582703125 0.5148921876160991 0.5593625 0.5107874996904025 0.545632811904762 0.5029515622291021 0.544259375 0.49213125015479875 0.5449453119047619 0.4895187498452012 0.5676 0.48690625015479877 0.5833890630952381 0.4846671876160991 0.61428125 0.4947421876160991 0.6177125 0.5040718749226006 0.6232046869047619 0.5137734377708978 0.620459375
2 0.5249671876160991 0.6149671869047619 0.5331765622291021 0.6170265619047619 0.5380281250773994 0.612907811904762 0.5477296873065015 0.6032968750000001 0.5484765622291022 0.594371875 0.5484765622291022 0.5730921880952381 0.5447453126934985 0.557303125 0.5413859374613004 0.555929688095238 0.5346703126934985 0.556615625 0.5260875003095975 0.5600484369047619 0.5204906247678018 0.5593625 0.5178781250773994 0.5730921880952381 0.5197437498452012 0.595059375 0.5204906247678018 0.609475 0.5249671876160991 0.6149671869047619
2 0.5954937498452012 0.58819375 0.5995984377708978 0.58888125 0.6044484377708979 0.589567186904762 0.6085531250773994 0.5792703130952381 0.6078078123839009 0.5682859369047619 0.6063140625386997 0.5552437499999999 0.5999718749226006 0.5552437499999999 0.5947468749226006 0.557303125 0.5973593752321982 0.5662265630952381 0.5954937498452012 0.5724046869047619 0.590642187616099 0.5758375 0.5857906247678019 0.5792703130952381 0.5910156247678019 0.586821875 0.5954937498452012 0.58819375
2 0.6186281250773994 0.5504375 0.6145234377708978 0.5449453119047619 0.6100468749226006 0.5497515630952381 0.6066874996904025 0.556615625 0.6066874996904025 0.56348125 0.6081796873065015 0.571032813095238 0.6096734377708979 0.5785828130952381 0.6141515622291022 0.582703125 0.6182562501547988 0.5833890630952381 0.6216140625386997 0.5785828130952381 0.6260921876160991 0.58064375 0.6354203126934985 0.5758375 0.638032812383901 0.5676 0.638032812383901 0.5579890619047618 0.6343015622291022 0.5401406249999999 0.6279578123839009 0.53739375 0.6242265622291022 0.545632811904762 0.6219874996904025 0.5593625 0.6186281250773994 0.5504375
2 0.6604218749226006 0.5552437499999999 0.6574359374613004 0.552496875 0.6540781250773994 0.553184375 0.6503468749226006 0.5552437499999999 0.6503468749226006 0.5463187500000001 0.6492265622291021 0.53739375 0.6440031250773994 0.5367078130952381 0.6402718749226006 0.5408265630952381 0.6361671876160991 0.5387671869047619 0.6331812501547988 0.5511234380952381 0.6335546873065016 0.5621078130952382 0.6361671876160991 0.5744640619047618 0.64475 0.5785828130952381 0.6484812501547987 0.5724046869047619 0.6529578123839009 0.5676 0.6593015622291022 0.5717187499999999 0.6622874996904025 0.5689734369047619 0.6671390625386997 0.5641671880952381 0.6719890625386997 0.56279375 0.676467187616099 0.5579890619047618 0.6746015622291022 0.5511234380952381 0.6708703126934985 0.5490640630952381 0.6648999999999999 0.5511234380952381 0.6604218749226006 0.5552437499999999
2 0.7085578123839009 0.557303125 0.7122890625386996 0.55455625 0.7182593752321981 0.5518109369047619 0.723857812383901 0.548378125 0.7216187498452012 0.5415140630952381 0.7175140625386996 0.53808125 0.7122890625386996 0.5325890630952381 0.7078125003095975 0.531903125 0.703707812383901 0.5346484380952381 0.7018406247678018 0.5401406249999999 0.6973640625386996 0.5394546869047618 0.6928859374613002 0.533275 0.6891546873065015 0.5346484380952381 0.6861687498452012 0.545632811904762 0.6884078123839009 0.5552437499999999 0.6932593752321982 0.5621078130952382 0.6958703126934984 0.5586749999999999 0.703707812383901 0.553184375 0.7085578123839009 0.557303125
0 0.7294546873065015 0.5243515619047618 0.726842187616099 0.5133671869047619 0.7246031250773993 0.5010109369047618 0.7231109374613004 0.4941453130952381 0.7201249999999999 0.5016968749999999 0.7156484377708978 0.511995313095238 0.7175140625386996 0.522978125 0.7186328123839009 0.5298437500000001 0.7246031250773993 0.5367078130952381 0.7294546873065015 0.536021875 0.7294546873065015 0.5243515619047618
0 0.7290812501547987 0.511995313095238 0.728707812383901 0.5250375 0.7302015622291022 0.5346484380952381 0.7346781250773993 0.531903125 0.7350515622291022 0.5216046880952381 0.7346781250773993 0.511995313095238 0.7309468749226007 0.5051296880952381 0.7290812501547987 0.511995313095238
2 0.7025875003095975 0.627323438095238 0.7074390625386996 0.6259515619047619 0.71005 0.6190859369047619 0.7107968749226006 0.609475 0.7055734377708978 0.599178125 0.7018406247678018 0.5957453130952381 0.6977359374613002 0.5957453130952381 0.6902734377708979 0.6005515630952382 0.6835562501547988 0.6032968750000001 0.6801984377708978 0.609475 0.6760937498452012 0.612221875 0.6738546873065016 0.620459375 0.6783328123839009 0.627323438095238 0.6831843752321981 0.6321296880952381 0.6891546873065015 0.6376218750000001 0.6928859374613002 0.6410531250000001 0.695125 0.6369343749999999 0.6988562501547987 0.629382813095238 0.7025875003095975 0.627323438095238
2 0.6466156247678019 0.6369343749999999 0.6510921876160991 0.634189063095238 0.6537046873065016 0.6300703130952381 0.6544515622291022 0.620459375 0.6432562501547988 0.6190859369047619 0.6350468749226007 0.6218312500000001 0.6324359374613003 0.634189063095238 0.6361671876160991 0.6451718750000001 0.6402718749226006 0.6403671869047619 0.6466156247678019 0.6369343749999999
0 0.6190015622291022 0.6534109380952381 0.6219874996904025 0.666453125 0.6257187498452013 0.6733187500000001 0.6305687498452012 0.6733187500000001 0.6331812501547988 0.6637078130952381 0.6339281250773994 0.6520375 0.6324359374613003 0.6396812500000001 0.6305687498452012 0.6300703130952381 0.6253453126934985 0.62251875 0.6227328123839009 0.6321296880952381 0.6201218749226006 0.6410531250000001 0.6190015622291022 0.6534109380952381
2 0.6171359374613002 0.64791875 0.6145234377708978 0.636248438095238 0.6093 0.6314421880952381 0.6055687498452013 0.6314421880952381 0.5999718749226006 0.634189063095238 0.5951203126934985 0.6389937499999999 0.5962390625386997 0.64723125 0.5973593752321982 0.657529688095238 0.6022093752321981 0.659589063095238 0.6074343752321981 0.666453125 0.6122843752321981 0.663020313095238 0.616017187616099 0.659589063095238 0.6171359374613002 0.6527234369047619 0.6171359374613002 0.64791875
0 0.6204937498452012 0.6925406249999999 0.6182562501547988 0.683615625 0.6148968749226006 0.6643937499999999 0.6119125003095975 0.6740046869047619 0.6115390625386997 0.6843015619047619 0.6115390625386997 0.691167188095238 0.6130312501547988 0.699404686904762 0.6182562501547988 0.7076421880952382 0.6223609374613004 0.709015625 0.6204937498452012 0.6925406249999999
0 0.44548593746130033 0.725490625 0.4462328123839009 0.730982811904762 0.4499640625386997 0.738534375 0.45294999999999996 0.738534375 0.4525765622291022 0.726178125 0.4518296873065015 0.7124484369047619 0.4473531250773993 0.716567188095238 0.44548593746130033 0.725490625
0 0.42384374984520123 0.7069562500000001 0.4216046873065015 0.7193124999999999 0.42235156222910214 0.73235625 0.4268296873065015 0.7248046880952381 0.4283218749226006 0.713134375 0.42384374984520123 0.7069562500000001
2 0.39026093746130036 0.636248438095238 0.38429062476780185 0.6300703130952381 0.37831874984520125 0.6314421880952381 0.3716031250773994 0.632815625 0.3648859374613003 0.6335015619047619 0.3600343752321981 0.6389937499999999 0.3600343752321981 0.654782811904762 0.36413906253869965 0.6623343749999999 0.3708562501547988 0.6623343749999999 0.3757078123839009 0.660960938095238 0.37981250030959757 0.650664063095238 0.3857828123839009 0.6486046880952381 0.39026093746130036 0.649290625 0.39324531269349844 0.642426561904762 0.39026093746130036 0.636248438095238
2 0.3089140625386997 0.654096875 0.3126453126934985 0.6589015630952381 0.3189890625386997 0.659589063095238 0.32458593746130027 0.660275 0.32869062476780186 0.667826561904762 0.3342874996904025 0.663020313095238 0.34175 0.654096875 0.34772031269349846 0.650664063095238 0.35033281238390096 0.657529688095238 0.3548109374613003 0.6637078130952381 0.3622734377708978 0.6616484380952381 0.36339374984520123 0.654096875 0.36413906253869965 0.6465453119047619 0.36339374984520123 0.6376218750000001 0.36339374984520123 0.6252640619047619 0.3600343752321981 0.623892188095238 0.35294531269349844 0.6232046869047619 0.34809374984520125 0.6252640619047619 0.3413781250773994 0.6259515619047619 0.33540781238390094 0.627323438095238 0.3294359374613003 0.62251875 0.3230937498452013 0.6197718750000001 0.3160031250773994 0.62251875 0.3089140625386997 0.6266375 0.30704687492260063 0.6383078119047619 0.3089140625386997 0.654096875
13 0.442708333126935 0.72265625 0.484375 0.7356770833333334 0.526041666873065 0.7369791666666666 0.557291666873065 0.73046875 0.604166666873065 0.70703125 0.6341145832817336 0.6927083333333334 0.723958333126935 0.6471354166666666 0.7148437498452012 0.6380208333333334 0.5872395832817338 0.6979166666666666 0.5429687498452013 0.7109375 0.5338541665634675 0.7135416666666666 0.4557291665634675 0.7018229166666666 0.395833333126935 0.6940104166666666 0.3125 0.67578125 0.30208333312693497 0.6901041666666666 0.38151041671826624 0.7096354166666666 0.442708333126935 0.72265625
13 0.22656250030959751 0.5091145833333334 0.4674479164086688 0.55078125 0.53125 0.5481770833333334 0.625 0.52734375 0.7369791665634675 0.4869791666666667 0.7682291665634675 0.4661458333333333 0.7330729164086687 0.4765625 0.6575520835913313 0.5052083333333334 0.6080729164086688 0.515625 0.49609374984520127 0.5403645833333334 0.41276041671826624 0.52734375 0.354166666873065 0.5169270833333334 0.23307291640866873 0.5013020833333334 0.22656250030959751 0.5091145833333334
6 0.2317708334365325 0.69140625 0.3085937498452012 0.6901041666666666 0.31119791640866873 0.6276041666666666 0.23567708359133127 0.6223958333333334 0.2317708334365325 0.69140625
