1 0.3179728430943669 0.5408993819378403 0.2910799091877152 0.5778878167068087 0.22896964739061332 0.5327335132143255 0.25586250000003474 0.4957453124999792
9 0.2742484375000913 0.3717109374999975 0.28331489909021457 0.37131056338058765 0.288127883194079 0.4802947353000577 0.27906142179392646 0.48069510656612147
9 0.2719968719721919 0.3641015624668432 0.27602295167673674 0.36414565145154215 0.2752729547015633 0.432630026300642 0.27124687499997435 0.43258593749999963
9 0.25661250000007385 0.3694281249999975 0.2590149497131051 0.36923528737744077 0.264268054143713 0.434677477300891 0.2618656045241323 0.4348703141435296
2 0.36864181432201804 0.5389766976356782 0.37756176395657803 0.5393771165529799 0.3759949873383448 0.5742762403768741 0.3670750377807508 0.5738758226453042
2 0.36409148970346905 0.5452978989943809 0.3821088423912897 0.5331843508620033 0.40087218235260025 0.5610898750053229 0.3828548574405204 0.573203388870087
1 0.577945790022568 0.5693075486611894 0.5540237441123281 0.566866948894915 0.562910308140431 0.47977279782728594 0.5868320230292738 0.482213380608572
3 0.5631416484051215 0.3664422775438746 0.5807013552396256 0.3662737120177944 0.5818550111043805 0.48644549835885553 0.564295304293637 0.48661406257877704
2 0.6676287415208435 0.5699160822706871 0.6389519605509122 0.577323621408958 0.628038521497615 0.5350781098047834 0.6567151001504499 0.5276705982750884
9 0.6292093436724144 0.39758281016861197 0.6334608304704261 0.3978992040228761 0.6274577366134508 0.47856014213101666 0.6232062499999529 0.4782437499999979
2 0.6652296875000729 0.6631515625000468 0.6435886723548947 0.6294990643730655 0.7021120385464883 0.5918687093973949 0.7237530227929483 0.6255209877504259
1 0.6067881977348861 0.6246423561422403 0.6624430253534683 0.6154952018127774 0.6738350321357984 0.6847998489614618 0.6181802201402888 0.6939469392561444
9 0.6742361980418536 0.7925124582269103 0.6679048452094776 0.7935275742010426 0.6507868510828985 0.6867789931588493 0.6571180562500558 0.6857638890624955
9 0.6524738459781929 0.8130577692612423 0.6410370484607029 0.8142683915978458 0.6263549842769862 0.6755890181104388 0.6377914341233009 0.6743784139498016
2 0.3706812500000751 0.6197781249999996 0.38116152956922633 0.6195756086785343 0.38198628923066735 0.6622519118439069 0.3715060096862999 0.6624544273214423
2 0.31645101500976125 0.6647942284718298 0.31571684794232624 0.6202511187914697 0.37223503929897106 0.6193196258250458 0.3729694481833121 0.6638624910692983
2 0.2712605967816444 0.6103053925902238 0.29613593436135943 0.5946338153303362 0.3365842470902862 0.6588294025989586 0.311708999659686 0.674500864623123
2 0.4349991449795425 0.5661595063935785 0.4349992323467404 0.5085999239879035 0.46047636213438636 0.508600001857431 0.4604763949066637 0.5661594637354704