2 0.34737031269349844 0.443975 0.3433062501547988 0.45809531190476194 0.3410484377708978 0.48052343809523806 0.34285468730650154 0.4929828130952381 0.3342765622291021 0.4938140619047619 0.33201874984520124 0.51291875 0.3365328123839009 0.51375 0.33969374984520123 0.518732811904762 0.3433062501547988 0.525378125 0.3500796873065015 0.5320234380952381 0.3595609374613003 0.533684375 0.3640765622291022 0.5270390619047619 0.36813906253869966 0.517071875 0.36813906253869966 0.5029515619047619 0.36813906253869966 0.48633750000000003 0.36723593746130034 0.47637031309523814 0.36046406253869967 0.47637031309523814 0.3586578123839009 0.465571875 0.3559484377708978 0.45228124999999997 0.3536906247678019 0.43982187500000003 0.34737031269349844 0.443975
9 0.3424031250773994 0.43650000000000005 0.33969374984520123 0.41739375 0.33201874984520124 0.3849984369047619 0.33247031269349847 0.4032734380952381 0.3374359374613003 0.4281921880952381 0.3424031250773994 0.46225000000000005 0.3451125003095975 0.4456359369047619 0.3424031250773994 0.43650000000000005
9 0.3514328123839009 0.34845156190476195 0.3496281250773994 0.3999515630952381 0.3482734377708978 0.43982187500000003 0.35459374984520126 0.43151562499999996 0.3532390625386997 0.41905625 0.35549687492260057 0.404934375 0.3514328123839009 0.34845156190476195
9 0.3568515622291022 0.45228124999999997 0.3586578123839009 0.3908140630952381 0.3550453126934985 0.4456359369047619 0.3568515622291022 0.45228124999999997
2 0.36994531269349845 0.5403296869047619 0.3744609374613003 0.542821875 0.3798781250773994 0.546975 0.3884578123839009 0.542821875 0.39522968730650154 0.531192188095238 0.3974874996904025 0.5095953130952381 0.39071562476780186 0.5012890619047619 0.3871031250773994 0.49215312499999997 0.3821359374613003 0.4888296880952381 0.3740093752321981 0.48716875 0.3740093752321981 0.4755390630952381 0.36859062476780186 0.4788625 0.36859062476780186 0.4979671880952381 0.3663328123839009 0.5228859369047618 0.36994531269349845 0.5403296869047619
2 0.45392656222910216 0.516240625 0.44986249969040243 0.48966093690476187 0.44309062476780187 0.4888296880952381 0.43947812507739936 0.5112578119047619 0.4318031250773994 0.525378125 0.42954531269349844 0.560265625 0.4354156247678019 0.568571875 0.4530234377708978 0.57189375 0.4561843752321981 0.560265625 0.4561843752321981 0.534515625 0.45392656222910216 0.516240625
9 0.44805781238390097 0.448959375 0.4453484377708978 0.482184375 0.45031406253869966 0.4846765619047619 0.45392656222910216 0.421546875 0.453475 0.4032734380952381 0.4489609374613003 0.422378125 0.44805781238390097 0.448959375
2 0.5324906247678018 0.5237171869047619 0.5320390625386997 0.531192188095238 0.5351984377708978 0.5436531250000001 0.5406171876160991 0.5395 0.5410687498452013 0.531192188095238 0.5410687498452013 0.52205625 0.5383593752321981 0.51375 0.5324906247678018 0.5237171869047619
2 0.6661374996904025 0.5154109369047619 0.677425 0.517903125 0.6855531250773993 0.5104265619047619 0.6900687498452013 0.500459375 0.6990984377708979 0.491321875 0.6990984377708979 0.4796921880952381 0.6918734377708978 0.4680640619047619 0.68465 0.473878125 0.6742656247678018 0.48052343809523806 0.6661374996904025 0.4838453130952381 0.657107812383901 0.4796921880952381 0.657107812383901 0.5029515619047619 0.6616234377708979 0.5095953130952381 0.6661374996904025 0.5154109369047619
0 0.6263156247678019 0.5797671869047619 0.6212703126934984 0.5725453119047619 0.6173453126934985 0.577703125 0.6187468749226006 0.5833765630952381 0.6193078123839009 0.5916296869047619 0.6232328123839009 0.6003968749999999 0.6263156247678019 0.5957546880952381 0.6291203126934984 0.58801875 0.6263156247678019 0.5797671869047619
0 0.6184671876160991 0.5942078130952381 0.6170640625386997 0.5833765630952381 0.6137 0.5771875 0.611457812383901 0.575125 0.6080937498452013 0.575125 0.602767187616099 0.58801875 0.6047296873065016 0.597303125 0.6089343752321982 0.6040078119047619 0.6128593752321981 0.6107125 0.6179062501547987 0.6045234380952381 0.6184671876160991 0.5942078130952381
2 0.5666015622291022 0.5813140619047619 0.5593124996904024 0.59008125 0.5534250000000001 0.597303125 0.5542656247678018 0.60194375 0.5542656247678018 0.6065859369047619 0.55735 0.619996875 0.5626765622291022 0.628764061904762 0.5663203126934985 0.6416578119047619 0.5747312501547988 0.656615625 0.5814593752321982 0.6540359380952381 0.5856656247678018 0.647846875 0.5887484377708978 0.6359843749999999 0.5884687498452013 0.62360625 0.586225 0.613290625 0.5845437498452012 0.595239061904762 0.5814593752321982 0.5818296869047619 0.5741703126934985 0.580798438095238 0.5666015622291022 0.5813140619047619
2 0.5562281250773994 0.6277328130952381 0.5539843752321981 0.6153546880952381 0.5514624996904025 0.6034921880952381 0.547817187616099 0.60865 0.545575 0.6158703130952381 0.545575 0.6256703130952381 0.5511812501547988 0.6359843749999999 0.5537046873065016 0.6406265619047619 0.5576296873065015 0.6452687500000001 0.5562281250773994 0.6277328130952381
2 0.3717546873065016 0.6246375000000001 0.3807265622291021 0.624121875 0.3868937498452012 0.6029765619047619 0.39979062476780186 0.5725453119047619 0.38969843777089785 0.5694515630952381 0.3773625003095975 0.56635625 0.36895156222910214 0.5617140619047619 0.3622234377708978 0.565840625 0.3599796873065016 0.580798438095238 0.35745625015479876 0.5967859369047619 0.3681109374613003 0.6050390630952381 0.3669890625386997 0.6246375000000001 0.3717546873065016 0.6246375000000001
9 0.36446562476780187 0.669509375 0.37063437523219817 0.6514578130952381 0.377642187616099 0.6277328130952381 0.3653062501547988 0.6256703130952381 0.3639046873065015 0.6452687500000001 0.3554937498452012 0.685498438095238 0.34960781238390093 0.714896875 0.35409218761609906 0.716959375 0.3591390625386997 0.6922031249999999 0.36446562476780187 0.669509375
2 0.36026093746130033 0.59988125 0.36334374984520124 0.5947234369047619 0.3639046873065015 0.5828609369047619 0.3683906247678019 0.56429375 0.3594187498452012 0.564809375 0.3577374996904025 0.5534625 0.35072812507739937 0.5472734369047618 0.3456828123839009 0.5472734369047618 0.34147656222910217 0.540053125 0.33446718761609906 0.5385046869047618 0.32213281238390096 0.527673438095238 0.3131609374613003 0.562746875 0.3162453126934984 0.564809375 0.32073125015479875 0.5601671869047619 0.332225 0.55243125 0.32549687492260065 0.5684203119047619 0.3288609374613003 0.57821875 0.32830000000000004 0.584407813095238 0.33727187492260063 0.5869875 0.34147656222910217 0.575640625 0.34427968730650155 0.5679031250000001 0.34764531269349846 0.5684203119047619 0.3535312501547988 0.5715140630952381 0.3538124996904025 0.5802828119047619 0.35325156222910215 0.5926609380952381 0.355775 0.597303125 0.36026093746130033 0.59988125
9 0.26472031269349844 0.590607811904762 0.27653593746130034 0.575689061904762 0.2814015622291022 0.56460625 0.27908593746130034 0.5599171869047619 0.2677328123839009 0.57313125 0.2598546873065016 0.59018125 0.24896406253869968 0.6191656249999999 0.24641562476780185 0.6332328119047619 0.2554515622291022 0.6097890630952381 0.26472031269349844 0.590607811904762
9 0.2839515622291022 0.623854686904762 0.2895109374613003 0.6076578130952381 0.2939140625386997 0.5863453130952381 0.29715781238390093 0.576540625 0.29669374984520125 0.5714265630952381 0.28881718761609904 0.5769671880952382 0.28719531269349846 0.591032813095238 0.2834874996904025 0.612346875 0.2705124996904025 0.6434625 0.2839515622291022 0.623854686904762
10 0.27912371269349845 0.604984419047619 0.2758780879256966 0.6153704178571429 0.271334213622291 0.6303002904761904 0.2654920891640867 0.6445810380952381 0.28107108730650154 0.6478266630952381 0.30768520866873067 0.5920019202380953 0.31222908297213625 0.5712299238095239 0.30898345820433437 0.5627913 0.3005448346749226 0.556949175 0.2921062105263158 0.5426684273809523 0.28042196222910215 0.5264403047619047 0.2758780879256966 0.5309841785714285 0.271334213622291 0.5459140511904762 0.26094821486068115 0.5666860488095238 0.2570534656346749 0.5816159214285714 0.2486148414860681 0.6010896690476191 0.24536921733746128 0.6140721678571428 0.24536921733746128 0.6341950392857143 0.2486148414860681 0.6400371642857142 0.2564043405572755 0.6413354142857144 0.264193839628483 0.6186160416666666 0.27003596346749226 0.604984419047619 0.28042196222910215 0.5887562964285714 0.27912371269349845 0.604984419047619
7 0.2616765517027864 0.6603187916666666 0.26383916780185757 0.662841844047619 0.26636222043343655 0.6646440238095238 0.26960614427244584 0.6668066404761904 0.27032701671826626 0.6653648964285714 0.2829422773993808 0.6541913797619048 0.2836631492260062 0.6495057119047619 0.2807796613003096 0.6495057119047619 0.27068745263157895 0.650947455952381 0.26419960433436535 0.6430178630952381 0.26311829597523223 0.637250886904762 0.2580721919504644 0.6459013511904762 0.25915349969040247 0.6513078916666666 0.26023480804953564 0.6563539964285714 0.2616765517027864 0.6603187916666666
6 0.666635452631579 0.5638833714285715 0.6724831318885449 0.5680602857142857 0.6800015770897834 0.5597064571428572 0.6883554049535603 0.5572003095238096 0.6900261702786378 0.5530233952380952 0.6875200216718267 0.5488464821428571 0.6766600458204335 0.5513526297619048 0.6658000699690403 0.5563649261904762 0.666635452631579 0.5638833714285715
