2 0.3408368794194985 0.43830291692226286 0.37694376024671783 0.4425697531855387 0.36608466704046805 0.5344552942650757 0.3299777913413209 0.530188487430464
9 0.32946490571134746 0.38542853038296243 0.3348205478697537 0.3845265867319086 0.347758728426129 0.46134806721063987 0.34240308739674674 0.4622500063327339
9 0.35430458785162955 0.4400267787845006 0.34827343749998363 0.4398218750000001 0.35137792386183264 0.3484496976895817 0.3574090062521691 0.34865460029828854
9 0.3568515624999691 0.4522812499999985 0.3548517601631147 0.4522224877102836 0.35665802818380143 0.3907553005066348 0.35865781443862943 0.3908140625569651
2 0.3687748313537895 0.4752706217352898 0.3991679520239586 0.47682925842299484 0.39552925688337837 0.5477776254446161 0.3651361368480366 0.5462189974060505
2 0.4342056105547272 0.4882547268861874 0.4607335777600383 0.48997138531861695 0.4554217933770133 0.5720489496052037 0.42889382729958925 0.5703323026099941
9 0.4503140659747942 0.48467656269882753 0.4452224954175108 0.4843852227119332 0.4498758242409622 0.40306749130844205 0.4549673389963118 0.4033588296974623
2 0.5410687632518147 0.5436531249999998 0.5320390520038245 0.5436531249999998 0.5320390771918255 0.5137500000000002 0.5410687449032139 0.5137500000000002
2 0.6948731701835413 0.46706058026030767 0.7084130474315771 0.5075385020017451 0.6636502005828788 0.5225103986606611 0.6501104929035364 0.4820326210843426
0 0.6322822587590053 0.5973213099548135 0.6223856252994437 0.6006848018490172 0.6136960572248427 0.5751195207910137 0.6235926468124262 0.5717560370142031
0 0.6204774786226608 0.6097257244598475 0.6058250364540072 0.6116236600932411 0.6012123666388334 0.5760163505745328 0.615864715497537 0.5741184210377612
2 0.5926924497830441 0.654130726307044 0.5614422045957781 0.6584541390181567 0.5510663628650718 0.5834633426343346 0.5823161709439546 0.5791399604782861
2 0.5593503271095415 0.6449568912784588 0.5493979912239411 0.6467607102061451 0.5418700061721893 0.6052307932080495 0.5518222640924932 0.6034269815148797
2 0.3997906940314806 0.5725451159682717 0.37990042279341196 0.6291721717957192 0.34436221903752084 0.6166905877908088 0.3642525820773699 0.5600637256794732
9 0.3540921874999867 0.716959374999999 0.3420502601462658 0.713781509579771 0.36560061810507705 0.6245550146005732 0.377642329721084 0.6277328500324493
2 0.3819677576941558 0.5659664194553473 0.35799932827103476 0.6034147866384363 0.29816441675563965 0.5651215753381079 0.3221328124999445 0.5276734375000306
7 0.2851931896057067 0.6504182447968311 0.27389153652802634 0.6693628227311588 0.2518166443243217 0.6561954168912394 0.263118295312438 0.6372508875000336
6 0.6920168463358323 0.5563411505951847 0.6700260589990421 0.5695343911048664 0.6630973011051537 0.5579864361110863 0.6850880495120464 0.5447932106767946
10 0.3078120597099314 0.5132810856431521 0.3324787848888491 0.5224889748943713 0.2799298826989798 0.6632459796817239 0.25526322095674914 0.6540382157544972
10 0.2604533956011892 0.6573285894150805 0.2296218901053635 0.6466854061849091 0.28160851587608704 0.49610617831612613 0.3124392285636759 0.5067492120880446