0 0.29296725524204703 0.5791734375000002 0.2616765009718165 0.5791734375000002 0.26167670094343976 0.5129578125000002 0.29296710846699625 0.5129578125000002
2 0.27873797425957036 0.6020009029501604 0.2601216236957953 0.6013024517823933 0.26093997290979587 0.5794937377174526 0.2795562500000415 0.5801921875000002
2 0.34000588618187066 0.6015773803267626 0.3021020403022021 0.6147767777871835 0.27578749508245437 0.5392178979089405 0.3136908541431467 0.5260185934787757
2 0.34257471858370536 0.5568411488744246 0.35923570748173006 0.5565161190244934 0.3597936988389847 0.5851158802167012 0.34313270996551637 0.5854409092578778
2 0.3793859803805617 0.5801921875 0.36349214838082844 0.5801921875 0.36349221823593325 0.5292578125 0.3793859133807018 0.5292578125
9 0.37247263979395484 0.3874554914075443 0.378725675386022 0.3868613697473074 0.39071862251103084 0.5130777621281728 0.3844655876515617 0.5136718785485723
9 0.3844656249999616 0.39349218750000003 0.38953441943317557 0.39325676927945263 0.39385314338562694 0.4862380219653364 0.3887843490524574 0.48647343870511384
0 0.6055812668327007 0.5699656254620363 0.5997483653146674 0.56980552009169 0.6009812044951559 0.5248961452257043 0.6068140625000069 0.5250562500000013
0 0.606421875 0.5409390625 0.6166828125 0.5409390625 0.6166828125 0.5746156250000001 0.606421875 0.5746156250000001
2 0.6151562764198388 0.5871055752570826 0.6108526591027612 0.5451584632107164 0.6355867928200496 0.5426211057044117 0.6398904894441557 0.5845681273071427
2 0.6355468383308107 0.5270333566014761 0.6560795279568765 0.5261502195156517 0.6587852855504934 0.5890525097810461 0.6382525962497994 0.5899356421313569
9 0.65700938549287 0.5478328128612407 0.6479928736875991 0.5475224004747343 0.6515939508641395 0.4429337513378748 0.6606103189619716 0.44324416123175775
2 0.6861725473426077 0.5173323893607059 0.7172464173740991 0.5184149514002963 0.7146483643783768 0.5929826655542463 0.6835744947389912 0.5919001103703949
2 0.6963575470200567 0.600559606309902 0.7371474647958394 0.5965822663007087 0.7462466475465135 0.6898883131077774 0.7054567349205172 0.6938656166076498
9 0.7586571519283325 0.78587602818987 0.7423356812741986 0.7886191664616071 0.723978918899661 0.6794149801321989 0.7403000000000475 0.6766718749999934
1 0.6522485081899276 0.6043359103273124 0.6982933178046551 0.6035019494723949 0.699508637638246 0.6705943473450323 0.6534638281425487 0.6714283027699375
0 0.6519891015109351 0.6703468749999999 0.6427374600824578 0.6703468749999999 0.6427375097089225 0.61744375 0.651989055498575 0.61744375
9 0.709561916122766 0.8033267741351647 0.6794176709200883 0.8078682595305846 0.6592223041601528 0.6738419467027543 0.6893656316381112 0.669300532318516
0 0.6129607955875827 0.6293011940016032 0.6204343246055259 0.6290403279115695 0.62192738021281 0.6718093335694539 0.6144538512515965 0.6720701985553338
0 0.6207172945732964 0.6239243475722606 0.626842638834205 0.623526456720327 0.6290960714982248 0.6582127243782724 0.6229707273674876 0.6586106138809161
0 0.4000336544849006 0.6593851746961666 0.3912981636432278 0.6600965432891925 0.38862022508999416 0.6272157579273578 0.3973556599866015 0.6265043916169243
0 0.3867781351660824 0.6510390628809458 0.38137538835599116 0.6508366091119462 0.3824880328826339 0.6211482920512341 0.38789074865837847 0.6213507452386079
2 0.285828371368666 0.6097659768612308 0.33378698854357935 0.6166091015763855 0.3230994949321939 0.6915007655712366 0.2751408886796298 0.6846576920160994
9 0.2620633580947924 0.7932854836596267 0.23919270122189573 0.7823872813532182 0.2947089282496336 0.6659024529973627 0.31757903901859663 0.6768005032401381
11 0.2720803378871324 0.31866637339055875 0.25235498525159983 0.4804107815333427 0.20666959496202253 0.4748393165705301 0.22639533610686158 0.3130953741084899
6 0.27842215714895246 0.6380506622794258 0.27762148129988873 0.652862673934989 0.23616088698395288 0.6506216476280986 0.23696161963255236 0.6358096961385173
6 0.35175644557546093 0.6515504679765756 0.3523964268081272 0.6649877462079866 0.3297791993328474 0.6660647606870701 0.32913924998024413 0.6526275129960938
7 0.2540315876198065 0.7292528237585076 0.30431132334751965 0.7341177382765237 0.29717928801278504 0.8078155444280007 0.24689955837618527 0.8029506721028825
7 0.7146671322053635 0.4621105759224884 0.6771046262347227 0.42633878000617337 0.731351457701976 0.3693796779057744 0.7689137622395492 0.4051512932877916
7 0.7202862841650131 0.7374902136705566 0.7628123819723669 0.7316922724962467 0.7758864566283137 0.8275692280840331 0.7333603728174012 0.8333671022314972
7 0.685112832088862 0.7947551169701411 0.6726597461098436 0.8415709304677916 0.6189071356834575 0.8272752465658572 0.631360424669765 0.7804597565404666
10 0.7392872540712006 0.5599008878971738 0.7070592609068171 0.5566236943117588 0.7230654429619108 0.3992339704951744 0.7552927157088334 0.40251112779161197