0 0.2929671876160991 0.5588 0.2929671876160991 0.5486125 0.29097968730650153 0.5282390619047619 0.2884968749226006 0.5129578130952381 0.27806718761609905 0.5170328130952381 0.2681328123839009 0.5221265630952381 0.26267031269349844 0.5445375 0.2616765622291022 0.5588 0.2681328123839009 0.5781546880952381 0.27657656222910215 0.579173436904762 0.2860125003095975 0.5750984369047619 0.2899859374613003 0.5689859380952381 0.2929671876160991 0.5588
2 0.2735968749226006 0.601584375 0.27905937523219815 0.593434375 0.27955625015479874 0.5801921869047619 0.26068281238390095 0.589359375 0.26018750030959753 0.599546875 0.2676359374613003 0.601584375 0.2735968749226006 0.601584375
2 0.3182968749226006 0.5486125 0.31779999999999997 0.53944375 0.31432343777089783 0.5384249999999999 0.30836250030959755 0.53536875 0.3043890625386997 0.5292578130952381 0.2994234377708978 0.5312953130952381 0.2934624996904025 0.5404625 0.2939593752321982 0.55981875 0.2929671876160991 0.5700046880952381 0.2914765622291022 0.584267186904762 0.2964437498452013 0.594453125 0.30140937523219813 0.598528125 0.30985312507739937 0.601584375 0.3192890625386997 0.602603125 0.3247531250773994 0.604640625 0.3312093752321981 0.604640625 0.33567968730650155 0.597509375 0.3331968749226006 0.5863046880952382 0.3322031250773994 0.579173436904762 0.3272359374613003 0.5649109380952381 0.3207796873065016 0.554725 0.3182968749226006 0.5486125
2 0.34312968730650156 0.5852859380952381 0.35107656222910216 0.5852859380952381 0.3575328123839009 0.5822296880952381 0.35951874984520127 0.571023436904762 0.3545531250773994 0.5588 0.34660625015479873 0.5567625 0.3426328123839009 0.55981875 0.34312968730650156 0.5852859380952381
2 0.37938593746130034 0.54759375 0.37739999999999996 0.5363875 0.3709421876160991 0.5292578130952381 0.3659765622291022 0.53740625 0.3634921876160991 0.55166875 0.36448593746130026 0.5659296880952381 0.3669687498452012 0.5801921869047619 0.3764062501547987 0.579173436904762 0.37938593746130034 0.5669484369047619 0.37938593746130034 0.54759375
25 0.39410076656346754 0.49003643571428573 0.3908946904024768 0.48757022261904764 0.38733281238390094 0.5282390619047619 0.3853453126934984 0.5200890630952382 0.3803796873065015 0.5231453119047619 0.37690312507739937 0.5323140619047619 0.37739999999999996 0.54148125 0.37839218761609905 0.554725 0.38186874984520125 0.5659296880952381 0.38584218761609906 0.5740796880952381 0.3957765622291022 0.5771359380952381 0.4012390625386997 0.5730609380952382 0.4106765622291022 0.571023436904762 0.41564218761609906 0.5618546869047619 0.4126624996904025 0.54148125 0.4106765622291022 0.5302765630952381 0.4062062501547988 0.5180515630952381 0.40024531269349845 0.5200890630952382 0.39776250030959753 0.5262015630952381 0.3967687498452012 0.5425 0.39410076656346754 0.49003643571428573
9 0.384775 0.4700265630952381 0.3804578123839009 0.4371359369047619 0.37552343777089786 0.387165625 0.3773734377708979 0.4390328119047619 0.38446562476780183 0.513671875 0.3872421876160991 0.51240625 0.38909218761609904 0.4959609380952381 0.384775 0.4700265630952381
9 0.39217656222910213 0.454846875 0.3906343752321981 0.4384015630952381 0.38446562476780183 0.3934921869047619 0.3872421876160991 0.44282812499999996 0.3887843752321981 0.48647343809523813 0.39001718761609905 0.476984375 0.3937171876160991 0.48331093809523806 0.39217656222910213 0.454846875
0 0.6028062501547988 0.560478125 0.6055812501547988 0.569965625 0.6068140625386997 0.52505625 0.6034218749226007 0.5301171869047618 0.6006468749226006 0.537075 0.6009546873065016 0.549725 0.6028062501547988 0.560478125
0 0.6129890625386997 0.5695640630952381 0.6138093752321981 0.5594609369047618 0.6166828123839009 0.5560937499999999 0.6154515622291021 0.5502 0.6138093752321981 0.54430625 0.6105265622291022 0.5409390630952381 0.6064218749226006 0.543465625 0.6064218749226006 0.5569359380952381 0.607242187616099 0.568721875 0.6105265622291022 0.574615625 0.6129890625386997 0.5695640630952381
2 0.6166828123839009 0.586401563095238 0.6220187498452012 0.586401563095238 0.6265343752321981 0.58135 0.6343328123839009 0.5838765619047619 0.6384375003095976 0.5847171880952381 0.6384375003095976 0.57040625 0.6363859374613003 0.5569359380952381 0.6355640625386997 0.5426234380952382 0.6314593752321981 0.54430625 0.6261234377708979 0.5510421869047619 0.6228406247678019 0.5552515630952382 0.6179140625386996 0.562828125 0.6138093752321981 0.5645125 0.6142203126934985 0.5779828119047619 0.6166828123839009 0.586401563095238
2 0.6474687498452013 0.53925625 0.6450046873065015 0.5266265619047619 0.6376171876160991 0.52746875 0.6363859374613003 0.5426234380952382 0.6367968749226006 0.5560937499999999 0.6376171876160991 0.57293125 0.6380281250773994 0.5847171880952381 0.642132812383901 0.5897687500000001 0.6474687498452013 0.588926563095238 0.6569093752321982 0.5847171880952381 0.6577296873065016 0.5645125 0.6560874996904025 0.5468328119047619 0.6474687498452013 0.53925625
9 0.6561687498452011 0.50298125 0.6544859374613003 0.5219578130952381 0.65 0.5328828130952381 0.6483187498452013 0.5380578130952381 0.657009375232198 0.5478328119047619 0.6575703126934985 0.5236828119047618 0.658692187616099 0.49895625 0.6589718749226006 0.4742296869047619 0.658692187616099 0.44317812500000003 0.6567296873065016 0.4811296869047619 0.6561687498452011 0.50298125
2 0.6963578123839009 0.53550625 0.6908953126934985 0.54773125 0.688907812383901 0.5609734380952381 0.6844390625386997 0.5670859380952381 0.683942187616099 0.5813468749999999 0.6958624996904025 0.591534375 0.7023187498452013 0.592553125 0.706292187616099 0.590515625 0.7117546873065015 0.5864406249999999 0.7152312501547988 0.5762531249999999 0.7147343752321982 0.5630109380952381 0.7132453126934984 0.54875 0.7132453126934984 0.5385624999999999 0.7132453126934984 0.52735625 0.7107624996904025 0.5181890630952382 0.7057953126934985 0.5192078130952381 0.7048015622291022 0.5243 0.7043046873065015 0.53245 0.6998343752321982 0.5344875 0.6963578123839009 0.53550625
10 0.7291390625386998 0.42650625 0.7226812501547987 0.4509546880952381 0.7182109374613003 0.46827343809523814 0.7137421876160991 0.484571875 0.7107624996904025 0.5110578130952381 0.7142390625386997 0.521245311904762 0.7142390625386997 0.53550625 0.7172187498452013 0.5518046869047619 0.7251656247678019 0.5518046869047619 0.7301312501547987 0.5467124999999999 0.7370843752321982 0.5406 0.7435421876160991 0.5263375 0.7435421876160991 0.5029078130952381 0.7470187498452012 0.485590625 0.7470187498452012 0.4662359380952381 0.748507812383901 0.4489171880952381 0.7445343752321981 0.427525 0.7390718749226005 0.427525 0.7346015622291022 0.4112265630952381 0.7291390625386998 0.42650625
2 0.7360921876160991 0.6811328130952381 0.7392515622291022 0.675576561904762 0.7419609374613003 0.6644625000000001 0.7424124996904025 0.656128125 0.7388 0.638532811904762 0.7406062501547988 0.63205 0.7397031250773993 0.6227890619047619 0.7374468749226006 0.6144546869047619 0.7342859374613003 0.6005640630952381 0.7248031250773994 0.5977859380952382 0.7198375003095976 0.5987109380952381 0.7108062501547987 0.6033421869047619 0.7035828123839009 0.6042671869047619 0.6990671876160991 0.6116765630952381 0.6990671876160991 0.6283453130952381 0.7008734377708978 0.646867188095238 0.7067437498452012 0.660759375 0.7148703126934984 0.661684375 0.7193859374613003 0.668167186904762 0.7220953126934984 0.673723438095238 0.7257062501547987 0.686689063095238 0.7315765622291022 0.6913187500000001 0.7324796873065015 0.6848375 0.7360921876160991 0.6811328130952381
9 0.7492718749226007 0.779025 0.7515140625386997 0.7870765619047619 0.7515140625386997 0.7773 0.7492718749226007 0.7612 0.7464671876160991 0.750275 0.7447859374613003 0.7416484369047619 0.7394593752321982 0.727273438095238 0.7341328123839008 0.7082984369047619 0.7335718749226006 0.697371875 0.7369359374613003 0.6979468750000001 0.7408609374613003 0.7059984380952381 0.7431031250773994 0.7180734369047619 0.7439453126934985 0.7295734380952381 0.7506734377708979 0.758325 0.7478687498452012 0.7249734380952381 0.7459062501547987 0.710023438095238 0.7436640625386997 0.698521875 0.7411406247678018 0.683571875 0.7403 0.6766718749999999 0.738057812383901 0.6852968749999999 0.7366546873065015 0.6881718750000001 0.734692187616099 0.6910468750000001 0.7316093752321982 0.6893218750000001 0.726842187616099 0.6852968749999999 0.7251609374613003 0.686446875 0.7274031250773995 0.695646875 0.7282453126934985 0.703121875 0.730207812383901 0.712323438095238 0.7313281250773994 0.719223436904762 0.7349734377708977 0.727273438095238 0.7372156247678018 0.734748438095238 0.7403 0.7451 0.7433843752321981 0.75545 0.7459062501547987 0.7652249999999999 0.7492718749226007 0.779025
1 0.6528296873065015 0.6364203130952382 0.6553531250773994 0.648495313095238 0.6615203126934984 0.6565453130952381 0.6679687498452012 0.663445311904762 0.6730156247678019 0.664595313095238 0.6814250000000001 0.670921875 0.6856312501547988 0.6668953130952381 0.6912375003095975 0.6668953130952381 0.6951624996904026 0.665745313095238 0.6982468749226006 0.662295311904762 0.6988078123839009 0.653095313095238 0.6990874996904024 0.647345311904762 0.6988078123839009 0.636995313095238 0.6976859374613004 0.62894375 0.6960046873065016 0.61974375 0.692359375232198 0.6139937499999999 0.6878734377708978 0.61226875 0.6811453126934985 0.61054375 0.6746968749226007 0.6088187500000001 0.6688093752321981 0.60824375 0.6632031250773994 0.60479375 0.6587171876160991 0.60421875 0.6531093752321981 0.60709375 0.6525484377708979 0.62089375 0.6528296873065015 0.6364203130952382
0 0.6455406247678019 0.6507953130952381 0.6461015622291022 0.662295311904762 0.6497453126934984 0.670346875 0.6519890625386997 0.6691968749999999 0.6519890625386997 0.6542453119047619 0.6511468749226006 0.6438953119047619 0.6514281250773994 0.632395313095238 0.6519890625386997 0.6254937500000001 0.6497453126934984 0.61744375 0.6446999999999999 0.61974375 0.6427374996904025 0.62779375 0.6432968749226007 0.6392953130952381 0.6455406247678019 0.6507953130952381
9 0.6846218749226006 0.7927968750000001 0.6806124996904025 0.780779688095238 0.6790703126934984 0.765598438095238 0.6769124996904025 0.75041875 0.6766031250773994 0.737135936904762 0.6759874996904025 0.7206890619047619 0.6762953126934985 0.7099359369047619 0.6772203126934984 0.70108125 0.6827718749226006 0.70108125 0.6861640625386997 0.702978125 0.6901734377708979 0.71373125 0.6929484377708978 0.728279686904762 0.6957234377708978 0.7440937500000001 0.701275 0.762435936904762 0.7055921876160991 0.7769843750000001 0.70035 0.742195311904762 0.6957234377708978 0.723220313095238 0.6932562501547989 0.708039063095238 0.6920234377708979 0.692226561904762 0.6901734377708979 0.680207813095238 0.6895562501547988 0.670720311904762 0.6849296873065015 0.674515625 0.6812296873065015 0.674515625 0.6766031250773994 0.674515625 0.6716687498452012 0.6751484380952381 0.6673515622291021 0.6726171880952381 0.6682765622291021 0.684003125 0.6692015622291021 0.696653125 0.6692015622291021 0.7131000000000001 0.6704359374613003 0.732075 0.6704359374613003 0.7440937500000001 0.6722859374613003 0.7605390630952381 0.6747531250773994 0.7744546880952381 0.6762953126934985 0.783309375 0.6784531250773993 0.7927968750000001 0.6870890625386997 0.8067125 0.6846218749226006 0.7927968750000001
0 0.6138656247678018 0.6473796869047619 0.6138656247678018 0.655220313095238 0.6159031250773994 0.662539061904762 0.6179421876160991 0.6719484380952381 0.6199812501547988 0.6677671869047619 0.6212562501547988 0.656265625 0.6210015622291022 0.645289061904762 0.6207468749226006 0.638492186904762 0.6192171876160991 0.6290828119047619 0.6169234377708979 0.6306515630952381 0.6146296873065016 0.6343109369047619 0.6133546873065016 0.640584375 0.6138656247678018 0.6473796869047619
0 0.6217656247678018 0.640060936904762 0.6238046873065015 0.64685625 0.6250796873065015 0.653653125 0.6268625003095974 0.658357811904762 0.6276281250773994 0.653653125 0.627882812383901 0.646334375 0.627882812383901 0.6395375 0.6273734377708978 0.6327421880952381 0.6258437498452013 0.6280375 0.6238046873065015 0.625423438095238 0.6217656247678018 0.62385625 0.6212562501547988 0.6322203119047619 0.6217656247678018 0.640060936904762
0 0.38932656222910217 0.6306515630952381 0.3895812501547988 0.6390156250000001 0.39085625015479875 0.648425 0.39136562476780185 0.65574375 0.3934046873065015 0.659925 0.3959531250773994 0.655220313095238 0.3967187498452012 0.6510390630952381 0.39875781238390096 0.643720313095238 0.39824687492260064 0.637446875 0.3964625003095975 0.628560938095238 0.39391406253869965 0.6275156249999999 0.39136562476780185 0.626992186904762 0.38932656222910217 0.6306515630952381
0 0.38499374984520124 0.6212421880952381 0.38244531269349846 0.6296062499999999 0.38193593746130033 0.6358796869047619 0.38270000000000004 0.643720313095238 0.38499374984520124 0.6473796869047619 0.38677812507739934 0.6510390630952381 0.38677812507739934 0.6390156250000001 0.38754218761609904 0.6306515630952381 0.38499374984520124 0.6212421880952381
2 0.27820468730650155 0.663584375 0.2817734377708978 0.6703796880952381 0.2855953126934984 0.672471875 0.2889093752321981 0.6735171869047619 0.28737968730650154 0.6792671880952381 0.28865468730650157 0.686585938095238 0.29171249969040247 0.6860625 0.29451562476780185 0.68188125 0.29808437523219816 0.678221875 0.297575 0.672471875 0.29986874984520123 0.6688125 0.30241718761609904 0.665153125 0.30624062476780184 0.671426561904762 0.3108281250773994 0.6745625000000001 0.31414062476780186 0.6729937500000001 0.3182187498452012 0.6698578119047619 0.32025781238390094 0.664107813095238 0.32357187492260064 0.657834375 0.32357187492260064 0.65260625 0.3248453126934985 0.64685625 0.3279046873065015 0.643196875 0.33019843777089786 0.6390156250000001 0.33096249969040253 0.6364015630952381 0.3279046873065015 0.6280375 0.32204218761609904 0.622810936904762 0.31668906253869966 0.619673438095238 0.31261250030959753 0.6165375 0.30394687492260064 0.614446875 0.29782968730650156 0.6149687500000001 0.29298749969040244 0.6107875 0.2891640625386997 0.6113093749999999 0.2850859374613003 0.6149687500000001 0.28483125015479877 0.625423438095238 0.28355781238390093 0.6343109369047619 0.2825375003095975 0.644765625 0.2817734377708978 0.650515625 0.27896874984520126 0.657834375 0.27820468730650155 0.663584375
9 0.27363749969040246 0.7367609369047619 0.27733906253869967 0.7241109369047619 0.2819640625386997 0.7120937500000001 0.2856656247678019 0.7070328119047619 0.28998281238390095 0.701340625 0.28905781238390094 0.71525625 0.28504843777089783 0.7260093750000001 0.2794968749226006 0.739292186904762 0.2739453126934984 0.750045313095238 0.2646937498452013 0.77091875 0.2693203126934985 0.765857813095238 0.27363749969040246 0.761429686904762 0.27733906253869967 0.7557375 0.2810390625386997 0.747514061904762 0.28659062476780184 0.741821875 0.29059843777089783 0.731701561904762 0.2943 0.7222140619047619 0.29614999999999997 0.713990625 0.29985 0.707665625 0.3004671876160991 0.6994421869047619 0.3057109374613003 0.695646875 0.30941093746130033 0.693117188095238 0.31342031269349846 0.6855265630952381 0.3146531250773994 0.67540625 0.30971874984520126 0.674773436904762 0.30540156222910214 0.67224375 0.30015937523219816 0.6741421880952382 0.297075 0.679834375 0.2943 0.682364061904762 0.2896734377708978 0.6855265630952381 0.28535625015479876 0.6855265630952381 0.2810390625386997 0.6969125 0.27610468730650156 0.7082984369047619 0.27178749969040245 0.7222140619047619 0.26654531269349846 0.739292186904762 0.2631531250773994 0.7532078119047619 0.25945156222910215 0.769653125 0.2576015622291022 0.791159375 0.27363749969040246 0.7367609369047619
11 0.24601957399380806 0.4796381607142857 0.2516200198142415 0.471637525 0.2576204972136223 0.4372347880952381 0.26242087863777086 0.3868307773809524 0.2564204012383901 0.332826480952381 0.2504199238390093 0.31602514404761906 0.23401861919504643 0.3140249845238095 0.22521791888544893 0.3360267357142857 0.22521791888544893 0.3728296630952381 0.21881740990712073 0.39883173214285716 0.21281693250773992 0.42443376904761904 0.2132169640866873 0.44163513809523813 0.22041753684210524 0.45803644285714284 0.22641801424148608 0.46963736547619045 0.22961826873065017 0.47363768333333334 0.2388190012383901 0.47683793809523806 0.2448194786377709 0.4780380345238095 0.24601957399380806 0.4796381607142857
6 0.23761890588235293 0.6376507333333333 0.23681884210526316 0.6384507964285715 0.2388190012383901 0.6432511785714287 0.2472196693498452 0.6472514976190475 0.25442024210526315 0.6496516880952381 0.25522030588235295 0.6516518476190476 0.2636209746130031 0.6496516880952381 0.2724216743034056 0.6464514333333332 0.2768220247678019 0.6444512738095238 0.2784221517027864 0.6380507654761904 0.24881979690402478 0.636450638095238 0.23761890588235293 0.6376507333333333
6 0.3360267349845201 0.6556521654761905 0.32962622600619196 0.662852738095238 0.3344266080495356 0.6656529607142858 0.3468275944272446 0.6652529297619048 0.3520280080495356 0.6572522928571428 0.3496278173374613 0.6516518476190476 0.3412271492260062 0.6520518785714285 0.3360267349845201 0.6556521654761905
7 0.24945185263157893 0.7765770297619048 0.24977623777089783 0.7859841869047619 0.24977623777089783 0.7947425738095237 0.25593954736842106 0.8038253464285715 0.2669686278637771 0.8044741154761904 0.2838366334365325 0.7892280345238095 0.28999994365325077 0.7785233380952381 0.2919462520123839 0.774955105952381 0.29681202291021674 0.7665211035714287 0.3010290241486068 0.7512750214285714 0.3036241015479876 0.7412190952380953 0.3039484866873065 0.7340826309523809 0.2997314854489164 0.7353801702380952 0.28740486563467493 0.7577627154761905 0.27734893931888543 0.7700893357142857 0.2708612445820433 0.7759282607142857 0.2630760111455108 0.7827403392857143 0.258210240247678 0.777874569047619 0.25723708606811146 0.7665211035714287 0.25885900990712074 0.7580871 0.2591833944272446 0.7515994059523808 0.25593954736842106 0.7447873261904762 0.2539932390092879 0.7428410178571428 0.2513981609907121 0.7564651773809524 0.24945185263157893 0.7765770297619048
7 0.7044493616099071 0.42794177023809526 0.703327627244582 0.4391591166666667 0.7072536984520125 0.4503764630952381 0.7111797696594426 0.4587894726190476 0.7162275758513932 0.460472075 0.7274449219814241 0.44869386071428574 0.7341753300309598 0.4341113107142857 0.7381014012383901 0.4167244238095238 0.7403448705882353 0.4083114130952381 0.7459535436532508 0.4206504952380952 0.7510013498452012 0.42177222976190476 0.7521230848297213 0.40718967857142857 0.7481970130030959 0.39148539404761906 0.7386622687306502 0.37634197619047616 0.7358579318885449 0.3746593738095238 0.7038884947368421 0.3982158011904762 0.7038884947368421 0.4094331476190476 0.7061319640866872 0.41784615833333333 0.7044493616099071 0.42794177023809526
7 0.7273477808049537 0.7604807595238096 0.7261644600619196 0.7805972119047618 0.7285311015479877 0.797952580952381 0.7320810631578948 0.8117579892857143 0.736419905882353 0.8239856369047619 0.7443087102167183 0.8318744416666667 0.7656084829721361 0.8267467178571429 0.7703417653250775 0.7869082547619047 0.7648196024767802 0.7565363571428572 0.7640307219814241 0.7537752761904762 0.7632418414860681 0.7660029226190476 0.759691879256966 0.7790194500000001 0.7537752761609906 0.7841471738095238 0.7411531888544891 0.7671862440476191 0.7281366613003096 0.7364199059523809 0.7273477808049537 0.7494364333333333 0.7273477808049537 0.7604807595238096
7 0.6338654464396285 0.825957838095238 0.6397820501547987 0.8326633214285715 0.6480652947368422 0.835029963095238 0.6571374198142416 0.8330577619047619 0.668181746130031 0.8283244785714285 0.6760705510835913 0.8224078761904763 0.6792260730650155 0.8168857119047619 0.6792260730650155 0.8030803047619047 0.6748872303405572 0.7920359785714285 0.666998426006192 0.7916415380952381 0.6638429040247678 0.7932192988095238 0.6468819739938081 0.7947970595238095 0.6378098489164087 0.7821749726190476 0.6314988049535604 0.7869082547619047 0.6243988811145511 0.8066302666666667 0.6338654464396285 0.825957838095238
