0 0.2669492151284203 0.5189017640217852 0.29095819081214813 0.5195606193060227 0.2894418025974801 0.5748135654344828 0.26543282701811677 0.57415471317998
2 0.30808465270752095 0.5830031940358247 0.2728759060756829 0.5771969983448932 0.28102303111870697 0.5277985351188083 0.31623148197991213 0.5336047057363222
2 0.37158996885796114 0.560687223599252 0.3641688436334789 0.6006175393160564 0.3038460327920802 0.5894073417209199 0.3112673219135331 0.5494772422887848
0 0.3224702915490525 0.5279624924249672 0.3323913987838978 0.5315495794390862 0.32293516556853774 0.5577011412617885 0.313014062499974 0.5541140624999963
0 0.365111283618603 0.565982519482785 0.35551597383926037 0.566347082308093 0.3542587543997797 0.5332593561212551 0.36385401102336346 0.5328947943070628
2 0.3693734064512455 0.5896417963437677 0.355872983269478 0.5529056569658871 0.3870541569424404 0.5414477968731609 0.40055462677889864 0.5781838308716697
0 0.36925296262916163 0.5249451156898292 0.3794197516000395 0.5261051604014189 0.3764355385504814 0.5522569172045574 0.36626875000001746 0.5510968749999988
2 0.4758208675233391 0.5519398075643142 0.5124351604355297 0.552611731732758 0.5110542539019889 0.6278519149488397 0.4744399611284962 0.6271799953356987
9 0.5021390945070152 0.5500906249999999 0.4901953098080867 0.5500906249999999 0.49019546464865016 0.4344187500000001 0.5021390369942083 0.4344187500000001
9 0.5359232828209315 0.44392393497784 0.5457935406391243 0.44482829743995017 0.5344061941568725 0.5691012287789462 0.5245359374999907 0.5681968750000033
2 0.5489600171528082 0.6307537469397678 0.5156304196922292 0.6330034060861406 0.5109826473901649 0.5641491854894367 0.5443118261400741 0.5618995405554592
0 0.5130890573682336 0.5893187496373297 0.5193857853630561 0.5897637498917326 0.517395165373955 0.6179278115981409 0.5110984374999816 0.6174828125000014
7 0.5296378803884636 0.4115111145750856 0.5479780886491881 0.41119873373926896 0.5488480197559511 0.4622704327399437 0.5305078115185324 0.4625828125167173
2 0.7419999738931438 0.6206481254703875 0.704344212712499 0.6169224158355842 0.7121870382883344 0.5376663357837262 0.7498422702087737 0.5413920189081992
9 0.7394686415867682 0.4363218600994732 0.7448064776259571 0.43705550281918715 0.7304097098729017 0.5417961369075716 0.725071875000026 0.5410625000000016
9 0.7271282257513576 0.5585203125 0.7184905748217716 0.5585203125 0.7184906505285653 0.4155390625 0.7271281219836965 0.4155390625
2 0.7097059371697014 0.7142679774352831 0.6862448629939308 0.7026612543735179 0.7098652123542024 0.6549238508242102 0.7333260676416558 0.6665305092067236
2 0.6675444120752445 0.7154724646532276 0.6515874597755555 0.7189809148628462 0.6403440068262398 0.6678511686057654 0.6563007890812287 0.6643427377875969
9 0.35241711716741975 0.7746531100874078 0.3556775571299795 0.7753444195080366 0.3445713760617082 0.8277147424194716 0.34131093749999764 0.827023437500001
2 0.2661471243171718 0.6177388195211438 0.30042617940330274 0.6222336609332733 0.28975348112169286 0.7036164217266635 0.25547443310995277 0.6991216174147413
0 0.2479421715402168 0.6491296857831539 0.2553855081957863 0.6499303884000629 0.2512714611506226 0.6881694494777327 0.24382812499993634 0.6873687499999971
9 0.25883286508747005 0.6896476163073672 0.27743332932777776 0.6938431803734798 0.25415850965725895 0.7970121005630278 0.2355580619612283 0.7928165866542314
6 0.3153453973881142 0.6860563188841114 0.3094360958515381 0.6701486817462508 0.34499181139744906 0.6569423679933402 0.3509011399995643 0.6728499436836967
6 0.6620206609375145 0.7139438515624695 0.6625732074622874 0.6962670174878872 0.6865603246878891 0.6970166926270212 0.6860078251218056 0.7146934810818812
6 0.6058114799863006 0.5718804743812608 0.6055048197723636 0.5525562819063695 0.6655957042105456 0.5516027143827759 0.6659024621955041 0.5709268064598203
7 0.33262800464831344 0.8436453979470071 0.335524658599752 0.8146863958131867 0.3525593879809321 0.8163899813856095 0.34966280216065115 0.8453489205288084
7 0.228830260855716 0.7936920547955139 0.24290968567515847 0.7922843915439344 0.24550227419558723 0.8182103284625962 0.2314228500505351 0.81961798720751