1 0.13348437523219814 0.5065375 0.13704062476780185 0.558832813095238 0.1477140625386997 0.5702734380952381 0.1601640625386997 0.5719078130952381 0.17439374984520126 0.5686390619047619 0.18328750030959753 0.54739375 0.18417656222910217 0.5081718749999999 0.17706250030959753 0.4771203130952381 0.16105468730650155 0.45587500000000003 0.13970937523219815 0.47058281190476187 0.13348437523219814 0.5065375
1 0.18862343777089782 0.495096875 0.18506718761609908 0.5179765619047618 0.18239843777089784 0.558832813095238 0.18595625015479877 0.5735421880952382 0.19929687492260065 0.5817125000000001 0.21708281238390095 0.580078125 0.22864531269349844 0.5751765619047619 0.2375390625386997 0.544125 0.23487031269349845 0.5179765619047618 0.22419843777089782 0.5 0.2081890625386997 0.4934625 0.18862343777089782 0.495096875
1 0.24643281238390094 0.580078125 0.25799374984520124 0.5686390619047619 0.25799374984520124 0.555565625 0.2597718749226006 0.5294171880952381 0.25176874984520126 0.5114390630952381 0.23931718761609908 0.5065375 0.23487031269349845 0.5245140630952381 0.23042343777089783 0.5702734380952381 0.24643281238390094 0.580078125
1 0.2668874996904025 0.49673125 0.25799374984520124 0.5016343750000001 0.25799374984520124 0.5277828119047618 0.25888281238390093 0.5686390619047619 0.2668874996904025 0.580078125 0.27311249969040247 0.586615625 0.28022812507739936 0.58498125 0.2891218749226006 0.5784453119047619 0.2909 0.5670046869047619 0.2909 0.545759375 0.2891218749226006 0.521245311904762 0.28111718761609905 0.5065375 0.2668874996904025 0.49673125
1 0.2909 0.5719078130952381 0.3015718749226006 0.5817125000000001 0.3211374996904025 0.5751765619047619 0.32469531269349844 0.5506625 0.3211374996904025 0.5179765619047618 0.31313437523219817 0.5 0.3015718749226006 0.5016343750000001 0.29445781238390095 0.5163421880952381 0.2909 0.53431875 0.2909 0.5719078130952381
1 0.32469531269349844 0.5506625 0.3264734377708978 0.5751765619047619 0.32914218761609904 0.5833468749999999 0.33981406253869967 0.586615625 0.35315468730650157 0.5768109369047619 0.35315468730650157 0.5375875 0.348707812383901 0.5179765619047618 0.33803593746130034 0.5179765619047618 0.3264734377708978 0.5310515619047619 0.32469531269349844 0.5506625
1 0.35404374984520126 0.5751765619047619 0.38961874984520123 0.580078125 0.3922859374613003 0.5637359369047619 0.38872968730650154 0.5294171880952381 0.3833921876160991 0.5081718749999999 0.37360937523219817 0.5081718749999999 0.3629375003095975 0.50980625 0.35493281238390095 0.5277828119047618 0.3522656247678019 0.544125 0.35404374984520126 0.5751765619047619
1 0.3913968749226006 0.5294171880952381 0.3913968749226006 0.5506625 0.3905078123839009 0.5751765619047619 0.40295937523219816 0.5833468749999999 0.41274218761609904 0.5833468749999999 0.42430312507739937 0.5784453119047619 0.42519218761609906 0.552296875 0.42519218761609906 0.5179765619047618 0.4189671876160991 0.5032687499999999 0.40651562476780184 0.5032687499999999 0.3985125003095975 0.5114390630952381 0.3913968749226006 0.5294171880952381
1 0.4527624996904025 0.5735421880952382 0.4572093752321982 0.5506625 0.4536515622291022 0.5163421880952381 0.4456484377708978 0.49673125 0.43408593746130036 0.50980625 0.42874999999999996 0.5294171880952381 0.4278609374613003 0.552296875 0.42608125015479875 0.5751765619047619 0.4527624996904025 0.5735421880952382
1 0.4536515622291022 0.5310515619047619 0.4536515622291022 0.55393125 0.4527624996904025 0.5768109369047619 0.4616562501547988 0.586615625 0.4723281250773994 0.586615625 0.4883374996904025 0.5751765619047619 0.4883374996904025 0.549028125 0.49011562476780185 0.521245311904762 0.4803328123839009 0.5081718749999999 0.4678812501547987 0.5114390630952381 0.4589875003095975 0.5179765619047618 0.4536515622291022 0.5310515619047619
1 0.4883374996904025 0.53431875 0.4883374996904025 0.5621015630952382 0.49367343777089784 0.5751765619047619 0.5034562501547988 0.5817125000000001 0.5114593752321981 0.5735421880952382 0.5141281250773994 0.545759375 0.5114593752321981 0.514707813095238 0.5061234377708979 0.5032687499999999 0.4990093752321981 0.5065375 0.49189374984520123 0.5130734380952381 0.4883374996904025 0.53431875
1 0.5141281250773994 0.5130734380952381 0.5096812501547988 0.535953125 0.5132390625386997 0.5686390619047619 0.5283578123839009 0.58498125 0.5408093752321982 0.5833468749999999 0.5434765622291021 0.5702734380952381 0.5408093752321982 0.5506625 0.5399187498452013 0.5310515619047619 0.5390296873065016 0.5130734380952381 0.5310265622291022 0.5032687499999999 0.5230218749226007 0.504903125 0.5141281250773994 0.5130734380952381
1 0.5416984377708979 0.5228796869047618 0.5381406247678019 0.544125 0.5434765622291021 0.5735421880952382 0.5585953126934985 0.596421875 0.5692687498452013 0.5882499999999999 0.5790515622291021 0.589884375 0.5932812501547988 0.5817125000000001 0.5941703126934984 0.55393125 0.5915015622291022 0.5179765619047618 0.5746046873065016 0.498365625 0.5541484377708978 0.5065375 0.5416984377708979 0.5228796869047618
1 0.5932812501547988 0.544125 0.5959484377708978 0.5670046869047619 0.6137359374613003 0.589884375 0.6261874996904024 0.58498125 0.6404171876160991 0.5784453119047619 0.6484203126934984 0.565370311904762 0.6448640625386997 0.514707813095238 0.6235187498452013 0.50980625 0.602175 0.5179765619047618 0.5932812501547988 0.532685936904762 0.5932812501547988 0.544125
2 0.5735390625386997 0.5380609369047619 0.5644124996904025 0.536384375 0.5543718749226006 0.5380609369047619 0.5452437498452013 0.5414156250000001 0.5470687498452013 0.5539953130952381 0.5530015622291021 0.566575 0.5644124996904025 0.5690906250000001 0.5767343752321982 0.564896875 0.590425 0.5539953130952381 0.5876874996904025 0.529675 0.5854046873065015 0.5196109369047619 0.5785593752321981 0.5246421880952381 0.5735390625386997 0.5380609369047619
2 0.6305875003095975 0.5238046880952382 0.6255671876160991 0.518771875 0.6191781250773993 0.518771875 0.6127875003095975 0.5212890619047619 0.6073109374613003 0.5246421880952381 0.6013781250773994 0.5221265630952381 0.5972718749226006 0.517095311904762 0.5968140625386996 0.52548125 0.5977281250773994 0.5330296869047619 0.6009218749226006 0.5489640619047619 0.6095937498452013 0.5590265630952381 0.6182640625386997 0.5581890619047619 0.6287609374613002 0.5523171880952381 0.6383453126934985 0.5422546880952381 0.6378890625386997 0.5330296869047619 0.6305875003095975 0.5238046880952382
7 0.5995531250773993 0.3854296880952381 0.6050296873065015 0.39549375 0.6068546873065016 0.412265625 0.6105062501547988 0.40975 0.6164390625386997 0.40639531309523813 0.6219156247678018 0.4248453130952381 0.6260234377708979 0.4080734369047619 0.6178078123839009 0.38878437499999996 0.607767187616099 0.37368906309523814 0.5995531250773993 0.3854296880952381
0 0.49728437523219815 0.631801563095238 0.49697187492260064 0.639248436904762 0.4997781250773994 0.6501312499999999 0.5081937498452012 0.657004688095238 0.5060125003095975 0.6466937500000001 0.5044531250773994 0.6335203119047619 0.5038296873065016 0.6180546880952381 0.49915468730650153 0.6226375 0.49728437523219815 0.631801563095238
0 0.4773343752321982 0.6272187499999999 0.4770234377708978 0.632946875 0.47920468730650156 0.642684375 0.4816984377708979 0.6524218749999999 0.4907374996904025 0.659295313095238 0.4929203126934985 0.6535671880952381 0.4922968749226006 0.638675 0.4879328123839009 0.6255015619047618 0.48419218761609906 0.6197734369047619 0.4773343752321982 0.6272187499999999
6 0.6603246736842106 0.6752901797619048 0.6603246736842106 0.6018947309523809 0.5433593393188855 0.6449218761904761 0.5540923832817337 0.6893445892857143 0.6603246736842106 0.6752901797619048
6 0.1292845640866873 0.6198899738095238 0.1291628656346749 0.6815365642857143 0.2900736959752322 0.6893445892857143 0.28538692631578944 0.6300037285714285 0.1292845640866873 0.6198899738095238
