0 0.27518437523219813 0.5363249999999999 0.2759343752321981 0.5507828119047619 0.2804374996904025 0.5545875 0.2838140625386997 0.5538265630952381 0.28756718761609906 0.5485 0.29019374984520124 0.5401296869047619 0.29394531269349844 0.5294765619047619 0.29469531269349847 0.516540625 0.29169374984520124 0.5058874999999999 0.2871906247678019 0.49979999999999997 0.2819375003095975 0.5036046880952381 0.27555937523219814 0.5066484369047619 0.2759343752321981 0.522628125 0.27518437523219813 0.5363249999999999
0 0.3254640625386997 0.52719375 0.3235875003095975 0.5363249999999999 0.3273406247678019 0.5340421869047619 0.330342187616099 0.5355640630952381 0.3322187498452012 0.53328125 0.3333437498452012 0.522628125 0.32921562476780186 0.513496875 0.3254640625386997 0.52719375
0 0.36336093746130027 0.528715625 0.3663640625386997 0.5401296869047619 0.3716171876160991 0.53936875 0.3731171876160991 0.5370859380952381 0.3723671876160991 0.52719375 0.3708656247678019 0.5203453130952381 0.36899062476780187 0.5119750000000001 0.3678640625386997 0.5081703119047619 0.3656124996904025 0.5142578119047619 0.36336093746130027 0.528715625
2 0.29807343777089784 0.560675 0.31007968730650154 0.559153125 0.31608281238390096 0.55763125 0.32208749969040246 0.544695311904762 0.3228375003095975 0.52415 0.31683437523219815 0.519584375 0.3138328123839009 0.5294765619047619 0.31270625015479875 0.5416515619047618 0.3067031250773994 0.5416515619047618 0.2976968749226006 0.5340421869047619 0.29131874984520123 0.5370859380952381 0.2860656247678019 0.550021875 0.29056874984520126 0.5583921869047619 0.29807343777089784 0.560675
2 0.3400984377708978 0.55154375 0.33259374984520124 0.5507828119047619 0.3307171876160991 0.546978125 0.3284656247678019 0.5325203119047619 0.3232124996904025 0.5363249999999999 0.31683437523219815 0.556109375 0.3202109374613003 0.5660015619047619 0.32921562476780186 0.5812203119047619 0.3431 0.5781765630952381 0.35510625015479874 0.576654688095238 0.3656124996904025 0.5781765630952381 0.3723671876160991 0.571328125 0.3723671876160991 0.560675 0.3719921876160991 0.5485 0.3723671876160991 0.5401296869047619 0.3652375003095975 0.5431734369047619 0.3629859374613003 0.55763125 0.35660781238390094 0.5599140630952381 0.3491031250773994 0.5583921869047619 0.3400984377708978 0.55154375
2 0.37649374984520123 0.5317593749999999 0.3738671876160991 0.5401296869047619 0.3734921876160991 0.5462171880952381 0.3734921876160991 0.55763125 0.37499374984520123 0.5675234369047619 0.3809968749226006 0.5705671880952381 0.38850156222910215 0.5675234369047619 0.39750625015479873 0.5644796869047619 0.41139062476780186 0.5614359380952381 0.4061375003095975 0.5545875 0.4046359374613003 0.553065625 0.39187812507739933 0.5462171880952381 0.3877515622291022 0.5325203119047619 0.38437343777089783 0.5279546880952382 0.3802468749226006 0.5309984369047619 0.37649374984520123 0.5317593749999999
0 0.38475000000000004 0.510453125 0.38062187492260063 0.5081703119047619 0.37799531269349845 0.516540625 0.3761187498452012 0.5325203119047619 0.3787453126934984 0.5317593749999999 0.38287343777089783 0.5279546880952382 0.3855 0.52415 0.386625 0.5188234380952381 0.38475000000000004 0.510453125
0 0.525457812383901 0.5789375 0.5213296873065015 0.576654688095238 0.5183281250773993 0.585025 0.5190796873065016 0.5964390619047619 0.5198296873065016 0.60024375 0.5239562501547987 0.5979609380952381 0.5265828123839009 0.5949171869047619 0.5265828123839009 0.585025 0.525457812383901 0.5789375
2 0.5348390625386997 0.553065625 0.5280843752321982 0.5644796869047619 0.5318359374613003 0.585025 0.5374656247678018 0.589590625 0.5434687498452012 0.58198125 0.5449687498452013 0.571328125 0.5423421876160991 0.5538265630952381 0.5348390625386997 0.553065625
2 0.7378343752321981 0.516540625 0.7355828123839009 0.528715625 0.7329562501547987 0.5355640630952381 0.7325812501547988 0.5523046880952381 0.7318296873065016 0.5660015619047619 0.7254515622291021 0.5682843750000001 0.7209484377708978 0.5614359380952381 0.7175718749226007 0.5660015619047619 0.7153203126934985 0.58198125 0.7228249999999999 0.59415625 0.7322046873065015 0.589590625 0.7415859374613002 0.576654688095238 0.7472140625386996 0.5652406249999999 0.7490906247678019 0.543934375 0.7460890625386997 0.528715625 0.7378343752321981 0.516540625
0 0.7101234377708978 0.5693843749999999 0.7096109374613003 0.5589890630952381 0.7070484377708979 0.5553515630952381 0.7042296873065015 0.5584703119047619 0.7034609374613003 0.5699046869047619 0.7052546873065015 0.5802984380952381 0.7098671876160991 0.5782203119047619 0.7101234377708978 0.5693843749999999
2 0.7283203126934985 0.666575 0.7319078123839009 0.6598171880952381 0.7331890625386996 0.649942186904762 0.7293453126934984 0.6400671869047618 0.7249874996904025 0.64370625 0.7216562501547988 0.6447453130952381 0.7129421876160991 0.6515015630952381 0.7052546873065015 0.654620311904762 0.7024359374613003 0.6592984380952381 0.6988468749226007 0.6686531250000001 0.7019234377708978 0.6842453119047619 0.7052546873065015 0.68320625 0.7093546873065015 0.6910015619047619 0.7111484377708979 0.6936 0.7144812501547987 0.6910015619047619 0.718325 0.685284375 0.7201187498452012 0.685284375 0.7242187498452012 0.6759296880952381 0.7283203126934985 0.666575
1 0.3788562501547988 0.6720359380952381 0.3901124996904025 0.66823125 0.39836718761609907 0.661382813095238 0.40624687492260064 0.64996875 0.40362031269349846 0.6385546880952381 0.4017437498452012 0.62561875 0.3942390625386997 0.621053125 0.38335781238390093 0.621814063095238 0.3721015622291022 0.623335938095238 0.3657234377708979 0.6400765630952381 0.36309687492260057 0.6636656249999999 0.36384687492260065 0.676601561904762 0.36797343777089786 0.676601561904762 0.3788562501547988 0.6720359380952381
2 0.2949421876160991 0.608878125 0.289825 0.604034375 0.2761812501547988 0.60334375 0.2748171876160991 0.6206375000000001 0.2710640625386997 0.6462328130952381 0.2700406247678019 0.669060938095238 0.2751578123839009 0.6780546880952381 0.289825 0.682204688095238 0.2952828123839009 0.673210936904762 0.30005937523219817 0.6538421869047619 0.30381093746130033 0.64000625 0.3072218749226006 0.6157953119047619 0.30210468730650153 0.613028125 0.2949421876160991 0.608878125
0 0.2632187498452012 0.6642187500000001 0.2645828123839009 0.6566093749999999 0.2628781250773994 0.6413906250000001 0.2581015622291022 0.63170625 0.25571406253869966 0.643465625 0.25435 0.6552250000000001 0.2523031250773994 0.6711359369047619 0.25400937523219813 0.673210936904762 0.25742031269349847 0.6704437499999999 0.2632187498452012 0.6642187500000001
6 0.6556380229102168 0.5503617761904762 0.6603246736842106 0.503513625 0.6214843393188855 0.4984375011904762 0.6212686582043344 0.5472385535714286 0.6556380229102168 0.5503617761904762
9 0.5181608018575852 0.6159491404761905 0.5478433969040247 0.6143876785714285 0.5556546 0.5456769130952381 0.5525300470588235 0.43011817619047615 0.5415944105263159 0.4129404845238095 0.5218749640866873 0.5804687511904761 0.5181608018575852 0.6159491404761905
9 0.3556877541795666 0.8189578547619047 0.3994305386996904 0.6674821547619048 0.3994305386996904 0.6284420285714286 0.37755914674922597 0.6284420285714286 0.3636718390092879 0.6820312511904761 0.33850313126934983 0.8158345738095238 0.3556877541795666 0.8189578547619047
6 0.33850313126934983 0.7393160214285713 0.3556877541795666 0.6909062297619047 0.3128905894736842 0.6800781261904761 0.3025715492260062 0.7330695773809525 0.33850313126934983 0.7393160214285713
9 0.7446858092879257 0.5769090142857143 0.7493723405572755 0.5331840845238095 0.7478102433436533 0.4519806107142857 0.7337499343653251 0.3863932464285715 0.7150030947368421 0.4066941 0.7113280891640866 0.5785156261904761 0.7446858092879257 0.5769090142857143
