0 0.33776238188420393 0.5484338915469532 0.33052759398310627 0.5500613853578217 0.3242839944456364 0.5223087400321424 0.33151874999998654 0.5206812499999943
0 0.3623047370091399 0.5833578125000001 0.3397280733544221 0.5833578125000001 0.33972818664290116 0.5320078125000001 0.36230465284472757 0.5320078125000001
0 0.36447295621280773 0.5498201869526586 0.374965237668448 0.5519596825761987 0.36901896048937033 0.5811179525772444 0.3585266806551317 0.5789784624376357
0 0.41915697282308884 0.5939057843708428 0.411513246109962 0.5931268607663202 0.4148475101925442 0.5604106935801989 0.4224911929012478 0.5611896149199894
2 0.5154078572870731 0.602990625 0.5006312094335499 0.602990625 0.5006312883139117 0.5501312500000001 0.5154077981339924 0.5501312500000001
0 0.5999690857360065 0.578866924344349 0.5811538154398477 0.5815931240593629 0.5721487037318411 0.5194482120314146 0.5909637783613562 0.5167220267670714
0 0.6454594409007086 0.5439065539218204 0.6383942395112854 0.5443640445762647 0.6368963785323558 0.521233806565477 0.6439615534007999 0.5207763167731533
0 0.6432666848679673 0.5192895800210328 0.6491490652681478 0.518376384491935 0.6531291194347659 0.5440118590467461 0.6472467394768273 0.5449250526561733
2 0.6947343541003193 0.5751186814742673 0.6947345097667039 0.6403344173623859 0.6562718158755843 0.640334322183853 0.656271892159566 0.5751188180382121
0 0.6377418006331936 0.6073479055581984 0.6440508470942632 0.6061614843067087 0.6486856526015572 0.6308051987767603 0.6423766069173098 0.6319916172230194
0 0.6381845173688134 0.6433226514874888 0.6292439754865882 0.6431609893556096 0.6298827038382342 0.6078431412960689 0.6388231859166353 0.6080048028893282
0 0.3169637394246365 0.6536629417043578 0.30419354141690746 0.651081135952889 0.31080670882420236 0.6183752075178415 0.323576826848921 0.6209570049402681
9 0.31507958743520703 0.7081812108190336 0.319397664488406 0.7098719798250387 0.2997860949188862 0.7599501055450415 0.2954680233521003 0.7582593467039153
7 0.31481477314571293 0.7859263196441397 0.27887215352234307 0.7780623435417046 0.29589507045625396 0.7002733208590853 0.33183706223690024 0.7081372256151435
9 0.3381695076379856 0.6796874805502912 0.34341174081725967 0.6804452680422636 0.3300190174355748 0.7730792077770416 0.3247767859375017 0.7723214281250066
9 0.3470980693311958 0.6763392596269886 0.35466064024615207 0.677714049418547 0.3390357814532763 0.7636515625961794 0.3314732140624983 0.7622767859375025