0 0.3282359374613003 0.5274765619047619 0.327825 0.5380484380952381 0.3335718749226006 0.5493765630952381 0.3364453126934985 0.5425796869047619 0.33151874984520124 0.52068125 0.3282359374613003 0.5274765619047619
0 0.36230468730650156 0.5531515619047619 0.36148281238390095 0.535784375 0.35450625015479875 0.5320078130952381 0.3479374996904025 0.543334375 0.34096093746130035 0.541825 0.3397281250773994 0.5599484380952381 0.34424374984520123 0.5765609380952381 0.3504015622291021 0.5833578119047619 0.3582 0.5803359380952381 0.36230468730650156 0.569009375 0.36230468730650156 0.5531515619047619
0 0.3627156247678019 0.5584374999999999 0.3602515622291022 0.5705203119047619 0.36148281238390095 0.57958125 0.3655875003095975 0.578071875 0.37133437523219814 0.5697640619047619 0.3701031250773994 0.556171875 0.36599843777089786 0.55013125 0.3627156247678019 0.5584374999999999
0 0.41320156222910215 0.5765609380952381 0.41197031269349843 0.5931734369047619 0.4164859374613003 0.5916640630952381 0.4197703126934984 0.5878875 0.4210015622291021 0.57580625 0.4193593752321982 0.5682546869047619 0.41771718761609905 0.5607031250000001 0.41320156222910215 0.5765609380952381
2 0.5121249999999999 0.55013125 0.5080203126934985 0.5607031250000001 0.5006312501547987 0.57580625 0.5026843752321982 0.5871328119047619 0.5063781250773993 0.5954390630952381 0.5108937498452012 0.602990625 0.5154078123839009 0.586378125 0.5154078123839009 0.56296875 0.5121249999999999 0.55013125
0 0.5872406247678018 0.52445625 0.5819031250773994 0.526721875 0.5794406247678019 0.5388046869047619 0.5777984377708979 0.5471109380952381 0.5777984377708979 0.5584374999999999 0.5798515622291022 0.564478125 0.5868296873065015 0.5637234380952381 0.5884718749226006 0.571275 0.5913453126934984 0.577315625 0.5950390625386996 0.57958125 0.5983218749226007 0.5675 0.5958593752321981 0.5546625 0.5950390625386996 0.5448453130952381 0.5913453126934984 0.5297421880952381 0.5897031250773994 0.516904688095238 0.5872406247678018 0.52445625
0 0.6407484377708978 0.5209843749999999 0.6386625003095975 0.5260984369047619 0.6377359374613004 0.5341984380952381 0.6402843752321982 0.540165625 0.6439921876160991 0.5440015630952382 0.6453828123839009 0.5427234380952382 0.6442234377708979 0.53291875 0.6442234377708979 0.5248203130952381 0.6407484377708978 0.5209843749999999
0 0.6497843752321981 0.5359031249999999 0.6509437498452012 0.5299359369047619 0.6497843752321981 0.523115625 0.6460781250773994 0.518853125 0.6444562501547988 0.5269515630952382 0.6456140625386997 0.531640625 0.6463093752321982 0.5388875 0.6476999999999999 0.5448546869047619 0.6483937498452013 0.542296875 0.6497843752321981 0.5359031249999999
2 0.6942703126934984 0.5942999999999999 0.6947343752321982 0.58406875 0.6894046873065016 0.5768234369047619 0.6833812501547988 0.57511875 0.6792109374613003 0.5768234369047619 0.6752718749226007 0.57511875 0.6708687498452013 0.57980625 0.6673937498452012 0.580659375 0.6655406247678018 0.584921875 0.6618328123839009 0.5887578119047618 0.6578937498452012 0.5874796880952381 0.6562718749226005 0.5904640619047619 0.6625281250773993 0.5989890630952381 0.6581250000000001 0.6100703119047619 0.6620640625386998 0.615185938095238 0.6636859374613003 0.6249890619047619 0.6666984377708979 0.632235938095238 0.6720281250773993 0.6369250000000001 0.6773562501547988 0.6403343749999999 0.680832812383901 0.6364984369047619 0.6861609374613004 0.6335140630952381 0.688942187616099 0.629251561904762 0.6905640625386996 0.619021875 0.6910265622291022 0.612628125 0.6935749999999999 0.61135 0.6947343752321982 0.6053828130952381 0.6942703126934984 0.5942999999999999
0 0.6435281250773993 0.611776563095238 0.6391265622291021 0.6070875 0.6388953126934984 0.61348125 0.6409796873065016 0.624564061904762 0.6439921876160991 0.6271203130952381 0.6456140625386997 0.631382811904762 0.6465406247678019 0.6262687499999999 0.6463093752321982 0.6181703130952381 0.6435281250773993 0.611776563095238
0 0.6386625003095975 0.616890625 0.6377359374613004 0.609645311904762 0.6351874996904024 0.607939063095238 0.6317124996904024 0.6122015630952381 0.6296265622291022 0.62200625 0.6319437498452012 0.6326625 0.6361140625386997 0.63905625 0.6379687498452012 0.6433187499999999 0.6384312501547988 0.629678125 0.6386625003095975 0.616890625
2 0.3214687498452012 0.629251561904762 0.32054218761609904 0.646303125 0.3214687498452012 0.650565625 0.32494531269349847 0.6582374999999999 0.3281890625386997 0.6667625 0.33444374984520125 0.665057813095238 0.3453343752321981 0.6701718750000001 0.3527484377708978 0.6701718750000001 0.35784531269349845 0.669746875 0.36108906253869966 0.6552531250000001 0.3627109374613003 0.6356453130952381 0.3645656247678019 0.6203015619047619 0.35483437523219813 0.6194484380952381 0.34579687492260064 0.614332811904762 0.3332859374613003 0.607514063095238 0.3261031250773994 0.614332811904762 0.3214687498452012 0.629251561904762
0 0.3142875003095975 0.6531218750000001 0.3177625003095975 0.6497125 0.3196156247678018 0.6403343749999999 0.3214687498452012 0.631382811904762 0.3226281250773994 0.6232843749999999 0.318225 0.6198750000000001 0.3117374996904025 0.6241375 0.3082625003095975 0.630957813095238 0.3073359374613003 0.63905625 0.3103484377708978 0.646303125 0.3142875003095975 0.6531218750000001
9 0.3139816383900929 0.711709 0.28898576099071205 0.7616804154761905 0.29612746006191953 0.7652497440476191 0.33094312136222914 0.7027855428571429 0.32023057337461297 0.7857737238095238 0.3318358167182663 0.7964818452380953 0.35861708421052635 0.6831539642857143 0.3809348074303405 0.6233668261904762 0.3339285510835914 0.608482144047619 0.32023057337461297 0.6760151702380953 0.3139816383900929 0.711709
