0 0.27828125015479876 0.5896734380952381 0.2715078123839009 0.5863515619047619 0.26970156222910213 0.601303125 0.26879843777089785 0.6212375 0.2715078123839009 0.624560938095238 0.27557187492260066 0.6237296869047619 0.2773781250773994 0.6212375 0.2796359374613003 0.617084375 0.28144218761609907 0.609609375 0.2805390625386997 0.599640625 0.27828125015479876 0.5896734380952381
8 0.3311078123839009 0.548140625 0.3256890625386997 0.5439875 0.3175625003095975 0.55229375 0.30988750030959755 0.566415625 0.3053718749226006 0.5805359380952381 0.3089843752321981 0.5880125 0.31259531269349844 0.5938265619047619 0.31665937523219817 0.59631875 0.3234328123839009 0.592995311904762 0.32523749969040244 0.583859375 0.32659218761609904 0.572229686904762 0.3293015622291021 0.566415625 0.3338171876160991 0.5572781250000001 0.3311078123839009 0.548140625
2 0.3830312501547988 0.5880125 0.37942031269349846 0.5954875 0.37174374984520125 0.5938265619047619 0.36587499999999995 0.5888421869047619 0.36090781238390096 0.5855203130952381 0.35413437523219815 0.58718125 0.3536828123839009 0.59715 0.3532328123839009 0.6204078119047619 0.3581984377708979 0.6361890619047619 0.36452031269349844 0.6370203119047619 0.37038906253869963 0.635359375 0.3776140625386997 0.628714061904762 0.38393437523219814 0.6229 0.3852890625386997 0.6121015630952381 0.3830312501547988 0.5880125
0 0.3866437498452013 0.611270311904762 0.3866437498452013 0.6229 0.3898046873065016 0.618745311904762 0.39341718761609906 0.607946875 0.3907078123839009 0.5979796869047619 0.38574062476780185 0.592995311904762 0.3866437498452013 0.601303125 0.3866437498452013 0.611270311904762
2 0.6056281250773994 0.5880125 0.6006609374613003 0.5896734380952381 0.5979515622291022 0.59715 0.5956937498452012 0.60545625 0.5898249999999999 0.604625 0.5857609374613003 0.609609375 0.584857812383901 0.6229 0.5898249999999999 0.624560938095238 0.5925343752321981 0.625390625 0.5965968749226006 0.626221875 0.6038218749226006 0.627053125 0.6078859374613003 0.627053125 0.6078859374613003 0.6162546869047619 0.6101421876160991 0.60545625 0.6101421876160991 0.5938265619047619 0.6056281250773994 0.5880125
8 0.6349765622291021 0.5414953130952381 0.634525 0.522390625 0.6340734377708979 0.4991328130952381 0.6282031250773994 0.4941484369047619 0.6232359374613002 0.5041171880952381 0.6173671876160991 0.520729686904762 0.6114968749226006 0.5373421869047619 0.6078859374613003 0.5672453119047619 0.6074343752321981 0.578875 0.6110453126934984 0.5772140619047619 0.6146578123839009 0.5772140619047619 0.6205281250773994 0.5805359380952381 0.6273000000000001 0.5846890630952382 0.6318156247678018 0.58718125 0.6336218749226006 0.578875 0.6354281250773993 0.56143125 0.6349765622291021 0.5414953130952381
7 0.638367187616099 0.48214687500000003 0.6321984377708979 0.477609375 0.6254140625386997 0.477609375 0.6180125003095975 0.491225 0.6186296873065016 0.505409375 0.6223296873065015 0.5008703130952381 0.6278812501547988 0.4968984369047619 0.6321984377708979 0.49349374999999995 0.6349750000000001 0.4991671869047619 0.6358999999999999 0.5122171880952381 0.6371328123839008 0.522996875 0.6396 0.5105140619047619 0.6411421876160991 0.49462968690476194 0.638367187616099 0.48214687500000003
9 0.6706218749226006 0.552709375 0.6619578123839008 0.5705265630952381 0.6675640625386997 0.576621875 0.6701125003095976 0.5695890619047619 0.6729171876160991 0.560210938095238 0.675975 0.5470828119047619 0.6803078123839009 0.5348921880952381 0.6831109374613002 0.5044140619047619 0.6792875003095975 0.5250453130952382 0.6757203126934985 0.5386421869047618 0.6706218749226006 0.552709375
9 0.6530375003095975 0.531140625 0.6515078123839009 0.5503640630952381 0.6522718749226005 0.56724375 0.6558406247678018 0.5695890619047619 0.655075 0.5461453130952381 0.6553312501547989 0.5372359380952381 0.6568593752321981 0.5255140630952381 0.6596640625386997 0.508634375 0.6632312501547988 0.49456875 0.6591531250773993 0.5025390619047619 0.655075 0.5147296880952381 0.6530375003095975 0.531140625
2 0.6622124996904025 0.6333562500000001 0.6729171876160991 0.6333562500000001 0.6764843752321981 0.6221031250000001 0.6764843752321981 0.6028796880952382 0.6764843752321981 0.586 0.6752109374613003 0.5817796869047619 0.6747 0.5888125000000001 0.6726609374613004 0.5869375 0.6670546873065015 0.5822484369047619 0.6627218749226006 0.574278125 0.6578796873065016 0.5728703130952382 0.6527812501547988 0.5714640630952381 0.6484484377708978 0.575684375 0.6443718749226006 0.578028125 0.6433515622291022 0.58553125 0.6400390625386997 0.5869375 0.6354515622291022 0.58740625 0.6329015622291022 0.59021875 0.6316281250773994 0.598659375 0.6311187498452012 0.61038125 0.6311187498452012 0.621165625 0.6344312501547988 0.6305421880952381 0.6395281250773993 0.63429375 0.6464109374613003 0.63429375 0.6540562501547988 0.6333562500000001 0.6622124996904025 0.6333562500000001
0 0.6780140625386998 0.6052234380952382 0.6782687498452012 0.6150703130952381 0.6833656247678018 0.61038125 0.6866796873065015 0.598659375 0.6848953126934985 0.58975 0.6795437498452013 0.58553125 0.6775046873065015 0.5963140630952382 0.6780140625386998 0.6052234380952382
8 0.7542187498452012 0.5799046869047619 0.7542187498452012 0.5597421880952381 0.7537093752321982 0.5428625 0.7486125003095975 0.5344234369047619 0.7394374996904025 0.539579688095238 0.7323000000000001 0.5470828119047619 0.7238906247678019 0.560210938095238 0.7190468749226006 0.5733390630952381 0.7177734377708977 0.5822484369047619 0.7190468749226006 0.6000656249999999 0.7226156247678018 0.601940625 0.7289875003095975 0.600534375 0.7368874996904025 0.599596875 0.7458078123839009 0.601940625 0.7549843752321982 0.602409375 0.757532812383901 0.5925640619047619 0.7542187498452012 0.5799046869047619
8 0.7243999999999999 0.7191609369047619 0.7325546873065015 0.7275999999999999 0.7419859374613004 0.7318203130952381 0.7506515622291021 0.72385 0.7547281250773994 0.7111890619047619 0.7552390625386997 0.6980609380952381 0.7544734377708978 0.6839953130952381 0.7509062501547988 0.667115625 0.7473375003095976 0.65539375 0.7442796873065015 0.6558625 0.7384171876160991 0.6624265619047619 0.7307718749226007 0.6699281250000001 0.7198125003095975 0.6774312499999999 0.7119109374613003 0.6741484380952381 0.7085984377708978 0.6825875 0.7111468749226006 0.691965625 0.717007812383901 0.704625 0.7243999999999999 0.7191609369047619
0 0.6573703126934984 0.7079078119047619 0.6606828123839009 0.717284375 0.6634859374613002 0.712128125 0.6660343752321982 0.7036874999999999 0.6665453126934984 0.6961859380952381 0.6606828123839009 0.689153125 0.6566046873065016 0.6938406250000001 0.6573703126934984 0.7079078119047619
0 0.6051218749226006 0.70228125 0.6089453126934985 0.7055625 0.6112390625386996 0.7069703130952381 0.6120031250773994 0.693371875 0.6099640625386997 0.6807124999999999 0.6066515622291021 0.685870311904762 0.6033375003095975 0.694309375 0.6051218749226006 0.70228125
9 0.39434687492260057 0.7941812500000001 0.3961312501547988 0.780584375 0.3979140625386997 0.7665171869047618 0.3928171876160991 0.7580781249999999 0.3905234377708978 0.796525 0.38925 0.8326296880952382 0.39434687492260057 0.7941812500000001
0 0.3874984377708978 0.6838453119047619 0.38308906253869973 0.673859375 0.3759656247678019 0.6794765630952381 0.37019843777089784 0.6944546880952381 0.36477031269349847 0.7044390630952381 0.36544999999999994 0.7212890619047618 0.37019843777089784 0.7343953119047619 0.3759656247678019 0.74375625 0.3824109374613003 0.74438125 0.38478593746130035 0.720042188095238 0.3881781250773994 0.70131875 0.3874984377708978 0.6838453119047619
0 0.3556109374613003 0.700695311904762 0.35493281238390095 0.6894625 0.3484875003095975 0.681973436904762 0.34509531269349847 0.6825968750000001 0.33865 0.6807249999999999 0.3366156247678019 0.698823436904762 0.33525781238390095 0.720042188095238 0.3376328123839009 0.7375156249999999 0.34272031269349845 0.7418843749999999 0.3488265622291022 0.7300265619047619 0.3508625003095975 0.7131765630952381 0.3556109374613003 0.700695311904762
0 0.3267765622291022 0.68509375 0.31999218761609904 0.6925828130952381 0.3193140625386997 0.70131875 0.3227062501547988 0.716296875 0.33050937523219814 0.7225375 0.33390156222910217 0.7175453119047619 0.3369546873065016 0.698823436904762 0.3369546873065016 0.6869656249999999 0.33186562476780185 0.681348438095238 0.3267765622291022 0.68509375
8 0.24061406253869969 0.7568625 0.24739843777089782 0.7531171880952381 0.2579140625386997 0.7406359380952381 0.26605468730650156 0.728778125 0.2741968749226006 0.714425 0.27996406253869965 0.7044390630952381 0.28471250030959755 0.687589063095238 0.2758937498452012 0.6732359369047619 0.2667343752321982 0.661378125 0.2565578123839009 0.6538890630952381 0.25112968730650154 0.65950625 0.24400625015479877 0.6732359369047619 0.23722031269349847 0.6894625 0.23620312507739938 0.712553125 0.2334890625386997 0.733771875 0.24061406253869969 0.7568625
6 0.6276041665634675 0.734375 0.6640625003095975 0.73046875 0.6588541665634675 0.6861979166666666 0.625 0.6966145833333334 0.6276041665634675 0.734375
13 0.6830565900928792 0.7330178297619047 0.7283811207430341 0.7205067595238095 0.7533877219814241 0.704867980952381 0.7424472520123839 0.6923569702380952 0.7299440111455109 0.6907931166666667 0.7080631907120742 0.6970485916666667 0.6752420198142415 0.7126873702380951 0.6596128792569659 0.7142512845238096 0.6252286984520123 0.7298900630952381 0.6064737777089784 0.7267622952380952 0.6078124643962848 0.7484375011904761 0.6424208482972136 0.7642953869047618 0.6830565900928792 0.7330178297619047
13 0.311083 0.7424010738095238 0.37516245201238385 0.7517843166666667 0.4048578427244582 0.7298900630952381 0.3954803820433437 0.7126873702380951 0.3720366718266254 0.7126873702380951 0.3392155003095975 0.7173790511904762 0.3079572198142415 0.7173790511904762 0.29232807925696597 0.7111235166666666 0.27982471950464394 0.7033041273809525 0.2579438990712074 0.6907931166666667 0.24257808916408669 0.6976562511904761 0.27982471950464394 0.7267622952380952 0.311083 0.7424010738095238
13 0.2610697981424149 0.5860132892857143 0.286076399380805 0.6000882130952381 0.31264589040247676 0.6032159214285714 0.3251492501547988 0.5953965321428571 0.36891089102167185 0.5907049107142857 0.36578499133126935 0.5688106559523809 0.34546718080495353 0.5609912678571428 0.2938909696594427 0.5766300452380952 0.27187496408668727 0.5746093761904761 0.2610697981424149 0.5860132892857143
