0 0.29996325800721024 0.4867984436081327 0.29111505078185473 0.4864780964058973 0.2920115800189933 0.46171751833960906 0.3008597557043231 0.4620378649715494
2 0.3017427722646744 0.4702235403442371 0.34496956796965605 0.47752659423393284 0.33686220285778745 0.5255105289847788 0.2936354141723996 0.5182075021292464
0 0.3402703125000244 0.4791921874999969 0.34870284747682945 0.4787427108881625 0.3501184696194741 0.505298961933244 0.3416859347146328 0.5057484376484666
2 0.47259625669175875 0.5074339115575606 0.48523240989084115 0.5084161622436301 0.4807080276494844 0.5666150585059369 0.46807187499996417 0.5656328124999993
2 0.4825492910089224 0.5106053305997532 0.4933223873568977 0.5102007066011884 0.4953608635693172 0.5644703816324363 0.4845877673230916 0.5648750038300384
0 0.6232697195055152 0.5122996924549409 0.6010988433853299 0.5114372531731947 0.6030086831716517 0.4623464339125759 0.6251793975268356 0.4632088700411208
0 0.6231442956976707 0.4600899169709353 0.6379662609639354 0.4596536190570013 0.6394358265938536 0.5095744043006735 0.6246138614038728 0.5100107006079108
2 0.6657984321064987 0.48744328944381676 0.6672799051960965 0.5152346666455917 0.6353053666442747 0.5169389329806481 0.6338239651146296 0.4891476242725352
0 0.6678531249999999 0.464090625 0.6735203125 0.464090625 0.6735203125 0.488565625 0.6678531249999999 0.488565625
2 0.6852097167461579 0.4700260683196897 0.7055660056278157 0.4704443887374808 0.7049090595598955 0.5024104035384256 0.6845527707107522 0.5019920841107064
0 0.7285500931690194 0.46270460446352696 0.7126470927405535 0.4516743793651967 0.7368237159624869 0.416819476677004 0.7527266526886933 0.4278496708616508
0 0.670556356445104 0.5847775193426104 0.6619363544016323 0.5839959208822182 0.6637912237027876 0.5635414120328568 0.6724111950157976 0.5643230090927335
0 0.6620668722308665 0.5863907458176999 0.6523002024866855 0.584841277093819 0.6558911007965662 0.5622094232134168 0.6656577319520238 0.5637588888097415
2 0.6251308832582936 0.5833299598103932 0.614332430730542 0.5639382902229793 0.6483583036047094 0.5449924463179483 0.6591567593160335 0.5643840514455207
0 0.35863541499372786 0.5850779561656367 0.3684787434708596 0.5846961618255964 0.3692026762026899 0.6033584269279318 0.3593593477643253 0.6037402206223734
0 0.3545121088932319 0.631122206354578 0.3273228132089798 0.6277236319129192 0.3356187075178241 0.561363719983098 0.36280767303480843 0.5647622733908984
0 0.3071818461660314 0.5716972222503254 0.31613520373548454 0.5725569079426059 0.31379100464789644 0.596968489250768 0.30483764734583474 0.596108805436408
2 0.35703509875884265 0.5647222353635798 0.3472717778537344 0.5951212194605875 0.31000221485112434 0.5831523368426141 0.31976559133045157 0.5527534557612768
11 0.2448002328402481 0.28599314390313857 0.29321571338277863 0.29779141929959463 0.2603852413575396 0.4325097521834083 0.21196979204262334 0.42071156643479235
11 0.6931880380965367 0.5620394761137654 0.7539379371584118 0.5193899538226977 0.8238704943686344 0.6189919259172499 0.7631209829597765 0.6616409826684482