2 0.23743377764617435 0.4387863914222301 0.23442604184253923 0.48405250854752024 0.19443293291544705 0.48139520395844837 0.19744078662552056 0.4361292145566059
2 0.47337815297748875 0.5585484368660472 0.46268866658283514 0.5587906539946936 0.4615463546894034 0.5083806168491951 0.4722357541046449 0.5081384007020098
2 0.47454999999999997 0.5053984375 0.48744375 0.5053984375 0.48744375 0.5642953125 0.47454999999999997 0.5642953125
2 0.4612656578752876 0.5463390625 0.449545287630599 0.5463390625 0.44954533097461535 0.502525 0.4612656193087332 0.502525
9 0.45010894143717906 0.3718456562958496 0.45719737754222933 0.3717322776850089 0.4593681208200451 0.5074397474697337 0.4522796847401196 0.5075531250441431
0 0.512840625 0.507553125 0.5319859375 0.507553125 0.5319859375 0.53915625 0.512840625 0.53915625
2 0.6143037344429558 0.5267792717414598 0.5823716395536849 0.532965033276417 0.5679433767179489 0.4584882074105976 0.5998751160402662 0.4523024814024553
9 0.5981031202105669 0.35157656243447527 0.6041857813380602 0.35165977890424677 0.6027228242490992 0.4585887317185641 0.5966401631326335 0.4585055158014141
9 0.589664379700821 0.35104071306384865 0.5965799073514972 0.3511767104445422 0.5946108401284391 0.4513000590519065 0.5876953125000455 0.4511640625000004
0 0.7430424744368338 0.5537332804204186 0.7125531964262564 0.5293462040788325 0.7490021648615084 0.4837808278408688 0.7794912624292465 0.5081677914336854
2 0.6779065996292957 0.6047302605601984 0.6500121268912835 0.5888573286317019 0.6883040869743127 0.5215715139990528 0.7161982654987469 0.5374443403955427
0 0.6232047065285542 0.6164723107184013 0.6028689912088794 0.6179467539194944 0.5991568193791181 0.5667520456013548 0.6194923465865259 0.5652776092636991
2 0.5930522420170519 0.5972430771763226 0.5910574546373937 0.5706617696613628 0.6141984664477604 0.5689253431424957 0.6161933040121994 0.5955065957848082
2 0.5636315568463033 0.6031649462697589 0.5643347869981881 0.5878667315703684 0.5892968749999454 0.5890140624999742 0.588593681045154 0.6043122424177064
9 0.5091664059586947 0.7517562809596662 0.504763646177139 0.752124774195056 0.4947855720507732 0.6329240291750228 0.4991882232015996 0.6325555404580396
2 0.4842796015625481 0.6008995296874963 0.505818884246878 0.5991414268590789 0.5096376029082421 0.6459208100419083 0.48809832114341134 0.6476789050634802
2 0.4174279705388244 0.603930829767104 0.39478788073040505 0.6182969334863982 0.38065218007159274 0.5960223189509877 0.4032921875000284 0.5816562500000126
0 0.3542714108917835 0.5729716886438625 0.38884398959874034 0.5786143529928269 0.3809241404644581 0.6271339903634217 0.3463515678378144 0.6214913513383471
2 0.2944842378916519 0.6042889642841792 0.29977346790940373 0.5633774502103043 0.3541683775222282 0.5704091364742792 0.34887936907853145 0.6113204496298776
1 0.3139588033659493 0.5713968837014445 0.29041269671870396 0.602879446009755 0.23603369554439269 0.5622126726994361 0.2595797289152415 0.5307302951488841
0 0.24272268110416917 0.5758302334051171 0.24942007029790147 0.5667235829736202 0.26579744584410037 0.5787669372006159 0.25910007465313356 0.587873571348148
2 0.25591968084358996 0.5437080296772172 0.23844779318289966 0.5708264672927745 0.19067786477614845 0.5400518672952713 0.208149732899642 0.5129335573298662
0 0.20467749922408984 0.55943112716504 0.19273162766080532 0.559048946512575 0.19421290848549688 0.5127538769620477 0.20615868994366338 0.5131360561740426
6 0.30842860079610546 0.4508278701191159 0.31386573293673337 0.48135650617581294 0.24506679534147224 0.4936084933401291 0.2396298374859498 0.4630800121966675
6 0.7046335867921698 0.45204451408437507 0.6921896988814069 0.4909295579404958 0.6305657890471821 0.47120991720744504 0.6430097708275753 0.43232505023708745
7 0.36211073358367685 0.8002636318273434 0.33206298011862145 0.8073209788740583 0.32090305859878754 0.7598140056312269 0.35095047499999055 0.7527566999999966
7 0.6400131129026931 0.7525661171835256 0.6385171050592362 0.7629005904556756 0.6237966518689291 0.7607700242221181 0.6252926743088665 0.7504355686637906
10 0.6514409382128861 0.6026303289751642 0.6776386756487227 0.5991240279766049 0.6931516882257256 0.7150165527835766 0.6669539588231146 0.718522812455431
10 0.6271611981709384 0.6044730037639284 0.6515624999999545 0.6000000000000048 0.6732814048215232 0.718466589610418 0.648880117574322 0.7229395387983273