0 0.34456250000005184 0.5613062499999919 0.3559420205534707 0.5588168782827518 0.3633935588766235 0.5928762656665008 0.35201404075564824 0.5953656297567473
0 0.4235868197489481 0.5787912007702256 0.40746724316807104 0.5797990414723267 0.40509615337782634 0.5418781498965596 0.42121562499994525 0.5408703125000022
0 0.38821250000000873 0.5658484374999998 0.3978978551505179 0.5652428609627392 0.4000275361203194 0.5993006756954125 0.39034218114409214 0.5999062503974016
0 0.3800678360786378 0.6027120123711756 0.37030060413223964 0.5988972428684128 0.3815963829969178 0.5699789897616747 0.39136356617768797 0.5737937485852272
0 0.49601682362333577 0.5723003093219182 0.4909965749670846 0.5727281042684259 0.488770398747306 0.5466059189840934 0.49379062500008786 0.5461781249999953
0 0.5002468722638014 0.5387640624171985 0.5049853403978659 0.5389074541335167 0.5039618345901999 0.5727266858329378 0.4992233664750074 0.5725832945287701
0 0.6171464095724559 0.6005027935556201 0.6086423904865796 0.6016422756877832 0.6054089415104045 0.577513303846829 0.6139129237911902 0.5763738242204751
0 0.6006094274404177 0.6003362736879279 0.588924894436559 0.5992932506616511 0.5918686606540859 0.5663194800665058 0.6035531250000759 0.5673625000000018
0 0.6095125000000507 0.574778125 0.6171753422507891 0.5746218573398277 0.6176722161663974 0.5989843577022295 0.610009373926232 0.5991406250218968
0 0.6442796961306385 0.602318750144572 0.6401122186430257 0.6022489408302822 0.640609107091791 0.5725895658704601 0.6447765625000557 0.572659375
0 0.6507359335554384 0.56842187445621 0.6555810097614767 0.5690898166616092 0.6525526608953669 0.5910544232080189 0.6477075849555831 0.5903864823124182
0 0.3755212759393771 0.6532448083801055 0.3903934869255181 0.6529415514657333 0.3914503346678657 0.7047639322380281 0.3765781237310648 0.7050671875258746
0 0.3702147908410325 0.6538953951530861 0.3767834757387618 0.6543355082699239 0.37479376517046603 0.6840279215000601 0.3682250804050682 0.6835878097168245
2 0.3582015477436471 0.6521029705213782 0.36070528769641896 0.6783135922748562 0.32742864357885537 0.681491782426264 0.32492500000000746 0.6552812499999784