2 0.2758573352258509 0.5484340052437684 0.30497980678410386 0.5061769691540984 0.34863287650057373 0.5362589815758381 0.3195106121789877 0.5785158329839114
0 0.3351104120790751 0.5218923610204099 0.35912349693057877 0.525060327945048 0.3522923760760932 0.5768353194250022 0.3282792939095316 0.5736673663593966
0 0.6342828185421467 0.5921484375 0.6283328083810602 0.5921484375 0.6283328204624468 0.5692375000000001 0.6342828064586001 0.5692375000000001
0 0.6353677071225547 0.5687741531302544 0.6400702514690693 0.5685413587546204 0.6411295345191093 0.5899371546734828 0.6364269902053366 0.5901699486090304
0 0.6643209476887932 0.5835409808872277 0.6577990745607849 0.5834141417012721 0.6583926327828067 0.5528983468573632 0.6649144714768909 0.553025185708461
0 0.6663813749335077 0.5460423585153895 0.6735633320272427 0.5462201419847335 0.6727129672827914 0.5805692377720708 0.6655310102080421 0.5803914548268785
0 0.7147609703372382 0.558349918500765 0.7061644590091873 0.5589350605377015 0.7036307194897518 0.5217140286051803 0.7122271781013296 0.5211288883717472
0 0.7291507239183375 0.5397792897535665 0.7176620106678229 0.5519840071903693 0.7015062154617908 0.5367773343964799 0.7129949095524353 0.5245726392482598
2 0.7070336680445735 0.6205739244869527 0.6897141559368265 0.602813745994418 0.7203794008236173 0.5729126830306538 0.7376988477111581 0.5906727921874373
0 0.702021898553653 0.6346604860195774 0.6952229183003737 0.6348661586923621 0.6946987550535368 0.6175404276070671 0.7014977128548026 0.6173347552740039
0 0.6933998115063105 0.6347218916670381 0.6891585078885782 0.6348758784760846 0.6882973879635301 0.6111603031858547 0.6925386724780083 0.6110063167242
2 0.6791953442508429 0.601553160928181 0.6939092821017994 0.62607279268206 0.6510389907846275 0.6517955109505873 0.6363251871341618 0.6272759959476725
2 0.36650135213801605 0.6095036197467898 0.3493642485233295 0.6440853819841571 0.2928767521827922 0.6160958402792982 0.31001389202242535 0.581514282611682
2 0.24929008653407436 0.5690707257068667 0.26592614735966436 0.5516333380231887 0.2980224798590143 0.5822516792761399 0.2813864882506323 0.5996889991251532
9 0.2979910718750034 0.4118303578124993 0.30707756933236396 0.4116087494665232 0.30879480236478685 0.4820154668370984 0.2997083049503999 0.48223707411768535
9 0.3113839281249966 0.4832589281250015 0.30411565749352576 0.4825667517614083 0.3149203255673001 0.3691187018580528 0.3221884870373515 0.3698108729140722
9 0.32331629015970975 0.4055466842967684 0.33403502142164143 0.40758821976356574 0.3198705142842755 0.4819522391027896 0.3091517859375017 0.47991071406249614