0 0.40879061919270043 0.49568749903824844 0.4173299576939371 0.4971017004049792 0.41173387604987965 0.5308897065629881 0.4031945384717801 0.5294755089885408
0 0.5381025276724358 0.49685888977434706 0.5526044524626741 0.4998931799048485 0.5433996907386245 0.5438823461976026 0.528897769240757 0.5408480668950707
1 0.5792777255528563 0.5707584624429797 0.5460748178278436 0.5699549522249232 0.5479775838566638 0.4913455119140762 0.5811800641522495 0.49214901691529644
1 0.6025687745517416 0.5713328116657451 0.5803485795307779 0.5720878418984513 0.5774268370321352 0.48610494407712124 0.5996467228748088 0.4853499191192253
1 0.6502639351375592 0.5737095421715424 0.6056795070117005 0.5786726615316756 0.5945057849922932 0.4783032658215492 0.6390894907121947 0.47334018732598404
0 0.6030703124999945 0.49568749999998124 0.5965658818506654 0.47051469812308266 0.6298704007037941 0.4619096793258009 0.6363748722596938 0.4870824186643641
7 0.6269348774505943 0.37615286814127047 0.6660047948216743 0.4065196658152455 0.6397187499999291 0.4403374999999712 0.6006489037509937 0.4099707829059541
1 0.6411099364490838 0.5649958186179586 0.6913196233189183 0.5704592554159457 0.6823406480034464 0.6529681082807024 0.6321309677739464 0.647504713571383
1 0.5845339504471667 0.6021303198169937 0.6315251595289055 0.5939943567332736 0.648964990835907 0.694709907167575 0.6019738029617656 0.7028457878577401
1 0.6021460484987529 0.6934961735519091 0.5733440034751993 0.6983472137115819 0.5574869483208431 0.6042101993955946 0.586288462957441 0.5993592047674939
0 0.5462399543520178 0.6028374963230624 0.5582832493241767 0.6012645540448361 0.5670584349213641 0.6684440746860787 0.5550151419422491 0.6700170066583214
7 0.6077560883099977 0.8276894635287411 0.5788065551683985 0.8278643199519661 0.5780768488993999 0.7070157851168618 0.6070255603990518 0.7068409311828432
1 0.39298121120975793 0.5902595520226962 0.4334461044014688 0.5923218474100265 0.4286312933837735 0.6867834006099911 0.3881664015964361 0.6847211240843019
6 0.34587574483362005 0.47590726644710785 0.3364780380152297 0.5103636204613925 0.27809353855366226 0.4944406787690003 0.2874913407412123 0.45998448024230815
6 0.3874776649074647 0.604635279352022 0.3850156601948811 0.6369171552897797 0.2852307968925061 0.6293072087315008 0.2876930796509214 0.5970256346820667
10 0.40740473561857016 0.5186873223019925 0.3761998089978533 0.5170450650255601 0.3837730459310933 0.3731591231576668 0.414977381634003 0.3748013651768066
10 0.690929517041809 0.59043623902188 0.7109375 0.5781250000000149 0.739961619645328 0.6252892503290995 0.7199536852884876 0.6376004260626803