0 0.4052765622291022 0.516904688095238 0.4052765622291022 0.5298203119047619 0.4077859374613003 0.5279750000000001 0.4113 0.5233625000000001 0.4148140625386997 0.5122921880952381 0.4148140625386997 0.503990625 0.40879062476780187 0.4956875 0.4052765622291022 0.516904688095238
8 0.38971406253869967 0.38775625 0.38168125015479876 0.40620625000000005 0.38117968730650154 0.44033750000000005 0.38117968730650154 0.47539375 0.392725 0.48461875 0.4092921876160991 0.494765625 0.4118015622291022 0.4689359380952381 0.4077859374613003 0.43941562500000003 0.40025625015479877 0.40805 0.38971406253869967 0.38775625
0 0.5317843752321981 0.527053125 0.5342937498452013 0.540890625 0.5423265622291021 0.5436578119047619 0.5463421876160991 0.5298203119047619 0.5478484377708979 0.5104484380952381 0.5413234377708979 0.49753281190476195 0.5342937498452013 0.5150609369047618 0.5317843752321981 0.527053125
1 0.5649171876160991 0.570410936904762 0.57295 0.5676421869047619 0.5784718749226007 0.5611859369047619 0.5799781250773994 0.5418125 0.5784718749226007 0.51875 0.5809828123839009 0.5003 0.574957812383901 0.4919984380952381 0.5689343752321981 0.4929203130952381 0.5624078123839009 0.509525 0.5528687498452012 0.5196734380952381 0.5468453126934985 0.5381234369047619 0.5488531250773994 0.5621078130952382 0.5568859374613003 0.568565625 0.5649171876160991 0.570410936904762
1 0.5990546873065015 0.49753281190476195 0.5940343752321982 0.485540625 0.5870062501547988 0.4929203130952381 0.5824874996904025 0.5113703130952381 0.5804796873065016 0.5353546880952381 0.5799781250773994 0.5611859369047619 0.5930312501547987 0.570410936904762 0.6025687498452013 0.5713328130952381 0.6020671876160991 0.5565734369047619 0.6005609374613003 0.531665625 0.5990546873065015 0.49753281190476195
1 0.604075 0.5639531249999999 0.6090953126934985 0.5713328130952381 0.616625 0.5741 0.6301796873065015 0.575945311904762 0.6392156247678018 0.568565625 0.6482531250773994 0.55565 0.6437343752321981 0.5150609369047618 0.6402203126934984 0.494765625 0.6352 0.491075 0.6286734377708978 0.480928125 0.620642187616099 0.47539375 0.6141156247678019 0.48738593809523806 0.6045765622291022 0.494765625 0.6015656247678018 0.5030671880952381 0.6010624996904025 0.5372 0.604075 0.5639531249999999
0 0.62265 0.4735484380952381 0.6301796873065015 0.4827734380952381 0.6352 0.48738593809523806 0.6316859374613003 0.4689359380952381 0.6276703126934985 0.462478125 0.6186328123839009 0.46709062500000004 0.6126093752321982 0.47816093809523813 0.6050796873065015 0.48000624999999997 0.6030703126934985 0.4956875 0.6116046873065015 0.490153125 0.616625 0.48185 0.62265 0.4735484380952381
8 0.7295796873065016 0.623915625 0.7265671876160991 0.6073109369047619 0.7170296873065015 0.593473436904762 0.7074906247678019 0.5814796869047618 0.7009640625386997 0.5842484369047619 0.6979515622291022 0.5990078119047619 0.6979515622291022 0.6082328130952381 0.7009640625386997 0.612845311904762 0.7145187498452013 0.625760938095238 0.7270687498452012 0.637753125 0.7295796873065016 0.623915625
1 0.6864062501547988 0.6146906249999999 0.6889156247678018 0.59255 0.6823890625386997 0.5694875 0.6668265622291022 0.5713328130952381 0.6482531250773994 0.5814796869047618 0.637207812383901 0.600853125 0.6352 0.619303125 0.637207812383901 0.635907813095238 0.6442359374613004 0.648821875 0.6562843752321981 0.648821875 0.6733531250773993 0.6340625 0.6864062501547988 0.6146906249999999
1 0.5945359374613003 0.6598921880952381 0.5975484377708978 0.671884375 0.6000593752321982 0.683878125 0.6060828123839009 0.693103125 0.6156218749226007 0.7004828130952381 0.6261640625386997 0.6958703130952382 0.6346984377708978 0.685721875 0.6392156247678018 0.670040625 0.6402203126934984 0.6442093750000001 0.6357015622291021 0.6220703119047618 0.6296781250773994 0.601775 0.6201390625386997 0.600853125 0.6025687498452013 0.5990078119047619 0.591525 0.6082328130952381 0.5910218749226006 0.6395984369047619 0.5945359374613003 0.6598921880952381
1 0.5870062501547988 0.694025 0.5935328123839009 0.694946875 0.5960421876160991 0.668195313095238 0.5935328123839009 0.642365625 0.5885125003095975 0.612845311904762 0.5870062501547988 0.6036203130952381 0.5719453126934985 0.601775 0.5664234377708979 0.6036203130952381 0.5639140625386997 0.623915625 0.5639140625386997 0.642365625 0.5694359374613003 0.663582811904762 0.5754593752321981 0.6774203119047618 0.5870062501547988 0.694025
0 0.5644156247678019 0.6571250000000001 0.5634109374613003 0.640520313095238 0.5609015622291021 0.6294500000000001 0.5588937498452012 0.612845311904762 0.554375 0.601775 0.5503593752321981 0.611 0.5493546873065015 0.626682813095238 0.552367187616099 0.6497453119047619 0.5573875003095975 0.6571250000000001 0.5619046873065016 0.669117186904762 0.5644156247678019 0.6571250000000001
1 0.40276562476780187 0.663582811904762 0.41230468730650155 0.6608156249999999 0.42184218761609904 0.6580468749999999 0.4268625003095975 0.650667188095238 0.4318828123839009 0.6229921869047619 0.4293734377708978 0.5971624999999999 0.41983437523219813 0.591628125 0.4032671876160991 0.591628125 0.3967421876160991 0.5999296869047619 0.3912187498452012 0.6248375 0.38971406253869967 0.6543578119047619 0.38971406253869967 0.6848 0.39875000000000005 0.6755749999999999 0.40276562476780187 0.663582811904762
6 0.37131016037151704 0.7424391845238095 0.3759969294117647 0.6706053166666666 0.23085933931888544 0.6000000011904761 0.23070850526315792 0.6830982047619047 0.37131016037151704 0.7424391845238095
6 0.6712604291021672 0.48321271190476195 0.7275010674922602 0.4504190297619048 0.7071918916408668 0.40200929642857147 0.6566405894736842 0.4359375011904762 0.6712604291021672 0.48321271190476195
6 0.25257989783281737 0.40200929642857147 0.24164426068111453 0.45978863571428574 0.3369409145510836 0.512883230952381 0.3400653479876161 0.4332413976190476 0.25257989783281737 0.40200929642857147
