2 0.25478437523219816 0.3815921880952381 0.2533046873065015 0.40250625 0.2557718749226006 0.41923906190476196 0.26070625015479876 0.4411984380952381 0.2676140625386997 0.4527015619047619 0.2735359374613003 0.4474734369047619 0.2784703126934985 0.44224375000000005 0.28143125015479875 0.456884375 0.28834062476780187 0.45165625000000004 0.28982031269349845 0.433878125 0.29179374984520123 0.41191875 0.28982031269349845 0.3784546880952381 0.2764968749226006 0.3763640619047619 0.2700812501547988 0.380546875 0.2636671876160991 0.3815921880952381 0.25478437523219816 0.3815921880952381
0 0.33127187492260063 0.4474734369047619 0.32485625015479874 0.433878125 0.3154812501547988 0.4359703130952381 0.31498750030959755 0.4558390630952381 0.3194281250773994 0.46420468809523807 0.32781718761609907 0.456884375 0.33127187492260063 0.4474734369047619
2 0.4946093752321981 0.5091703130952381 0.5034906247678018 0.51858125 0.5163218749226006 0.514398436904762 0.5202687498452012 0.5060328130952381 0.5256968749226006 0.49348437500000003 0.5237234377708978 0.4725703130952381 0.5182953126934985 0.47361562500000004 0.5118796873065016 0.47779843690476187 0.5064515622291021 0.4872109369047619 0.5020109374613003 0.47361562500000004 0.5005296873065016 0.46420468809523807 0.4931281250773994 0.4662953119047619 0.49164843777089784 0.48511875 0.4946093752321981 0.5091703130952381
2 0.5987296873065016 0.476753125 0.5957687498452012 0.4840734380952381 0.6011968749226007 0.4893015630952381 0.6051453126934985 0.4987125 0.6174812501547987 0.4893015630952381 0.6169890625386997 0.42865 0.6081062501547988 0.4328328119047619 0.6002109374613003 0.44015312500000003 0.5987296873065016 0.476753125
2 0.6594265622291021 0.4307421880952381 0.6446218749226006 0.433878125 0.640675 0.4558390630952381 0.6480765622291021 0.46838749999999996 0.6549859374613003 0.4757078119047619 0.6658421876160991 0.4809359369047619 0.6737375003095974 0.47361562500000004 0.679657812383901 0.4757078119047619 0.6860734377708979 0.4809359369047619 0.691007812383901 0.46838749999999996 0.6885406247678019 0.42446718690476193 0.6850859374613003 0.4129640630952381 0.6831125003095975 0.42132968809523813 0.6771906247678019 0.42865 0.6727500000000001 0.4391078130952381 0.6668281250773994 0.4391078130952381 0.6658421876160991 0.42446718690476193 0.6594265622291021 0.4307421880952381
2 0.7112406247678018 0.46211250000000004 0.7225906247678018 0.460021875 0.7314718749226007 0.456884375 0.7319656247678018 0.450609375 0.7280187498452013 0.4296953119047619 0.7220968749226007 0.4328328119047619 0.7151874996904025 0.4265578119047619 0.7092671876160991 0.4296953119047619 0.707292187616099 0.443290625 0.7043312501547988 0.4474734369047619 0.6998906247678018 0.4558390630952381 0.6989031250773994 0.46211250000000004 0.7043312501547988 0.46734218690476187 0.7112406247678018 0.46211250000000004
2 0.6968796873065015 0.543695311904762 0.6984046873065015 0.555540625 0.7060265622291022 0.566309375 0.712632812383901 0.5490796880952381 0.7156828123839009 0.5404656250000001 0.7161906247678018 0.52754375 0.7106015622291022 0.49093125 0.7004375003095975 0.481240625 0.687225 0.4801640619047619 0.6816343752321982 0.4930859369047619 0.6811265622291021 0.507084375 0.683667187616099 0.5296968750000001 0.6877328123839009 0.537234375 0.6968796873065015 0.543695311904762
2 0.6729953126934984 0.5393890630952382 0.6831593752321982 0.541542186904762 0.683667187616099 0.5264671880952381 0.6811265622291021 0.5027765630952381 0.6755359374613003 0.4920078130952381 0.6643562501547987 0.4941625 0.658257812383901 0.4952390619047619 0.6511437498452013 0.4973921880952381 0.6501265622291023 0.5135453119047619 0.6541921876160991 0.5286203130952382 0.6587656247678019 0.5232359369047619 0.6674046873065016 0.5232359369047619 0.6729953126934984 0.5393890630952382
9 0.7197484377708978 0.5296968750000001 0.717207812383901 0.55015625 0.7263546873065017 0.5652328130952381 0.7360093752321981 0.592153125 0.745157812383901 0.637379686904762 0.745157812383901 0.621226561904762 0.7426156247678019 0.5953828130952381 0.7360093752321981 0.573846875 0.7197484377708978 0.5296968750000001
9 0.7233046873065015 0.6599921880952381 0.7187312501547988 0.628764061904762 0.714157812383901 0.596459375 0.7085687498452014 0.5598484380952381 0.7080593752321982 0.5781546880952381 0.710092187616099 0.607228125 0.7233046873065015 0.6599921880952381
2 0.3198078123839009 0.5404656250000001 0.32743125015479874 0.517851563095238 0.33861093746130033 0.514621875 0.3411515622291022 0.4930859369047619 0.33352968730650157 0.4952390619047619 0.32743125015479874 0.4877015630952381 0.320825 0.486625 0.31116874984520126 0.4844703119047619 0.3060874996904025 0.4973921880952381 0.30456249969040244 0.51246875 0.30659531269349843 0.525390625 0.31269374984520126 0.5383109380952381 0.3198078123839009 0.5404656250000001
2 0.29795625015479876 0.499546875 0.30100468730650154 0.48339375 0.29236562476780187 0.4790859369047619 0.28575937523219813 0.4769328130952381 0.28169374984520124 0.4769328130952381 0.27508750030959755 0.472625 0.264925 0.4661640630952381 0.26289218761609906 0.4877015630952381 0.2689890625386997 0.503853125 0.28169374984520124 0.5135453119047619 0.2883 0.516775 0.29795625015479876 0.499546875
13 0.40625 0.5872395833333334 0.43359374984520127 0.6002604166666666 0.5390624996904024 0.5963541666666666 0.6171874996904024 0.5755208333333334 0.7486979164086687 0.52734375 0.7434895832817336 0.5065104166666666 0.5911458334365325 0.5703125 0.5455729164086688 0.5807291666666666 0.48046874984520127 0.5833333333333334 0.395833333126935 0.578125 0.364583333126935 0.5598958333333334 0.27083333312693497 0.5208333333333334 0.24348958328173376 0.5052083333333334 0.2539062501547988 0.5247395833333334 0.338541666873065 0.5638020833333334 0.40625 0.5872395833333334
13 0.27994791640866873 0.3919270833333333 0.2851562501547988 0.39453125 0.3294270835913312 0.4192708333333333 0.39713541671826624 0.4270833333333333 0.44140625015479873 0.4283854166666667 0.520833333126935 0.4322916666666667 0.5598958334365325 0.4283854166666667 0.6158854167182662 0.4205729166666667 0.6549479164086687 0.4140625 0.7265625003095975 0.3893229166666667 0.71875 0.3684895833333333 0.6367187498452012 0.3984375 0.567708333126935 0.4153645833333333 0.5091145832817338 0.42578125 0.44661458328173376 0.3997395833333333 0.36718749969040243 0.4088541666666667 0.27083333312693497 0.3671875 0.27994791640866873 0.3919270833333333
11 0.19401041671826624 0.6158854166666666 0.20703125015479878 0.65625 0.24869791640866873 0.6236979166666666 0.24348958328173376 0.4739583333333333 0.24088541671826624 0.4713541666666667 0.19921874984520122 0.4700520833333333 0.19401041671826624 0.6158854166666666
11 0.7539062501547988 0.6328125 0.817708333126935 0.6223958333333334 0.8346354167182664 0.5286458333333334 0.8307291665634675 0.5377604166666666 0.7473958334365325 0.5299479166666666 0.7539062501547988 0.6328125
6 0.6184895832817338 0.4765625 0.6471354167182664 0.46875 0.6523437498452012 0.41015625 0.6171874996904024 0.4140625 0.6184895832817338 0.4765625
