2 0.2849890625386997 0.5007359369047619 0.29156093746130035 0.4991328130952381 0.2943421876160991 0.4905765630952381 0.2900453126934985 0.4745359369047619 0.2806906247678019 0.4622390630952381 0.2776578123839009 0.46651562500000004 0.2718437498452012 0.4617046869047619 0.2655234377708978 0.4617046869047619 0.2640062501547988 0.4718625 0.26249062476780183 0.47720937500000005 0.26653437523219814 0.485765625 0.2776578123839009 0.4943203119047619 0.2849890625386997 0.5007359369047619
2 0.3231609374613003 0.49324999999999997 0.3277109374613003 0.4980625 0.33150312507739943 0.49324999999999997 0.33403125015479873 0.4830921869047619 0.3297343752321982 0.4723984369047619 0.32366718761609903 0.471328125 0.3203796873065015 0.4814875 0.3231609374613003 0.49324999999999997
2 0.39419687492260064 0.5269359369047619 0.396725 0.528540625 0.3992515622291022 0.52800625 0.4038031250773994 0.514103125 0.4022859374613003 0.5012703119047619 0.3957124996904025 0.4980625 0.3921734377708978 0.5060828119047619 0.3911624996904025 0.496459375 0.3886343752321981 0.48736875 0.38812968730650155 0.5028750000000001 0.3876234377708978 0.514103125 0.3795343752321982 0.5103609369047619 0.38054531269349845 0.4889734369047619 0.37675312507739933 0.4953890619047619 0.3729609374613003 0.507153125 0.3732140625386997 0.5157078130952382 0.37877656222910216 0.5269359369047619 0.38787656222910216 0.5264015619047618 0.39419687492260064 0.5269359369047619
9 0.3897265622291022 0.412496875 0.38819687492260063 0.45066875 0.3860562501547988 0.47978125 0.38850312507739937 0.49724999999999997 0.3915625003095975 0.496603125 0.3927859374613003 0.459078125 0.3943156247678019 0.433846875 0.39553906253869964 0.40990937499999996 0.3930921876160991 0.3846765619047619 0.3903390625386997 0.349740625 0.3897265622291022 0.412496875
9 0.38483281238390094 0.3607390619047619 0.3823859374613003 0.40343906309523814 0.3869734377708978 0.3995578130952381 0.38483281238390094 0.3607390619047619
2 0.5163015622291022 0.5379625 0.5125218749226006 0.501325 0.5093718749226006 0.4999921880952381 0.5052765622291022 0.513315625 0.5062218749226006 0.52996875 0.5071671876160991 0.5532843749999999 0.5071671876160991 0.5632765619047619 0.5128359374613003 0.557946875 0.5144109374613003 0.5512859369047619 0.5163015622291022 0.5379625
2 0.49519687492260067 0.54595625 0.4948812501547987 0.52996875 0.4936218749226006 0.5139812500000001 0.4895265622291022 0.500659375 0.48669218761609906 0.5106515630952381 0.4873218749226006 0.533965625 0.4873218749226006 0.5666078130952381 0.49015625015479874 0.5666078130952381 0.4955124996904025 0.55728125 0.49519687492260067 0.54595625
9 0.5925281250773994 0.3707609380952381 0.5944187498452013 0.3427828130952381 0.5887484377708978 0.37675625 0.5874890625386997 0.396740625 0.5912687498452013 0.401403125 0.5925281250773994 0.3707609380952381
9 0.5815031250773994 0.3507765619047619 0.5827640625386997 0.3294609369047619 0.5774093752321982 0.35810468809523804 0.5755187498452012 0.388746875 0.5752046873065015 0.40873125 0.5799296873065015 0.40340156309523806 0.5796140625386997 0.3700953130952381 0.5815031250773994 0.3507765619047619
2 0.6426124996904025 0.47534531190476187 0.6460765622291021 0.4866703130952381 0.6539515622291022 0.488003125 0.6596218749226007 0.4746796880952381 0.6498562501547988 0.45802656309523815 0.6426124996904025 0.47534531190476187
2 0.6949 0.4860046880952381 0.7018296873065015 0.48866875 0.7128546873065016 0.47734375 0.7147437498452013 0.4706828130952381 0.715375 0.45469531190476187 0.71065 0.44470312500000003 0.7049796873065015 0.44137187499999997 0.6949 0.4467015619047619 0.690175 0.4540296880952381 0.687025 0.4706828130952381 0.6895453126934985 0.4746796880952381 0.6908046873065016 0.480009375 0.6949 0.4860046880952381
2 0.7138 0.5466234369047619 0.7134843752321982 0.5319671880952381 0.7049796873065015 0.5286375 0.6952156247678019 0.5392953119047619 0.6879703126934985 0.53663125 0.6763156247678018 0.537296875 0.671275 0.545290625 0.6719062501547988 0.5666078130952381 0.6778906247678018 0.5925875 0.6863953126934985 0.597915625 0.6914343752321982 0.611239061904762 0.6911203126934984 0.6278921869047619 0.6958453126934985 0.6265609380952382 0.6955296873065017 0.618567186904762 0.6964750000000001 0.60990625 0.7012 0.611904686904762 0.7059249999999999 0.608575 0.7071843752321981 0.601246875 0.7034046873065015 0.5925875 0.7068703126934985 0.5912546880952381 0.7087593752321981 0.58459375 0.7081296873065016 0.5706046880952381 0.71065 0.5632765619047619 0.7138 0.5466234369047619
9 0.7075 0.704498438095238 0.702459375232198 0.6838484380952381 0.6977343752321982 0.65320625 0.6961593752321982 0.6265609380952382 0.6904906247678019 0.62589375 0.6898593752321981 0.6478765630952381 0.6936406247678019 0.6658624999999999 0.700884375232198 0.698503125 0.7109640625386997 0.725815625 0.7075 0.704498438095238
9 0.7229343752321981 0.6651968749999999 0.7263984377708979 0.67851875 0.7313859374613003 0.7050593749999999 0.7301781250773993 0.6871796869047619 0.7257687498452011 0.65786875 0.7229343752321981 0.6651968749999999
9 0.6668656247678019 0.6385515619047619 0.6725359374613004 0.6651968749999999 0.6823 0.7025 0.6936406247678019 0.7291468750000001 0.6863953126934985 0.699835938095238 0.6778906247678018 0.6725234380952381 0.6703312501547988 0.631889061904762 0.6668656247678019 0.6385515619047619
9 0.6467062501547988 0.6845140630952381 0.6555265622291022 0.709828125 0.6693859374613004 0.747798438095238 0.6674953126934985 0.7391390619047619 0.6596218749226007 0.7151578130952382 0.6564718749226006 0.6938406250000001 0.6523765622291022 0.6671953119047619 0.6504859374613003 0.628559375 0.6416671876160991 0.6245625 0.6410374996904025 0.6338875 0.6416671876160991 0.653871875 0.6467062501547988 0.6845140630952381
2 0.6196171876160991 0.577265625 0.6211921876160991 0.5952515630952381 0.629067187616099 0.6065765630952381 0.6350515622291022 0.6132375 0.6410374996904025 0.6245625 0.6479671876160992 0.628559375 0.6574156247678018 0.620565625 0.6678880990712075 0.6351217166666667 0.6684406247678017 0.609240625 0.6706453126934985 0.60058125 0.6734812501547988 0.5919203130952381 0.6706453126934985 0.5632765619047619 0.6656062501547987 0.5506203119047619 0.6526906247678018 0.5546171869047619 0.6382015622291022 0.5606125 0.6256015622291022 0.5612781250000001 0.6211921876160991 0.5672734369047618 0.6196171876160991 0.577265625
9 0.6287515622291021 0.6978375 0.6473359374613004 0.7537937499999999 0.630642187616099 0.6838484380952381 0.6287515622291021 0.6978375
25 0.39865765510835915 0.6913706738095238 0.3921953126934985 0.6478765630952381 0.39471562476780186 0.6405500000000001 0.3997546873065016 0.628559375 0.3997546873065016 0.612571875 0.40574062476780187 0.60058125 0.40857499999999997 0.5985828130952381 0.40637031269349844 0.588590625 0.39944062476780184 0.585259375 0.3921953126934985 0.5905890619047619 0.38621093746130036 0.6032453130952381 0.3802265622291021 0.6152359369047619 0.3830609374613003 0.649209375 0.3921043789473684 0.7033850142857142 0.39865765510835915 0.6913706738095238
9 0.3950296873065015 0.7151578130952382 0.3918796873065016 0.71049375 0.3921953126934985 0.755126561904762 0.3950296873065015 0.7151578130952382
9 0.34022187492260064 0.6831828130952381 0.34148281238390094 0.651207813095238 0.33612656222910214 0.6465453119047619 0.33612656222910214 0.6651968749999999 0.33612656222910214 0.6931750000000001 0.32667812507739935 0.748464061904762 0.3354968749226006 0.7178218749999999 0.33833281238390095 0.7031671869047619 0.34022187492260064 0.6831828130952381
9 0.3109281250773994 0.6811843750000001 0.3084078123839009 0.704498438095238 0.3062031250773994 0.72515 0.3014781250773994 0.757790625 0.3039984377708978 0.7531281249999999 0.3096687498452012 0.7271484380952382 0.3134484377708978 0.692507813095238 0.3109281250773994 0.6811843750000001
2 0.3443171876160991 0.5519515630952381 0.33234687492260057 0.55261875 0.3228984377708979 0.5532843749999999 0.31691250030959756 0.5592796880952381 0.3121875003095975 0.5666078130952381 0.30903749969040245 0.585259375 0.30935312507739937 0.5965843750000001 0.31281874984520125 0.5945859380952381 0.32100781238390097 0.5912546880952381 0.32100781238390097 0.6025796880952381 0.32573281238390095 0.62123125 0.3345531250773994 0.623229688095238 0.33581249969040244 0.6425484380952381 0.33801718761609906 0.647210936904762 0.34148281238390094 0.6432140630952381 0.34305781238390093 0.620565625 0.35439687492260064 0.60990625 0.35660156222910216 0.6019125 0.35723125015479873 0.5672734369047618 0.35597187492260063 0.557946875 0.3443171876160991 0.5519515630952381
2 0.31313281238390095 0.565940625 0.3115578123839009 0.5546171869047619 0.30872343777089784 0.54595625 0.3027390625386997 0.5399609369047619 0.2948640625386997 0.541959375 0.28572968730650156 0.5359640619047619 0.27470468730650155 0.5273046880952381 0.2662 0.5333 0.26210468730650155 0.544625 0.25769531269349844 0.5632765619047619 0.2558046873065016 0.5785984380952381 0.25895468730650156 0.5905890619047619 0.26430937523219816 0.5985828130952381 0.26557031269349846 0.601246875 0.2715546873065015 0.60058125 0.27659374984520124 0.605909375 0.27218437523219813 0.637884375 0.27816874984520124 0.6398828119047619 0.2806890625386997 0.6292249999999999 0.28572968730650156 0.613903125 0.2898234377708978 0.5919203130952381 0.29675312507739937 0.572603125 0.30053281238390095 0.581928125 0.3058890625386997 0.583926563095238 0.3109281250773994 0.5785984380952381 0.31313281238390095 0.565940625
9 0.258325 0.67851875 0.239425 0.7025 0.252025 0.696504686904762 0.25706562476780187 0.689178125 0.2627343752321981 0.6805171869047619 0.26745937523219815 0.6711921880952381 0.2734437498452012 0.65786875 0.277225 0.64188125 0.27249999999999996 0.637884375 0.26872031269349844 0.6465453119047619 0.26430937523219816 0.660532811904762 0.258325 0.67851875
9 0.241 0.6671953119047619 0.23785 0.661865625 0.22777031269349846 0.696504686904762 0.241 0.6671953119047619
25 0.23919459318885447 0.6629731416666667 0.24247123157894737 0.668434205952381 0.2692304439628483 0.6029014404761904 0.2675921250773994 0.5952559511904761 0.25830831640866875 0.5876104619047618 0.23919459318885447 0.6629731416666667
25 0.30855010340557276 0.6820868654761905 0.3107345287925697 0.6908245666666667 0.327117720123839 0.6231073761904763 0.31892612445820434 0.6116391428571428 0.30855010340557276 0.6820868654761905
25 0.6252918018575851 0.6902784607142857 0.6318450786377708 0.670618630952381 0.628568440247678 0.6504126952380953 0.6241995888544892 0.6258379083333333 0.6220151634674923 0.6116391428571428 0.6192846315789474 0.5859721428571429 0.6089086105263158 0.5783266535714287 0.6050858656346749 0.5783266535714287 0.5947098445820433 0.5794188666666666 0.5919793126934985 0.5816032916666667 0.5919793126934985 0.5843338238095238 0.5919793126934985 0.5897948869047619 0.5936176321981425 0.5958020571428572 0.5952559510835913 0.5996248023809524 0.5974403764705882 0.6029014404761904 0.6252918018575851 0.6902784607142857
25 0.7219526303405573 0.6586042904761905 0.7263214817337462 0.6646114607142858 0.7121227157894736 0.5990786952380953 0.7093921839009287 0.5968942702380953 0.705569439009288 0.5996248023809524 0.7219526303405573 0.6586042904761905
