2 0.2878765622291022 0.420396875 0.2983156247678019 0.44140312499999995 0.3097968749226006 0.4502484369047619 0.3150156247678018 0.442509375 0.32441093746130034 0.4402984369047619 0.32441093746130034 0.38612500000000005 0.31553749969040246 0.3673296880952381 0.31345 0.34853437499999995 0.3097968749226006 0.3396890630952381 0.30457812507739934 0.3606953119047619 0.300925 0.368434375 0.3019687498452012 0.3872296880952381 0.30457812507739934 0.39386406309523814 0.30249062476780186 0.401603125 0.29100781238390094 0.3982859369047619 0.2878765622291022 0.420396875
1 0.33641562476780185 0.35295624999999997 0.3322390625386997 0.379490625 0.3275421876160991 0.39939062500000005 0.32232343777089784 0.422609375 0.3264984377708978 0.442509375 0.33798125015479874 0.4513546880952381 0.34163437523219814 0.44582656309523805 0.34424374984520123 0.4579875 0.3520718749226006 0.462409375 0.3583359374613003 0.4513546880952381 0.36146718761609903 0.42924218690476196 0.3599015622291022 0.40381406190476193 0.35520468730650157 0.37838593690476185 0.3520718749226006 0.35848437499999997 0.35155 0.3452171880952381 0.34163437523219814 0.34742812500000003 0.33641562476780185 0.35295624999999997
9 0.3160593752321982 0.253453125 0.31345 0.22913124999999998 0.31136249969040247 0.28109375000000003 0.30666562476780185 0.3253171869047619 0.3051 0.34742812500000003 0.3139718749226006 0.34632343690476186 0.3176265622291022 0.2899375 0.3160593752321982 0.253453125
3 0.3327609374613003 0.3087328119047619 0.3322390625386997 0.3551671880952381 0.3531156247678019 0.3540625 0.3536375003095975 0.34300625 0.35520468730650157 0.305415625 0.34998437523219816 0.2611921880952381 0.3385031250773994 0.2600875 0.3358937498452012 0.2733546880952381 0.3327609374613003 0.3087328119047619
2 0.36146718761609903 0.41929218690476194 0.3609453126934985 0.4347703130952381 0.36355468730650153 0.4546703119047619 0.37086093746130033 0.473465625 0.377125 0.47457187500000003 0.38443125015479873 0.4668328130952381 0.38860625015479877 0.45688125 0.38912812507739936 0.44140312499999995 0.38390937523219815 0.44140312499999995 0.37764687492260063 0.443615625 0.3766031250773994 0.4336640630952381 0.37764687492260063 0.4281359369047619 0.37608125015479876 0.415975 0.36720781238390093 0.40491875 0.36146718761609903 0.41929218690476194
1 0.5827593752321981 0.4723609369047619 0.5900671876160991 0.46904375000000004 0.5963296873065016 0.4613046880952381 0.6010265622291022 0.44914218809523815 0.5973734377708978 0.42371406309523807 0.5937203126934985 0.3927578119047619 0.5874578123839009 0.368434375 0.5770187498452012 0.3706453119047619 0.5749312501547987 0.3982859369047619 0.5728437498452013 0.42703125000000003 0.5801499999999999 0.4579875 0.5827593752321981 0.4723609369047619
1 0.6275562501547988 0.451884375 0.6291718749226006 0.419953125 0.620557812383901 0.3891625 0.6157109374613003 0.3617921880952381 0.6027890625386997 0.3663546880952381 0.5990203126934984 0.39600468690476187 0.6000968749226007 0.4290765619047619 0.6006359374613003 0.45530624999999997 0.6097890625386997 0.4644296880952381 0.6178656247678018 0.46557031190476195 0.6275562501547988 0.451884375
3 0.5634859374613004 0.256875 0.5715625003095975 0.36749531190476187 0.5920218749226006 0.358371875 0.5742546873065015 0.2477515619047619 0.5634859374613004 0.256875
3 0.6200187498452012 0.3629328130952381 0.6184031250773994 0.3344234369047619 0.6157109374613003 0.289946875 0.6087125003095976 0.2295046880952381 0.5974062501547988 0.2317859369047619 0.5963281250773994 0.30363125 0.5974062501547988 0.3595125 0.6200187498452012 0.3629328130952381
1 0.6464015622291022 0.43820000000000003 0.6566312501547987 0.4302171869047619 0.668475 0.41082968690476196 0.6679375003095975 0.3971453119047619 0.6609374996904025 0.3663546880952381 0.6534 0.37547812500000005 0.6377859374613003 0.388021875 0.6254031250773994 0.392584375 0.6254031250773994 0.4165328130952381 0.6291718749226006 0.43820000000000003 0.6334796873065016 0.441621875 0.6464015622291022 0.43820000000000003
9 0.6589687498452013 0.3020359369047619 0.6589687498452013 0.2531125 0.6559296873065015 0.30718593690476187 0.6525859374613003 0.3367984369047619 0.6465078123839009 0.354178125 0.6501546873065015 0.37220312499999997 0.656232812383901 0.3271421880952381 0.6589687498452013 0.3020359369047619
9 0.6325265622291022 0.25182499999999997 0.6325265622291022 0.27821875 0.6334390625386997 0.3091171869047619 0.636782812383901 0.354178125 0.6395171876160991 0.361259375 0.640125 0.34259218690476195 0.6361749999999999 0.293025 0.6398218749226006 0.3258546880952381 0.6413406247678018 0.3052546869047619 0.6325265622291022 0.25182499999999997
0 0.7051828123839009 0.4441203130952381 0.7044984377708978 0.4363828130952381 0.7008453126934985 0.432996875 0.6997031250773994 0.44508749999999997 0.7019859374613002 0.45282656309523805 0.7049546873065016 0.455728125 0.7051828123839009 0.4441203130952381
2 0.6661374996904025 0.4837796880952381 0.6697906247678018 0.4891 0.6732156247678018 0.4823296869047619 0.6764124996904025 0.4755578130952381 0.6777828123839009 0.46346718809523807 0.6825781250773993 0.46636875 0.6837203126934985 0.46056562500000003 0.6860031250773994 0.4591140630952381 0.6942234377708978 0.4363828130952381 0.6919390625386997 0.42864375 0.6869156247678018 0.4300953130952381 0.6798375003095974 0.4344484380952381 0.6711609374613002 0.4383171880952381 0.6645390625386997 0.44121875 0.6608859374613004 0.45524531309523814 0.6620281250773994 0.468303125 0.6661374996904025 0.4837796880952381
1 0.6560906247678018 0.5021578119047619 0.6652250000000001 0.491034375 0.6595156247678018 0.454278125 0.6556343752321981 0.4547609380952381 0.6449015622291021 0.4625 0.6302890625386997 0.47410625 0.6209265622291021 0.48184531190476193 0.6286906247678019 0.516184375 0.6325718749226006 0.5166671869047619 0.637367187616099 0.5166671869047619 0.6467281250773994 0.5147328119047619 0.6560906247678018 0.5021578119047619
9 0.6595156247678018 0.6066265619047618 0.6528937498452013 0.578090625 0.6512953126934985 0.581959375 0.6661374996904025 0.6303249999999999 0.6595156247678018 0.6066265619047618
9 0.6814359374613003 0.58389375 0.6919390625386997 0.605175 0.6807515622291022 0.5713203130952381 0.6727593752321981 0.55100625 0.6727593752321981 0.5606796869047619 0.6814359374613003 0.58389375
9 0.6330281250773994 0.633709375 0.6398781250773994 0.6583765630952381 0.6465000000000001 0.695132811904762 0.644217187616099 0.6699828119047619 0.6398781250773994 0.6487031249999999 0.6323437498452013 0.614364061904762 0.631657812383901 0.624520311904762 0.6330281250773994 0.633709375
0 0.5999484377708979 0.5208796869047618 0.5988421876160991 0.5115171869047619 0.594975 0.5109312500000001 0.5922125003095975 0.5173687499999999 0.5946984377708978 0.5296578119047619 0.5971859374613003 0.5355109369047619 0.600225 0.5331703119047619 0.5999484377708979 0.5208796869047618
25 0.6231562501547987 0.4939609380952381 0.6168015622291021 0.4828421880952381 0.6085124996904026 0.481671875 0.6040921876160991 0.4898640619047619 0.6049218749226006 0.5003984369047618 0.6087890625386997 0.5150281250000001 0.609342187616099 0.5050796869047619 0.615818827244582 0.5445094095238096 0.6210507678018575 0.5770637083333333 0.6293831182662539 0.6109744369047619 0.6270578111455108 0.5708628904761905 0.6223281250773994 0.5296578119047619 0.6270249999999999 0.520295311904762 0.6231562501547987 0.4939609380952381
0 0.6239859374613004 0.5290734380952381 0.6209453126934985 0.530828125 0.6220515622291022 0.5396078119047619 0.6289578123839009 0.5413625 0.6270249999999999 0.52205 0.6239859374613004 0.5290734380952381
1 0.4322406247678019 0.5132718749999999 0.4220171876160991 0.5115171869047619 0.41372968730650156 0.5226359380952381 0.4106906247678018 0.5700375 0.4156624996904025 0.5788156250000001 0.4203593752321982 0.579985936904762 0.42699062476780186 0.5682828130952381 0.43500312507739936 0.55248125 0.4380421876160991 0.523221875 0.4322406247678019 0.5132718749999999
25 0.4258859374613003 0.5788156250000001 0.42671406253869965 0.57179375 0.42533281238390097 0.5472140619047619 0.41953125015479875 0.543703125 0.4184265622291022 0.5624296869047619 0.42008437523219816 0.569453125 0.4175968749226006 0.6244625 0.4220171876160991 0.631485938095238 0.4239515622291022 0.6221218749999999 0.4258859374613003 0.5788156250000001
9 0.3888625003095975 0.5992984369047619 0.3830609374613003 0.6402640619047619 0.3742203126934985 0.678301561904762 0.36455 0.719267188095238 0.3756015622291022 0.689421875 0.38499531269349846 0.653723436904762 0.3930078123839009 0.6115875000000001 0.3888625003095975 0.5992984369047619
25 0.3902437498452012 0.5132718749999999 0.38665312507739935 0.5360953130952381 0.38803437523219814 0.5448734380952381 0.3927312501547988 0.5448734380952381 0.3952171876160991 0.5419484369047619 0.3977046873065015 0.5355109369047619 0.39012886749226006 0.5986334952380952 0.39230835851393187 0.6029924773809524 0.407375 0.5284875 0.4079265622291021 0.5442890630952381 0.41096562476780185 0.540778125 0.41621562476780183 0.523221875 0.4175968749226006 0.5167843750000001 0.41372968730650156 0.5091765619047619 0.4048874996904025 0.5050796869047619 0.39466562476780187 0.5074203130952382 0.3902437498452012 0.5132718749999999
1 0.3427234377708978 0.508590625 0.3416171876160991 0.5331703119047619 0.3454859374613003 0.5600890619047619 0.343275 0.5811578119047619 0.3460375003095975 0.58759375 0.35985312507739936 0.5911062499999999 0.3631687498452012 0.5887640630952381 0.3667593752321981 0.575890625 0.3733906247678018 0.563015625 0.38167968730650154 0.5483859369047619 0.38582343777089784 0.532584375 0.39190156222910216 0.5097609369047619 0.3869296873065015 0.49045 0.37864062476780186 0.486353125 0.37228593746130034 0.492790625 0.36593125015479877 0.4810859380952381 0.35902343777089785 0.47406406309523813 0.3501828123839009 0.479915625 0.3427234377708978 0.508590625
2 0.3186859374613003 0.46235937499999996 0.3095687498452012 0.45767812500000005 0.3040421876160991 0.46294375 0.30072656222910216 0.4922046880952381 0.3012796873065015 0.4980578119047619 0.3040421876160991 0.4998125 0.31095 0.48869375 0.316475 0.4764046869047619 0.32310625015479877 0.48752343690476185 0.32807968730650156 0.4963015619047619 0.330842187616099 0.48869375 0.3355390625386997 0.4963015619047619 0.3341578123839009 0.5074203130952382 0.3369203126934985 0.5132718749999999 0.3416171876160991 0.5179546869047619 0.3488015622291022 0.4787453119047619 0.33968281238390097 0.47289375 0.3278031250773994 0.47289375 0.3186859374613003 0.46235937499999996
3 0.35073437523219814 0.582328125 0.343275 0.5846687500000001 0.3391312501547987 0.5957875 0.3380265622291022 0.6373375 0.3371968749226006 0.67069375 0.3499062501547988 0.678301561904762 0.36289218761609904 0.5952015619047619 0.3609578123839009 0.5887640630952381 0.35073437523219814 0.582328125
9 0.4190182842105263 0.6309635785714286 0.4169301529411765 0.6664618059523809 0.42249850216718265 0.6835148750000001 0.4238905894736842 0.6361839059523811 0.423194546130031 0.6306155571428572 0.42284652383900934 0.6295714916666667 0.4200623492260062 0.627135338095238 0.4190182842105263 0.6309635785714286
25 0.6553029839009288 0.514685069047619 0.6703831783281733 0.5591422654761905 0.6762585783281734 0.556400411904762 0.6656828575851393 0.5209521630952381 0.6592199176470588 0.4988214880952381 0.6588282241486068 0.49940902857142855 0.6576531442724459 0.5001924154761905 0.6554988303405573 0.5029342690476191 0.6537362105263157 0.5064595083333333 0.6553029839009288 0.514685069047619
25 0.6506717095975232 0.38050644523809524 0.6483966334365324 0.3475178452380952 0.6432777126934984 0.31907939642857147 0.6407182520123839 0.31822624285714285 0.6404338674922601 0.3250514702380952 0.6398650990712075 0.3608839154761905 0.6367368693498452 0.37112175714285717 0.635314946749226 0.38050644523809524 0.6355993312693498 0.3853409821428571 0.6367368693498452 0.38704728809523814 0.6415714055727554 0.38704728809523814 0.6452684043343653 0.383634675 0.6495341715170279 0.3785157535714286 0.6506717095975232 0.38050644523809524
