7 0.2340608882379911 0.4430500689169028 0.2039152393032282 0.44250310104951907 0.20483494949530723 0.39182226590690256 0.2349804048669739 0.3923692320220368
2 0.3341194562789269 0.5662569868001218 0.31547042869419784 0.5668876971268398 0.31399300104033045 0.5232046275292684 0.3326418926041015 0.5225739195145008
2 0.35568930604972593 0.5772363454939436 0.33191490505191723 0.5783674428965512 0.3281250428428848 0.4987127207825851 0.351899133406846 0.49758163078124057
9 0.34152500000004693 0.40140000000000003 0.347141649102241 0.4013838858399542 0.34742133479983295 0.4988635734536216 0.34180468569809364 0.4988796875051696
0 0.6465140925287187 0.5809796849012979 0.6410299966648836 0.5814542811541802 0.6375846916234877 0.5416464696151452 0.6430687499999976 0.5411718749999993
2 0.6959569700547945 0.57820196314967 0.6497411092342418 0.5875415028803525 0.637326584525681 0.5261141105832198 0.6835419698710439 0.5167746205739668
9 0.6646412246378759 0.5247479058760525 0.6546785138749556 0.524554648687599 0.6563897982607614 0.4363454765952725 0.6663523802120608 0.4365387325328472
9 0.665470312499906 0.4243359375000005 0.6718504409298021 0.4242854706697543 0.6726144982943651 0.5208729710636123 0.6662343698679933 0.5209234375405937
9 0.6741359142937426 0.44402812380577444 0.6843992436191684 0.4445562874473937 0.6799943130430393 0.5301473962968006 0.6697309839765921 0.5296192360182241
0 0.6979245055745196 0.5565820652006338 0.6922374692632047 0.5570968680501878 0.6904228422116603 0.5370523811600015 0.6961098595738804 0.5365375791733502
0 0.7380388722465341 0.5422147599701024 0.7304497046508232 0.5432834468941049 0.7264855325025792 0.51513458957139 0.7340746658452417 0.5140659050959161
2 0.7001265977107778 0.6714736048140585 0.6895589227812025 0.6509596948863404 0.7159065014454882 0.6373885998509579 0.7264741847312735 0.6579024491389457
2 0.6790568493013325 0.6710403295797029 0.6519522780424722 0.6495645118210015 0.6916324445325017 0.599490753253488 0.718736797588349 0.6209664369354999
2 0.6360601491750231 0.6352430497039473 0.667297804038185 0.6278135873217618 0.678433481890238 0.6746283029670662 0.6471958391942962 0.6820577297572806
2 0.36008004232542135 0.638965937685422 0.3397770391418362 0.6941381941718883 0.284010855879842 0.6736189992720722 0.30431400414863674 0.6184470677112465
9 0.33273592371631366 0.673896388198299 0.3409006640699772 0.6750120665199408 0.3277803629191567 0.7710141039498407 0.3196156249999831 0.7698984374999944
9 0.3256997995050597 0.688361345431994 0.33157924253112014 0.6889289337559185 0.32447631735021787 0.7624941462099891 0.31859687500002565 0.7619265625000042
9 0.29387499011897944 0.7300437489432592 0.2976459263131801 0.7304470396888707 0.2945865609857492 0.7590486019320964 0.2908156250000502 0.7586453125000053
7 0.3334864161472524 0.8026440079399743 0.2907961673038244 0.8135464427036251 0.2713585806793617 0.7374481002879814 0.3140480748469372 0.7265457670851415
2 0.2953263989854804 0.6152561892000139 0.28743380873049773 0.6387088069178813 0.2523386184755054 0.6268994103006555 0.26023125000006075 0.6034468749999494
0 0.2960195887598047 0.6589718591568661 0.29028484074603966 0.6584979005333523 0.29247153179881025 0.6320432301156361 0.2982062500000211 0.6325171875000009
2 0.23800348941097127 0.6336839952711801 0.25742249315260324 0.6252392190523637 0.27047781314013264 0.6552565679924203 0.25105882542527524 0.6637013170618938
10 0.2429813833504113 0.5443735481436587 0.2134992726200835 0.5479111590214807 0.19724483056040754 0.412455485001818 0.22672635884669035 0.4089179095363295