2 0.34752343777089784 0.6440234380952381 0.3555218749226006 0.6476640619047619 0.36279374984520124 0.649485938095238 0.36570156222910216 0.646754686904762 0.364975 0.639471875 0.3591578123839009 0.6376499999999999 0.3562484377708978 0.6321890619047619 0.35334062476780187 0.626726561904762 0.34752343777089784 0.626726561904762 0.34243281238390094 0.6239953130952381 0.33807031269349846 0.631278125 0.33516093746130027 0.636740625 0.34243281238390094 0.6431125000000001 0.34752343777089784 0.6440234380952381
2 0.3133468749226006 0.641292188095238 0.3097109374613003 0.6440234380952381 0.30389374984520123 0.650395313095238 0.30389374984520123 0.6531265619047619 0.3068015622291022 0.66223125 0.30752968730650154 0.6704234369047618 0.30898281238390096 0.675885936904762 0.3133468749226006 0.682259375 0.31770937523219817 0.684079686904762 0.3242531250773994 0.682259375 0.331525 0.6804375 0.33879687492260063 0.671334375 0.34461406253869964 0.6640515619047619 0.34679531269349845 0.6595 0.33879687492260063 0.6522171869047619 0.33297968730650157 0.650395313095238 0.3242531250773994 0.6458437499999999 0.3198906247678019 0.6440234380952381 0.3133468749226006 0.641292188095238
2 0.36206562476780185 0.6695140630952381 0.3591578123839009 0.682259375 0.3591578123839009 0.6868109380952381 0.37515468730650153 0.6922734380952381 0.3889718749226006 0.6940937500000001 0.3947890625386997 0.679528125 0.3882437498452012 0.675885936904762 0.38315468730650154 0.6740656249999999 0.36206562476780185 0.6695140630952381
0 0.45449218761609905 0.6712828119047619 0.45736562476780185 0.674365625 0.4598281250773994 0.6733375 0.4614703126934984 0.670254686904762 0.46105937523219814 0.66614375 0.45941718761609907 0.66151875 0.45613437523219813 0.658948436904762 0.45449218761609905 0.6712828119047619
0 0.46762656222910215 0.674365625 0.4705 0.6774484369047619 0.4729625003095975 0.679504686904762 0.4758359374613003 0.6784765630952381 0.4770671876160991 0.6712828119047619 0.4770671876160991 0.665629688095238 0.4754265622291022 0.657921875 0.4725531250773994 0.662546875 0.4692687498452012 0.6630609369047619 0.46803749969040254 0.6671718750000001 0.46721718761609904 0.6712828119047619 0.46762656222910215 0.674365625
0 0.48363437523219815 0.67076875 0.48445625015479876 0.668198436904762 0.48445625015479876 0.665629688095238 0.48322499999999996 0.66151875 0.47829843777089787 0.661004688095238 0.47788906253869967 0.6666578119047619 0.47747812507739934 0.6712828119047619 0.47788906253869967 0.6764218750000001 0.47788906253869967 0.6800187499999999 0.48445625015479876 0.6733375 0.48363437523219815 0.67076875
0 0.5365859374613002 0.6810453119047619 0.5369953126934984 0.672309375 0.5349437498452012 0.66151875 0.5312484377708978 0.6640874999999999 0.5271453126934985 0.667684375 0.5279656247678018 0.67076875 0.5279656247678018 0.6738515630952381 0.5304281250773994 0.676934375 0.5333015622291022 0.678990625 0.5365859374613002 0.6810453119047619
0 0.5361750000000001 0.66151875 0.5361750000000001 0.6671718750000001 0.5369953126934984 0.669740625 0.5369953126934984 0.674365625 0.5369953126934984 0.676934375 0.5406906247678018 0.6738515630952381 0.542742187616099 0.6687124999999999 0.5406906247678018 0.6630609369047619 0.5361750000000001 0.66151875
0 0.6248359374613003 0.6913234380952381 0.6268875003095975 0.6949203130952382 0.6297609374613002 0.6980046880952381 0.6326343752321981 0.6995453119047619 0.6297609374613002 0.6887546869047619 0.6248359374613003 0.6913234380952381
0 0.6379703126934985 0.6918375 0.6420750000000001 0.6918375 0.6457687498452013 0.692351561904762 0.648232812383901 0.687726563095238 0.6428953126934984 0.684129686904762 0.6396124996904025 0.686184375 0.6379703126934985 0.6918375
0 0.6568515622291021 0.692351561904762 0.658082812383901 0.6938937500000001 0.6601359374613003 0.6851578119047619 0.6564406247678019 0.687726563095238 0.6531578123839009 0.6887546869047619 0.6547999999999999 0.690809375 0.6568515622291021 0.692351561904762
0 0.677375 0.69440625 0.6798375003095974 0.69440625 0.6823 0.6882406249999999 0.6823 0.6851578119047619 0.6823 0.683615625 0.6810687498452013 0.67539375 0.6757328123839008 0.6712828119047619 0.6720390625386997 0.6779625 0.6699874996904025 0.6810453119047619 0.6658828123839009 0.6882406249999999 0.6720390625386997 0.6913234380952381 0.677375 0.69440625
0 0.6445375003095976 0.6430187500000001 0.6465906247678018 0.6491859369047619 0.6494640625386997 0.6471296880952381 0.6502843752321982 0.6430187500000001 0.648232812383901 0.636851561904762 0.6465906247678018 0.632740625 0.6412546873065016 0.6332546880952381 0.6445375003095976 0.6430187500000001
0 0.6749125003095976 0.6127 0.6753234377708978 0.616810938095238 0.6781953126934984 0.6204078119047619 0.6831218749226006 0.6198937499999999 0.6831218749226006 0.6157828119047619 0.6790171876160991 0.6060187499999999 0.6757328123839008 0.609617186904762 0.6749125003095976 0.6127
0 0.7151374996904024 0.5993390630952381 0.7110328123839009 0.599853125 0.7081593752321981 0.605504688095238 0.70775 0.6121859369047619 0.7126750000000001 0.6111578130952381 0.7176015622291022 0.6085890619047619 0.7208843752321982 0.607046875 0.7233468749226006 0.6019078119047618 0.719242187616099 0.6008796869047619 0.7151374996904024 0.5993390630952381
0 0.683942187616099 0.6800187499999999 0.6864046873065016 0.6784765630952381 0.6892781250773994 0.674879686904762 0.6884578123839009 0.6712828119047619 0.6851734377708979 0.669740625 0.6814796873065014 0.67076875 0.6786062501547988 0.6733375 0.683942187616099 0.6800187499999999
11 0.2931981294117647 0.5472385535714286 0.3072583188854489 0.5722242107142858 0.3197562916408669 0.5503617761904762 0.31093746439628484 0.5218750011904761 0.2838247095975232 0.5316225035714286 0.2931981294117647 0.5472385535714286
11 0.7056297944272446 0.5519233571428571 0.7181275281733746 0.5722242107142858 0.7196898643962848 0.5628546047619047 0.7290634030959753 0.5519233571428571 0.7446858092879257 0.5425537511904762 0.7191405894736842 0.5277343761904761 0.7056297944272446 0.5519233571428571
9 0.274776879876161 0.7174101464285714 0.2893577814241486 0.729208919047619 0.3101876563467492 0.695894655952381 0.29074641857585143 0.7368434214285715 0.30185572755417955 0.7368434214285715 0.3455984328173375 0.6799316142857142 0.34907007863777095 0.6611923226190477 0.32824020433436535 0.6507816214285714 0.3048610953560371 0.6425347226190475 0.3067160105263158 0.6813196869047619 0.274776879876161 0.7174101464285714
