2 0.30029822100129877 0.4336319214189331 0.25193504851654325 0.43149208441041365 0.25568706621277215 0.3467021671865139 0.3040497430176856 0.3488419930854813
9 0.28829199064614386 0.2515676477975682 0.2972362734564058 0.25221709393742436 0.28991764114618945 0.35300786583727967 0.28097335865356854 0.3523584227749311
9 0.30129371266616545 0.2670453068497925 0.308689992840641 0.26816468173172675 0.29564285107960586 0.3543713784164352 0.2882465719382026 0.35325200819227076
9 0.2849167804828312 0.3562872915006459 0.27920335759654336 0.35678992311465485 0.27040382019879416 0.25676825408725207 0.27611718749994907 0.2562656250000007
2 0.33449771210257495 0.4030450152496718 0.36431980116174145 0.39298943118014523 0.38455937103083215 0.45301118788285977 0.3547373018977851 0.46306673016198746
2 0.37012391950611345 0.4200771223196608 0.39319823443679525 0.41789863489219886 0.3973633407588295 0.462012468846953 0.3742890267534449 0.46419094978660225
9 0.3609609374999536 0.3977062570446252 0.3609609821265849 0.31402186017153344 0.3667343930969764 0.31402188031797873 0.36673437499996453 0.39770624999994775
9 0.3600484165376656 0.3178828115379111 0.36474062484342085 0.318098165792126 0.3604859582331983 0.4107966031279803 0.35579374999997526 0.410581249999998
0 0.41840156660282446 0.4640109380533616 0.41179166829510905 0.46311943601765015 0.41695707223857426 0.4248238791573785 0.42356693638339493 0.42571537885537675
0 0.42450239424408664 0.4244767694073649 0.44154116748734396 0.42598488773693355 0.4367094592093963 0.48057037044693146 0.4196706866681552 0.47906225782252604
2 0.44280604564346504 0.44459881132203544 0.447728210641003 0.4447652053767764 0.44685901742923306 0.47047552222742334 0.4419368524467018 0.47030912847055034
2 0.455044748261912 0.4687611842548307 0.44849597911309047 0.4683737667924461 0.45005736724522194 0.44198253895712014 0.4566061124218095 0.44236995570816673
2 0.48383194744769753 0.4883164809861542 0.47526293968576283 0.4887422762531507 0.47311375059859984 0.44549282672021584 0.48168270559835946 0.4450670327678895
9 0.43906720312224934 0.4183062501527154 0.43326127471220843 0.4182494943782227 0.43458878087164976 0.2824610761192113 0.44039462580133204 0.2825178314878026
2 0.5102804519973461 0.4693269568197376 0.49566760620950845 0.47105166677861326 0.4878072456924656 0.4044570646993487 0.5024199628181805 0.4027323623966086
0 0.5362190657550627 0.4524412786921506 0.5174409206875907 0.4509637255800812 0.5204598116532679 0.41259972048288795 0.5392378615656526 0.41407726982355125
9 0.49078128389396625 0.2873590255402954 0.49775826906738985 0.28714440041846734 0.5013941698493909 0.4053353763187553 0.4944171847413372 0.40555000008485986
9 0.5251609541597873 0.34214531116128444 0.5193378976141503 0.342613229142863 0.5157287435370108 0.2976999909519255 0.521551774604859 0.29723207399975554
1 0.5838604390256705 0.38431966706795084 0.6191116270867951 0.3759982726108589 0.6339319450062249 0.4387772005824216 0.5986807686040265 0.4470985614360727
2 0.6675662818275896 0.41384871522137523 0.6292653050279569 0.4307249340343675 0.6092031234699107 0.385195387785089 0.6475038976781207 0.36831922053062316
0 0.6660067030359187 0.39709941656967546 0.6460689426671706 0.3961577849811649 0.6499542581698279 0.31389709984019 0.6698918378154985 0.3148387271031352
9 0.6029829412583467 0.2486525704456906 0.6076140677221247 0.2485484373825778 0.6092859374999762 0.322900000000001 0.6046548110473395 0.32300413272208167
9 0.6039359566145777 0.3158187487276733 0.5979922006995366 0.3162143841080321 0.5943156487785473 0.2609815718694045 0.6002593749999505 0.26058593750000364
2 0.6446468159728056 0.5107530629748818 0.6237254048439809 0.4692114397840314 0.6811338222214545 0.4403010900698226 0.702055265650074 0.48184252094215174
1 0.6485419713786769 0.5483532915659365 0.5948920146170167 0.5573578147894354 0.5831445364734691 0.48736915337032444 0.6367939068088617 0.4783646803113952
9 0.6433847402217907 0.673412445875446 0.6291768645289721 0.6755180011845402 0.6105586185772154 0.5498995541729187 0.6247661672582581 0.5477940233169444
9 0.6677891381369818 0.6514609156514095 0.663653524180063 0.6526555331745162 0.6499472350232054 0.6052117994441998 0.6540828124999507 0.6040171875000155
2 0.3704987373837412 0.5213330570865726 0.39391454850431273 0.5259378722283824 0.3855019628466607 0.568712667301737 0.3620861565394762 0.5641078687659845
2 0.3358264497417167 0.4984817428128113 0.3778236924947578 0.5078137184473415 0.36678089048325546 0.5575061460103113 0.32478366021837246 0.548174208448971
2 0.3248358927513664 0.5003328409054548 0.30645436909014734 0.5176864188492923 0.27538829211164284 0.48478249262440104 0.29376974791478005 0.4674289738898908
10 0.3171574595126003 0.3118689836059626 0.34202667672150255 0.3106847856893909 0.3476332685346506 0.4284237371385456 0.3227640518957742 0.42960792724663077
10 0.30724061475496 0.40944625106686444 0.3018170821693502 0.30640106533652384 0.3186290078527918 0.3055162821126655 0.32405262951101577 0.4085613734642685
10 0.31796875 0.2578125 0.3453125 0.2578125 0.3453125 0.42421875 0.31796875 0.42421875