2 0.3017281250773994 0.3608046880952381 0.291375 0.35623750000000004 0.28533750030959754 0.34801406309523814 0.27929843777089786 0.35714999999999997 0.27714218761609904 0.373596875 0.2685140625386997 0.37451093809523806 0.26031874984520126 0.3699421880952381 0.25385 0.3882171880952381 0.2547124996904025 0.40557656309523804 0.25945625015479873 0.42202343809523807 0.26290781238390093 0.41928281309523807 0.27024062476780186 0.42202343809523807 0.2775734377708978 0.4284203130952381 0.28576874984520123 0.4329890619047619 0.29267031269349847 0.429334375 0.29913906253869965 0.41836875 0.3012968749226006 0.411059375 0.3004343752321982 0.4000953119047619 0.3008656247678019 0.39004375 0.30259062476780185 0.3818203119047619 0.3017281250773994 0.3699421880952381 0.3017281250773994 0.3608046880952381
9 0.2952578123839009 0.25207343809523813 0.2862 0.3005 0.28274843777089786 0.3279125 0.28102343777089783 0.35166875 0.28404218761609906 0.35258125 0.29008125015479874 0.3507546880952381 0.29353281238390094 0.29867343809523805 0.2952578123839009 0.25207343809523813
9 0.2921874996904025 0.33512656190476187 0.2900453126934985 0.3413671869047619 0.2921874996904025 0.3538484369047619 0.29861562476780185 0.333990625 0.3015609374613003 0.31526875000000004 0.3020968749226006 0.30051875 0.30129374984520124 0.2670453119047619 0.29915156222910216 0.3061921869047619 0.2962046873065015 0.3198078119047619 0.2921874996904025 0.33512656190476187
9 0.27879531269349844 0.29995 0.27611718761609905 0.256265625 0.27585 0.31867343690476185 0.2804031250773994 0.356684375 0.28415312507739937 0.3476078130952381 0.27879531269349844 0.29995
9 0.32633593746130035 0.39866875 0.33045937523219815 0.404909375 0.33340625015479874 0.38681093690476187 0.33576250030959753 0.36933593809523807 0.336057812383901 0.3549828130952381 0.3348781250773994 0.3406296880952381 0.33340625015479874 0.3300203119047619 0.3328171876160991 0.3150421880952381 0.3342890625386997 0.298815625 0.3339953126934984 0.281965625 0.33222656222910213 0.277596875 0.3295765622291022 0.294446875 0.32780781238390094 0.341253125 0.32515625015479876 0.37308125000000003 0.3289859374613003 0.3630953130952381 0.32928125015479875 0.3799453130952381 0.32810312507739936 0.3930515630952381 0.32633593746130035 0.39866875
9 0.31101562476780187 0.33875625 0.31013125015479875 0.3194109369047619 0.3095421876160991 0.3630953130952381 0.3136671876160991 0.3930515630952381 0.31661249969040245 0.4024125 0.3210328123839009 0.3949234369047619 0.31484531269349847 0.36434374999999997 0.31101562476780187 0.33875625
2 0.35245000000000004 0.41573125 0.3503234377708978 0.41122499999999995 0.3454609374613003 0.4138 0.34606874984520125 0.42410000000000003 0.347892187616099 0.4427671869047619 0.35093125015479876 0.4517796869047619 0.35822499999999996 0.4562859380952381 0.36339218761609904 0.46014843809523814 0.36795 0.45757343690476193 0.3725093752321981 0.4453421880952381 0.3767640625386997 0.42989375 0.37342031269349846 0.42667499999999997 0.36855781238390095 0.41895 0.3658234377708978 0.406075 0.3636953126934985 0.3932 0.3591375003095975 0.39835 0.35852968730650153 0.40865 0.35245000000000004 0.41573125
2 0.3795 0.45950468809523815 0.3898328123839009 0.46272343690476186 0.39651874984520125 0.4530671880952381 0.3949984377708978 0.4453421880952381 0.393175 0.4389046869047619 0.38770468730650154 0.4395484369047619 0.3852734377708978 0.4318234380952381 0.38101874984520123 0.4253875 0.3770687498452013 0.42989375 0.3752437498452012 0.41959375 0.37159687492260063 0.42603125 0.3725093752321981 0.4453421880952381 0.37372500000000003 0.4582171880952381 0.3795 0.45950468809523815
9 0.36521562476780184 0.314021875 0.3609609374613003 0.39770625 0.36673437523219815 0.39770625 0.36521562476780184 0.314021875
9 0.3612640625386997 0.39384375 0.3600484377708978 0.31788281309523814 0.35579374984520123 0.41058125 0.35822499999999996 0.40349999999999997 0.3612640625386997 0.39384375
0 0.42113593746130035 0.4253875 0.4165781250773994 0.4343984369047619 0.41475312507739936 0.44212343809523813 0.41323437523219814 0.4524234369047619 0.41688125015479877 0.46079218690476187 0.4184015622291022 0.4640109369047619 0.4208328123839009 0.44598593690476196 0.42204843777089784 0.4356859369047619 0.42113593746130035 0.4253875
0 0.424175 0.4794609369047619 0.4256953126934985 0.4794609369047619 0.4314687498452013 0.4749546869047619 0.43359687492260063 0.4659421869047619 0.43937187492260066 0.4504921869047619 0.43542031269349846 0.4382609380952381 0.4320765622291021 0.42667499999999997 0.4275187498452012 0.42474375 0.4235671876160991 0.4350421880952381 0.42174374984520124 0.4556421880952381 0.42113593746130035 0.4704484369047619 0.424175 0.4794609369047619
2 0.4472734377708978 0.4582171880952381 0.4469687498452012 0.44598593690476196 0.4457531250773994 0.4446984380952381 0.4433218749226006 0.4479171869047619 0.4424109374613003 0.4562859380952381 0.4421062501547987 0.4652984369047619 0.44605781238390096 0.4704484369047619 0.4472734377708978 0.4582171880952381
2 0.4554781250773994 0.4614359380952381 0.45578281238390095 0.4562859380952381 0.4548703126934984 0.4479171869047619 0.4524390625386997 0.44212343809523813 0.44909687492260064 0.4582171880952381 0.45092031269349847 0.4685171880952381 0.4554781250773994 0.4614359380952381
2 0.47888125015479877 0.4524234369047619 0.47614531269349847 0.4453421880952381 0.47462499999999996 0.4517796869047619 0.4743218749226006 0.4698046880952381 0.47766562476780183 0.4801046869047619 0.48070468730650157 0.488471875 0.4825281250773994 0.4813921880952381 0.4831359374613003 0.47431093809523805 0.48192031269349844 0.44984843809523806 0.47888125015479877 0.4524234369047619
9 0.4390671876160991 0.41830625 0.43937187492260066 0.3674515619047619 0.43997968730650155 0.3249640619047619 0.439675 0.297284375 0.4363328123839009 0.28247812499999997 0.4363328123839009 0.34492031309523813 0.4360281250773994 0.38096875 0.43329218761609906 0.4150875 0.4390671876160991 0.41830625
2 0.49863593746130036 0.46336718690476186 0.5062328123839009 0.4698046880952381 0.5092718749226006 0.46207968690476187 0.5059296873065016 0.4324671880952381 0.5041062501547987 0.41701875 0.5013703126934985 0.40285624999999997 0.4943796873065015 0.40671875 0.4919484377708978 0.41895 0.49042968730650155 0.42667499999999997 0.49286093746130033 0.43632968690476187 0.4959 0.4549984380952381 0.49863593746130036 0.46336718690476186
0 0.5278109374613004 0.4517796869047619 0.5341937498452012 0.4472734369047619 0.5375374996904024 0.4356859369047619 0.5387531250773994 0.42023750000000004 0.5357140625386997 0.4138 0.53085 0.416375 0.5250765622291022 0.41895 0.5193015622291022 0.42731874999999997 0.5211250000000001 0.4343984369047619 0.5217328123839009 0.4440546880952381 0.5241640625386996 0.44984843809523806 0.5278109374613004 0.4517796869047619
9 0.4968453126934984 0.3361484380952381 0.49239531269349845 0.28730937500000003 0.4932046873065016 0.3661359380952381 0.49441718761609904 0.40554999999999997 0.5012953126934985 0.402121875 0.4968453126934984 0.3361484380952381
9 0.5170703126934985 0.29759218809523813 0.5190937498452013 0.339575 0.5251609374613003 0.3421453119047619 0.521925 0.3018765630952381 0.5170703126934985 0.29759218809523813
1 0.5975687498452013 0.4261125 0.6032328123839009 0.4372515630952381 0.6121312501547987 0.4432484369047619 0.6222453126934985 0.4415359380952381 0.6275031250773994 0.43468125 0.6246718749226006 0.3995515619047619 0.6186046873065015 0.38584375 0.6076828123839009 0.3789890630952381 0.5991875003095976 0.3807015619047619 0.5882656247678019 0.38584375 0.5874562501547987 0.3995515619047619 0.5915015622291022 0.4166875 0.5975687498452013 0.4261125
2 0.6497515622291021 0.420971875 0.650965624767802 0.41411718809523806 0.6639093752321982 0.40554999999999997 0.6525828123839008 0.3798453130952381 0.6416609374613004 0.38241562500000004 0.6339750000000001 0.38241562500000004 0.6291218749226006 0.37641875 0.6230531250773994 0.38241562500000004 0.6218406247678019 0.40383593690476194 0.623457812383901 0.4175453119047619 0.6319531250773993 0.429540625 0.6497515622291021 0.420971875
0 0.6602687498452013 0.3284375 0.650965624767802 0.3361484380952381 0.6481343752321982 0.352428125 0.6489421876160991 0.3738484380952381 0.6574375003095976 0.39269687499999995 0.6635046873065016 0.39698125 0.6667406247678018 0.38155937500000003 0.6683593752321981 0.3472859380952381 0.66755 0.31472812499999997 0.6602687498452013 0.3284375
9 0.6076140625386997 0.28112187499999997 0.6076140625386997 0.24854843690476192 0.6039359374613003 0.291034375 0.6046046873065015 0.32077500000000003 0.6092859374613003 0.32289999999999996 0.6076140625386997 0.28112187499999997
9 0.5979187498452012 0.31511093690476194 0.6039359374613003 0.31581875000000004 0.6002593752321982 0.2605859380952381 0.5979187498452012 0.31511093690476194
2 0.651742187616099 0.4609796880952381 0.6437187498452013 0.4659375 0.6377015622291021 0.479390625 0.6420468749226006 0.505590625 0.6450562501547987 0.510546875 0.651742187616099 0.504175 0.657092187616099 0.49496875 0.6644468749226007 0.49355312500000004 0.6758124996904025 0.4822234369047619 0.6838359374613003 0.48859687500000004 0.6875140625386997 0.4871796880952381 0.6928624996904025 0.486471875 0.6958718749226005 0.479390625 0.685842187616099 0.44965 0.6791562501547987 0.44752656190476187 0.6718015622291021 0.4546078130952381 0.6667859374613003 0.44752656190476187 0.6601 0.4581484369047619 0.651742187616099 0.4609796880952381
1 0.5922359374613003 0.536746875 0.5972500000000001 0.5409953130952381 0.6052734377708978 0.54949375 0.6206515622291021 0.553034375 0.6350265622291021 0.5445359380952381 0.6443875003095976 0.5324984369047618 0.6433843752321982 0.517628125 0.6380359374613003 0.4857640619047619 0.6306812501547987 0.479390625 0.6229921876160991 0.4822234369047619 0.6126281250773994 0.4878875 0.6072796873065016 0.48363906309523813 0.5952437498452012 0.49426093809523813 0.5868859374613004 0.50205 0.5882234377708978 0.517628125 0.5922359374613003 0.536746875
9 0.6253328123839009 0.5516171880952381 0.619982812383901 0.550201563095238 0.6303468749226007 0.6401312499999999 0.6219890625386997 0.6026015630952382 0.616975 0.5516171880952381 0.6132968749226007 0.54949375 0.6156374996904025 0.5686125 0.6193140625386997 0.6089734380952381 0.6263343752321981 0.63800625 0.6363640625386997 0.6627906250000001 0.6433843752321982 0.6734125000000001 0.6417125003095976 0.664914061904762 0.6363640625386997 0.65004375 0.6300125003095975 0.624553125 0.626 0.596228125 0.6253328123839009 0.5516171880952381
9 0.6530796873065015 0.616054686904762 0.6677890625386997 0.6514609380952381 0.654082812383901 0.6040171880952381 0.6530796873065015 0.616054686904762
2 0.371925 0.556575 0.3762718749226006 0.5586984380952381 0.3799484377708978 0.5516171880952381 0.3849625003095975 0.5572828130952381 0.38830625015479875 0.5473687500000001 0.3899781250773994 0.5459531249999999 0.39198437523219815 0.5324984369047618 0.3852968749226006 0.5261265619047619 0.3796140625386997 0.5240015630952382 0.3732625003095975 0.5218765619047618 0.3685812501547988 0.5310828119047619 0.3652390625386997 0.5480765630952381 0.3705874996904025 0.5657796869047619 0.371925 0.556575
2 0.3488578123839009 0.5084234380952382 0.3455140625386997 0.500634375 0.33582031269349844 0.49850937500000003 0.33314531269349845 0.510546875 0.33916249969040246 0.519045313095238 0.3364874996904025 0.5268343750000001 0.34116874984520124 0.5346234369047619 0.3458484377708978 0.5303749999999999 0.3508640625386997 0.5310828119047619 0.35253437523219816 0.5480765630952381 0.3562125003095975 0.5551578119047619 0.3642359374613003 0.550909375 0.3689156247678018 0.5409953130952381 0.37359687492260063 0.5268343750000001 0.3709218749226006 0.51125625 0.360225 0.514796875 0.36122656222910215 0.5062984369047618 0.35186718761609903 0.50205 0.3488578123839009 0.5084234380952382
2 0.30606562476780186 0.512671875 0.3107468749226006 0.505590625 0.3177671876160991 0.50700625 0.3211093752321981 0.49638593809523807 0.30974374984520125 0.491428125 0.31041249969040247 0.48505625 0.30004843777089785 0.4765578119047619 0.2990453126934985 0.481515625 0.28935 0.4716015619047619 0.28600781238390094 0.4857640619047619 0.2947 0.49426093809523813 0.2990453126934985 0.5098390630952381 0.30606562476780186 0.512671875
25 0.6065526625386997 0.3292714452380952 0.6001678978328173 0.32562300833333335 0.5974315702786378 0.3776132369047619 0.617497973993808 0.38126167380952386 0.6065526625386997 0.3292714452380952
10 0.32855959133126933 0.3913181654761905 0.3248679108359133 0.37655144166666665 0.3206488470588235 0.3549287404761905 0.31801193188854493 0.33647033571428575 0.3153750173374613 0.32381314523809523 0.3111559535603715 0.3153750166666667 0.3090464216718266 0.31326548571428575 0.3058821238390093 0.3153750166666667 0.30429997461300307 0.34174416547619046 0.3053547405572755 0.3997562928571428 0.3222309956656347 0.41399563333333333 0.32855959133126933 0.3913181654761905
10 0.3417441659442724 0.29322493214285716 0.33910725077399384 0.2747665285714286 0.3359429529411765 0.26527363452380953 0.3301417405572755 0.2647462523809524 0.32592267678018577 0.26580101785714283 0.3211762297213622 0.32855959166666665 0.3264500594427245 0.38762648452380954 0.3280322086687307 0.4029205904761905 0.33277865510835913 0.40503012261904764 0.33910725077399384 0.4013384416666667 0.3417441659442724 0.29322493214285716
25 0.6513179702786378 0.6101820988095238 0.6550096507739939 0.6064904178571429 0.6344417151702787 0.5432044607142857 0.6286405021671827 0.547423525 0.6513179702786378 0.6101820988095238
