2 0.2318031250773994 0.6306984369047619 0.22652343777089784 0.6306984369047619 0.22199687492260062 0.6327781250000001 0.22162031269349847 0.643175 0.22954062476780185 0.6501046869047619 0.23821562476780186 0.653570313095238 0.24425 0.6542640619047619 0.25367968730650153 0.651492188095238 0.26122343777089785 0.6501046869047619 0.2661265622291022 0.6445609369047619 0.26989843777089784 0.6293124999999999 0.26575 0.6244609369047619 0.2593374996904025 0.6216890630952381 0.2551890625386997 0.62376875 0.24990781238390092 0.62376875 0.2416109374613003 0.626540625 0.24047812507739938 0.6293124999999999 0.23632968730650153 0.6306984369047619 0.2318031250773994 0.6306984369047619
0 0.21445312507739936 0.606440625 0.21332187492260063 0.6140640619047619 0.21709374984520124 0.611985938095238 0.22162031269349847 0.611985938095238 0.22539218761609905 0.6015890619047619 0.2269 0.593271875 0.22388281238390093 0.5856484369047619 0.22312812507739938 0.579410936904762 0.22388281238390093 0.5724796880952381 0.22048906253869968 0.5655484380952381 0.22199687492260062 0.5489140619047619 0.21784843777089782 0.5371328119047619 0.2137 0.53089375 0.21068281238390094 0.5274296869047619 0.2163390625386997 0.5537656249999999 0.21784843777089782 0.5752515630952382 0.21860312507739937 0.5925796869047619 0.21445312507739936 0.606440625
2 0.27593281238390094 0.6771359380952381 0.2661265622291022 0.6799078130952381 0.2653718749226006 0.6923828119047618 0.26688125015479874 0.702779688095238 0.2717843752321981 0.7007 0.28008125015479873 0.7007 0.28234531269349844 0.70763125 0.28649374984520126 0.7104031249999999 0.2925281250773994 0.704859375 0.29554531269349843 0.6993140619047619 0.29780937523219814 0.695848436904762 0.30610625015479875 0.68753125 0.31327343777089783 0.6736703130952381 0.3057296873065016 0.6681250000000001 0.2966781250773994 0.664659375 0.2902656247678018 0.672284375 0.2846078123839009 0.6750562499999999 0.27593281238390094 0.6771359380952381
0 0.2548109374613003 0.704165625 0.2566968749226006 0.7145625 0.2566968749226006 0.72773125 0.26046874984520124 0.742978125 0.26197812507739937 0.763078125 0.26122343777089785 0.78664375 0.2661265622291022 0.781098436904762 0.26989843777089784 0.7797124999999999 0.2748015622291022 0.771395311904762 0.2763109374613003 0.7672375 0.27593281238390094 0.753375 0.2732921876160991 0.742978125 0.27140625015479874 0.733275 0.26273125015479876 0.7201078119047619 0.2548109374613003 0.704165625
9 0.5757901430340557 0.6247982261904762 0.577352359752322 0.5295403428571429 0.5841272173374613 0.4414834642857143 0.5617299535603716 0.4764457476190476 0.5538972340557275 0.5425103226190476 0.5539522173374614 0.5627740892857143 0.5382963442724459 0.6154286202380953 0.5757901430340557 0.6247982261904762
2 0.6934640625386997 0.705551561904762 0.6987453126934985 0.7034734380952381 0.7081734377708978 0.7007 0.7104375003095975 0.690996875 0.7225062501547989 0.676442186904762 0.7198656247678018 0.659115625 0.7134546873065015 0.661195313095238 0.7044015622291022 0.667432813095238 0.6949734377708978 0.68129375 0.6870515622291022 0.6951562499999999 0.6934640625386997 0.705551561904762
0 0.6081937498452012 0.698621875 0.609832812383901 0.702925 0.6117062501547987 0.6977609369047619 0.6119406247678019 0.686140625 0.6131124996904025 0.6801156250000001 0.6131124996904025 0.6728000000000001 0.6119406247678019 0.668926561904762 0.6067890625386997 0.670648436904762 0.6058515622291022 0.6766734369047618 0.605382812383901 0.6865718749999999 0.6058515622291022 0.692596875 0.6081937498452012 0.698621875
1 0.5704875003095975 0.6512828119047618 0.5660390625386997 0.653004686904762 0.5594812501547988 0.6611812499999999 0.5583093752321981 0.668926561904762 0.5599500000000001 0.6895843749999999 0.5627593752321982 0.701634375 0.5653359374613004 0.710240625 0.5679125003095975 0.719709375 0.5693171876160991 0.731328125 0.5718937498452012 0.7386437499999999 0.5789187498452013 0.7373531249999999 0.5829 0.727025 0.585242187616099 0.7136843749999999 0.5875843752321981 0.6990515619047619 0.5882875003095975 0.6865718749999999 0.5866484377708978 0.67323125 0.5829 0.658598438095238 0.5800906247678018 0.6542953130952381 0.5747031250773994 0.6512828119047618 0.5704875003095975 0.6512828119047618
0 0.5786843752321982 0.7403656249999999 0.5847734377708979 0.7364921869047619 0.5882875003095975 0.728315625 0.5878187498452012 0.718848438095238 0.5878187498452012 0.7003421880952381 0.5861796873065016 0.7106718750000001 0.5840718749226006 0.7218609369047619 0.582432812383901 0.72960625 0.5784515622291021 0.7334796880952381 0.5742359374613003 0.7352015630952381 0.5786843752321982 0.7403656249999999
1 0.5550312501547987 0.659459375 0.55105 0.653434375 0.5414484377708978 0.6542953130952381 0.5339531250773993 0.6590296880952381 0.5344218749226006 0.669357811904762 0.5346562501547988 0.6857109369047619 0.5381687498452012 0.7007734380952381 0.5381687498452012 0.71153125 0.5398093752321982 0.7218609369047619 0.5423843752321982 0.72960625 0.5451953126934984 0.73305 0.5505812501547988 0.732189061904762 0.5555 0.7231515619047619 0.5585437498452012 0.7154046869047619 0.5613546873065015 0.706798436904762 0.562057812383901 0.6969 0.5618234377708978 0.6865718749999999 0.5599500000000001 0.6710781250000001 0.5550312501547987 0.659459375
1 0.5128765622291022 0.6736609369047619 0.5128765622291022 0.693026563095238 0.5147499999999999 0.7149749999999999 0.5210734377708978 0.7334796880952381 0.5255234377708978 0.7412265619047619 0.5313781250773993 0.7420875 0.5332515622291022 0.7377828119047619 0.5358281250773994 0.7304671880952381 0.5362953126934985 0.717126563095238 0.5379343752321981 0.7089500000000001 0.5367640625386997 0.698621875 0.5358281250773994 0.680546875 0.5304406247678018 0.6581687500000001 0.5107687498452013 0.6629015630952381 0.5128765622291022 0.6736609369047619
1 0.48524062476780183 0.665053125 0.4859437498452013 0.6728000000000001 0.4868812501547988 0.683128125 0.4882859374613003 0.6977609369047619 0.49156406253869966 0.71454375 0.49414062476780185 0.728315625 0.4992921876160991 0.743807813095238 0.5046796873065015 0.7528453119047618 0.5105343752321981 0.754996875 0.5131109374613003 0.745959375 0.5152187498452012 0.72659375 0.5140468749226006 0.710240625 0.5126421876160991 0.695178125 0.5107687498452013 0.683128125 0.5063187498452012 0.665053125 0.48524062476780183 0.665053125
1 0.4615875003095975 0.667635938095238 0.4608843752321981 0.6719390630952381 0.46065 0.678825 0.4615875003095975 0.6900140619047619 0.46229062476780186 0.706798436904762 0.46509999999999996 0.7227203130952381 0.47025312507739936 0.7395046880952381 0.4763421876160991 0.749403125 0.4829 0.751984375 0.48781718761609905 0.7498328119047619 0.49015937523219816 0.7395046880952381 0.49086249969040247 0.7244421869047619 0.4871140625386997 0.6904453119047619 0.48570937523219815 0.678825 0.481025 0.6637625 0.4615875003095975 0.667635938095238
1 0.4353578123839009 0.67624375 0.4360609374613003 0.6878624999999999 0.43980781238390093 0.703354686904762 0.44191562476780183 0.7158359369047619 0.4428515622291022 0.732189061904762 0.4484718749226006 0.745959375 0.4559671876160991 0.74466875 0.4601828123839009 0.732189061904762 0.4618218749226006 0.7218609369047619 0.4608843752321981 0.706798436904762 0.46135312507739934 0.692165625 0.4608843752321981 0.6801156250000001 0.4569031250773994 0.670648436904762 0.4367625003095975 0.666775 0.4353578123839009 0.67624375
1 0.4030390625386997 0.710240625 0.40374062476780187 0.72659375 0.4081906247678018 0.7481125 0.41100156222910217 0.7515546880952381 0.4196671876160991 0.7489718750000001 0.4280968749226006 0.746820311904762 0.4327812501547988 0.74165625 0.4377 0.732189061904762 0.43980781238390093 0.718417188095238 0.43957343777089786 0.7063671869047619 0.43840156222910215 0.693457813095238 0.4341859374613003 0.6818375000000001 0.42669218761609906 0.66720625 0.41685625015479877 0.666345313095238 0.4100640625386997 0.671509375 0.4044437498452012 0.683989063095238 0.4028046873065016 0.696039061904762 0.4030390625386997 0.710240625
6 0.37443471269349843 0.8002185238095239 0.3666235095975232 0.7174535273809525 0.32460933931888547 0.7250000011904761 0.3306919281733746 0.8017802238095239 0.37443471269349843 0.8002185238095239
6 0.6806338489164088 0.6018947309523809 0.6915694854489164 0.5269377000000001 0.6527343393188855 0.5335937511904761 0.6462644842105263 0.5956482869047619 0.6806338489164088 0.6018947309523809
6 0.30882053560371514 0.6112643369047619 0.3056961021671827 0.5378688880952381 0.27187496408668727 0.5453125011904761 0.2713267374613003 0.6112643369047619 0.30882053560371514 0.6112643369047619
2 0.557368827244582 0.6015043178571429 0.5643121188854489 0.6181614488095238 0.5705610916408669 0.6181614488095238 0.5775043832817337 0.579294819047619 0.5618055399380806 0.5687500011904761 0.557368827244582 0.5806829178571429 0.557368827244582 0.6015043178571429
6 0.6080548773993808 0.5744365130952381 0.6080548773993808 0.5369580345238095 0.5872250024767802 0.5286294154761905 0.587919373993808 0.5751306023809524 0.6080548773993808 0.5744365130952381
2 0.20256663653250775 0.6743792202380953 0.22270219256965945 0.6952006202380953 0.22895116594427242 0.7021410869047618 0.2421433777089783 0.6889541892857142 0.25116967801857587 0.7021410869047618 0.26019597832817337 0.686872080952381 0.25672433250773996 0.6736851833333333 0.23107637275541795 0.6668402785714286 0.20187231826625388 0.6591102142857143 0.20256663653250775 0.6743792202380953
13 0.3761489269349845 0.7597469833333333 0.6879027306501547 0.761135055952381 0.6760991560371518 0.7243506130952381 0.5372332712074304 0.7278208464285714 0.3761489269349845 0.7340672238095238 0.2504753591331269 0.74586605 0.17965375294117647 0.7021410869047618 0.17899303962848298 0.7258680559523809 0.2581129696594427 0.7847326535714286 0.3761489269349845 0.7597469833333333
