2 0.3515337457413352 0.5730588589841729 0.3931935697555673 0.5741915811588596 0.39180691013405067 0.6251853891965682 0.350147086309903 0.62405267228781
9 0.3662764703982475 0.43994673975557286 0.37113349716776156 0.43985999492587824 0.3719828714212099 0.4874151974205216 0.3671258446598813 0.4875019419573068
9 0.35687877617806407 0.45210309547158667 0.36014662158436295 0.45206964040815817 0.360561594294154 0.4926009200454261 0.35729374888956045 0.49263437501136864
2 0.3857656168224821 0.5534484367056427 0.4195385188363616 0.5567290904868476 0.41285988523907236 0.6254755574760329 0.37908698590354106 0.6221949241305174
9 0.40438954766102597 0.5920374599005097 0.3978285967446027 0.5923380413115168 0.39007517025049765 0.42311307701294987 0.39663593750003656 0.42281249999999804
7 0.3897200722258276 0.3781137208907044 0.41235764165242017 0.37741744326294635 0.41416960405013015 0.43632558813693123 0.39153203471437337 0.43702186321770126
2 0.44642076156662824 0.6225618231461327 0.43118028036622036 0.6239450914843242 0.4279407590631763 0.5882562920344256 0.44318113999145226 0.5868730282794546
2 0.4447816214764089 0.5838148297521094 0.4602940080010285 0.5836174190632888 0.4607780893869631 0.6216520247945553 0.44526570287803224 0.6218494347928957
2 0.48457601127859107 0.6327034823413696 0.47550813267855574 0.6328624113312986 0.4747624722178898 0.5903206134703246 0.48383027918248445 0.5901616851070137
2 0.4849066852125361 0.592003545084704 0.4943015089579603 0.5917661121041558 0.49527077069228653 0.6301138811366281 0.4858759469790357 0.6303513132702852
2 0.5242035092436481 0.6251183210571244 0.5130675919084524 0.6257096435127167 0.5108763677694697 0.5844479148709049 0.5220122002244807 0.5838565946787414
2 0.5263434517530641 0.579935502854292 0.5509804027899463 0.5801374215691515 0.5505766616145138 0.6293942015505929 0.5259397105959351 0.6291922837517411
2 0.5494812689154287 0.5858794285870615 0.5580282011544568 0.5853394643007551 0.5597438280098004 0.6124926692789582 0.5511968958985562 0.613032632224058
9 0.5378499317647538 0.44839218488615346 0.5445588916658153 0.4486491808336523 0.538698022225617 0.6016366802455727 0.531989062500088 0.6013796875000018
2 0.5938542266778768 0.5703295288155829 0.6174428374907848 0.572662521029849 0.6134878759953608 0.6126464653028898 0.5898992664566549 0.6103134815439053
2 0.6148442522670621 0.6070260354566216 0.6118593813108646 0.5566989707569887 0.6447679191701354 0.5547474405255545 0.6477529276454561 0.6050743560592418
9 0.6335718901624432 0.5510593754193855 0.6285841867858153 0.5509214185000774 0.631781134915741 0.435349544318154 0.6367687499999874 0.43548749999999925
2 0.6952842659712815 0.5964097288985472 0.6760504599500337 0.5545710947011313 0.7182614736929054 0.5351680429003212 0.7374953226776597 0.577006508110807
2 0.7306174558220846 0.611978382595051 0.7406759647317358 0.6311259689957578 0.7036269678084182 0.65058587690381 0.6935685487322871 0.6314383675261249
2 0.6449711790502306 0.6414342221827348 0.6809081314135028 0.6350422249420313 0.6853096836823624 0.6597854094541887 0.6493727354743442 0.6661773908152894
2 0.6042437422596549 0.6461843834803924 0.6337871452710715 0.6431597276045135 0.6377938067046216 0.6822897351881693 0.6082504055111713 0.68531437904268
2 0.33218295458334524 0.6573648383646227 0.3262962394827582 0.6899880839592757 0.2828714866968767 0.6821531789049716 0.28875831536379337 0.6495300792391918
2 0.2793025315613704 0.6456692776942088 0.2713032058391036 0.669472998036189 0.23492036577692943 0.657247882102046 0.2429197373861598 0.6334442519117869
11 0.1827468980300182 0.6103420937421883 0.24463116883089242 0.631611736928214 0.19328723383955548 0.780976326416574 0.13140313439009788 0.7597070360089884
7 0.12614529071481684 0.7466809236911978 0.16312571631681294 0.7511898898820201 0.15626269341817078 0.8074669812434888 0.11928227343753406 0.8029580453125028
6 0.6820164485432088 0.5558851449335439 0.6834745664219781 0.5694926810121949 0.6508397779073221 0.572989265277622 0.6493817018940717 0.5593817676497026