2 0.3911171876160991 0.5778046880952381 0.38080312507739933 0.5738546869047619 0.3687687498452012 0.576225 0.3571640625386997 0.5746453130952381 0.35243750030959753 0.577015625 0.35114687492260066 0.5872859369047618 0.3507171876160991 0.6030875 0.35544531269349844 0.6188890630952381 0.3563046873065015 0.6228390630952381 0.3636109374613003 0.62441875 0.37005781238390095 0.62046875 0.3773640625386997 0.6141484380952381 0.38123281238390094 0.605457813095238 0.39154687492260065 0.5991375 0.3928375003095975 0.5872859369047618 0.3911171876160991 0.5778046880952381
9 0.36671718761609906 0.464621875 0.3681218749226006 0.48268281190476187 0.36711874984520126 0.4871046869047619 0.3687218749226006 0.4874734380952381 0.3719312501547987 0.484525 0.36992499999999995 0.4620421869047619 0.36731874984520124 0.439928125 0.36671718761609906 0.464621875
9 0.3580968749226006 0.452090625 0.3568937498452013 0.453565625 0.35729374984520124 0.492634375 0.3605015622291022 0.48673750000000005 0.3580968749226006 0.452090625
2 0.39802611517027864 0.6240346345238095 0.4124655479876161 0.6158732154761904 0.40995434241486073 0.6014337821428571 0.4162323566563467 0.5907611583333333 0.3949875003095975 0.5810921869047619 0.39177968730650153 0.5748265619047619 0.389775 0.5670859380952381 0.38777031269349843 0.560820313095238 0.38576562476780185 0.5534484369047619 0.3855640625386997 0.560082811904762 0.3849625003095975 0.570771875 0.38275781238390094 0.584409375 0.38335937523219815 0.5921484380952381 0.3821562501547987 0.60246875 0.3821562501547987 0.6065234380952381 0.38335937523219815 0.610946875 0.38837187492260067 0.610946875 0.39802611517027864 0.6240346345238095
9 0.39710937523219814 0.576640625 0.399 0.592284375 0.4042015622291022 0.5879390619047619 0.39805468730650156 0.4888640619047619 0.3966359374613003 0.42281250000000004 0.3956906247678018 0.5366624999999999 0.39710937523219814 0.576640625
7 0.4095203126934985 0.434928125 0.41216718761609905 0.4308734380952381 0.4134906247678019 0.42114375 0.4134906247678019 0.4142515619047619 0.4128281250773994 0.4033046869047619 0.4106234377708978 0.39397968690476187 0.40599218761609907 0.38505937500000004 0.40113906253869974 0.3777625 0.3945234377708978 0.38384375 0.3903328123839009 0.39803437500000005 0.39099374984520124 0.419521875 0.3934203126934984 0.41060156309523804 0.3954046873065016 0.40614218690476195 0.39783125015479875 0.4045203119047619 0.40003593746130034 0.40614218690476195 0.4033453126934985 0.409790625 0.4048890625386997 0.419115625 0.4057703126934985 0.428846875 0.4068734377708978 0.43655 0.4095203126934985 0.434928125
2 0.4410593752321981 0.6230484369047619 0.44348437523219814 0.62264375 0.4445874996904025 0.6121015630952381 0.44436718761609906 0.599939063095238 0.4437046873065016 0.592640625 0.4421609374613003 0.586965625 0.4388531250773994 0.5877765630952381 0.43620625015479875 0.5906140630952381 0.43289843777089787 0.5950734369047619 0.42937031269349846 0.596290625 0.42914843777089784 0.6015609380952381 0.43179531269349847 0.6060203130952382 0.43400156222910213 0.61331875 0.43642656222910214 0.6185890619047619 0.4384124996904025 0.621021875 0.4410593752321981 0.6230484369047619
2 0.46068749969040246 0.6145343750000001 0.45980625015479876 0.608857811904762 0.4562765622291022 0.6031828119047619 0.4560562501547988 0.5938578130952381 0.45362968730650155 0.5885875 0.4520859374613003 0.583721875 0.44988125015479874 0.5841265630952381 0.4472343752321981 0.5845328130952381 0.44613125015479876 0.5893968749999999 0.44525000000000003 0.5938578130952381 0.44502812507739936 0.6031828119047619 0.44525000000000003 0.611290625 0.44525000000000003 0.620615625 0.4465718749226006 0.6218328130952381 0.45054218761609904 0.621021875 0.4531890625386997 0.6202109380952381 0.4582609374613003 0.6173718749999999 0.46068749969040246 0.6145343750000001
2 0.48406562476780185 0.6035875 0.4829625003095975 0.5938578130952381 0.4811984377708979 0.5902078130952381 0.47811093746130034 0.5942625 0.47634687492260064 0.5979125000000001 0.47502343777089784 0.605209375 0.47568437523219814 0.6137234380952381 0.47745000000000004 0.623859375 0.47811093746130034 0.630346875 0.4803171876160991 0.6327781250000001 0.483625 0.6279140630952381 0.48428593746130033 0.61615625 0.48406562476780185 0.6035875
2 0.4917859374613003 0.5918296880952381 0.48737343777089787 0.5922359369047618 0.48516874984520125 0.602371875 0.48560937523219816 0.6198046880952381 0.4860515622291021 0.630346875 0.48891874984520123 0.6250749999999999 0.4922265622291022 0.618182813095238 0.4946515622291021 0.6125078119047619 0.4946515622291021 0.605615625 0.49399062476780187 0.5950734369047619 0.4917859374613003 0.5918296880952381
2 0.5215593752321982 0.5918296880952381 0.5208984377708978 0.5849375 0.5169281250773994 0.5841265630952381 0.5136203126934985 0.586965625 0.5118546873065015 0.596290625 0.512517187616099 0.6153453119047618 0.5142812501547988 0.6250749999999999 0.5173687498452012 0.6254812500000001 0.5211187498452012 0.624670311904762 0.5239859374613003 0.621021875 0.5231031250773994 0.6043984369047619 0.5215593752321982 0.5918296880952381
2 0.5506718749226006 0.617778125 0.5502312501547988 0.607235936904762 0.5491281250773994 0.593451563095238 0.5484656247678018 0.5845328130952381 0.5464812501547988 0.5825046880952381 0.5431734377708979 0.5800734369047619 0.5409671876160991 0.586559375 0.5387624996904025 0.593451563095238 0.5262614377708978 0.589941475 0.5259610600619194 0.6265875333333333 0.5379761616099071 0.629290930952381 0.5453781250773994 0.624670311904762 0.5482453126934985 0.6230484369047619 0.5506718749226006 0.617778125
2 0.5515546873065015 0.5857484380952381 0.5500109374613003 0.5942625 0.550892187616099 0.60399375 0.5511124996904024 0.611696875 0.5530984377708978 0.6129125 0.5568468749226005 0.6084531249999999 0.5590531250773995 0.6015609380952381 0.5581703126934985 0.5942625 0.5546421876160991 0.588992186904762 0.5515546873065015 0.5857484380952381
9 0.5401937498452013 0.56259375 0.5394124996904025 0.5381734369047619 0.5382406247678019 0.505853125 0.53785 0.4483921869047619 0.534725 0.5381734369047619 0.5339437498452012 0.5690578119047619 0.5331609374613003 0.5877328119047619 0.5319890625386997 0.6013796869047618 0.53785 0.599225 0.5401937498452013 0.56259375
2 0.6152687498452013 0.585721875 0.6128421876160991 0.5776140619047619 0.6112984377708979 0.574370311904762 0.6082109374613003 0.573153125 0.6060046873065016 0.57153125 0.6031374996904024 0.5723421869047619 0.600932812383901 0.5759921880952381 0.60005 0.5841 0.5956390625386997 0.5853171880952381 0.5918906247678019 0.59018125 0.590567187616099 0.6035609380952381 0.5925515622291022 0.6104531249999999 0.5954187498452013 0.6108593750000001 0.5985062501547987 0.6104531249999999 0.6022562501547988 0.6096421880952381 0.6066671876160991 0.610048436904762 0.6108578123839009 0.6084265619047619 0.6139453126934984 0.6039671869047619 0.6152687498452013 0.5946421880952381 0.6152687498452013 0.585721875
2 0.6337965944272446 0.5553980583333333 0.6244848910216718 0.5578010785714286 0.6201203126934984 0.5759921880952381 0.61615 0.57518125 0.6143859374613003 0.579640625 0.6139453126934984 0.5849109380952381 0.613725 0.5881546869047619 0.6146062501547987 0.597884375 0.6154890625386996 0.6051828130952381 0.6185765622291022 0.6068046869047619 0.6234281250773993 0.6035609380952381 0.644610185758514 0.6052607285714285 0.6467128284829721 0.5875384547619048 0.6337965944272446 0.5553980583333333
9 0.6339265622291022 0.5223296869047619 0.63215 0.492946875 0.6335718749226006 0.47009375000000003 0.6367687498452013 0.4354875 0.6307296873065016 0.47466406309523806 0.630375 0.505353125 0.6293093752321982 0.5269 0.6285984377708979 0.55040625 0.6335718749226006 0.551059375 0.6339265622291022 0.5223296869047619
2 0.7106546873065015 0.5875015619047619 0.7170703126934985 0.5863953130952381 0.7224843752321981 0.583078125 0.7278984377708978 0.579025 0.7337125003095976 0.571653125 0.7333109374613004 0.5679671880952382 0.7313062501547988 0.56354375 0.7284999999999999 0.5613328130952381 0.7246906247678018 0.5602265630952381 0.7190765622291021 0.558753125 0.715667187616099 0.558015625 0.7106546873065015 0.558753125 0.7074468749226006 0.559121875 0.7042390625386997 0.56280625 0.7018328123839009 0.5583843749999999 0.701632812383901 0.55285625 0.6978234377708978 0.5473265619047619 0.6942140625386998 0.546221875 0.6904046873065016 0.55138125 0.6892015622291022 0.5602265630952381 0.6900031250773994 0.5679671880952382 0.6892015622291022 0.576075 0.6900031250773994 0.584921875 0.6952171876160991 0.595610936904762 0.6982234377708978 0.5933984369047619 0.7006296873065015 0.593029686904762 0.7050406247678019 0.591925 0.7070453126934985 0.59045 0.7106546873065015 0.5875015619047619
2 0.6970218749226006 0.6365218749999999 0.7024343752321982 0.648315625 0.7054421876160991 0.647948436904762 0.7096531250773994 0.6442625000000001 0.7162687498452012 0.64168125 0.7198781250773995 0.64205 0.7248906247678019 0.6365218749999999 0.7293015622291021 0.6343109369047619 0.7335124996904026 0.6328359380952381 0.7351156247678018 0.62878125 0.7315062501547988 0.6136703130952381 0.7280984377708979 0.6133015619047619 0.7246906247678018 0.61661875 0.7222843752321981 0.6203046880952381 0.7182734377708978 0.6199359380952381 0.715667187616099 0.6243593749999999 0.7124593752321982 0.622884375 0.70845 0.623621875 0.7024343752321982 0.62951875 0.6970218749226006 0.6365218749999999
2 0.6826328123839009 0.653103125 0.6822312501547987 0.645732811904762 0.6816296873065015 0.639098438095238 0.6782218749226007 0.6365171869047619 0.6752140625386996 0.6368859380952381 0.6716046873065016 0.6394671880952381 0.6665921876160992 0.642046875 0.6601765622291021 0.638729688095238 0.6553640625386997 0.640203125 0.6513546873065016 0.640571875 0.6475453126934985 0.642046875 0.6455390625386996 0.6446265619047619 0.6489484377708978 0.663792188095238 0.6521562501547987 0.663054686904762 0.6541609374613003 0.6612125 0.6591734377708979 0.66158125 0.6611781250773994 0.66158125 0.662782812383901 0.663792188095238 0.6661906247678018 0.66158125 0.670601562229102 0.6578953119047619 0.6746125003095975 0.6560531249999999 0.6826328123839009 0.653103125
2 0.6266921876160991 0.668584375 0.6290984377708978 0.673375 0.6315046873065016 0.6796406250000001 0.6369187498452012 0.67374375 0.6357156247678019 0.664160938095238 0.6341109374613003 0.6575265619047619 0.6299015622291022 0.646101561904762 0.6236859374613003 0.645732811904762 0.6204765622291022 0.64905 0.6170687498452012 0.64905 0.6152640625386997 0.6468375 0.6122562501547988 0.6453640630952381 0.6082468749226007 0.647575 0.6048390625386997 0.651998438095238 0.6080468749226007 0.6833265619047619 0.6100515622291022 0.683695311904762 0.6132593752321982 0.684801563095238 0.6162671876160991 0.6800093749999999 0.6168687498452012 0.677060938095238 0.6160656247678018 0.667846875 0.6178703126934985 0.667846875 0.6218812501547988 0.6652671880952381 0.6242874996904025 0.663792188095238 0.6266921876160991 0.668584375
2 0.3141140625386997 0.684801563095238 0.31972812507739934 0.6789046880952381 0.32494062476780183 0.681115625 0.33115625015479877 0.663054686904762 0.3269468749226006 0.6564203119047619 0.31972812507739934 0.66010625 0.3175234377708978 0.6578953119047619 0.31130781238390093 0.66010625 0.3030874996904025 0.6575265619047619 0.2994781250773994 0.651998438095238 0.2942640625386997 0.650523436904762 0.28985312507739935 0.6508921869047618 0.28744843777089785 0.6567890630952381 0.28624531269349845 0.671164061904762 0.2878484377708978 0.6774296880952381 0.28985312507739935 0.6833265619047619 0.2934624996904025 0.684064061904762 0.298075 0.680746875 0.3026859374613003 0.6763234380952381 0.3042890625386997 0.6763234380952381 0.30609374984520127 0.680746875 0.30890156222910214 0.6844328130952381 0.3141140625386997 0.684801563095238
2 0.24614531269349846 0.63578125 0.24213437523219813 0.63578125 0.24053125015479876 0.640940625 0.24033125015479878 0.651998438095238 0.2467468749226006 0.655315625 0.2533624996904025 0.663054686904762 0.2609812501547987 0.6660046869047619 0.27180937523219817 0.667109375 0.27441562476780185 0.6597375 0.27742343777089784 0.651260938095238 0.27180937523219817 0.643151563095238 0.27020468730650155 0.6453640630952381 0.26539218761609906 0.643520313095238 0.2623859374613003 0.643151563095238 0.26078125015479875 0.6446265619047619 0.25596874984520124 0.6394671880952381 0.2531625003095975 0.6368859380952381 0.2513578123839009 0.639834375 0.24614531269349846 0.63578125
11 0.17641220557275542 0.7615231499999999 0.18206241857585137 0.7571285404761905 0.22349731393188857 0.6930927928571429 0.22663632074303405 0.6723753452380953 0.22412511517027864 0.6491466916666667 0.21941660433436533 0.6271736416666667 0.2134524904024768 0.6208956273809524 0.2071744761609907 0.6190122226190476 0.19085163839009286 0.6165010166666667 0.18394582291021672 0.6196400238095238 0.17641220557275542 0.6303126488095239 0.17264539690402478 0.6397296702380952 0.1619727721362229 0.6736309488095239 0.15318355232198141 0.6999986095238095 0.145022133126935 0.7200882547619047 0.17138979380804953 0.7634065547619048 0.1513001479876161 0.766545561904762 0.17201759566563468 0.7634065547619048 0.17641220557275542 0.7615231499999999
7 0.13497731021671827 0.7596397464285715 0.1293270972136223 0.7621509523809524 0.12681589164086687 0.7678011654761905 0.12242128111455107 0.777218186904762 0.11928227430340557 0.8029580452380953 0.1374885157894737 0.8029580452380953 0.14188312631578948 0.7991912369047619 0.15632255913312695 0.7878908107142857 0.1594615665634675 0.780357194047619 0.16071716965944272 0.7709401726190476 0.1594615665634675 0.7558729369047619 0.15004454489164087 0.7495949226190476 0.145022133126935 0.7539895333333334 0.13497731021671827 0.7596397464285715
25 0.37040285139318885 0.4921963309523809 0.35910242538699694 0.4940797357142857 0.3572190210526316 0.5719271142857143 0.359730226625387 0.578832930952381 0.3729140569659443 0.573810519047619 0.37040285139318885 0.4921963309523809
6 0.6557241541795666 0.5587022107142857 0.6500169814241487 0.5653105166666667 0.6527203789473683 0.5713180678571429 0.660830572755418 0.5719188226190476 0.670442653250774 0.5704169345238095 0.6791536018575851 0.5671127821428571 0.680054734365325 0.5656108940476191 0.681857 0.5587022107142857 0.6821573770897833 0.5572003238095238 0.6641347250773993 0.5578010785714286 0.6557241541795666 0.5587022107142857
