0 0.20061874984520123 0.502290625 0.20359843777089784 0.51325625 0.21055312507739937 0.5251343749999999 0.21502187492260064 0.520565625 0.21502187492260064 0.50411875 0.21551874984520122 0.492240625 0.21849843777089784 0.48584531190476193 0.21998906253869968 0.4794484369047619 0.221975 0.468484375 0.2130359374613003 0.46665625 0.20657968730650156 0.473965625 0.2031031250773994 0.4821890630952381 0.20061874984520123 0.502290625
2 0.25823281238390094 0.4958953119047619 0.25823281238390094 0.5050328119047619 0.2547546873065015 0.5105140619047619 0.2537624996904025 0.5196515630952381 0.24780156222910216 0.515996875 0.24382812507739937 0.506859375 0.23935937523219813 0.506859375 0.23439218761609906 0.5077734380952381 0.23439218761609906 0.4986359380952381 0.23439218761609906 0.48767187500000003 0.2299218749226006 0.4840171880952381 0.22445937523219814 0.483103125 0.21899531269349845 0.4840171880952381 0.21750625015479877 0.4958953119047619 0.21601562476780184 0.5123421869047619 0.21949218761609907 0.52330625 0.22296874984520124 0.527875 0.22694218761609908 0.529703125 0.229425 0.5242203119047619 0.23786874984520123 0.529703125 0.24333281238390092 0.5351843749999999 0.24829843777089783 0.5379265630952381 0.25326562476780184 0.5379265630952381 0.26071562476780186 0.5351843749999999 0.26369531269349844 0.5269609369047619 0.26717187492260064 0.5141703130952381 0.2676687498452012 0.500464063095238 0.2656828123839009 0.4913265630952381 0.26021874984520127 0.4913265630952381 0.25823281238390094 0.4958953119047619
2 0.3053828123839009 0.5137171880952381 0.299225 0.509940625 0.28978437523219813 0.509940625 0.2840374996904025 0.5106953130952381 0.2782921876160991 0.5174921880952381 0.2758281250773994 0.5114515630952381 0.2709031250773994 0.506165625 0.26515625015479877 0.5348609369047619 0.2663875003095975 0.5424109369047618 0.2672093752321981 0.5499625 0.27254531269349846 0.556759375 0.2762390625386997 0.5575140630952381 0.2823968749226006 0.556759375 0.28814218761609905 0.556759375 0.2943 0.5635546880952381 0.30168750030959757 0.568085936904762 0.30866562476780185 0.5643109369047619 0.31810625015479876 0.5537390619047619 0.32097968730650156 0.548453125 0.3189281250773994 0.522778125 0.3164656247678019 0.5114515630952381 0.3115390625386997 0.5114515630952381 0.3053828123839009 0.5137171880952381
1 0.33822031269349845 0.509185938095238 0.3283687498452012 0.512960938095238 0.32139062476780184 0.5152265630952382 0.3189281250773994 0.5174921880952381 0.3172859374613003 0.5318390630952381 0.3156437498452012 0.5597796880952381 0.3296 0.58016875 0.3439656247678019 0.574126561904762 0.35053437523219816 0.568840625 0.35463906253869965 0.55071875 0.35627968730650156 0.531084375 0.35053437523219816 0.519757813095238 0.34355625015479874 0.51220625 0.33822031269349845 0.509185938095238
9 0.34109218761609905 0.3951609369047619 0.34355625015479874 0.42461093690476187 0.342325 0.4563265619047619 0.34683906253869967 0.4608578130952381 0.34683906253869967 0.445 0.34642968730650153 0.42461093690476187 0.34109218761609905 0.3951609369047619
2 0.39157968730650156 0.552228125 0.3891171876160991 0.5424109369047618 0.3870656247678019 0.5386359369047619 0.38213906253869967 0.5386359369047619 0.3788562501547988 0.548453125 0.37392968730650156 0.552982811904762 0.3690046873065016 0.5560046880952382 0.3649 0.5454328130952381 0.3587421876160991 0.537125 0.3529968749226006 0.54165625 0.3525859374613003 0.5537390619047619 0.35135468730650155 0.5658203119047619 0.35463906253869965 0.5726171880952381 0.36120625015479874 0.5726171880952381 0.3677734377708978 0.574126561904762 0.37392968730650156 0.5771484380952381 0.3796765622291022 0.5786578130952381 0.38665468730650154 0.5711062499999999 0.3895281250773994 0.5635546880952381 0.39157968730650156 0.552228125
2 0.4162078123839009 0.58016875 0.41785 0.5665765619047619 0.4149765622291022 0.548453125 0.4104609374613003 0.5537390619047619 0.4043046873065016 0.556759375 0.40143125015479875 0.5575140630952381 0.39937968730650153 0.5711062499999999 0.40266250030959755 0.5809234369047619 0.41087187492260063 0.586209375 0.4162078123839009 0.58016875
1 0.4412468749226006 0.5039 0.4293437498452013 0.49936875 0.4223656247678019 0.5023890630952381 0.41538750030959753 0.514471875 0.41702968730650153 0.52881875 0.41743906253869967 0.548453125 0.4182609374613003 0.574126561904762 0.4215437498452012 0.6028218750000001 0.433857812383901 0.6050875 0.44247812507739936 0.6058421869047619 0.448225 0.599046875 0.4474031250773994 0.581678125 0.4474031250773994 0.5643109369047619 0.4449406247678019 0.5461875 0.4441203126934985 0.5220234380952381 0.4412468749226006 0.5039
3 0.42729062476780183 0.41252812499999997 0.42195468730650154 0.395915625 0.41743906253869967 0.389875 0.4059468749226006 0.3951609369047619 0.4100515622291022 0.421590625 0.412925 0.451040625 0.4145656247678019 0.4752046869047619 0.41702968730650153 0.5114515630952381 0.4252390625386997 0.5008796869047619 0.4334484377708978 0.5016343750000001 0.4400156247678018 0.503145311904762 0.4355 0.4623671880952381 0.43139531269349846 0.43669375 0.42729062476780183 0.41252812499999997
0 0.4568437498452012 0.5952703119047619 0.46094843777089783 0.5846984369047619 0.4638218749226006 0.5763921880952381 0.4584859374613003 0.561290625 0.4547921876160991 0.552982811904762 0.448225 0.55071875 0.4474031250773994 0.568085936904762 0.4474031250773994 0.5831890619047618 0.4474031250773994 0.594515625 0.4510984377708978 0.599046875 0.4568437498452012 0.5952703119047619
0 0.47982968730650155 0.556759375 0.4757265622291022 0.5552484369047619 0.4708 0.5575140630952381 0.4683375003095975 0.568085936904762 0.4687484377708978 0.581678125 0.4683375003095975 0.589984375 0.47449374984520126 0.599046875 0.4781890625386997 0.6035765619047619 0.48229374984520124 0.6065984369047619 0.4851671876160991 0.607353125 0.4876296873065015 0.60055625 0.4880390625386997 0.58771875 0.48721874984520125 0.573371875 0.48845000000000005 0.5620453130952381 0.4851671876160991 0.55449375 0.47982968730650155 0.556759375
0 0.4950171876160991 0.5726171880952381 0.4892718749226006 0.568840625 0.4876296873065015 0.585454686904762 0.4896812501547988 0.5967812499999999 0.4921437498452012 0.6020671869047619 0.49624843777089783 0.599046875 0.4987124996904025 0.5914953130952381 0.49748125015479877 0.58016875 0.4950171876160991 0.5726171880952381
1 0.5290859374613003 0.552228125 0.5274437498452013 0.5665765619047619 0.530317187616099 0.5846984369047619 0.5336015622291022 0.6050875 0.5401687498452012 0.6065984369047619 0.5492 0.6058421869047619 0.5569984377708979 0.598290625 0.5512515622291021 0.514471875 0.5467359374613003 0.5046546869047619 0.5389375003095975 0.5069203119047619 0.5307281250773993 0.509940625 0.5274437498452013 0.518246875 0.5266234377708978 0.53335 0.5290859374613003 0.552228125
3 0.5422218749226005 0.505409375 0.5508406247678018 0.509940625 0.5471468749226006 0.4880421869047619 0.5463265622291021 0.4616125 0.5446843752321981 0.43820312499999997 0.5430421876160991 0.41328437500000004 0.5393484377708978 0.3928953119047619 0.5352437498452013 0.3808125 0.5262125003095975 0.38232343809523806 0.5216984377708977 0.3951609369047619 0.5233406247678019 0.421590625 0.5270343752321982 0.4480203130952381 0.5286765622291022 0.48728750000000004 0.5286765622291022 0.51598125 0.5323703126934984 0.5106953130952381 0.5381171876160991 0.505409375 0.5422218749226005 0.505409375
0 0.6152843752321981 0.5492078130952381 0.6099484377708978 0.55449375 0.6058437498452012 0.5658203119047619 0.6095374996904025 0.5748828130952381 0.6136421876160991 0.5831890619047618 0.6173359374613003 0.5794125 0.6169265622291021 0.56733125 0.6169265622291021 0.559025 0.6152843752321981 0.5492078130952381
0 0.6177468749226006 0.55826875 0.6185687498452013 0.5718625 0.6210312501547988 0.5763921880952381 0.624725 0.573371875 0.6267765622291022 0.568840625 0.6255453126934984 0.559025 0.6198 0.55071875 0.6177468749226006 0.55826875
2 0.642375 0.5869640619047619 0.6493531250773994 0.582434375 0.6542781250773994 0.5786578130952381 0.6538687498452013 0.56733125 0.6530468749226006 0.556759375 0.6481218749226006 0.5461875 0.644017187616099 0.547696875 0.6395015622291021 0.55449375 0.6362187498452012 0.565065625 0.6345765622291022 0.5748828130952381 0.6362187498452012 0.5809234369047619 0.6386812501547988 0.586209375 0.642375 0.5869640619047619
2 0.6957359374613002 0.527309375 0.6916312501547988 0.5348609369047619 0.6932734377708979 0.548453125 0.6908093752321981 0.55071875 0.6834218749226006 0.5552484369047619 0.6809593752321982 0.552228125 0.6756234377708978 0.552228125 0.6723390625386998 0.556759375 0.6682343752321981 0.559025 0.6624874996904025 0.552982811904762 0.6567406247678019 0.547696875 0.651815624767802 0.5454328130952381 0.6509953126934984 0.5597796880952381 0.6522265622291021 0.5771484380952381 0.6559203126934984 0.58016875 0.6592046873065015 0.58394375 0.6633093752321981 0.5846984369047619 0.6719281250773994 0.58016875 0.6743906247678019 0.588475 0.6809593752321982 0.58771875 0.6867046873065016 0.5846984369047619 0.6916312501547988 0.5809234369047619 0.6973781250773994 0.5748828130952381 0.7043546873065015 0.5658203119047619 0.7047656247678019 0.5469421880952381 0.7047656247678019 0.5318390630952381 0.7014828123839009 0.518246875 0.6994296873065016 0.5220234380952381 0.6957359374613002 0.527309375
2 0.7207734377708978 0.5318390630952381 0.7215953126934984 0.5235328119047619 0.7220046873065015 0.51220625 0.7137968749226006 0.506165625 0.706407812383901 0.509185938095238 0.7035343752321982 0.52504375 0.7031234377708978 0.540146875 0.706407812383901 0.556759375 0.7133859374613003 0.565065625 0.7183109374613003 0.5658203119047619 0.7285734377708978 0.565065625 0.7355515622291021 0.560534375 0.7421187498452012 0.552228125 0.7474546873065016 0.5461875 0.7462234377708978 0.529575 0.7417078123839009 0.519757813095238 0.7330874996904025 0.524289063095238 0.728982812383901 0.528064063095238 0.7248781250773993 0.5348609369047619 0.7207734377708978 0.5318390630952381
2 0.7421187498452012 0.6330281249999999 0.7421187498452012 0.6201906249999999 0.7412968749226007 0.6081078130952381 0.7466328123839009 0.5998015619047619 0.7478640625386997 0.5892296880952381 0.7437609374613003 0.5846984369047619 0.7376031250773994 0.58394375 0.7326781250773995 0.5869640619047619 0.7257 0.58771875 0.7191328123839009 0.5930046880952381 0.7133859374613003 0.60055625 0.7072281250773994 0.610373436904762 0.7072281250773994 0.6216999999999999 0.710923437770898 0.6337828119047619 0.7179015622291021 0.6398234380952381 0.7199531250773994 0.6337828119047619 0.7240578123839009 0.6330281249999999 0.732267187616099 0.6405781250000001 0.736782812383901 0.6383140630952381 0.7421187498452012 0.6330281249999999
0 0.6990187498452013 0.676070313095238 0.7051765622291022 0.680601561904762 0.7105125003095975 0.6798453119047619 0.710923437770898 0.6738046869047619 0.70805 0.662478125 0.7047656247678019 0.648885938095238 0.7039453126934985 0.6375578130952381 0.7006609374613004 0.6398234380952381 0.6965562501547987 0.6473749999999999 0.695325 0.65568125 0.6945046873065016 0.6670078119047619 0.6990187498452013 0.676070313095238
2 0.6850640625386997 0.6171703130952381 0.6764437498452013 0.619434375 0.6719281250773994 0.6232109369047619 0.6653609374613003 0.628496875 0.6587937498452012 0.6337828119047619 0.6542781250773994 0.6375578130952381 0.6481218749226006 0.65115 0.6530468749226006 0.660967186904762 0.6592046873065015 0.6685187499999999 0.6633093752321981 0.6632328130952381 0.6698765622291022 0.662478125 0.6772640625386998 0.656435936904762 0.684242187616099 0.65190625 0.6867046873065016 0.645109375 0.6875265622291021 0.632271875 0.6850640625386997 0.6171703130952381
0 0.6198 0.6662531249999999 0.6193890625386997 0.660967186904762 0.6165156247678019 0.656435936904762 0.6124109374613004 0.654171875 0.6107687498452012 0.6700296880952381 0.6111796873065015 0.6783359369047619 0.6140531250773994 0.6881515619047619 0.6177468749226006 0.6798453119047619 0.6198 0.67229375 0.6198 0.6662531249999999
1 0.3809078123839009 0.6994796869047619 0.38583437523219816 0.695703125 0.3891171876160991 0.6934374999999999 0.39404374984520124 0.68135625 0.3977375003095975 0.67229375 0.398557812383901 0.660967186904762 0.4002 0.650395313095238 0.3997890625386997 0.642089061904762 0.3956843752321981 0.636803125 0.39157968730650156 0.63000625 0.3837812501547988 0.6277421869047619 0.3780343752321982 0.632271875 0.3722890625386997 0.645864063095238 0.369825 0.6587015630952381 0.3657203126934984 0.675315625 0.36531093746130033 0.6889078130952381 0.3706468749226006 0.69796875 0.3751609374613003 0.6994796869047619 0.3809078123839009 0.6994796869047619
2 0.37187812507739937 0.62623125 0.36736249969040247 0.623965625 0.36161562476780185 0.6216999999999999 0.35504843777089784 0.6179250000000001 0.35135468730650155 0.6209453119047619 0.3493015622291022 0.629251561904762 0.3529968749226006 0.6383140630952381 0.3575109374613003 0.6436000000000001 0.3575109374613003 0.650395313095238 0.35710156222910217 0.657946875 0.36038437523219813 0.6632328130952381 0.36531093746130033 0.667764061904762 0.3690046873065016 0.667764061904762 0.3784453126934984 0.6345375 0.37187812507739937 0.62623125
2 0.28338750030959753 0.65549375 0.28770468730650156 0.6560609380952381 0.2938718749226006 0.659465625 0.29973125015479873 0.662301563095238 0.30312343777089784 0.670245311904762 0.30867500000000003 0.668542188095238 0.3111421876160991 0.671946875 0.3151515622291022 0.671946875 0.31946874984520124 0.670245311904762 0.32378593746130035 0.6651390630952381 0.3268703126934984 0.6588984369047619 0.3293375003095975 0.6475515630952381 0.3299531250773994 0.636204688095238 0.33087812507739933 0.6288281250000001 0.3345796873065015 0.6208859380952381 0.3364296873065015 0.611807813095238 0.3314953126934984 0.607270313095238 0.32902812507739937 0.601596875 0.3240937498452013 0.593653125 0.31946874984520124 0.5947875 0.31700156222910214 0.59025 0.30867500000000003 0.588546875 0.30158125015479875 0.588546875 0.29448906253869966 0.5919515619047618 0.28893749969040244 0.5919515619047618 0.28523749969040246 0.5981921880952381 0.2830781250773994 0.6095390619047619 0.2830781250773994 0.6220203119047619 0.28277031269349845 0.636204688095238 0.28092031269349843 0.6503875 0.28338750030959753 0.65549375
2 0.23743750030959754 0.632232813095238 0.23774531269349847 0.6413093750000001 0.2371281250773994 0.6475515630952381 0.24082968730650156 0.654359375 0.24206249969040247 0.650954688095238 0.2488468749226006 0.65549375 0.24853906253869967 0.6600328130952381 0.2522390625386997 0.666840625 0.25717343777089785 0.6606 0.26180000000000003 0.654359375 0.2676593752321981 0.642445313095238 0.2732093752321981 0.6430125 0.27721874984520123 0.638473438095238 0.2796859374613003 0.6299625 0.2830781250773994 0.619184375 0.28616250030959756 0.61010625 0.2864703126934985 0.59989375 0.28369531269349846 0.5942203119047619 0.27906874984520125 0.5908171869047619 0.2747515622291022 0.5851437500000001 0.268275 0.5817390619047619 0.260875 0.5766328130952381 0.25717343777089785 0.576065625 0.2543984377708978 0.5800375 0.25008125015479876 0.5766328130952381 0.24391250030959752 0.5743640630952381 0.24052031269349847 0.58230625 0.23558593746130033 0.5953546880952381 0.23959531269349846 0.605 0.24298749969040245 0.616914061904762 0.24113750030959755 0.623721875 0.23743750030959754 0.632232813095238
9 0.28431250030959754 0.6980437500000001 0.28092031269349843 0.711660936904762 0.2732093752321981 0.7485375 0.2775281250773994 0.7366234380952381 0.28061093746130034 0.7230078130952381 0.28677968730650155 0.7037171880952381 0.2954140625386997 0.6844281249999999 0.30003906253869966 0.671946875 0.30250625015479876 0.668542188095238 0.2988062501547988 0.662301563095238 0.2938718749226006 0.6713796880952381 0.28986249969040245 0.6844281249999999 0.28431250030959754 0.6980437500000001
9 0.2981890625386997 0.681023436904762 0.29603125015479875 0.6929375 0.29232968730650155 0.7088234369047619 0.28770468730650156 0.7218734380952381 0.27906874984520125 0.732651561904762 0.28523749969040246 0.729248438095238 0.29140468730650154 0.7224406250000001 0.2954140625386997 0.714496875 0.2988062501547988 0.7048531250000001 0.3003484377708978 0.6929375 0.3018906247678019 0.68329375 0.30404843777089785 0.670245311904762 0.30065625015479874 0.67308125 0.2981890625386997 0.681023436904762
9 0.3129921876160991 0.69350625 0.3120671876160991 0.7162 0.31021718761609907 0.7309500000000001 0.30775 0.750239061904762 0.3034328123839009 0.763289061904762 0.2966468749226006 0.7740687500000001 0.30219843777089783 0.7757703119047619 0.3074406247678019 0.764990625 0.31329999999999997 0.750807811904762 0.31638437523219815 0.732084375 0.31823437523219816 0.707689063095238 0.3179265622291022 0.687832811904762 0.3185437498452013 0.6725140619047619 0.31145 0.6713796880952381 0.3129921876160991 0.69350625
9 0.2190468749226006 0.7041921880952381 0.21603437523219812 0.716553125 0.21255937523219814 0.733604688095238 0.21255937523219814 0.7446859369047619 0.21812031269349844 0.723373436904762 0.2227531250773994 0.7050453119047619 0.23109531269349845 0.6794703130952381 0.23920468730650155 0.664551563095238 0.243375 0.6556 0.23619218761609906 0.650910938095238 0.22854687492260062 0.6717968750000001 0.22414374984520125 0.6854375 0.2190468749226006 0.7041921880952381
9 0.2438390625386997 0.692684375 0.24036249969040246 0.7110124999999999 0.23619218761609906 0.73019375 0.23132656222910217 0.745965625 0.2359609374613003 0.74085 0.24198437523219812 0.7238 0.24963125015479876 0.701634375 0.25380156222910216 0.682028125 0.25495937523219814 0.666682813095238 0.2500937498452012 0.66199375 0.24963125015479876 0.666682813095238 0.24754531269349847 0.6798968750000001 0.2438390625386997 0.692684375
9 0.36804843777089785 0.7794265630952381 0.3655265622291021 0.790390625 0.37585156222910215 0.7538390619047619 0.3707625003095975 0.761328125 0.36804843777089785 0.7794265630952381
9 0.3588890625386997 0.80938125 0.35787187492260064 0.817495313095238 0.36335 0.798096875 0.3588890625386997 0.80938125
13 0.26419557894736845 0.6704627166666667 0.317334679876161 0.6814098130952381 0.3360896006191951 0.6814098130952381 0.3767254613003096 0.6970485916666667 0.42830155294117644 0.7158151380952381 0.5158247157894736 0.7220706738095237 0.5892817473684211 0.7126873702380951 0.6643015498452013 0.7111235166666666 0.7049374105263158 0.7001763595238095 0.7533877219814241 0.6767181916666666 0.7674539721362229 0.6470045488095238 0.779957213003096 0.6110353107142857 0.7596394018575852 0.6313657702380953 0.7424472520123839 0.6485684023809524 0.7143148705882353 0.6688988023809525 0.6517983089783282 0.6876653488095239 0.6174141287925696 0.6892292023809524 0.5674009269349845 0.6907931166666667 0.5470829969040247 0.6923569702380952 0.47987776408668725 0.6970485916666667 0.41736120247678016 0.6939208845238095 0.3845400315789474 0.6829737273809524 0.33765261052631584 0.6626433273809524 0.3063943294117647 0.6516961702380953 0.2735730390092879 0.6454406345238095 0.24231475851393186 0.6454406345238095 0.19765621424148608 0.6292968761904761 0.21574526749226006 0.6610794130952381 0.26419557894736845 0.6704627166666667
13 0.22668561795665634 0.4796696071428571 0.2673214786377709 0.49218061785714284 0.3017055399380805 0.5140749321428572 0.3642221015479876 0.523458175 0.4079837424148607 0.5297137107142857 0.45330815417956655 0.5328414178571429 0.49706979504643967 0.5390969535714285 0.5361426458204335 0.5390969535714285 0.5939704179566563 0.5390969535714285 0.6314803789473684 0.5375331 0.6580499888544892 0.5218943214285714 0.715877760990712 0.5218943214285714 0.7486989318885449 0.49218061785714284 0.7252552210526316 0.4906167642857143 0.6768049095975233 0.5172026404761905 0.5564605764705882 0.5187665535714286 0.4861294445820434 0.5172026404761905 0.38922870216718264 0.5125110178571428 0.3032684297213622 0.4968722392857143 0.25638100866873065 0.4734140726190476 0.2171874643962848 0.4574218761904762 0.22668561795665634 0.4796696071428571
