0 0.21434439895722335 0.5256404934530496 0.19760046594524283 0.5234052514953951 0.20531447554458282 0.4656254640369563 0.2220582635898154 0.4678606962090043
2 0.27159433611552686 0.4925346319539889 0.26175378448078845 0.5406767458175876 0.20959281089960768 0.5300153808342478 0.21943350919275417 0.4818734668984342
2 0.3251556447148687 0.5124593776315031 0.31847593183476874 0.5700336089407995 0.2618377399178371 0.5634628533403578 0.26851768536289455 0.5058888938437479
1 0.35202185893319893 0.5820421237825114 0.313360768887037 0.578811941967938 0.3193108976651047 0.5076060230962249 0.35797153638634427 0.5108361860883667
9 0.34109218750006676 0.39516093749999925 0.345834190713731 0.3950653664583697 0.3471601230895658 0.4608513418247643 0.34241811988772497 0.460946912453774
2 0.35335779656838895 0.5363453725123832 0.3924784114361728 0.5390037552130063 0.38973706785748163 0.5793414566031904 0.35061645397308894 0.5766830830287486
2 0.41541175591498813 0.5867578217669569 0.3977464984789094 0.5846237449336164 0.40230163967044064 0.5469219077176571 0.41996678185796554 0.5490559774864759
1 0.4146940089153759 0.5000743312074062 0.4442404629057819 0.4986512737117174 0.4493875704391712 0.6055094081160163 0.41984111734166163 0.6069324527852502
3 0.4055510837761176 0.3910078824754028 0.4291147140589828 0.38876235140049004 0.4405932303681084 0.5092060579732322 0.41702960261318367 0.5114515705893529
0 0.447403125 0.5507187499999999 0.463821875 0.5507187499999999 0.463821875 0.599046875 0.447403125 0.599046875
0 0.4877242005715061 0.6073940492182216 0.46771336681854336 0.6070737818886227 0.46855934331563276 0.5542279452422381 0.48856998937924345 0.5545482110663671
0 0.49977160839205226 0.6012380909164268 0.4894671566262332 0.6023581150555116 0.4858639448291342 0.5692110449940703 0.4961683356887079 0.5680910242013008
1 0.5574869343857927 0.6054111570085564 0.5302344253427691 0.6072795035760564 0.5233084171688915 0.5062608184602636 0.5505604617712834 0.5043924878448429
3 0.5209175251521856 0.3816398750542551 0.5433556851652384 0.38034401556716024 0.5511146656293704 0.5146854054559726 0.5286765066542785 0.5159812532251971
0 0.617410270088385 0.5831134079182044 0.6061954919920254 0.5833385753118963 0.6055141341263379 0.5494039774251176 0.6167288465436513 0.5491788106912167
2 0.6545624516649013 0.5865236164425439 0.6350227974442078 0.5872297659888025 0.6335585017964149 0.5467138120355199 0.6530980188471176 0.5460076649771259
2 0.7014826653372666 0.5182466061689076 0.7260656743842446 0.56315371532156 0.6633557097378571 0.5974787482375332 0.6387730193717971 0.5525719140179741
2 0.7487432174870037 0.5635708572629499 0.7050991737382901 0.5668052851508846 0.70067705566737 0.5071379296788098 0.7443206711155881 0.503903517832841
2 0.7407735711757368 0.6429304053175697 0.7034929236840526 0.6378661455326253 0.7113151585950845 0.5802909301545202 0.7485954084111199 0.5853551625664046
0 0.7120302084975947 0.6795531664282155 0.6974598195935187 0.6823578425510993 0.6893750458660861 0.6403624765021447 0.7039453124999682 0.6375578125000049
2 0.6827419308547178 0.6143142184657576 0.7017403909405857 0.6376812314489537 0.6610252841070405 0.67078017483026 0.6420269528754261 0.6474132817208883
1 0.37668384325820625 0.6261594233268496 0.4065419704420492 0.6328179610501459 0.39089163511255265 0.702987700588938 0.3610335236588753 0.6963292113751659
2 0.36872885681179923 0.6687350692348808 0.3400879552028755 0.6605983855505114 0.35242464615862445 0.617179595442755 0.3810653101135131 0.625316243363501
2 0.3239914540093878 0.6744960844514877 0.2721382286804328 0.6642087396954588 0.28796655756775635 0.5844384213328616 0.3398189954953068 0.5947256854977576
2 0.2668254170528144 0.6714389394613298 0.2165903440868533 0.6556024316927468 0.24324142627801848 0.5710738183218523 0.2934757348949688 0.5869101981844258
9 0.2732093750000786 0.7485375000000171 0.26651202008383734 0.746085066969828 0.2973869307309087 0.6617818329514986 0.30408417075022953 0.6642342430020489
9 0.30195823466169713 0.6694879677523788 0.310591042055421 0.6726158984976413 0.2877015460343273 0.735779470716123 0.2790687499999649 0.7326515624999954
9 0.31144983565968687 0.6713796638134762 0.3248565661601788 0.6733119878208471 0.3099263015466249 0.7768841238218087 0.29651957582996147 0.774951822190014
7 0.201520531749793 0.7256838153824464 0.2250384776566534 0.7269623727137706 0.22256590086203687 0.772435590020687 0.19904795548075072 0.7711570393370061
7 0.22613249749338138 0.7328501215089254 0.25294010815559886 0.7421224061737568 0.23744010428606543 0.786927467328211 0.21063251820021378 0.7776552335349476
9 0.21255937500006894 0.744685937500012 0.20431934592443213 0.7418360426290798 0.23581649176639985 0.6507809983041296 0.24405636681433407 0.6536308641551938
9 0.2500935833826361 0.6619937127678666 0.2580911605957681 0.6637808420784723 0.23932413431964505 0.7477527378120344 0.23132656250004402 0.745965624999998
9 0.36552656250000837 0.7903906249999968 0.3627726419748569 0.789612842745738 0.37309770177660084 0.7530612940656748 0.3758515992252569 0.7538390728722478
9 0.3578718750000007 0.817495312500014 0.3566917357912871 0.8171621065697902 0.36216987752584373 0.7977636730627647 0.36335001121176447 0.7980968781655907
7 0.2915027865584534 0.7507404685541287 0.31817968868540447 0.7570575498340051 0.30655953368602695 0.8061202617266285 0.27988264451619216 0.7998032181733481