3 0.3211781250773994 0.4524765619047619 0.3244921876160991 0.436240625 0.3228359374613003 0.32055937500000004 0.3084781250773994 0.311428125 0.29909062476780185 0.3236046880952381 0.29632968730650155 0.441315625 0.3024031250773994 0.4524765619047619 0.3211781250773994 0.4524765619047619
3 0.38855 0.48900781190476195 0.40235468730650154 0.4900234369047619 0.4089812501547988 0.4758171880952381 0.40953437523219816 0.3591203119047619 0.40235468730650154 0.3479578119047619 0.39241562476780184 0.3550609380952381 0.38799687492260065 0.40985781309523805 0.38302812507739936 0.47683125 0.38855 0.48900781190476195
3 0.41284687492260064 0.400725 0.4106390625386997 0.46668437500000004 0.41947343777089785 0.47987500000000005 0.4305187498452012 0.47480156190476186 0.4354890625386997 0.4636390619047619 0.432175 0.441315625 0.4305187498452012 0.3997109369047619 0.42830937523219814 0.3439 0.41947343777089785 0.3418703130952381 0.4111906247678018 0.3499875 0.41284687492260064 0.400725
3 0.4415625003095975 0.4859640619047619 0.4498453126934985 0.495096875 0.4603374996904025 0.4910375 0.4647562501547987 0.4788609369047619 0.4603374996904025 0.447403125 0.45481562476780185 0.36114999999999997 0.4476374996904025 0.357090625 0.43825 0.37129687499999997 0.4437718749226007 0.447403125 0.4415625003095975 0.4859640619047619
3 0.5133515622291022 0.4819046869047619 0.5177687498452013 0.49408125 0.5293656247678018 0.498140625 0.5354406247678019 0.4859640619047619 0.5310218749226007 0.4504484369047619 0.5343359374613003 0.383475 0.5255 0.37738593809523807 0.5177687498452013 0.382459375 0.5166640625386997 0.44638906309523807 0.5133515622291022 0.4819046869047619
3 0.5652593752321982 0.4676984380952381 0.5696781250773993 0.480890625 0.581275 0.48495 0.5867968749226007 0.47480156190476186 0.5856921876160991 0.44841875 0.5901093752321982 0.382459375 0.5823781250773994 0.368253125 0.5740953126934984 0.376371875 0.569125 0.44029999999999997 0.5652593752321982 0.4676984380952381
3 0.5994968749226006 0.4707421869047619 0.6022593752321982 0.4859640619047619 0.6144078123839009 0.49408125 0.6210343752321982 0.483934375 0.6221390625386997 0.455521875 0.6260046873065015 0.383475 0.6171687498452012 0.36926875 0.6094375003095975 0.376371875 0.6055718749226006 0.43725625 0.5994968749226006 0.4707421869047619
3 0.6635546873065016 0.44435937499999995 0.6696296873065015 0.45856562500000003 0.6828828123839009 0.45958125 0.6872999999999999 0.447403125 0.6823312501547988 0.41493125000000003 0.6784656247678019 0.35404687500000004 0.6718390625386997 0.338825 0.6635546873065016 0.3479578119047619 0.6663156247678018 0.4179765619047619 0.6635546873065016 0.44435937499999995
3 0.6293171876160991 0.70819375 0.6376 0.7822703119047619 0.6486453126934983 0.7853140619047619 0.6547203126934985 0.768064061904762 0.6436750000000001 0.676735938095238 0.6381531250773994 0.6655749999999999 0.6271093752321981 0.672678125 0.6226906247678019 0.686884375 0.6293171876160991 0.70819375
3 0.5658124996904025 0.6655749999999999 0.5613937498452012 0.678765625 0.566917187616099 0.70515 0.5702296873065015 0.726459375 0.5718859374613003 0.7700937499999999 0.5818265622291021 0.7782109380952381 0.5873484377708978 0.7650203119047619 0.583482812383901 0.728489063095238 0.5823781250773994 0.6757218749999999 0.5763046873065015 0.661515625 0.5658124996904025 0.6655749999999999
0 0.5326328123839009 0.598321875 0.5288609374613003 0.605253125 0.5284843752321982 0.624659375 0.5281062501547988 0.6433718749999999 0.5303703126934984 0.64753125 0.5367812501547987 0.6482234369047619 0.5386671876160991 0.6454515630952381 0.5413078123839009 0.6295109380952381 0.53565 0.611490625 0.5326328123839009 0.598321875
2 0.5084937498452012 0.5636671869047619 0.5069843752321982 0.6101046869047619 0.5073624996904025 0.619114063095238 0.5126421876160991 0.631590625 0.5171687498452012 0.644065625 0.5250890625386997 0.6454515630952381 0.5247124996904025 0.6350562500000001 0.5296156247678019 0.6038671880952381 0.5284843752321982 0.5678265619047619 0.5179234377708979 0.5636671869047619 0.5084937498452012 0.5636671869047619
9 0.5128255832817338 0.6399143642857142 0.5164328123839009 0.744721875 0.5249596879256966 0.64310755 0.5128255832817338 0.6399143642857142
0 0.4708343752321981 0.619748436904762 0.47057656222910216 0.6093328119047619 0.4700624996904025 0.596078125 0.46774374984520123 0.5861375 0.4649093752321981 0.5818765630952382 0.4602734377708978 0.5851906250000001 0.4546046873065015 0.585664061904762 0.453575 0.597971875 0.4548625003095975 0.610279686904762 0.45512031269349845 0.626375 0.45718125015479877 0.639629686904762 0.45898437523219815 0.6424703119047619 0.4613031250773994 0.6415234369047619 0.46516718761609904 0.6358437499999999 0.46851718761609906 0.626848438095238 0.4708343752321981 0.619748436904762
0 0.4721234377708978 0.615960936904762 0.4744421876160991 0.634423436904762 0.47624531269349846 0.6495718749999999 0.477275 0.64294375 0.4783062501547988 0.6311093750000001 0.4777906247678018 0.6216421869047619 0.4754718749226006 0.6131203119047619 0.4731531250773994 0.601759375 0.4721234377708978 0.615960936904762
0 0.43399531269349845 0.6287421880952381 0.4345109374613003 0.6230609380952381 0.4316781250773994 0.6050734369047619 0.4291015622291022 0.6064937499999999 0.42755625015479876 0.6154875 0.42497968730650154 0.6296890619047619 0.4229187498452012 0.6495718749999999 0.4224031250773994 0.663773436904762 0.42575312507739943 0.6604593750000001 0.4316781250773994 0.652884375 0.4319343752321982 0.64294375 0.43399531269349845 0.6287421880952381
7 0.48551874984520127 0.770757813095238 0.4906718749226006 0.76034375 0.48938281238390097 0.7480359369047619 0.4870640625386997 0.732414063095238 0.4811390625386997 0.7215265619047619 0.47495625015479875 0.7139515630952382 0.4746984377708978 0.7305203130952381 0.4736687498452012 0.7423546880952381 0.46903125015479874 0.746142186904762 0.46542500000000003 0.739515625 0.46542500000000003 0.74566875 0.46774374984520123 0.754190625 0.4721234377708978 0.7627109369047619 0.4798515622291022 0.7683921880952381 0.48551874984520127 0.770757813095238
3 0.42188749969040246 0.677028125 0.4159624996904025 0.6656671869047619 0.40488593746130036 0.666140625 0.3989609374613003 0.677028125 0.3999906247678019 0.6812890619047619 0.40127968730650154 0.7158453130952381 0.39870312507739936 0.7717046880952381 0.4025671876160991 0.782120313095238 0.4097796873065015 0.785432813095238 0.41493281238390095 0.77880625 0.4169937498452012 0.7428281250000001 0.4190546873065016 0.724367188095238 0.42188749969040246 0.677028125
3 0.3443468749226006 0.6756078119047619 0.33120781238390096 0.6737140630952381 0.3247671876160991 0.6836546869047619 0.32682812507739933 0.7172656249999999 0.32399531269349846 0.7499296880952381 0.3219343752321982 0.7816468750000001 0.3252828123839009 0.790167186904762 0.3327531250773994 0.79348125 0.3379062501547988 0.78590625 0.3440890625386997 0.7134781250000001 0.3484687498452012 0.6893359380952381 0.3443468749226006 0.6756078119047619
13 0.5453960749226007 0.6035120500000001 0.4227777535603715 0.6118143321428572 0.42341639071207426 0.6635439369047619 0.42150047987616096 0.6654598476190476 0.5581688167182662 0.6622666630952381 0.5453960749226007 0.6035120500000001
