10 0.2266171876160991 0.4092078119047619 0.2315859374613003 0.4061625 0.22937812507739938 0.3950015619047619 0.22551250030959755 0.37775000000000003 0.21778125015479877 0.3696328119047619 0.216125 0.3828234369047619 0.21446718761609906 0.40311875 0.2266171876160991 0.4092078119047619
10 0.24263125015479875 0.38586875 0.23545156222910218 0.4061625 0.24704843777089783 0.4061625 0.25367500000000004 0.4061625 0.2580937498452013 0.407178125 0.25864531269349844 0.4010890619047619 0.2569890625386997 0.3878984369047619 0.25312343777089785 0.38079375000000004 0.24263125015479875 0.38586875
1 0.5662312501547988 0.624334375 0.5767234377708979 0.635496875 0.5883203126934984 0.62331875 0.5916343752321981 0.6040390619047619 0.5932906247678018 0.5522874999999999 0.5816937498452012 0.543154688095238 0.5695453126934985 0.5380796869047619 0.5568437498452012 0.5421390630952381 0.5596046873065016 0.5928765619047619 0.5662312501547988 0.624334375
0 0.42897812507739935 0.5689078130952381 0.4286359374613003 0.5789890630952381 0.43000625015479876 0.58655 0.43583593746130034 0.5859203119047619 0.44166562476780186 0.57961875 0.44406562476780187 0.5682781250000001 0.4433796873065015 0.5518953130952381 0.43995 0.538034375 0.43686406253869975 0.541814063095238 0.43549374984520123 0.5493750000000001 0.43275 0.5600859369047619 0.42897812507739935 0.5689078130952381
0 0.42109218761609907 0.5852890619047619 0.4262359374613003 0.5834 0.4248640625386997 0.564496875 0.42520625015479874 0.5525249999999999 0.4245203126934985 0.53929375 0.4207484377708978 0.5487453119047618 0.41732031269349845 0.5569359380952381 0.4169765622291022 0.5689078130952381 0.41629218761609904 0.5720578130952381 0.4176624996904025 0.5808796869047619 0.42109218761609907 0.5852890619047619
0 0.4104625003095975 0.5682781250000001 0.4046328123839009 0.5638671880952381 0.4008609374613003 0.5758390619047619 0.4001765622291022 0.5972609369047619 0.4025765622291022 0.59348125 0.4060046873065016 0.5897 0.40840468730650153 0.58655 0.4121765622291022 0.57961875 0.4104625003095975 0.5682781250000001
13 0.6028379523219815 0.6374214571428571 0.6048722761609907 0.5777479583333334 0.3983474024767802 0.5620518142857143 0.3807643362229102 0.6214704523809523 0.3837958990712074 0.6202578273809524 0.5032394885448916 0.636021955952381 0.6028379523219815 0.6374214571428571
13 0.274652746130031 0.41354166785714286 0.2689617108359133 0.41244772500000004 0.24257728792569658 0.40271968571428574 0.21063810402476782 0.3735356178571429 0.16481233684210525 0.3610281309523809 0.17175562848297213 0.40827858095238095 0.29951225758513933 0.4471906880952381 0.39394095975232196 0.47220561071428574 0.46615125634674925 0.47081591309523807 0.5189202092879257 0.4694261630952381 0.5619687015479876 0.46386732023809524 0.5952964167182663 0.4624775702380952 0.6633406953560372 0.4485803857142857 0.6883365876160991 0.42356546309523807 0.7015638179566563 0.39047214166666666 0.6105717430340557 0.4263449107142857 0.5230862266253871 0.4430215428571429 0.3828317572755418 0.4471906880952381 0.274652746130031 0.41354166785714286
13 0.23563399628482973 0.6361923821428572 0.2745163653250774 0.6612073047619047 0.37311108544891636 0.6806634904761905 0.40227299442724457 0.6348026845238095 0.3897750489164087 0.6292437892857143 0.3022895318885449 0.6306335404761905 0.2634071628482972 0.6153466047619048 0.23563399628482973 0.5889419845238095 0.19814015789473685 0.5541990226190476 0.18263885696594426 0.5524305571428572 0.1898082291021672 0.6042289738095238 0.23563399628482973 0.6361923821428572
13 0.7341623547987617 0.644530725 0.7536034866873066 0.5917213797619048 0.7508262123839009 0.5653167595238096 0.7050004452012384 0.6278540928571428 0.6966686222910217 0.6417512773809523 0.6466768383900929 0.647310119047619 0.5994624340557275 0.6264643416666666 0.6218749684210526 0.6635416678571429 0.7022231708978329 0.6792736869047619 0.7341623547987617 0.644530725
