2 0.2870953126934985 0.46330625000000003 0.2738078123839009 0.46193281309523815 0.26927187492260063 0.45781406190476187 0.26181718761609907 0.461246875 0.2605218749226006 0.47154375 0.2663546873065016 0.4845875 0.27218749969040246 0.4832140619047619 0.2845031250773994 0.5003765619047619 0.28774374984520124 0.4873328119047619 0.2926046873065016 0.48046875 0.2870953126934985 0.46330625000000003
2 0.3110765622291022 0.448890625 0.3075109374613003 0.46193281309523815 0.3084843752321981 0.47566250000000004 0.3110765622291022 0.4818421880952381 0.3162609374613003 0.486646875 0.32468750030959753 0.49076562500000004 0.3327890625386997 0.4873328119047619 0.33894687492260067 0.4839015619047619 0.33927031269349844 0.47017187499999996 0.3451031250773994 0.4543828119047619 0.34607656222910216 0.44545781309523813 0.34218749969040246 0.42966875 0.3337609374613003 0.42143125 0.32026114117647053 0.37656065 0.3175578123839009 0.4262359369047619 0.31334531269349847 0.42692343690476187 0.3110765622291022 0.448890625
1 0.33635532569659443 0.4776191690476191 0.34106001300309596 0.495062919047619 0.3438053256965944 0.5017066690476191 0.35517720061919505 0.505030105952381 0.36223501300309596 0.5017066690476191 0.3689006383900929 0.510014480952381 0.3739990755417957 0.5108441690476191 0.38105688854489167 0.505030105952381 0.38615376346749225 0.4892472940476191 0.38615376346749225 0.46432854404761903 0.3814490755417957 0.456022294047619 0.3689006383900929 0.43940823095238096 0.36027407554179564 0.43691760595238094 0.3512553256965944 0.43442541904761905 0.34184438823529406 0.456022294047619 0.33635532569659443 0.4776191690476191
2 0.35496874984520127 0.40580625 0.3526156247678019 0.428234375 0.3545765622291022 0.44650781190476185 0.3588890625386997 0.46976562499999996 0.36555625015479876 0.471428125 0.3737906247678019 0.4722578130952381 0.3832015622291022 0.46478281309523806 0.3871218749226006 0.453984375 0.3875140625386997 0.4332171880952381 0.382025 0.4332171880952381 0.3808484377708979 0.42242031190476187 0.3737906247678019 0.4166046880952381 0.36437968730650155 0.3825484380952381 0.36163437523219816 0.3833796869047619 0.3581046873065015 0.3991609369047619 0.35496874984520127 0.40580625
9 0.3629265622291022 0.345934375 0.3567406247678019 0.3197234369047619 0.35998125015479876 0.36091249999999997 0.36086406253869974 0.3871234369047619 0.36528437523219814 0.38587499999999997 0.3629265622291022 0.345934375
9 0.35129687492260064 0.3619796869047619 0.3458265622291022 0.33945 0.34886562476780186 0.37356718809523815 0.34977812507739936 0.3993171869047619 0.3528171876160991 0.41540937499999997 0.35676718761609905 0.4038234369047619 0.35220937523219814 0.3838671880952381 0.35129687492260064 0.3619796869047619
9 0.31543437523219814 0.3793609369047619 0.3202968749226006 0.38129218809523807 0.32242499999999996 0.3864421880952381 0.32759218761609904 0.420559375 0.32880781238390094 0.413478125 0.32364062476780187 0.3619796869047619 0.3215124996904025 0.33365625 0.31908125015479877 0.31820625 0.31665 0.32528749999999995 0.3163468749226006 0.3587609380952381 0.31543437523219814 0.3793609369047619
9 0.31026874984520125 0.405109375 0.2999343752321982 0.3748546880952381 0.3099640625386997 0.417340625 0.31452343777089786 0.431503125 0.3172578123839009 0.428284375 0.31026874984520125 0.405109375
2 0.48714843777089784 0.4784953130952381 0.4835015622291021 0.48622031190476195 0.48198125015479876 0.49845156309523814 0.4828937498452013 0.5055328119047618 0.4877562501547988 0.5139015619047619 0.4904921876160991 0.5177625 0.49140312507739936 0.5003828130952381 0.4904921876160991 0.4836453130952381 0.48714843777089784 0.4784953130952381
2 0.5062953126934985 0.4933015630952381 0.5044718749226006 0.4830015619047619 0.5005203126934984 0.4778515619047619 0.49413906253869966 0.47398906309523814 0.4923156247678019 0.4823578130952381 0.4920109374613003 0.4913703119047619 0.49170781238390093 0.516476563095238 0.4959625003095975 0.5145453130952381 0.5026484377708978 0.501670313095238 0.5062953126934985 0.4933015630952381
2 0.5312390625386997 0.5113453130952381 0.5346640625386997 0.49372187500000003 0.5373373083591332 0.5114207178571429 0.5425206266253869 0.5125725666666666 0.5482798687306502 0.5039337035714285 0.558646505263158 0.5125725666666666 0.5552218749226006 0.5030515619047619 0.5610953126934984 0.49786874999999997 0.5610953126934984 0.466765625 0.5532640625386998 0.4563984380952381 0.5444546873065015 0.45121562499999995 0.5331968749226006 0.4563984380952381 0.5302593752321981 0.4729859380952381 0.5312390625386997 0.5113453130952381
9 0.5488593752321981 0.340284375 0.5483703126934985 0.306071875 0.5469015622291022 0.38901093809523807 0.5444546873065015 0.4398109369047619 0.543475 0.45017812500000004 0.5513062501547987 0.45121562499999995 0.5498375003095975 0.3859 0.5488593752321981 0.340284375
1 0.5757796873065015 0.5248234380952381 0.5885062501547987 0.5196390630952381 0.5992734377708978 0.505125 0.5987843752321981 0.48127968809523813 0.5919312501547987 0.4481046869047619 0.5777375003095975 0.44603125 0.5669687498452013 0.44706875 0.5630531250773994 0.4615828130952381 0.5625640625386997 0.4823171869047619 0.5635437498452013 0.5040890630952382 0.5655015622291022 0.5196390630952381 0.5757796873065015 0.5248234380952381
1 0.6217890625386997 0.49786874999999997 0.6213 0.4833546869047619 0.6188531250773994 0.46365625 0.6115109374613003 0.44603125 0.6017218749226007 0.4377375 0.5924218749226007 0.44188437500000005 0.5968265622291021 0.4740234380952381 0.5992734377708978 0.49579531309523805 0.6031890625386997 0.502015625 0.6095531250773994 0.5071984380952381 0.6164046873065016 0.5040890630952382 0.6217890625386997 0.49786874999999997
1 0.6487093752321982 0.4657296880952381 0.6443046873065015 0.4553625 0.6335359374613003 0.44188437500000005 0.6252156247678019 0.432553125 0.6178734377708978 0.4346265630952381 0.6129781250773993 0.44292187499999996 0.6183625003095975 0.4688390630952381 0.6247265622291022 0.4885375 0.6359843752321981 0.49372187500000003 0.6467515622291021 0.4885375 0.6501781250773994 0.47920625 0.6487093752321982 0.4657296880952381
1 0.6589890625386996 0.4875015619047619 0.6682874996904025 0.4833546869047619 0.6780781250773994 0.47920625 0.6878671876160991 0.47609687500000003 0.6908031250773994 0.4553625 0.689825 0.43151718690476193 0.6854187498452013 0.41181875 0.6722046873065016 0.41181875 0.6609468749226005 0.41181875 0.6501781250773994 0.4107828130952381 0.6340265622291021 0.4221859380952381 0.6305999999999999 0.4377375 0.6340265622291021 0.45950937499999994 0.6491984377708978 0.4729859380952381 0.6589890625386996 0.4875015619047619
0 0.7423031250773994 0.4190828130952381 0.7462546873065015 0.4152203119047619 0.7480781250773993 0.404278125 0.7459500000000001 0.39075937499999996 0.7419984377708979 0.383678125 0.7371359374613004 0.383034375 0.7331859374613003 0.377884375 0.7334890625386997 0.389471875 0.7353125003095976 0.403634375 0.7386562501547987 0.4158640630952381 0.7423031250773994 0.4190828130952381
2 0.6985390625386997 0.4557765619047619 0.7034015622291022 0.4609265630952381 0.7100875003095974 0.46156875 0.7164703126934985 0.4544890619047619 0.7243718749226007 0.4525578130952381 0.7274109374613003 0.4467640619047619 0.7292343752321981 0.43839531190476194 0.7274109374613003 0.42037031190476193 0.7228531250773994 0.4177953119047619 0.7176859374613004 0.4223015630952381 0.7158624996904025 0.4287390619047619 0.7131265622291022 0.4287390619047619 0.7073531250773994 0.42616406309523813 0.7043140625386997 0.43646406190476195 0.7000578123839009 0.4429015619047619 0.6985390625386997 0.4557765619047619
2 0.6897249999999999 0.40299062500000005 0.6918531250773994 0.40170312500000005 0.690332812383901 0.394621875 0.6875984377708979 0.39204687499999996 0.686382812383901 0.40170312500000005 0.6885093752321982 0.4274515630952381 0.6909406247678018 0.4429015619047619 0.6927640625386997 0.4338890630952381 0.6979312501547988 0.4235890619047619 0.6955 0.4100703130952381 0.6921562501547988 0.4087828119047619 0.6897249999999999 0.40299062500000005
9 0.68 0.36307812500000003 0.6827343752321982 0.3315359369047619 0.6711859374613003 0.382390625 0.6690593752321982 0.355996875 0.6678437498452012 0.32896093690476186 0.6638921876160991 0.2980609369047619 0.6590296873065016 0.26587500000000003 0.6611562501547988 0.32638593809523814 0.6590296873065016 0.35084687499999995 0.6590296873065016 0.374665625 0.6578140625386997 0.388828125 0.6638921876160991 0.395265625 0.6669312501547988 0.403634375 0.6699703126934984 0.4081390630952381 0.670275 0.397196875 0.68 0.36307812500000003
9 0.6517359374613003 0.39075937499999996 0.6523437498452012 0.399771875 0.6569015622291021 0.39269062499999996 0.6544703126934984 0.378528125 0.655382812383901 0.36307812500000003 0.658725 0.35020312499999995 0.6614609374613004 0.3379734380952381 0.6559906247678018 0.354065625 0.6523437498452012 0.370159375 0.6517359374613003 0.39075937499999996
2 0.7085687498452014 0.50019375 0.7030984377708979 0.49761875 0.6939796873065015 0.5137125 0.6845593752321981 0.51178125 0.6769609374613003 0.5278734369047619 0.6818234377708978 0.5536234380952381 0.6833437498452012 0.5613484369047619 0.6885093752321982 0.5722921869047619 0.6930687498452013 0.5645671869047619 0.6964109374613002 0.5639234380952381 0.6958031250773994 0.5722921869047619 0.7088718749226006 0.581303125 0.7213328123839009 0.5671421869047619 0.7231562501547988 0.5555546869047618 0.7122156247678019 0.5195046880952381 0.7085687498452014 0.50019375
9 0.7419203126934985 0.5998875 0.7333796873065015 0.57435 0.721575 0.5525375 0.7220781250773993 0.5621140630952381 0.7200687498452013 0.5684984369047619 0.732125 0.5865859380952381 0.7411671876160991 0.6083984380952381 0.7484500000000001 0.6275515619047619 0.7547296873065016 0.644575 0.7579953126934985 0.645639061904762 0.7419203126934985 0.5998875
9 0.7198171876160991 0.6360640630952381 0.7271015622291022 0.650428125 0.7371484377708979 0.6653234380952381 0.7346359374613003 0.6578765630952381 0.72685 0.644575 0.7205703126934985 0.6264875 0.71605 0.6046750000000001 0.7110265622291022 0.5770109369047619 0.7042437498452012 0.576478125 0.707257812383901 0.5881828130952381 0.7130359374613002 0.6121234380952381 0.7198171876160991 0.6360640630952381
2 0.6050312501547987 0.52168125 0.6070406247678019 0.541365625 0.6158312501547988 0.546153125 0.6203531250773994 0.5445578119047619 0.6253765622291022 0.540834375 0.6246234377708978 0.52168125 0.6153296873065015 0.524340625 0.6077937498452013 0.52115 0.6050312501547987 0.52168125
2 0.5869468749226007 0.549345313095238 0.5949843752321982 0.5557296869047619 0.5982500000000001 0.5557296869047619 0.6032734377708978 0.549345313095238 0.602017187616099 0.5376421880952381 0.6005109374613002 0.528596875 0.5972453126934985 0.523278125 0.5914687498452013 0.5254046880952381 0.5846859374613003 0.524873436904762 0.5779046873065016 0.5264687499999999 0.5738859374613003 0.5397703119047619 0.5779046873065016 0.55200625 0.5819234377708978 0.5514734369047619 0.5869468749226007 0.549345313095238
1 0.3790515622291022 0.564203125 0.37581562476780184 0.547923436904762 0.37015156222910217 0.54106875 0.3636796873065016 0.5333578119047618 0.35437656222910213 0.535928125 0.3483078123839009 0.542782811904762 0.3442625003095975 0.5590609369047619 0.3438593752321982 0.5821953119047619 0.3531624996904025 0.5856234369047618 0.3693437498452012 0.593334375 0.376625 0.5830515630952381 0.3790515622291022 0.564203125
1 0.3483078123839009 0.565915625 0.3527578123839009 0.55135 0.3466906247678018 0.5290734380952381 0.33981406253869967 0.5213625 0.33495937523219815 0.5265031250000001 0.32889218761609906 0.527359375 0.3195874996904025 0.517934375 0.30907031269349844 0.5230765630952381 0.305025 0.546209375 0.3062390625386997 0.5676296880952381 0.30987968730650156 0.5813390630952381 0.32241874984520125 0.5856234369047618 0.3317234377708978 0.5873359380952381 0.33617343777089786 0.5864796869047619 0.3418359374613003 0.5873359380952381 0.3483078123839009 0.565915625
10 0.3232281250773994 0.603615625 0.3187781250773994 0.5916203130952381 0.3068477814241486 0.5967738095238095 0.3043095182662539 0.6074909202380953 0.31149687492260064 0.6079 0.31675625015479875 0.609614061904762 0.3232281250773994 0.603615625
1 0.2536515622291022 0.573628125 0.2637640625386997 0.58048125 0.27792343777089784 0.5873359380952381 0.28924843777089787 0.5959046880952381 0.29895781238390096 0.5924765630952381 0.305025 0.5821953119047619 0.31028437523219815 0.5590609369047619 0.3110937498452012 0.5402125 0.305025 0.5230765630952381 0.29167656222910215 0.5205046869047619 0.2815640625386997 0.5136515630952381 0.26457343777089787 0.5093671880952382 0.2532468749226006 0.5247890619047619 0.2455609374613003 0.560775 0.2536515622291022 0.573628125
0 0.23747187492260063 0.556490625 0.24192031269349845 0.556490625 0.2455609374613003 0.547923436904762 0.2500109374613003 0.5350703130952381 0.25122500000000003 0.52221875 0.2496062501547988 0.5196484369047619 0.24313437523219814 0.5265031250000001 0.23949374984520122 0.5384984369047618 0.23747187492260063 0.556490625
9 0.27751874984520125 0.595046875 0.27185468730650153 0.5890500000000001 0.26821406253869967 0.601045311904762 0.24879843777089783 0.652453125 0.2629562501547988 0.631890625 0.27751874984520125 0.595046875
25 0.23887874179566565 0.5933894595238095 0.23442746377708978 0.6165257702380953 0.2630386897832817 0.5851457166666667 0.2611928037151703 0.5823768880952381 0.25473220433436533 0.5722245178571428 0.24827160495356038 0.5703786321428571 0.23887874179566565 0.5933894595238095
9 0.2247772811145511 0.6469750095238096 0.22562336842105263 0.6520515357142858 0.23831468297213623 0.6165158547619048 0.23295612817337463 0.6170799130952381 0.2247772811145511 0.6469750095238096
25 0.34209899380804953 0.6479147607142857 0.34728231207430343 0.6559777 0.3645600390092879 0.5932019595238095 0.35937672074303406 0.5880186404761905 0.34209899380804953 0.6479147607142857
6 0.6473388371517027 0.543672475 0.6392758978328174 0.5546150357142857 0.6467629126934984 0.5597983535714286 0.6611610185758514 0.5580705809523809 0.6692239578947368 0.5534631869047619 0.6790146699690403 0.5471280202380953 0.6795905938080494 0.5459761726190476 0.6669202606811145 0.5419447023809524 0.6554017758513933 0.5407928535714286 0.6473388371517027 0.543672475
