2 0.2568634086895827 0.46336240719399 0.28207866065952203 0.45208760798875924 0.30047797394479403 0.4932335507817297 0.2752627445786402 0.5045083130043749
2 0.32026107192677955 0.37656063974063547 0.35593013876064106 0.3818874447325736 0.33934253721963614 0.4929541861611254 0.3036734790665605 0.4876274215758205
1 0.3981090575197186 0.4478410004031283 0.37929140705148257 0.5130144552468808 0.32953642008897077 0.49864941406747193 0.34835421464458705 0.43347620343056337
2 0.3479027850736429 0.3843164881039892 0.38187532525250845 0.3806710712947962 0.39149962891917767 0.4703575620977556 0.357527092343048 0.474002957326575
9 0.3567406250000431 0.3197234374999986 0.361305936947133 0.3194441493448215 0.36542935988279623 0.3868441512510299 0.36086404802813377 0.3871234383853267
9 0.358190056021499 0.4147070007329672 0.3518976076286435 0.41552958810456725 0.34201670212348745 0.339948050400378 0.3483090951028771 0.33912546673906085
9 0.32943964005164617 0.4203905340229505 0.3192692169345719 0.42132002154593684 0.30992169417515925 0.31904335787186805 0.3200920018184661 0.3181138756141708
9 0.31791966688683715 0.43047895105425615 0.31425919481364417 0.4315828105643566 0.2973832834154564 0.3756240023487356 0.3010437303632898 0.37452014693925034
2 0.4923435571109849 0.5176617468575869 0.48305426577576327 0.5181672781452111 0.48091361297656476 0.47883461806124855 0.4902028489179884 0.4783290882838626
2 0.492221071184872 0.4739659070376059 0.5065266787762539 0.4741386153039974 0.5060134200833772 0.5166492702134384 0.4917078125000671 0.5164765625000004
2 0.5302592781524709 0.5125725949832943 0.5302594271794305 0.4512155754266489 0.5610953207329885 0.4512156839156213 0.5610953105875751 0.5125725646725776
9 0.5513063224602774 0.45121562353434974 0.5434991802370632 0.45137353830694066 0.5405633092038897 0.30622978831181485 0.5483703124999693 0.3060718750000009
1 0.5609652408394368 0.4467859113715746 0.5971589591860038 0.4451573887892876 0.6006933081102943 0.5237024650718073 0.5644995904856387 0.5253309781876394
1 0.5920510420364735 0.438966484646835 0.6153391926177392 0.4360069895309468 0.6241511410197518 0.5053433074541661 0.6008629932044869 0.5083027876364256
1 0.6083077374590857 0.43771678688436866 0.636696280984097 0.4285457899693697 0.6556956603424169 0.48735411249258853 0.6273071350204873 0.4965250694774387
1 0.6920660185070346 0.48614484238669464 0.632685349547387 0.4885804637794918 0.6295291842665165 0.4116297760099556 0.6889092359490405 0.4091941671923143
0 0.7502127133457179 0.41783774374134214 0.7378546253971763 0.4197830622423885 0.731305542754626 0.3781803734878009 0.7436635684500743 0.37623505999395196
2 0.7128928822924081 0.4134542307910146 0.7372941025037107 0.42408927758749015 0.7183905399413106 0.4674593528085731 0.6939893396606749 0.4568243398106854
2 0.6855989441780821 0.3922120044050084 0.6952738366668427 0.3914129973344458 0.699468106186032 0.44219731735736817 0.6897932140271905 0.44299632184851445
9 0.6590296804952231 0.26587499993074676 0.6833811721262464 0.26611575166240065 0.6819758352552299 0.40825775456383817 0.6576243436436471 0.40801700462925294
9 0.6562841557608863 0.4001002008665867 0.6498932432849642 0.39956769177239404 0.6550700702139238 0.3374409303166035 0.66146093750001 0.33797343750000225
2 0.7285735281677717 0.5761122191551477 0.6899176722371294 0.5862970914684051 0.6689237958593139 0.5066229862334999 0.7075791515396759 0.4964381834162644
9 0.7143057068307144 0.5558490503799509 0.7231210593316746 0.5518331873474159 0.7645075376161685 0.6426724159262152 0.7556922076068986 0.6466882423890872
9 0.7371487373720811 0.665323348811042 0.7291698852884565 0.6676831416271792 0.7023572784554517 0.5770360644161548 0.7103359971354166 0.574676292609363
2 0.6255706858695476 0.5457701909781272 0.6060086639413385 0.5465393282869444 0.6050146578078284 0.521259268242822 0.6245765993350005 0.5204901325172342
2 0.6001456540815298 0.522909685972962 0.6042186173915525 0.5549715490745366 0.5762679909813642 0.5585218580106681 0.5721951097187912 0.5264600693911682
1 0.3752041391419425 0.594088771291209 0.34033082735027165 0.5895995974266537 0.3478342162878789 0.5313180452847177 0.38270718392573144 0.5358071968382108
1 0.3102733373193587 0.5161970757631741 0.3574621781950782 0.524448407437339 0.34602741835067263 0.5898370839055912 0.29883858913729 0.5815857983855571
10 0.31877811731123984 0.5916202947024574 0.32501118807726925 0.6060482168245994 0.307039948489205 0.6138111631639598 0.300806908288223 0.5993832669696546
1 0.3012863723204191 0.5986411258372777 0.2396426345015925 0.5846283854514551 0.257137258458215 0.5076767969781973 0.3187802058434954 0.5216894438505054
0 0.24558515842113593 0.5184281262254367 0.25426264554369027 0.5210615490071184 0.24300055184539815 0.558168449696345 0.23432306835206873 0.5555350352864437
9 0.2718545503751102 0.5890499501411982 0.2787833499023691 0.59156927016576 0.2557272288451031 0.654972428960459 0.24879843749999964 0.6524531249999972
9 0.2256233687500071 0.6520515359375045 0.22104952515906007 0.6504182163965111 0.2337409012604894 0.6148825524170589 0.23831471454104758 0.61651586601779
6 0.6859449861237863 0.519282500938687 0.6900158522090578 0.5898300434294759 0.6323089795172336 0.5931593547987416 0.6282384792550602 0.5226121633312695