2 0.23833437523219814 0.5404390619047619 0.24131874984520124 0.5548546880952381 0.24840937523219817 0.563779688095238 0.2551265622291022 0.5678984369047619 0.2625890625386997 0.5699578130952381 0.270425 0.57064375 0.2767687498452012 0.566525 0.2782609374613003 0.556914063095238 0.2734109374613003 0.547990625 0.27229062476780186 0.5404390619047619 0.2741562501547988 0.5322 0.27527656222910213 0.5232765619047619 0.2730374996904025 0.5143515630952381 0.26930625015479875 0.5150390619047619 0.2652015622291022 0.5184703130952381 0.26035 0.522590625 0.25736562476780184 0.521903125 0.2562453126934985 0.5150390619047619 0.25027499999999997 0.5095468750000001 0.24617031269349843 0.5150390619047619 0.24542343777089784 0.5273953130952381 0.24131874984520124 0.52876875 0.23833437523219814 0.5404390619047619
9 0.24393125015479875 0.4601203119047619 0.24654374984520125 0.5102328119047619 0.25214062476780186 0.5074875 0.24393125015479875 0.4601203119047619
9 0.27191718761609907 0.508860936904762 0.27079843777089785 0.4889515619047619 0.2681859374613003 0.466984375 0.2629625003095975 0.4518828119047619 0.25923125015479875 0.4450171869047619 0.2644546873065015 0.47385 0.2648281250773994 0.49581718690476195 0.26370781238390095 0.5143515630952381 0.27191718761609907 0.508860936904762
9 0.29766562476780184 0.5164109380952381 0.2939343752321982 0.49925 0.29057499999999997 0.4820875 0.2875906247678019 0.46080625 0.2827390625386997 0.4388390630952381 0.2864703126934985 0.47796875 0.29094843777089785 0.5019953130952381 0.2935609374613003 0.5260218750000001 0.29766562476780184 0.5164109380952381
9 0.3140843752321981 0.5232765619047619 0.31482968730650157 0.5019953130952381 0.31482968730650157 0.4820875 0.31184531269349847 0.464925 0.30214374984520126 0.4408984380952381 0.310725 0.46904375000000004 0.31147187492260064 0.4868921880952381 0.31147187492260064 0.5061140630952381 0.3140843752321981 0.5232765619047619
9 0.29766562476780184 0.4264828130952381 0.30102343777089785 0.5150390619047619 0.3055015622291022 0.513665625 0.29766562476780184 0.4264828130952381
25 0.3285781250773994 0.549495313095238 0.3326828123839009 0.565353125 0.33884062476780186 0.575925 0.34417656222910215 0.575925 0.35074374984520124 0.57139375 0.3560796873065016 0.566107813095238 0.3569 0.5600671869047619 0.358542187616099 0.5472296869047619 0.358542187616099 0.5366578130952381 0.3597734377708978 0.5275953130952381 0.351975 0.5260859380952381 0.348986986996904 0.5127904928571428 0.3476712959752322 0.46476777738095243 0.3410928421052632 0.45259763809523806 0.3407639195046439 0.5203557142857143 0.3355562501547988 0.5321265619047619 0.33022031269349844 0.5411890630952381 0.3285781250773994 0.549495313095238
2 0.3581312501547988 0.5464749999999999 0.358542187616099 0.5623328119047619 0.35936406253869974 0.5706390630952382 0.36100468730650154 0.5797 0.3630578123839009 0.5812109380952382 0.3679828123839009 0.5812109380952382 0.3708562501547988 0.5804546869047619 0.37537187492260066 0.5721484380952381 0.3733187498452012 0.5638421869047618 0.37167656222910217 0.5517609380952381 0.37167656222910217 0.5419437500000001 0.3724984377708978 0.531371875 0.3692140625386997 0.5283515630952381 0.3638781250773994 0.5306171880952381 0.3581312501547988 0.5464749999999999
9 0.3421234377708978 0.44 0.34048125015479874 0.4143265619047619 0.3367874996904025 0.438490625 0.3421234377708978 0.44
2 0.43450688916408664 0.5423935357142857 0.43088873993808047 0.5423935357142857 0.43160468730650153 0.55025 0.42339531269349845 0.5517609380952381 0.42175468730650156 0.5593109380952381 0.42134374984520123 0.569128125 0.4229859374613003 0.586496875 0.42462812507739933 0.5955578119047619 0.43201562476780186 0.599334375 0.44104531269349845 0.605375 0.44638281238390093 0.6023546869047619 0.44638281238390093 0.590271875 0.44638281238390093 0.5744140619047619 0.4472031250773994 0.556290625 0.4462107770897833 0.5398589571428571 0.4439187498452012 0.5532703130952381 0.4457127479876161 0.5380950535714286 0.44338780247678017 0.54042 0.43944073003095974 0.5351572357142858 0.43450688916408664 0.5423935357142857
2 0.5424312501547988 0.5381671880952381 0.5362734377708979 0.5336375 0.528475 0.547984375 0.528475 0.5578015630952381 0.5288859374613003 0.566107813095238 0.530117187616099 0.5766796869047619 0.5321703126934985 0.58800625 0.5342218749226006 0.6000890630952381 0.5354531250773994 0.6076406249999999 0.5383265622291021 0.615190625 0.5412 0.6159468749999999 0.5457156247678019 0.6129265630952381 0.5494093752321981 0.6046203119047618 0.5514609374613003 0.5917828119047619 0.5502296873065016 0.5812109380952382 0.5481781250773994 0.5706390630952382 0.5457156247678019 0.54571875 0.5424312501547988 0.5381671880952381
9 0.5358640625386997 0.430184375 0.5354531250773994 0.5374125 0.5416109374613003 0.5381671880952381 0.5358640625386997 0.430184375
25 0.5521468749226006 0.5848656250000001 0.5571140625386997 0.6013125 0.5675437498452013 0.60588125 0.574 0.592175 0.5764828123839009 0.571159375 0.5779734377708978 0.551057813095238 0.5700230427244583 0.5400910761904762 0.5736411925696594 0.46279424166666666 0.5683784291021672 0.47660899523809525 0.569694120123839 0.46476777738095243 0.5654181250773994 0.4864766761904762 0.566404892879257 0.4940418988095238 0.5647602792569659 0.5019360428571429 0.5641024340557276 0.5354861583333334 0.5551265622291022 0.5446625 0.5511531250773994 0.565678125 0.5521468749226006 0.5848656250000001
9 0.5749937498452012 0.46425625000000004 0.5829406247678018 0.3737984369047619 0.5695296873065016 0.457859375 0.5749937498452012 0.46425625000000004
0 0.5879062501547988 0.5647640630952381 0.5898937498452013 0.5556265630952381 0.5874093752321982 0.545575 0.5774765622291022 0.541920313095238 0.574 0.5501437499999999 0.574 0.556540625 0.5769796873065015 0.566590625 0.5794640625386998 0.56841875 0.5844296873065015 0.56841875 0.5879062501547988 0.5647640630952381
0 0.6052906247678018 0.5839515619047619 0.6082703126934984 0.5766421869047619 0.6082703126934984 0.5675046869047619 0.6082703126934984 0.5574546880952381 0.6077734377708978 0.5501437499999999 0.6067796873065016 0.542834375 0.6042968749226006 0.5318703119047619 0.593867187616099 0.551971875 0.5948593752321981 0.5601953119047619 0.5958531250773994 0.571159375 0.5978406247678019 0.5802968749999999 0.6052906247678018 0.5839515619047619
1 0.6400562501547987 0.5547125 0.6370765622291023 0.5483171869047619 0.6316125003095975 0.542834375 0.6147265622291022 0.5501437499999999 0.6112500000000001 0.556540625 0.6112500000000001 0.5720734380952381 0.6152234377708978 0.586692188095238 0.6236671876160991 0.5976578119047619 0.6301234377708979 0.59674375 0.6370765622291023 0.592175 0.6395593752321981 0.5830375 0.6405531250773994 0.571159375 0.6400562501547987 0.5547125
9 0.6392718749226006 0.4355 0.6266281250773994 0.5166296869047619 0.6306359374613003 0.5160625 0.6392718749226006 0.4355
2 0.6244687498452012 0.5115234380952381 0.6226187498452013 0.5200343749999999 0.6207687498452013 0.530246875 0.618917187616099 0.5432953130952382 0.619842187616099 0.547265625 0.6287859374613003 0.542728125 0.6303281250773993 0.5188999999999999 0.6244687498452012 0.5115234380952381
1 0.686804720123839 0.573922344047619 0.6846453455108359 0.5659801559523809 0.6809453455108359 0.5552004690476191 0.6775531578947369 0.5529317190476191 0.6713844080495356 0.550661405952381 0.6596656582043344 0.5472582809523809 0.6516484705882353 0.5444207809523809 0.6423969077399381 0.551228594047619 0.639929720123839 0.564278594047619 0.6371531578947368 0.5699520309523809 0.636537533126935 0.580730155952381 0.638695345510836 0.589808280952381 0.643629720123839 0.598317655952381 0.6482562829721361 0.6028567190476191 0.6534984705882353 0.606828594047619 0.6553484705882353 0.6085301559523809 0.6602828452012384 0.6090973440476191 0.6636750328173375 0.604559844047619 0.6679922204334365 0.6034239059523809 0.6750859702786378 0.6073957809523809 0.6803281578947368 0.604559844047619 0.684954720123839 0.598886405952381 0.686804720123839 0.589808280952381 0.686804720123839 0.573922344047619
9 0.655925 0.49393593809523806 0.655925 0.507553125 0.655925 0.5308140619047619 0.655925 0.54613125 0.660242187616099 0.5438625 0.6583921876160991 0.5188999999999999 0.658082812383901 0.49620624999999996 0.6611671876160992 0.47180937500000003 0.6633265622291022 0.457059375 0.6571578123839009 0.47634843690476186 0.655925 0.49393593809523806
9 0.6682593752321981 0.53138125 0.6713437498452013 0.5064171880952382 0.6728859374613003 0.48088749999999997 0.6747359374613003 0.44514531190476186 0.6704187498452012 0.48088749999999997 0.6685687498452012 0.499609375 0.665792187616099 0.5206015630952381 0.6630171876160991 0.535920311904762 0.6682593752321981 0.53138125
9 0.6817687498452012 0.47193593690476193 0.6806203126934984 0.48567499999999997 0.6794703126934983 0.5015265619047619 0.6760234377708978 0.5212546880952381 0.6714281250773995 0.537459375 0.6739171876160991 0.539925 0.6758328123839009 0.5304125 0.6777468749226006 0.521959375 0.6802374996904025 0.50998125 0.6817687498452012 0.4951859369047619 0.6817687498452012 0.47193593690476193
2 0.7371078123839009 0.5857203130952381 0.7338531250773993 0.580084375 0.7304062501547988 0.574446875 0.7256187498452014 0.56810625 0.7171937498452012 0.5652890630952381 0.7114484377708978 0.56810625 0.7085765622291021 0.568459375 0.7047468749226006 0.57198125 0.7009171876160991 0.575504686904762 0.6963218749226006 0.577265625 0.6930671876160991 0.5769140630952381 0.6880875003095975 0.576209375 0.6855984377708979 0.581845311904762 0.6867468749226007 0.5945265619047619 0.6880875003095975 0.6050953130952381 0.6903859374613003 0.6153109369047619 0.6922999999999999 0.618129688095238 0.6938328123839009 0.618834375 0.6974703126934985 0.618129688095238 0.6991937498452013 0.6170734380952381 0.7039812501547987 0.6184812500000001 0.7076187498452012 0.618834375 0.7120234377708978 0.6142546880952381 0.7170015622291022 0.6142546880952381 0.7215984377708978 0.6142546880952381 0.7246609374613003 0.61460625 0.729257812383901 0.6163687499999999 0.7332781250773993 0.614959375 0.7350015622291022 0.6054484380952381 0.7373 0.5962890619047619 0.7371078123839009 0.5857203130952381
1 0.5899218749226006 0.712645311904762 0.5958921876160991 0.7105859369047619 0.6003687498452013 0.707153125 0.6033546873065015 0.698228125 0.6041015622291022 0.68793125 0.6033546873065015 0.6755749999999999 0.6029812501547988 0.6659640619047619 0.5999968749226007 0.659785936904762 0.5951453126934985 0.6481156250000001 0.589175 0.6385046869047619 0.585817187616099 0.63781875 0.5798453126934985 0.6385046869047619 0.5731296873065016 0.6460562499999999 0.5749953126934985 0.6652781249999999 0.5753687498452013 0.6803796869047619 0.5783531250773993 0.694109375 0.5835781250773994 0.707839061904762 0.5899218749226006 0.712645311904762
0 0.40538281238390095 0.664653125 0.40985312507739935 0.6500343749999999 0.3984296873065015 0.647292186904762 0.39445625015479874 0.652775 0.3899859374613003 0.67653125 0.3909796873065015 0.688409375 0.3969390625386997 0.686582813095238 0.40190625015479875 0.67653125 0.40538281238390095 0.664653125
2 0.40786562476780186 0.686582813095238 0.4063765622291021 0.6692218750000001 0.40140937523219816 0.67561875 0.39743593746130035 0.68566875 0.39743593746130035 0.6902375 0.3984296873065015 0.7002875 0.4033968749226006 0.7057703119047619 0.4063765622291021 0.7021156249999999 0.40786562476780186 0.686582813095238
9 0.40624374984520123 0.7030703119047619 0.4013093752321982 0.7059078119047619 0.4028515622291022 0.728601563095238 0.40439374984520127 0.750726561904762 0.40408437523219815 0.77171875 0.40346718761609907 0.7847671869047619 0.40038437523219816 0.7989515619047619 0.39915 0.8051921869047619 0.40254218761609906 0.8017875 0.40439374984520127 0.7938453119047619 0.40593437523219816 0.785903125 0.40809374984520125 0.7734203130952381 0.40809374984520125 0.7586703119047619 0.40901874984520126 0.74165 0.40716874984520124 0.7251968750000001 0.4068593752321982 0.70874375 0.40624374984520123 0.7030703119047619
2 0.27764531269349846 0.6605203130952381 0.2819624996904025 0.659384375 0.2794953126934985 0.6537125 0.2770281250773994 0.646903125 0.27055156222910215 0.637259375 0.2646921876160991 0.6327203119047619 0.2640765622291022 0.6259125 0.258525 0.621940625 0.2545156247678019 0.616834375 0.24773125015479874 0.627614061904762 0.25081562476780184 0.636692188095238 0.2569828123839009 0.6452015630952381 0.26130000000000003 0.6537125 0.2646921876160991 0.657115625 0.26962656222910214 0.6656265619047619 0.27301874984520125 0.6644906250000001 0.27764531269349846 0.6605203130952381
9 0.443058879876161 0.5374596952380952 0.44338780247678017 0.5321969321428571 0.444703492879257 0.49733112500000004 0.44634810650154794 0.4315465845238095 0.44009857523219814 0.4289152035714286 0.43911180743034056 0.4308887392857143 0.4364804253869969 0.44503241547619043 0.4371382712074303 0.49009482619047623 0.43319119876160994 0.5358150821428571 0.43417796656346747 0.5374596952380952 0.4397696526315789 0.5358150821428571 0.4404274978328173 0.5341704678571428 0.443058879876161 0.5374596952380952
1 0.28155783281733743 0.5565372119047619 0.28155783281733743 0.5598264392857143 0.2808999876160991 0.5713387333333333 0.28155783281733743 0.5923897869047619 0.2841892148606811 0.5983103952380953 0.2901098229102167 0.6025863904761904 0.2960304315789474 0.6025863904761904 0.30195104024767805 0.59765255 0.31148979876160987 0.5910740952380952 0.318068252631579 0.5877848690476191 0.3312251609907121 0.5821931821428572 0.3312251609907121 0.5693651976190477 0.32925162476780184 0.5440381488095238 0.32760701114551083 0.5348283130952382 0.3239888613003096 0.5266052464285714 0.3203707120743034 0.5210135595238096 0.3118187213622291 0.5154218738095238 0.3091873399380805 0.5150929511904763 0.3049113448916409 0.5157507964285714 0.30195104024767805 0.5160797190476191 0.2960304315789474 0.5177243333333333 0.2907676687306502 0.5210135595238096 0.2901098229102167 0.5239738642857142 0.28945197770897835 0.526934169047619 0.28780736408668733 0.5335126226190476 0.2858338278637771 0.5377886178571428 0.2851759826625387 0.5407489226190476 0.2822156786377709 0.5502876809523809 0.28155783281733743 0.5565372119047619
6 0.3190550210526316 0.6736336940476191 0.3026088860681114 0.6733047714285715 0.28945197770897835 0.6719890797619047 0.28353136904024767 0.6785675345238095 0.31477902600619195 0.6811989154761905 0.3493159095975232 0.6802121476190476 0.370038039628483 0.6765939976190477 0.373327266873065 0.6739626166666667 0.3851684842105263 0.6650817035714286 0.3637885083591332 0.6677130857142858 0.34175068730650154 0.6706733892857143 0.3190550210526316 0.6736336940476191
6 0.6371081226006191 0.6728466583333333 0.62336253250774 0.6776576154761904 0.6151151777089784 0.6817812916666667 0.6185515752321982 0.6872795285714286 0.6426063591331269 0.6886540869047619 0.6955268829721363 0.6790321738095239 0.7065233554179567 0.6749084964285714 0.7140834297213622 0.6673484214285714 0.7023996780185758 0.6652865833333333 0.6879668080495357 0.6659738630952381 0.661162906501548 0.6694102607142857 0.6371081226006191 0.6728466583333333
13 0.6006823077399381 0.6728466583333333 0.38762565386996906 0.6694102607142857 0.3869383746130031 0.7154579892857142 0.3951857287925697 0.7188943869047618 0.5999950284829721 0.7319526976190477 0.6006823077399381 0.6728466583333333
13 0.2357977213622291 0.5329509726190476 0.36452402848297216 0.542575369047619 0.5088899808049535 0.5738546583333334 0.7314541566563468 0.5786668571428571 0.7350633052631579 0.5161082785714286 0.6845352222910217 0.5281387738095238 0.6123522458204335 0.5185143773809524 0.5594180637770898 0.506483880952381 0.5257326749226006 0.4980625345238095 0.46918934365325077 0.49565643452380953 0.42948870712074305 0.5016716833333333 0.3982094173374613 0.4896411869047619 0.3681331777089783 0.4836259392857143 0.33324473931888543 0.5028747321428572 0.23820382043343652 0.4932503357142857 0.2357977213622291 0.5329509726190476
13 0.25325522848297216 0.7481157749999999 0.29076518885448915 0.7965959642857143 0.38297702229102165 0.7356047642857143 0.3939174922600619 0.7121465964285714 0.5126989356037152 0.7246576071428572 0.58303006749226 0.7293492285714286 0.620540027863777 0.7778294773809523 0.6424208482972136 0.813798655952381 0.7018115108359133 0.8059792666666667 0.7127519801857586 0.7809571857142857 0.7565135021671826 0.7199659857142857 0.6783678 0.7840849535714285 0.6361691684210526 0.768446175 0.5892817473684211 0.7058910607142858 0.5330168656346749 0.6965078178571428 0.48144065448916407 0.6996355857142857 0.431427452631579 0.6949439035714285 0.3767254613003096 0.6871245154761905 0.33765261052631584 0.7449880071428572 0.3001426495356037 0.759062932142857 0.2688843684210526 0.7199659857142857 0.23762608792569662 0.6808690392857143 0.19386444705882352 0.607366769047619 0.20546871393188854 0.6410156261904761 0.21418237708978327 0.707454975 0.25325522848297216 0.7481157749999999
