0 0.3772217609900963 0.5692724382244729 0.35309703559551053 0.5653084000387676 0.3630870133508779 0.5045168116147954 0.38721150021626727 0.5084808297824565
2 0.5002525486655713 0.6184901974982849 0.44729364430668284 0.6191434038644325 0.44617927983756545 0.528767794314657 0.49913734461517834 0.528114593140192
0 0.5240438308148896 0.5391719164124918 0.537763289720715 0.5371420963985625 0.5439997784545767 0.5792902873206323 0.530280321161058 0.5813200999538236
2 0.5970703371649506 0.5723374999999999 0.5865265460349747 0.5723374999999999 0.5865265778660387 0.5358625 0.5970703038964302 0.5358625
2 0.6088531382597466 0.579882813129062 0.6021406104187008 0.5795643599649076 0.6036921971585798 0.5468627977244919 0.6104046875000222 0.5471812500000015
2 0.6251153159677187 0.5846055381793307 0.6117910666694115 0.5857641362095947 0.6086507546349367 0.5496526372570507 0.6219749200339493 0.5484940429218047
2 0.6443602285966108 0.5973597132158865 0.6315767862527082 0.5981995323283319 0.6283213561972616 0.5486507529400547 0.6411046875000466 0.5478109374999984
2 0.6436859743937475 0.5546416629259877 0.6545390212884286 0.5547751216799632 0.6540820695954608 0.5919313895394419 0.6432290227080557 0.5917979312186524
2 0.6721140736514144 0.591832812933763 0.6650912849894439 0.5915596426621813 0.6665325621296461 0.5545110168157377 0.6735553056130357 0.5547841862106588
2 0.6832781476250602 0.596234375 0.6739749856025128 0.596234375 0.6739750185096227 0.5559859375000001 0.6832781147153355 0.5559859375000001
2 0.7693798610855538 0.573695184969211 0.8099089441872138 0.5866230709115223 0.7939954993763649 0.6365063907030881 0.7534664446914121 0.623578567130926
2 0.851216922997196 0.6455212109716102 0.8252591010265178 0.6647191433109292 0.7798541627809072 0.6033334362833315 0.8058117278425243 0.5841356428238864
0 0.8995430971615406 0.6296243705712226 0.8815716332625243 0.6326098301227454 0.8713224904209937 0.5709198170667639 0.8892937499999789 0.5679343750000027
0 0.940461048386851 0.63019375 0.9026280282114385 0.63019375 0.9026283427803037 0.5484390625 0.9404608040575795 0.5484390625
0 0.9309864579106488 0.6709273149364438 0.9366463282174209 0.7440526899706673 0.887385410943125 0.7478645495950875 0.8817259581483086 0.6747395661872032
0 0.8776515875285895 0.7237249957863833 0.8718271649451026 0.7247055473569786 0.867880294431643 0.7012649240279986 0.8737046874999805 0.7002843749999963
2 0.8655281086098512 0.693995126712259 0.8693121076347552 0.736887784535916 0.8335456946595059 0.7400424499169557 0.8297618768422126 0.6971499604721854
2 0.46346635381939905 0.665273725430352 0.5253857828153059 0.6591825334081901 0.5336406871064128 0.7430847796706465 0.47172126679674875 0.7491759166877142
0 0.5265904423573602 0.6675926597836415 0.5350558651291522 0.6677468817240864 0.5344926825741823 0.6986562867989472 0.526027259815578 0.6985020653544649
9 0.5022555007191158 0.740013551259726 0.5110737526996445 0.7406824272048014 0.5025073134393097 0.8535985542468914 0.49368906250003874 0.8529296875000025
9 0.47902935743957187 0.7443061904884841 0.48626279522079585 0.7456104146937538 0.46399280745515625 0.8690995164919666 0.45675937500004693 0.8677953125000074
2 0.46619769750509477 0.7154352127690935 0.4191552016368405 0.703335403272672 0.4306996779241672 0.6584594049551297 0.47774174079995646 0.6705591560715143
11 0.35074177446676913 0.6439778345377867 0.4183696358106772 0.6491003047573449 0.4053542536121313 0.8209053151919375 0.3377264025882596 0.8157829432923374
7 0.9508142505558226 0.8436725595642428 0.9439809099181957 0.8607523857638956 0.921981125136881 0.8519525335274984 0.9288144856810732 0.8348727595345208
7 0.5021833268414184 0.9115870655684761 0.46890354810295776 0.9055376403234127 0.48380052002607954 0.8236060708856702 0.5170795811659445 0.8296554291106187
7 0.7610686311713835 0.8575154800421197 0.77590476457965 0.8610247316969322 0.7593369418655129 0.9310519537717854 0.7445008202054169 0.9275427366253018
6 0.45410195492695493 0.6249999910820712 0.40671829532857373 0.6260767876668346 0.40437732923794556 0.5230583104384594 0.4517601588634079 0.5219815231104842
6 0.7714843134475586 0.7011718679666342 0.8398438569007567 0.7089830446831711 0.8292236242947411 0.8019103511668835 0.7608640950742256 0.7940992583816059
6 0.5359638795750925 0.6042901882134919 0.5008568943883347 0.606187695099756 0.4951670688100194 0.5009209277820581 0.5302734375 0.4990234375000006