0 0.35617656222910216 0.54656875 0.36584531269349846 0.567403125 0.3785359374613003 0.561275 0.3821609374613003 0.539215625 0.38337031269349847 0.523284375 0.3803484377708979 0.507353125 0.3610109374613003 0.5196078119047619 0.35617656222910216 0.54656875
2 0.47764062476780184 0.5416671869047619 0.47703593746130035 0.57475625 0.4643468749226006 0.5710796869047619 0.45588593746130035 0.57720625 0.44682187492260067 0.5808828119047619 0.45286406253869965 0.6127468749999999 0.46072031269349845 0.6188734369047619 0.4691812501547987 0.6188734369047619 0.48368437523219815 0.60784375 0.5 0.598040625 0.4993953126934984 0.5808828119047619 0.4993953126934984 0.5490203119047619 0.4933531250773994 0.5281859369047619 0.48428750030959755 0.5343140630952381 0.47764062476780184 0.5416671869047619
0 0.5302156247678018 0.5808828119047619 0.5332359374613003 0.5808828119047619 0.538675 0.5735296880952381 0.5416968749226007 0.563726563095238 0.538675 0.54411875 0.5320281250773994 0.5379906250000001 0.5265890625386996 0.5563734380952381 0.5302156247678018 0.5808828119047619
2 0.5865265622291022 0.5534703119047619 0.587767187616099 0.5685640619047619 0.5899375003095975 0.5723375 0.5955187498452013 0.5710796869047619 0.5970703126934984 0.557873436904762 0.5970703126934984 0.5452953119047619 0.5924187498452012 0.5358625 0.5871468749226006 0.54089375 0.5865265622291022 0.5534703119047619
2 0.6057531250773994 0.5503265630952381 0.6029609374613003 0.562275 0.6032718749226006 0.5792546869047619 0.6088531250773993 0.5798828119047619 0.6104046873065015 0.54718125 0.6082328123839009 0.5478109369047619 0.6057531250773994 0.5503265630952381
2 0.6119546873065016 0.5597593750000001 0.6113343752321981 0.5805125 0.6159859374613003 0.5842859369047619 0.6215671876160991 0.5849140630952381 0.6249781250773994 0.583028125 0.6240484377708978 0.5723375 0.6197062501547987 0.562903125 0.6153656247678019 0.54906875 0.6119546873065016 0.5597593750000001
2 0.6342812501547987 0.5553578119047619 0.6296296873065016 0.5685640619047619 0.6311812501547988 0.5786250000000001 0.6330406247678019 0.5886875 0.6352124996904025 0.596234375 0.6423437498452013 0.5974921880952381 0.6429640625386996 0.5761109380952381 0.6414140625386997 0.5559859380952381 0.6411046873065016 0.5478109369047619 0.6342812501547987 0.5553578119047619
2 0.650717187616099 0.554728125 0.6457562501547988 0.554728125 0.6435843752321981 0.562903125 0.6435843752321981 0.5754812499999999 0.6432749999999999 0.588059375 0.6460656247678018 0.591832813095238 0.649167187616099 0.591203125 0.6519578123839009 0.5849140630952381 0.6528875003095975 0.574853125 0.6544390625386998 0.562903125 0.650717187616099 0.554728125
2 0.6677734377708978 0.5798828119047619 0.6705640625386997 0.5849140630952381 0.6721140625386997 0.591832813095238 0.6730437498452013 0.567934375 0.6721140625386997 0.554728125 0.6677734377708978 0.556615625 0.6659125003095975 0.57045 0.6677734377708978 0.5798828119047619
2 0.6758359374613002 0.5559859380952381 0.6742843752321982 0.567934375 0.673975 0.5786250000000001 0.6752156247678018 0.596234375 0.6789359374613004 0.5943468749999999 0.6823468749226007 0.5899453119047618 0.6832781250773994 0.5798828119047619 0.6832781250773994 0.5685640619047619 0.6804874996904025 0.5616453119047619 0.6758359374613002 0.5559859380952381
2 0.8017359374613003 0.591203125 0.8008062501547987 0.5874296869047619 0.7949140625386998 0.586171875 0.7911937498452013 0.583028125 0.7871624996904024 0.5924609380952381 0.7890218749226007 0.6056671880952381 0.7856109374613004 0.610698438095238 0.7790984377708979 0.6100703119047619 0.7794093752321982 0.596234375 0.7781687498452013 0.5842859369047619 0.7763078123839009 0.5773671869047619 0.7710359374613003 0.5742234380952381 0.7670046873065015 0.581140625 0.7635937498452012 0.591832813095238 0.7626640625386998 0.6113265630952381 0.7688656247678017 0.6220187500000001 0.7778593752321982 0.62830625 0.7840609374613002 0.6333375 0.7921234377708979 0.6345953130952381 0.7980156247678019 0.6239046869047619 0.8014265622291021 0.609440625 0.8017359374613003 0.591203125
2 0.8330562501547987 0.623276561904762 0.8296453126934984 0.6163578130952381 0.8262343752321981 0.6138421869047619 0.820342187616099 0.6226468749999999 0.8172421876160991 0.6176156250000001 0.8147609374613003 0.609440625 0.8094890625386997 0.6037812499999999 0.8066984377708978 0.593090625 0.8063874996904025 0.5849140630952381 0.8039078123839009 0.5855437499999999 0.8023562501547988 0.589317188095238 0.7992562501547987 0.604409375 0.8039078123839009 0.635853125 0.81445 0.6415140630952381 0.8231328123839009 0.651575 0.8265453126934984 0.650946875 0.8336765622291021 0.6584937500000001 0.8426703126934986 0.6465437500000001 0.8423593752321981 0.6371109369047618 0.8373984377708978 0.6276781250000001 0.8330562501547987 0.623276561904762
0 0.8892937498452012 0.567934375 0.8837125003095976 0.5798828119047619 0.8781296873065015 0.5905750000000001 0.8772000000000001 0.606296875 0.8793703126934984 0.6163578130952381 0.8880531250773994 0.6257921880952381 0.8961156247678019 0.63019375 0.8989062501547987 0.6257921880952381 0.8942546873065016 0.606296875 0.8920843752321981 0.5849140630952381 0.8892937498452012 0.567934375
0 0.9401499999999999 0.5823984380952382 0.9382890625386997 0.5616453119047619 0.9351890625386997 0.5509546880952381 0.9305374996904026 0.5484390619047619 0.9252656247678018 0.5528421880952381 0.9203046873065015 0.5616453119047619 0.913792187616099 0.574853125 0.90635 0.5823984380952382 0.9047984377708979 0.5886875 0.9026281250773994 0.6050390630952381 0.9054187498452013 0.6100703119047619 0.9066593752321982 0.614471875 0.9125515622291022 0.626420311904762 0.9144125003095975 0.63019375 0.9265062501547988 0.63019375 0.9345687498452013 0.6213890630952381 0.9404609374613002 0.609440625 0.9404609374613002 0.593090625 0.9401499999999999 0.5823984380952382
0 0.8914640625386997 0.6739859369047619 0.8852625003095975 0.67913125 0.8835703126934985 0.6985703119047619 0.8858265622291022 0.7168640630952381 0.8934374996904025 0.736301563095238 0.9007671876160991 0.742590625 0.9111984377708979 0.746021875 0.9174000000000001 0.74545 0.9247296873065015 0.7368734369047619 0.9292406247678018 0.723153125 0.9326234377708978 0.7031437500000001 0.9329046873065014 0.6957109369047619 0.9309312501547987 0.683134375 0.9283953126934984 0.671128125 0.9213468749226006 0.6774171880952381 0.9148624996904025 0.6808468750000001 0.909225 0.6751296880952381 0.9013312501547988 0.6877078119047619 0.8979484377708978 0.6848484369047619 0.8914640625386997 0.6739859369047619
0 0.8748312501547987 0.7105750000000001 0.8737046873065015 0.700284375 0.8706031250773995 0.7077171880952381 0.8706031250773995 0.7174359369047619 0.8731406247678019 0.724296875 0.8776515622291022 0.723725 0.8756781250773994 0.7180078119047619 0.8748312501547987 0.7105750000000001
2 0.8370562501547987 0.7397328130952382 0.8449500000000001 0.7380171880952381 0.8483328123839009 0.7282984380952381 0.8539703126934984 0.7294421869047619 0.8621453126934984 0.7334437500000001 0.8641187498452012 0.7271546880952381 0.866375 0.712290625 0.8655281250773993 0.6939953130952381 0.8627093752321982 0.6957109369047619 0.8573531250773994 0.6985703119047619 0.8534062501547988 0.6997125000000001 0.8505875003095975 0.6991406250000001 0.8407203126934985 0.6968546880952381 0.8331093752321982 0.6968546880952381 0.8302906247678018 0.7031437500000001 0.8328265622291021 0.723153125 0.8370562501547987 0.7397328130952382
2 0.5013 0.7431625 0.5032734377708978 0.7414468750000001 0.5044015622291022 0.7334437500000001 0.5075031250773994 0.7225812500000001 0.5044015622291022 0.71171875 0.5041203126934984 0.6962828119047619 0.5046828123839009 0.6779875 0.5131406247678019 0.6922812500000001 0.5165234377708978 0.690565625 0.5218796873065016 0.6865640630952381 0.5272359374613003 0.6779875 0.5255453126934985 0.6659828119047619 0.5201890625386997 0.65969375 0.5100406247678019 0.6608375000000001 0.5007374996904025 0.6671265630952381 0.49143437523219813 0.6671265630952381 0.47705625015479874 0.669984375 0.46944531269349843 0.6722718750000001 0.46577968730650154 0.6859921880952381 0.4680359374613003 0.71171875 0.4685984377708978 0.7174359369047619 0.4725453126934984 0.7214375000000001 0.4762109374613003 0.7220093750000001 0.47705625015479874 0.7282984380952381 0.47959374984520126 0.7477359369047619 0.48635937523219813 0.7477359369047619 0.49171562476780184 0.7385890630952381 0.49622656222910216 0.7380171880952381 0.5013 0.7431625
0 0.5263906247678019 0.678559375 0.5261093752321981 0.6939953130952381 0.5297734377708978 0.6985703119047619 0.5337203126934984 0.6922812500000001 0.5348484377708979 0.67913125 0.5323109374613003 0.667696875 0.5283640625386997 0.66826875 0.5263906247678019 0.678559375
9 0.5060937498452013 0.7923296880952381 0.5069390625386997 0.7711765619047619 0.5060937498452013 0.7403046869047619 0.5021468749226007 0.7414468750000001 0.5021468749226007 0.7500234380952381 0.5018640625386996 0.7797515630952381 0.5021468749226007 0.8111953130952381 0.49368906253869965 0.8529296880952382 0.49791718761609904 0.8443546869047619 0.5029921876160991 0.827203125 0.5058109374613003 0.8100531249999999 0.5060937498452013 0.7923296880952381
9 0.4680359374613003 0.8460703119047619 0.47113593746130034 0.8294906249999999 0.4742375003095975 0.808909375 0.4781843752321982 0.7780375 0.48382187492260065 0.7494515630952381 0.47902968730650153 0.7443062500000001 0.4781843752321982 0.754025 0.4722640625386997 0.7894703119047619 0.4669078123839009 0.8289187499999999 0.4621156247678019 0.856932811904762 0.4567593752321981 0.867795311904762 0.46155156222910215 0.867223438095238 0.46577968730650154 0.858646875 0.4680359374613003 0.8460703119047619
7 0.4807218749226006 0.845498436904762 0.47029062476780187 0.866651563095238 0.46775312507739936 0.8878046880952382 0.48015781238390093 0.916960936904762 0.4942531250773994 0.914675 0.5049656247678018 0.8986671880952382 0.5100406247678019 0.8792281249999999 0.5131406247678019 0.8552171880952381 0.5108859374613003 0.8232015630952382 0.508067187616099 0.828346875 0.5055296873065015 0.8460703119047619 0.4965078123839009 0.866079688095238 0.4908703126934984 0.871796875 0.48635937523219813 0.8592187499999999 0.4872046873065015 0.841496875 0.4925609374613003 0.8232015630952382 0.4880515622291021 0.828346875 0.4807218749226006 0.845498436904762
2 0.4714187498452012 0.6951390619047619 0.4708546873065016 0.6808468750000001 0.4685984377708978 0.6762734369047619 0.4621156247678019 0.6722718750000001 0.4561953126934985 0.6659828119047619 0.4514031250773994 0.664267188095238 0.4466093752321981 0.6625515630952381 0.4387171876160991 0.6608375000000001 0.43195 0.6631234380952381 0.4274406247678018 0.671128125 0.4265937498452012 0.693425 0.42715781238390094 0.700284375 0.43110468730650153 0.701428125 0.4367437498452012 0.7077171880952381 0.44745625015479873 0.710003125 0.4519656247678019 0.7025718750000001 0.4561953126934985 0.7128625 0.46577968730650154 0.7128625 0.4680359374613003 0.7082890630952381 0.4714187498452012 0.6951390619047619
6 0.4236217374613003 0.5535324035714285 0.4179734476780186 0.5711048607142858 0.4386838433436533 0.5786359142857143 0.4380562557275542 0.561691044047619 0.4349183170278638 0.5541599916666666 0.4236217374613003 0.5535324035714285
7 0.9231815931888545 0.8422227726190477 0.9125126012383901 0.8434779476190476 0.9187884792569659 0.8535193523809524 0.9288298829721363 0.8541469392857143 0.9344781727554179 0.8579124666666667 0.9376161120743034 0.8591676416666667 0.9388712873065016 0.8654435190476191 0.9489126916408669 0.8572848785714285 0.9495402792569659 0.8541469392857143 0.9495402792569659 0.8472434750000001 0.9495402792569659 0.8453607107142856 0.9495402792569659 0.8428503607142857 0.9482851040247677 0.8415951845238095 0.9470299281733746 0.8415951845238095 0.9438919894736842 0.8409675964285714 0.9351057609907121 0.8422227726190477 0.9275747077399381 0.8428503607142857 0.9231815931888545 0.8422227726190477
6 0.7700501801857585 0.7204707476190476 0.7763260575851394 0.7261190369047619 0.7951536904024767 0.726746625 0.8058226823529412 0.7242362738095238 0.8114709721362229 0.7217259226190477 0.819629613003096 0.7091741678571429 0.7807191721362229 0.7104293428571428 0.7700501801857585 0.7204707476190476
6 0.5158771380804953 0.5591806928571429 0.5121116111455108 0.5598082809523809 0.5064633213622292 0.5667117464285715 0.50583573374613 0.5692220976190476 0.5077184972136223 0.5729876238095238 0.5146219622291022 0.5742427999999999 0.5165047256965944 0.5736152119047618 0.5202702520123839 0.5711048607142858 0.5234081907120742 0.5673393345238096 0.5240357789473684 0.5660841583333334 0.5252909541795665 0.560435869047619 0.5190150767801858 0.5598082809523809 0.5158771380804953 0.5591806928571429
11 0.3537547095975232 0.8084925892857143 0.3537547095975232 0.8197826333333332 0.3562636080495356 0.8185281845238095 0.3813525944272446 0.7802674797619047 0.4020510086687306 0.7501606964285714 0.4127138278637771 0.7131544404761905 0.41584995108359135 0.6868110047619047 0.4127138278637771 0.6755209607142857 0.4070688055727554 0.660467569047619 0.4033054575851393 0.6554497726190476 0.3976604359133127 0.6510591988095238 0.38448871764705883 0.6410236047619048 0.37508034798761614 0.6460414023809523 0.3593997312693498 0.674266511904762 0.3361924191950464 0.7884213999999999 0.3430918904024768 0.8078653654761905 0.3537547095975232 0.8084925892857143
