0 0.3417690764977124 0.49692695242761376 0.3632562813130562 0.5014644376479185 0.3516700109563544 0.5563265272987142 0.33018281250008386 0.5517890625000083
0 0.35661290984842253 0.5174824554466174 0.3657998646616534 0.517181044249026 0.3667432040379026 0.5459314020290864 0.35755624925934626 0.5462328125243008
2 0.38934660248605724 0.5405032972526208 0.4017017055061842 0.5408609975087075 0.40073688170446076 0.5741832717264624 0.38838177872924007 0.5738255724824342
0 0.4664075547822222 0.5968590467185886 0.4611616338954718 0.5970029185173688 0.4600833374904596 0.5576888509652472 0.46532922213054917 0.5575449796636549
0 0.620193362121995 0.689807607576009 0.6090683848290155 0.6904656629866073 0.6067789634580549 0.6517655974148058 0.6179038528653109 0.6511075446099442
2 0.5845573652109124 0.6486334249280247 0.603552655743556 0.6442296675287631 0.6127257791692955 0.6837920212660222 0.5937304947761959 0.6881957605118996
0 0.609784428256944 0.7071122239287733 0.5980505763825477 0.7078827931735023 0.5961089769049295 0.6783207448565894 0.607842755471097 0.6775501780307055
2 0.40091233514590385 0.6589291817047536 0.42346441764436804 0.6618702055427836 0.4162495234246535 0.7171869164169011 0.3936974442558494 0.7142459097979049
2 0.37294432995554416 0.6469870996741512 0.40491086031556733 0.6528957412719225 0.39109763143676446 0.7276166559336705 0.35913111374554774 0.7217080611414408
0 0.36363058967071993 0.692751645120553 0.3539768769097691 0.6908833126799855 0.36261972744830473 0.6462319585733977 0.37227335367276737 0.6481002824359985
9 0.4051925586007883 0.848194172496185 0.3978002770002149 0.8476250327176279 0.4081204504991547 0.713608994114362 0.4155124999999771 0.7141781249999966
9 0.37460954833466076 0.7261207612503588 0.382064920176731 0.7277883529975784 0.35463973856008124 0.8503769416606761 0.34718437499998345 0.848709374999988
9 0.28633704618300726 0.6796826495121959 0.29817103233472153 0.6839328087647457 0.2597589587639959 0.7908688551651816 0.2479249999998956 0.7866187499999813
9 0.24656406250005602 0.7879984375000042 0.23359197421893896 0.7842984610347805 0.27094390483932784 0.6533650611458593 0.2839156250478254 0.6570649816395467
2 0.30012055380905167 0.6888301555460067 0.24766126196936966 0.6698781561283789 0.2754712861526514 0.5929109126213992 0.32792981884460914 0.6118627613047112
0 0.26560156012544667 0.6451874994150764 0.27361298319817706 0.6471609402776524 0.2693494619319381 0.6644669699758614 0.26133804010783024 0.6624935326227376
0 0.31787377200942046 0.6694275478905259 0.3121741552142794 0.6692265846532925 0.31351314074595393 0.6312565875870683 0.31921271473584056 0.6314575500696127
0 0.2505587496930275 0.588519686895968 0.2712727048932493 0.5914347572911719 0.26238342088697664 0.6545931045785208 0.2416694694383068 0.6516780517907131
11 0.273180714978821 0.23521524122375764 0.3227387467064773 0.24588928837274138 0.2814151738714372 0.4377423699430763 0.23185717452497556 0.4270684319970067
11 0.22799400069800413 0.5800860339512302 0.27543591877622475 0.5918727662040395 0.23094592609663778 0.7709226014286685 0.18350408767162207 0.7591360918531863