2 0.2559828123839009 0.4008953119047619 0.24598437523219815 0.39654375 0.24069062476780184 0.394678125 0.23422031269349844 0.39281406309523814 0.23480937523219816 0.4046265630952381 0.23922031269349844 0.41208593809523814 0.243925 0.418925 0.2509828123839009 0.4170609369047619 0.25745312507739937 0.4164390630952381 0.2559828123839009 0.4008953119047619
2 0.3009765622291022 0.44068437499999996 0.29568281238390093 0.430115625 0.28774374984520124 0.419546875 0.28274374984520123 0.42700781309523805 0.27862656222910215 0.41768125 0.2695109374613003 0.4238984380952381 0.2709812501547988 0.43322499999999997 0.27656874984520124 0.44130625 0.28392031269349843 0.44130625 0.2992125003095975 0.4462796880952381 0.3009765622291022 0.44068437499999996
2 0.32156250030959754 0.4692828130952381 0.3280312501547988 0.4705265630952381 0.3339140625386997 0.474878125 0.3359718749226006 0.46804062500000004 0.3450890625386997 0.46804062500000004 0.3442062501547988 0.4574703119047619 0.34067812507739936 0.45560625 0.33950156222910216 0.44503750000000003 0.3280312501547988 0.4357109369047619 0.3247968749226006 0.44503750000000003 0.31538593746130034 0.4475234380952381 0.3118578123839009 0.4612015619047619 0.31450468730650155 0.466175 0.32156250030959754 0.4692828130952381
0 0.6806328123839009 0.40400468690476193 0.6750453126934985 0.4008953119047619 0.6747515622291022 0.4139515619047619 0.6759281250773994 0.4263859380952381 0.6788687498452013 0.42887187499999996 0.6815156247678018 0.4276296869047619 0.6832796873065016 0.42141249999999997 0.6838671876160991 0.4139515619047619 0.6806328123839009 0.40400468690476193
0 0.7159218749226006 0.399653125 0.7115109374613002 0.385975 0.7076875003095975 0.3778921880952381 0.7053359374613004 0.3834875 0.7059234377708978 0.39654375 0.7103343752321981 0.40835625 0.714157812383901 0.4151953130952381 0.7159218749226006 0.399653125
0 0.7162156247678019 0.4008953119047619 0.7209218749226006 0.4096 0.7262156247678019 0.408978125 0.7285671876160991 0.4008953119047619 0.7306265622291022 0.3897046880952381 0.7270968749226007 0.377271875 0.7215093752321982 0.3685671880952381 0.7135703126934984 0.36359375 0.7103343752321981 0.3667015630952381 0.711217187616099 0.377271875 0.7121000000000001 0.3890828130952381 0.7162156247678019 0.4008953119047619
2 0.7415359374613003 0.412190625 0.7451765622291021 0.4102671880952381 0.7527593752321982 0.40449687500000003 0.7527593752321982 0.39551875 0.7515468749226006 0.39103125 0.7469968749226007 0.3923125 0.7378953126934984 0.3968015619047619 0.7327390625386997 0.40129062499999996 0.7275812501547988 0.40577812500000005 0.7275812501547988 0.4173203119047619 0.7312218749226007 0.4160375 0.7369859374613004 0.4160375 0.7415359374613003 0.412190625
2 0.7111999999999999 0.4750296880952381 0.7124140625386997 0.4808 0.7178749999999999 0.47951718809523813 0.7221218749226007 0.4718234369047619 0.7233343752321981 0.476953125 0.7297046873065015 0.4660515630952381 0.7281890625386996 0.4583578119047619 0.7372890625386996 0.45707499999999995 0.7433562501547988 0.44104531309523815 0.7412328123839009 0.43591562500000003 0.736075 0.4371984380952381 0.7300078123839009 0.4480984380952381 0.7251546873065016 0.4506625 0.7209078123839009 0.4519453130952381 0.7151437498452012 0.46284531190476186 0.7111999999999999 0.4750296880952381
0 0.7230312501547987 0.5218375 0.7266718749226007 0.5147843750000001 0.7275812501547988 0.497471875 0.7239406247678019 0.48721250000000005 0.7181781250773994 0.4827234369047619 0.7124140625386997 0.4865703119047619 0.70665 0.48400624999999997 0.7069531250773994 0.49811249999999996 0.7096843752321982 0.511578125 0.7181781250773994 0.5211953119047619 0.7230312501547987 0.5218375
2 0.7039203126934984 0.5276078119047619 0.7102906247678019 0.5205546869047619 0.7048296873065015 0.49426562500000004 0.6996734377708979 0.47887656190476185 0.6936062501547987 0.4763109369047619 0.6887515622291022 0.476953125 0.6842015622291022 0.4852875 0.6790453126934984 0.4961890619047619 0.6720671876160991 0.49811249999999996 0.6656968749226007 0.49490625 0.6596296873065015 0.504525 0.6565968749226007 0.5128609369047619 0.6565968749226007 0.5211953119047619 0.6599343752321982 0.532096875 0.6659999999999999 0.549409375 0.6690343752321982 0.549409375 0.6723718749226006 0.546203125 0.6760109374613003 0.5429968749999999 0.6763140625386997 0.5308140619047619 0.6741906247678019 0.519271875 0.675707812383901 0.515425 0.6814718749226006 0.5167078119047619 0.6848093752321982 0.515425 0.6872359374613003 0.5090125 0.6905718749226006 0.511578125 0.6981562501547988 0.5237609369047619 0.7039203126934984 0.5276078119047619
1 0.6077562501547987 0.519271875 0.6065437498452013 0.541073436904762 0.6092734377708978 0.5609515630952381 0.6144312501547987 0.5622328130952381 0.6211046873065016 0.569928125 0.6326312501547988 0.5673625 0.6538671876160991 0.5660796869047618 0.6608437498452013 0.5590265630952381 0.6623609374613003 0.5455625 0.6575062501547987 0.5231203130952381 0.6547765622291022 0.5122187500000001 0.6499234377708978 0.511578125 0.6435531250773994 0.508371875 0.6365750000000001 0.5147843750000001 0.630507812383901 0.5205546869047619 0.6247453126934984 0.5147843750000001 0.6171609374613003 0.5147843750000001 0.6077562501547987 0.519271875
2 0.6468890625386997 0.5449203130952381 0.6350578123839009 0.5429968749999999 0.6265640625386997 0.546203125 0.622317187616099 0.551973436904762 0.6177671876160991 0.5577453119047618 0.6192843752321981 0.5686453119047619 0.6232281250773993 0.5776218750000001 0.6277781250773994 0.58146875 0.6286874996904025 0.5885234369047619 0.6302046873065016 0.598140625 0.6332390625386998 0.599423436904762 0.6353624996904025 0.59429375 0.6390015622291022 0.5930109380952381 0.6438562501547987 0.59429375 0.6502265622291021 0.58788125 0.65235 0.584034375 0.6535625003095975 0.5763390630952381 0.6590234377708979 0.572492188095238 0.6626640625386997 0.566721875 0.6602375003095975 0.55966875 0.6556859374613003 0.5513328130952382 0.6468890625386997 0.5449203130952381
9 0.6611468749226006 0.6071171869047619 0.6462644842105263 0.519129675 0.6040840352941177 0.5363073071428571 0.6400156167182662 0.700275955952381 0.6462644842105263 0.619072361904762 0.6853206185758515 0.6690438547619048 0.6611468749226006 0.6071171869047619
0 0.6056328123839009 0.5429968749999999 0.6010828123839009 0.541073436904762 0.59805 0.5455625 0.5947124996904025 0.5577453119047618 0.5959265622291021 0.5673625 0.6016890625386997 0.5801875 0.6089703126934984 0.582751563095238 0.6153406247678019 0.58339375 0.6168578123839009 0.5750578119047619 0.6117 0.5622328130952381 0.6080593752321981 0.553896875 0.6056328123839009 0.5429968749999999
2 0.5118968749226006 0.613529686904762 0.5131093752321981 0.596857811904762 0.5137171876160991 0.5705687500000001 0.5091671876160991 0.5577453119047618 0.4988531250773994 0.5551796869047619 0.4936953126934985 0.563515625 0.49642499999999995 0.58146875 0.4976390625386997 0.6058359380952382 0.4982453126934985 0.6128890630952382 0.5009765622291021 0.62250625 0.5064359374613003 0.6237890630952381 0.5118968749226006 0.613529686904762
2 0.3004593752321981 0.5038828130952381 0.3022781250773994 0.511578125 0.30834531269349846 0.516065625 0.31168281238390094 0.5147843750000001 0.31441249969040247 0.5109359380952381 0.31987343777089783 0.5141421869047619 0.3223 0.50580625 0.31289687492260065 0.4917 0.31350312507739936 0.48721250000000005 0.3053125003095975 0.48400624999999997 0.3022781250773994 0.4891359380952381 0.2962124996904025 0.4833640630952381 0.292875 0.4808 0.2931781250773994 0.498753125 0.3004593752321981 0.5038828130952381
2 0.2595062501547988 0.47759375 0.2637531250773994 0.481440625 0.2655734377708978 0.473746875 0.2740671876160991 0.4833640630952381 0.2777078123839009 0.4763109369047619 0.2701234377708978 0.4686171880952381 0.26982031269349843 0.46028125000000003 0.2667859374613003 0.4622046869047619 0.2588984377708978 0.4455328130952381 0.25556249969040246 0.4506625 0.24888906253869966 0.439121875 0.24524843777089783 0.4551515630952381 0.25556249969040246 0.4660515630952381 0.2595062501547988 0.47759375
0 0.292875 0.5038828130952381 0.28711093746130034 0.4929828130952381 0.2825609374613003 0.497471875 0.2804374996904025 0.504525 0.2777078123839009 0.51863125 0.28074062476780187 0.528248438095238 0.28923437523219814 0.526325 0.29166093746130034 0.5147843750000001 0.292875 0.5038828130952381
0 0.2676968749226006 0.5051656250000001 0.27437031269349843 0.5147843750000001 0.2792234377708978 0.5038828130952381 0.28104374984520125 0.49682968690476187 0.28134687492260063 0.48721250000000005 0.2792234377708978 0.4852875 0.27437031269349843 0.48721250000000005 0.26951718761609905 0.4929828130952381 0.2676968749226006 0.5051656250000001
6 0.36193674055727554 0.6237571654761904 0.3681857269349845 0.5784706547619047 0.32265621424148605 0.5667968761904761 0.3150695219814242 0.6143876785714285 0.36193674055727554 0.6237571654761904
