0 0.32193125015479873 0.5729 0.3242953126934985 0.5711625 0.33233281238390094 0.5581265630952381 0.3346968749226006 0.55551875 0.3408421876160991 0.546828125 0.33706093746130034 0.521625 0.33091406253869965 0.50598125 0.32287656222910216 0.4998984380952381 0.31484062476780184 0.49729062500000004 0.30774843777089783 0.48425468690476187 0.29829374984520124 0.4764328119047619 0.29072968730650156 0.4764328119047619 0.2893109374613003 0.49555312500000004 0.29167499999999996 0.5085890619047619 0.2921468749226006 0.5251015619047619 0.2897828123839009 0.5442203119047619 0.2902562501547988 0.5581265630952381 0.29782031269349846 0.5737703130952381 0.30632968730650156 0.5737703130952381 0.31862187492260063 0.5755078119047619 0.32193125015479873 0.5729
7 0.3093031250773994 0.4357328130952381 0.31063749969040244 0.4303359380952381 0.31063749969040244 0.41856249999999995 0.3055671876160991 0.4038453130952381 0.2954265622291022 0.4009015630952381 0.2900890625386997 0.4043359369047619 0.2847515622291022 0.414146875 0.28208437523219815 0.42837499999999995 0.28582031269349845 0.4524125 0.2879546873065016 0.4582984369047619 0.2879546873065016 0.4430921880952381 0.2898234377708978 0.4332796869047619 0.29089062476780186 0.422978125 0.2943593752321982 0.415128125 0.29836249969040246 0.415128125 0.30316562476780184 0.41758125 0.30716874984520126 0.423959375 0.3093031250773994 0.4357328130952381
2 0.5926468749226006 0.5050625 0.5878031250773994 0.493190625 0.5790859374613003 0.497940625 0.5765015622291022 0.5026890619047619 0.575532812383901 0.50625 0.574242187616099 0.518121875 0.5765015622291022 0.531775 0.5803765622291022 0.5377109380952381 0.5836062501547987 0.5383046869047619 0.5878031250773994 0.53355625 0.5929703126934984 0.5246515630952381 0.5926468749226006 0.5050625
0 0.6685296873065016 0.636840625 0.6630406247678019 0.638028125 0.6646562501547988 0.646339063095238 0.6669156247678019 0.654054688095238 0.6701453126934984 0.6647390630952381 0.6730515622291021 0.6665203119047619 0.6756343752321982 0.6635531250000001 0.6778953126934986 0.6570234380952381 0.6769265622291022 0.644557811904762 0.6733734377708979 0.636840625 0.6685296873065016 0.636840625
2 0.5778953126934985 0.61225 0.5770140625386997 0.6041421880952381 0.5734843752321982 0.6037359380952381 0.5695156247678018 0.601303125 0.565325 0.606575 0.5606937498452013 0.6114390619047618 0.5644421876160991 0.613871875 0.5673093752321982 0.613467186904762 0.5701765622291022 0.611034375 0.5719406247678018 0.6142781249999999 0.5778953126934985 0.61225
0 0.44314062476780186 0.595221875 0.44071406253869966 0.5940062500000001 0.43850937523219813 0.5948171869047619 0.4356421876160991 0.59725 0.4318921876160991 0.5980609380952381 0.4303484377708979 0.6008984369047619 0.43145156222910214 0.60616875 0.4352 0.60616875 0.4371859374613003 0.613871875 0.44137656222910215 0.6215750000000001 0.44490468730650157 0.625629686904762 0.44622812507739934 0.6215750000000001 0.44622812507739934 0.6106281250000001 0.4453453126934984 0.6008984369047619 0.44314062476780186 0.595221875
13 0.23541129659442722 0.5091008535714285 0.4631669417956656 0.5001692595238095 0.7279249040247677 0.506548969047619 0.7355805560371518 0.4504075214285714 0.5869333145510836 0.46252897023809525 0.5059109981424148 0.4587011440476191 0.24689477461300308 0.4663567964285714 0.23541129659442722 0.5091008535714285
13 0.611176212383901 0.7094237452380951 0.7119756291021672 0.6551962107142857 0.7145275133126935 0.6118141833333333 0.5435512866873065 0.6437127333333333 0.39681795789473684 0.6341431678571429 0.39362810340557275 0.7030440357142858 0.581829546130031 0.6934744702380953 0.611176212383901 0.7094237452380951
6 0.5601385325077399 0.5218602726190477 0.5646043294117647 0.5269640404761905 0.5716220105263158 0.527602011904762 0.5722599814241486 0.5256880988095238 0.5728979523219814 0.5244121571428572 0.5722599814241486 0.5167565047619048 0.5607765034055727 0.5173944761904762 0.5601385325077399 0.5218602726190477
6 0.37002317647058824 0.5193083892857143 0.36300549535603716 0.5231362154761905 0.352797959752322 0.5358956345238095 0.3540739015479876 0.5550347642857143 0.3757649151702786 0.5563107071428571 0.40000781300309596 0.558224619047619 0.4083014359133127 0.5531208511904762 0.4210608557275542 0.5441892583333333 0.41659505882352943 0.5142046214285714 0.37959274117647057 0.515480563095238 0.37002317647058824 0.5193083892857143
6 0.30469563034055724 0.6201769464285714 0.30065099814241486 0.6309626321428571 0.3141331052631579 0.660623269047619 0.334356266873065 0.6741053761904762 0.37615080000000006 0.6633196904761904 0.39772217213622296 0.6538822154761905 0.4058114365325078 0.6417483178571428 0.3748025894736842 0.6255697892857143 0.3154813164086687 0.617480525 0.30469563034055724 0.6201769464285714
6 0.6080430495356037 0.6188287357142858 0.5986055746130031 0.6296144214285715 0.5959091529411765 0.6309626321428571 0.5959091529411765 0.636355475 0.6147841034055728 0.636355475 0.6282662111455108 0.6350072642857143 0.6565786365325077 0.6323108428571429 0.6633196904024767 0.6296144214285715 0.655230426006192 0.6242215785714286 0.633659053869969 0.617480525 0.6080430495356037 0.6188287357142858
