2 0.19392812507739937 0.368096875 0.20327968730650156 0.36236875 0.20733125015479875 0.3554953119047619 0.21231874984520124 0.3503390630952381 0.2141890625386997 0.3388828130952381 0.21356562476780186 0.32399062500000003 0.20920156222910216 0.31883593690476186 0.20577343777089782 0.317690625 0.20296718761609908 0.32399062500000003 0.20421406253869967 0.3400296869047619 0.20078593746130033 0.3457578119047619 0.19486250030959754 0.3463296880952381 0.19112187492260063 0.3383109380952381 0.19361562476780186 0.32799999999999996 0.18862812507739937 0.3211265619047619 0.18052343777089783 0.32799999999999996 0.1761609374613003 0.3423203119047619 0.17709531269349846 0.35148437499999996 0.18613437523219814 0.3520578130952381 0.19018749969040247 0.3572125 0.19174531269349845 0.3635140619047619 0.19392812507739937 0.368096875
0 0.21325468730650154 0.3016515619047619 0.21044843777089783 0.302225 0.20670781238390093 0.306234375 0.20203281238390092 0.31654375 0.20140937523219815 0.32513593690476195 0.2054609374613003 0.31883593690476186 0.21013750030959755 0.31883593690476186 0.21356562476780186 0.3234171869047619 0.21481249969040248 0.302796875 0.21325468730650154 0.3016515619047619
1 0.22073593746130032 0.32399062500000003 0.21668281238390094 0.327428125 0.2157484377708978 0.335446875 0.2145015622291022 0.3463296880952381 0.2107609374613003 0.35377656190476187 0.20951406253869967 0.361221875 0.2107609374613003 0.36695 0.21294218761609907 0.374396875 0.21699531269349845 0.380125 0.22229374984520126 0.38527968809523805 0.22728125015479875 0.3812703130952381 0.2319562501547988 0.38184375 0.23694374984520122 0.39158125 0.24473749969040248 0.3927265619047619 0.2540890625386997 0.38814375 0.25845312507739937 0.3795515630952381 0.26157031269349845 0.36236875 0.25845312507739937 0.3423203119047619 0.24660781238390092 0.332009375 0.23663281238390094 0.33258281309523813 0.2254109374613003 0.33029218809523814 0.22073593746130032 0.32399062500000003
9 0.22622968730650156 0.23674062499999998 0.22810312507739938 0.296990625 0.23231874984520123 0.29871093809523813 0.22622968730650156 0.23674062499999998
9 0.23981249969040247 0.26213125 0.24355937523219814 0.254815625 0.24285781238390095 0.2225390630952381 0.23981249969040247 0.26213125
9 0.24590156222910217 0.2767640619047619 0.24379374984520122 0.2896734369047619 0.24473125015479877 0.3120515619047619 0.24824374984520123 0.27073906190476194 0.24730625015479876 0.2479296880952381 0.24449687492260064 0.241475 0.24590156222910217 0.2767640619047619
0 0.23325468730650156 0.3004328119047619 0.22880468730650155 0.2944078119047619 0.2264640625386997 0.2888140630952381 0.22131093746130032 0.2944078119047619 0.21779843777089786 0.3021546869047619 0.21943750030959752 0.3150640630952381 0.21873437523219813 0.323671875 0.23208437523219813 0.32238125 0.23325468730650156 0.31635625 0.23325468730650156 0.3004328119047619
1 0.2700592229102167 0.3256508357142857 0.26420453560371515 0.3325367726190476 0.26326703529411766 0.3394227107142857 0.2635014105263158 0.35362427261904766 0.26209672321981425 0.3734211476190476 0.26209672321981425 0.3755727107142858 0.26233109783281733 0.38719146071428573 0.2724014105263158 0.3902039607142857 0.2761482854489164 0.3884820857142857 0.2813014105263158 0.38934302261904763 0.290902973374613 0.39407739761904764 0.297927973374613 0.39407739761904764 0.30425141052631577 0.3863305226190476 0.309170160371517 0.37729302261904757 0.309170160371517 0.34716958571428574 0.3026123479876161 0.33727114761904764 0.29394672321981424 0.3303852107142857 0.2871560978328173 0.3243602107142857 0.27521234798761607 0.3243602107142857 0.2700592229102167 0.3256508357142857
2 0.27236562476780185 0.36412500000000003 0.2786890625386997 0.3662765619047619 0.28875937523219813 0.36541562499999997 0.2939109374613003 0.3606828119047619 0.29437968730650155 0.3529359369047619 0.2946140625386997 0.34260781309523813 0.292975 0.32926718690476187 0.28805625015479874 0.3258234380952381 0.28875937523219813 0.3232421880952381 0.28782187492260064 0.3137734369047619 0.28220156222910214 0.3111921880952381 0.27985937523219817 0.315925 0.2772843752321981 0.3154953119047619 0.27447343777089783 0.31979843690476195 0.2726 0.329696875 0.26463750030959754 0.334 0.26393437523219815 0.34002499999999997 0.26791562476780184 0.3589609380952381 0.27236562476780185 0.36412500000000003
9 0.29180312507739936 0.3249625 0.29555156222910217 0.2836484380952381 0.29578437523219814 0.2599796869047619 0.2920374996904025 0.24104375 0.2864171876160991 0.2328671880952381 0.29320937523219814 0.25955 0.2922718749226006 0.2870921880952381 0.28875937523219813 0.3111921880952381 0.29180312507739936 0.3249625
9 0.2702578123839009 0.302584375 0.2726 0.31936875 0.27611249969040247 0.3120515619047619 0.26861874984520123 0.27116874999999996 0.26463750030959754 0.24706874999999998 0.25925000000000004 0.2332984369047619 0.2702578123839009 0.302584375
9 0.28665156222910215 0.3047359380952381 0.28805625015479874 0.2617015630952381 0.28875937523219813 0.2332984369047619 0.2864171876160991 0.21952656309523808 0.28384062476780186 0.212640625 0.2861828123839009 0.2423359369047619 0.28384062476780186 0.27719375 0.28220156222910214 0.3081796880952381 0.28665156222910215 0.3047359380952381
2 0.3522265622291022 0.3335703130952381 0.3519921876160991 0.341746875 0.3435609374613003 0.3525046880952381 0.3459031250773994 0.38262968809523806 0.34777656222910214 0.38779375000000005 0.35082031269349845 0.386934375 0.3555046873065016 0.38478125 0.3590171876160991 0.380909375 0.3662781250773994 0.3843515630952381 0.36885468730650156 0.380909375 0.36791718761609904 0.37746562499999997 0.36651250030959753 0.37015 0.3662781250773994 0.3606828119047619 0.36487343777089787 0.34820156190476187 0.36604374984520127 0.33701250000000005 0.36229687492260065 0.33184843809523806 0.36065781238390093 0.332709375 0.3562078123839009 0.3258234380952381 0.3522265622291022 0.3335703130952381
9 0.35885312507739936 0.2902328119047619 0.35782343777089787 0.32147656309523814 0.36400625015479876 0.32668437499999997 0.3616874996904025 0.277925 0.35808125015479875 0.24052812499999998 0.3562781250773994 0.22443281190476191 0.35885312507739936 0.2902328119047619
9 0.3500953126934984 0.2575703119047619 0.34494218761609907 0.231059375 0.3498374996904025 0.28407968690476193 0.3524140625386997 0.313903125 0.35318593746130034 0.32763125 0.3565359374613003 0.3243171869047619 0.354475 0.289759375 0.3500953126934984 0.2575703119047619
1 0.5090437498452012 0.370709375 0.5064671876160991 0.35272031309523805 0.49848125015479877 0.3442 0.48869218761609906 0.348459375 0.4789015622291022 0.3621890619047619 0.4719468749226006 0.37544375 0.47091562476780185 0.389171875 0.4711734377708978 0.42278125 0.47477968730650155 0.4251484380952381 0.4922984377708978 0.4279890630952381 0.5090437498452012 0.42230781309523807 0.5090437498452012 0.370709375
9 0.4904953126934985 0.30727499999999996 0.4902375003095975 0.31721718809523813 0.4979656247678018 0.313903125 0.494875 0.28455312499999996 0.49435937523219814 0.24336875000000002 0.4912671876160991 0.28407968690476193 0.4904953126934985 0.30727499999999996
0 0.574992187616099 0.38727812500000003 0.5783421876160991 0.392484375 0.5739625003095975 0.374496875 0.5742203126934985 0.357928125 0.5742203126934985 0.35082656309523813 0.5706125003095975 0.35698125 0.5690671876160991 0.3621890619047619 0.5682953126934984 0.370709375 0.5690671876160991 0.37591718690476195 0.5713859374613003 0.3811234369047619 0.574992187616099 0.38727812500000003
2 0.6087406247678019 0.361715625 0.6066796873065016 0.35840156309523813 0.6028156247678018 0.3574546869047619 0.5984359374613003 0.3602953119047619 0.5984359374613003 0.3645546869047619 0.5976625003095974 0.368815625 0.5981781250773994 0.37355 0.5986937498452012 0.38633125 0.5904499999999999 0.3858578130952381 0.5834937498452012 0.3915390619047619 0.5840093752321982 0.39816562499999997 0.587357812383901 0.40432031190476186 0.5945718749226006 0.4104734369047619 0.6033296873065015 0.41 0.6074515622291021 0.403846875 0.6118312501547988 0.394378125 0.6123468749226006 0.3830171880952381 0.6108015622291022 0.3740234380952381 0.6087406247678019 0.361715625
2 0.6115734377708978 0.3664484380952381 0.6120890625386997 0.3782828130952381 0.6136343752321981 0.3886984369047619 0.6200749999999999 0.39674531190476187 0.6244546873065016 0.401953125 0.6306375003095975 0.39674531190476187 0.6298640625386996 0.38964531190476187 0.6265156247678019 0.38254375 0.6241968749226006 0.37355 0.6249703126934985 0.3645546869047619 0.6254843752321981 0.3574546869047619 0.6200749999999999 0.35082656309523813 0.6164687498452013 0.35319375 0.6131187498452012 0.358875 0.6115734377708978 0.3664484380952381
2 0.6898890625386997 0.321003125 0.6916921876160991 0.32621093809523805 0.6922078123839009 0.33378437499999997 0.6911765622291022 0.3408859369047619 0.6888578123839009 0.3370984380952381 0.6849937498452013 0.332365625 0.682417187616099 0.3328390619047619 0.6788109374613003 0.339465625 0.6752046873065016 0.3427796869047619 0.6736593752321981 0.347040625 0.6679921876160991 0.3513 0.6669609374613004 0.3636078130952381 0.6736593752321981 0.37023593690476186 0.6831906247678019 0.3692890619047619 0.6927218749226006 0.36786875 0.6996781250773995 0.361715625 0.7045734377708978 0.352246875 0.7068906247678018 0.34372656309523814 0.7086937498452013 0.3281046869047619 0.7071484377708979 0.3143765619047619 0.7045734377708978 0.2997015630952381 0.6983906247678019 0.299228125 0.697617187616099 0.3153234380952381 0.6965859374613003 0.3143765619047619 0.6937531250773994 0.3124828130952381 0.6898890625386997 0.31674375 0.6898890625386997 0.321003125
2 0.7470796873065016 0.3782828130952381 0.7473375003095976 0.37165625 0.7408968749226007 0.3683421880952381 0.7329109374613004 0.3749703119047619 0.7244093752321982 0.3877515630952381 0.7200296873065015 0.3915390619047619 0.7164234377708979 0.3929578130952381 0.7200296873065015 0.401953125 0.7287890625386997 0.395325 0.7326531250773994 0.39343125 0.7403812501547988 0.38727812500000003 0.7470796873065016 0.3782828130952381
2 0.6715984377708978 0.438403125 0.6762343752321981 0.4327234369047619 0.6793265622291021 0.43177656190476194 0.6849937498452013 0.43414375 0.6857671876160991 0.43177656190476194 0.6865390625386998 0.427515625 0.6929796873065016 0.423728125 0.6960718749226006 0.42467499999999997 0.697617187616099 0.42230781309523807 0.6991625003095975 0.41899531190476186 0.6968437498452013 0.4076328130952381 0.6909187498452013 0.407159375 0.6873124996904024 0.40810625 0.6829328123839009 0.4076328130952381 0.6790687498452012 0.4114203130952381 0.6728859374613003 0.412840625 0.6641265622291022 0.4180484369047619 0.6594906247678017 0.4251484380952381 0.6569140625386997 0.43224999999999997 0.659232812383901 0.4445578119047619 0.6618093752321982 0.453078125 0.6656734377708978 0.45686562500000005 0.6692796873065014 0.45402499999999996 0.6700515622291021 0.44834531190476196 0.6692796873065014 0.44029687500000003 0.6715984377708978 0.438403125
1 0.6342437498452013 0.4398234380952381 0.6301218749226006 0.4426640619047619 0.6244546873065016 0.442190625 0.6200749999999999 0.4436109380952381 0.6136343752321981 0.44550468690476186 0.6089984377708978 0.45733906190476187 0.61415 0.4838484380952381 0.6193015622291022 0.4871625 0.6229093752321981 0.49284374999999997 0.6285765622291022 0.49615625 0.6391390625386997 0.4966296880952381 0.6486703126934984 0.4904765619047619 0.6563984377708978 0.48526874999999997 0.6610359374613004 0.4810078130952381 0.6636124996904025 0.477221875 0.6630968749226006 0.47201406190476186 0.6607781250773994 0.4582859380952381 0.6558828123839009 0.4431375 0.6545953126934985 0.4346171869047619 0.6491859374613003 0.43224999999999997 0.644032812383901 0.4346171869047619 0.6342437498452013 0.4398234380952381
2 0.6638703126934984 0.49095000000000005 0.6659312501547988 0.48668906190476185 0.6636124996904025 0.4857421880952381 0.6612937498452012 0.4805359380952381 0.6584593752321981 0.4729609380952381 0.6540796873065015 0.467753125 0.6499578123839009 0.46396718809523807 0.6453218749226005 0.4649140630952381 0.6373359374613002 0.46727968809523807 0.6298640625386996 0.47059375 0.6283187498452012 0.4810078130952381 0.6290921876160991 0.4904765619047619 0.6280609374613003 0.4952109380952381 0.6267734377708979 0.5013640619047619 0.6285765622291022 0.5094125 0.6308953126934984 0.5141453130952381 0.6332140625386997 0.5131984369047619 0.6360468749226007 0.51083125 0.63785 0.5079921869047619 0.6404265622291022 0.502784375 0.6422296873065015 0.49994374999999996 0.6478968749226006 0.510359375 0.6517609374613004 0.5160390619047619 0.6571718749226007 0.5217203130952381 0.659232812383901 0.5198265630952381 0.6618093752321982 0.513671875 0.6612937498452012 0.5089390619047619 0.6610359374613004 0.498996875 0.6630968749226006 0.49379062500000004 0.6638703126934984 0.49095000000000005
2 0.6115734377708978 0.460653125 0.6077093752321981 0.454971875 0.6017843752321981 0.4516578119047619 0.5974046873065015 0.4544984380952381 0.593025 0.4592328119047619 0.5943140625386997 0.46396718809523807 0.5937984377708978 0.467753125 0.5922531250773994 0.4758015619047619 0.5935406247678019 0.48290156309523813 0.5976625003095974 0.497103125 0.59895 0.512725 0.6028156247678018 0.5259796880952381 0.6061640625386997 0.5274 0.6092546873065016 0.52219375 0.611057812383901 0.5098859380952381 0.6123468749226006 0.504204686904762 0.6128625003095975 0.49852343690476186 0.6144078123839009 0.498996875 0.6154375003095975 0.4952109380952381 0.6115734377708978 0.460653125
9 0.6572234377708979 0.521909375 0.6654406247678019 0.5422171880952381 0.6722421876160991 0.559921875 0.6762093752321982 0.572940625 0.6906609374613003 0.5854374999999999 0.6750765622291022 0.559921875 0.664875 0.5276375 0.6620406247678019 0.515139063095238 0.6572234377708979 0.521909375
9 0.6334203126934984 0.5406546880952381 0.6365359374613003 0.55888125 0.6402203126934984 0.569815625 0.6439046873065015 0.584396875 0.6498546873065015 0.5911656249999999 0.6558062501547988 0.595853125 0.6484390625386998 0.5776265619047619 0.6410703126934985 0.56044375 0.6390875003095975 0.5396140630952382 0.6379531250773993 0.5187843750000001 0.6379531250773993 0.5062875 0.6320031250773994 0.51305625 0.6322859374613004 0.5260750000000001 0.6334203126934984 0.5406546880952381
9 0.6195343752321981 0.6244921880952381 0.6220843752321981 0.621367188095238 0.6229343752321981 0.5948109369047619 0.61755 0.5646093750000001 0.611032812383901 0.52295 0.606782812383901 0.5281578130952381 0.6039484377708978 0.5292 0.6096156247678018 0.5474249999999999 0.61415 0.5692953119047619 0.6189671876160991 0.5864796869047619 0.6201015622291022 0.605225 0.6195343752321981 0.6244921880952381
2 0.3911328123839009 0.4797296880952381 0.38631562476780185 0.4755640630952381 0.3814984377708978 0.47192031309523813 0.3761140625386997 0.469315625 0.3707296873065015 0.47348124999999996 0.3707296873065015 0.48389687499999995 0.3797984377708978 0.4880625 0.38404843777089787 0.5052453130952381 0.3922671876160991 0.5068078130952381 0.3945328123839009 0.4885828119047619 0.3911328123839009 0.4797296880952381
2 0.3412593752321981 0.46879531309523814 0.3514609374613003 0.4698359380952381 0.3565609374613003 0.46462968690476186 0.35429374984520123 0.45265312500000005 0.3364421876160991 0.4516109369047619 0.33049062476780183 0.4547359369047619 0.3285062501547988 0.462546875 0.32765625015479877 0.48077187499999996 0.33134062476780185 0.4849375 0.33587500000000003 0.4854578119047619 0.3381421876160991 0.4771265630952381 0.3412593752321981 0.46879531309523814
2 0.31490468730650156 0.43703125 0.31037031269349846 0.4401546880952381 0.3041359374613003 0.4375515630952381 0.29308437523219816 0.4292203130952381 0.28628437523219813 0.432865625 0.28288281238390095 0.438071875 0.28146718761609907 0.449528125 0.2803328123839009 0.4656703130952381 0.2848671876160991 0.467753125 0.2894015622291022 0.46462968690476186 0.30130312507739937 0.4589015619047619 0.30838750030959755 0.45942187500000004 0.31405468730650155 0.4630671869047619 0.3205718749226006 0.46462968690476186 0.3202890625386997 0.47764687499999997 0.32368906253869967 0.48337500000000005 0.3285062501547988 0.4812921880952381 0.3321906247678018 0.46515 0.3361578123839009 0.4505703119047619 0.3296406247678018 0.43963437499999997 0.3242562501547988 0.43963437499999997 0.3180218749226006 0.4417171880952381 0.31490468730650156 0.43703125
2 0.2721156247678018 0.4292203130952381 0.26928125015479876 0.4287 0.2653140625386997 0.4234921880952381 0.2630468749226006 0.4260953130952381 0.26021249969040244 0.4234921880952381 0.25737968730650157 0.4193265630952381 0.2508624996904025 0.41724375 0.24434374984520124 0.41724375 0.24292656222910217 0.43026093809523813 0.2449109374613003 0.4359890630952381 0.2474609374613003 0.44223749999999995 0.25284531269349847 0.4401546880952381 0.25596249969040247 0.43963437499999997 0.25964687492260063 0.4417171880952381 0.26219687492260063 0.4453625 0.26162968730650155 0.4562984369047619 0.2619140625386997 0.470878125 0.2735312501547988 0.4771265630952381 0.2777828123839009 0.468275 0.2809 0.45838125 0.2848671876160991 0.44223749999999995 0.28515 0.4344265630952381 0.27806562476780183 0.4292203130952381 0.2721156247678018 0.4292203130952381
2 0.19787031269349847 0.3839171869047619 0.19447031269349843 0.381834375 0.1924859374613003 0.39381093690476193 0.20382187492260062 0.40995312500000003 0.21629062476780184 0.42245 0.22110781238390093 0.42245 0.224225 0.4208890630952381 0.226775 0.41724375 0.22705781238390094 0.41151562500000005 0.22309062476780187 0.40682812500000004 0.21657343777089783 0.404225 0.21288906253869969 0.4005796869047619 0.21260625015479878 0.39381093690476193 0.20920625015479874 0.393290625 0.20665468730650155 0.39537343690476195 0.20438749969040246 0.39537343690476195 0.20240468730650157 0.39068593690476194 0.19787031269349847 0.3839171869047619
25 0.24389122476780184 0.28981335 0.24305118575851395 0.26881238571428573 0.2391310055727554 0.26545223095238096 0.23773094055727556 0.26713230833333335 0.23549083777089783 0.2942935607142857 0.23353074736842105 0.3264950404761905 0.23717091517027863 0.3318152857142857 0.2405310866873065 0.3312552690476191 0.24389122476780184 0.28981335
6 0.314067079876161 0.3579792988095238 0.3131124687306502 0.36657080238095235 0.3197947492260062 0.3713438595238095 0.3331593108359133 0.3703892488095238 0.3369777572755418 0.36943463690476186 0.3417508148606811 0.3675254142857143 0.33888698018575847 0.3532062404761905 0.3197947492260062 0.35225162857142855 0.314067079876161 0.3579792988095238
6 0.6446271157894736 0.35359294761904764 0.6465699343653251 0.35747858452380954 0.6535640811145511 0.3590328392857143 0.6578382817337461 0.35281582023809527 0.659003972755418 0.3497073095238095 0.6570611541795665 0.3454331095238095 0.6473470619195045 0.3497073095238095 0.6446271157894736 0.35359294761904764
13 0.7327736117647058 0.43885234523809524 0.7147210111455109 0.4374626476190476 0.6800045529411765 0.47081591309523807 0.652231492879257 0.4888822428571429 0.5703006303405573 0.5013896773809524 0.5439161009287925 0.5236252047619048 0.4689285306501548 0.5375223904761904 0.3967183399380805 0.5305737976190475 0.295346240247678 0.48471309761904763 0.22452468730650155 0.45413928095238093 0.19258550340557276 0.4624775702380952 0.20369481238390094 0.4749850583333334 0.2731277281733746 0.5152868619047619 0.3147874780185759 0.5250149023809524 0.4397667269349845 0.5625374178571428 0.5161429349845201 0.5583681678571428 0.652231492879257 0.5027794273809524 0.7468749684210526 0.45868055714285716 0.7327736117647058 0.43885234523809524
13 0.6744500043343653 0.2748655738095238 0.6064057256965945 0.3096085357142857 0.578632559133127 0.3374029059523809 0.5258635003095975 0.34435149761904765 0.4439327442724458 0.3513000904761905 0.40227299442724457 0.3568589857142857 0.33284007863777093 0.3429618011904762 0.2800710198142415 0.32211602380952375 0.19814015789473685 0.3082188380952381 0.20230617523219813 0.31655712857142854 0.27035045386996903 0.3429618011904762 0.3481152990712074 0.3749253154761905 0.38144312012383896 0.37631501309523807 0.5022563517027864 0.3707561702380952 0.5883531250773993 0.33879265595238095 0.6827820390092879 0.29154220595238095 0.6744500043343653 0.2748655738095238
