0 0.28790213545926235 0.5011028516612863 0.31307448171958185 0.5015800979246413 0.3114465647661291 0.5874371484644043 0.2862742185913021 0.5869599055805095
2 0.3106705071113538 0.5806052170529099 0.300143318572168 0.583632496583982 0.2954725261688509 0.5673916684542599 0.30599968545266165 0.5643643933929957
2 0.32664163415938674 0.5829453935441627 0.347567584807166 0.5623130533377133 0.36702412945294327 0.5820444863116647 0.3460982293448751 0.6026767756896564
2 0.39735379947615 0.5303524467231081 0.42137363752544843 0.5274807261065654 0.4275668554232652 0.5792777233348351 0.4035470196629376 0.5821494312902363
2 0.63496616179998 0.5697136778066412 0.6552221640507696 0.5579106971221454 0.6722515162657601 0.5871331626335234 0.65199553993682 0.5989361081414055
2 0.7245104181249644 0.5853395432988399 0.7389789156638926 0.604365719758977 0.6998798174822696 0.6340952385890797 0.6854114150103214 0.6150691488483416
2 0.6736152357703986 0.6604647208789592 0.653145059382382 0.6552748004991874 0.6630714410451901 0.6161282739088044 0.6835414641996067 0.6213181739141902
2 0.608930767151378 0.6259875156726998 0.6531075519178557 0.6256479768830268 0.6536253156413068 0.6930045643293957 0.609448530886084 0.6933441008173444
7 0.6392988460784181 0.7426636058882495 0.6654377834339584 0.7381529769136569 0.6779332110522773 0.8105505570388446 0.6517942835806707 0.8150611467787849
7 0.6380869076161844 0.8402006310057202 0.6113745070369987 0.8406244543424003 0.6098083964244552 0.7419099973144011 0.6365201593267784 0.7414861790492772
9 0.6183156260968872 0.7605078125606973 0.6140252217193165 0.7602703946904131 0.6174362163325213 0.698640708734618 0.62172656249993 0.6988781249999987
2 0.4036814534907762 0.6957347074543551 0.3525354292726206 0.6932608309494893 0.3554964058391761 0.6320590390039673 0.40664180284306894 0.6345329004016377
9 0.38077811373636905 0.7064249997328391 0.38679961767559234 0.7065678239177579 0.3852480664018003 0.7719709481317842 0.37922656249998 0.771828125
9 0.36310156813544836 0.7674265629244518 0.358227348563787 0.7670594467843527 0.36163833003854506 0.7217797607266503 0.3665124999999989 0.7221468750000012
9 0.3593796358104555 0.6863015450859252 0.36446233335846046 0.6880138925603771 0.3403013446342129 0.7597189308895889 0.3352186538887736 0.7580065976413247
2 0.31542924206326006 0.6430636612089323 0.32125053455490615 0.6224954602622584 0.35182086446195626 0.631146537567494 0.3459996463003563 0.6517146746946445
10 0.28274641754535423 0.5290873765625002 0.24512750633903124 0.5290873765625 0.24512787358753485 0.41016406718750015 0.2827461478858595 0.41016406718750015
2 0.3901412394275212 0.6832022165239567 0.39125041867077925 0.6859054242517401 0.36758712380765246 0.6956135020360155 0.3664779531250133 0.6929103015624787
0 0.3815731476398696 0.5463576338153296 0.35916756090909985 0.5280273329940818 0.3805674726596635 0.5018719560232521 0.4029729833641795 0.520202207310684
6 0.7593535334381158 0.5676311555611715 0.6743271146253846 0.593440618329794 0.649349695697083 0.5111608449640768 0.734375 0.4853515624999998