0 0.29271562476780183 0.5078890619047619 0.28862968730650157 0.5161765630952382 0.2872671876160991 0.534590625 0.2877218749226006 0.54748125 0.2872671876160991 0.5612921869047619 0.2863593752321981 0.58246875 0.29226250030959755 0.5870734369047619 0.29770937523219815 0.5806281249999999 0.2981640625386997 0.5695796869047619 0.3017968749226006 0.5622125 0.30769843777089784 0.5677375 0.3104234377708978 0.5668171869047619 0.31223906253869965 0.545640625 0.3090609374613003 0.51249375 0.3058828123839009 0.5014437500000001 0.2995265622291022 0.502365625 0.29271562476780183 0.5078890619047619
2 0.29862500000000003 0.568375 0.2979437498452012 0.575984375 0.3006718749226006 0.580134375 0.3054468749226006 0.580134375 0.3074937498452012 0.58151875 0.30954062476780186 0.5766765619047619 0.3071531250773994 0.568375 0.30408281238390095 0.564915625 0.29862500000000003 0.568375
2 0.3542265622291022 0.5946625 0.360025 0.5884359369047619 0.3610484377708978 0.575984375 0.3572968749226006 0.5739093749999999 0.3528625003095975 0.57045 0.34501718761609906 0.564915625 0.33580625015479876 0.5739093749999999 0.33546562476780184 0.5842859369047619 0.3388765622291022 0.595353125 0.3429703126934985 0.5995046869047619 0.3477453126934985 0.5967375 0.3542265622291022 0.5946625
2 0.41085156222910213 0.5787515630952381 0.4204015622291022 0.580134375 0.4255187498452012 0.5732171869047619 0.4255187498452012 0.5621484369047619 0.41972031269349847 0.548314061904762 0.41835625015479877 0.5407046869047619 0.41460312507739944 0.5351703130952381 0.4064171876160991 0.5330953119047619 0.40334687492260063 0.5296359369047619 0.3999359374613003 0.532403125 0.3992531250773994 0.5462374999999999 0.4019828123839009 0.5690671869047619 0.40334687492260063 0.5787515630952381 0.41085156222910213 0.5787515630952381
2 0.6595218749226006 0.5939703130952381 0.6642968749226007 0.586360938095238 0.6639562501547988 0.5752921880952381 0.6584984377708979 0.5635328130952382 0.6526984377708978 0.5593812499999999 0.6458765622291023 0.5635328130952382 0.6438296873065016 0.5711421869047619 0.6414421876160992 0.5808265619047619 0.6489468749226006 0.584976563095238 0.6503109374613003 0.5960453130952381 0.6557687498452012 0.5967375 0.6595218749226006 0.5939703130952381
2 0.7088640625386996 0.6007734380952381 0.7042125003095976 0.6007734380952381 0.7001812501547988 0.6045468749999999 0.6918093752321981 0.6208984380952381 0.6936703126934984 0.6259296880952381 0.6980109374613003 0.6259296880952381 0.7026624996904025 0.626557811904762 0.7085546873065016 0.624042188095238 0.7156875003095976 0.62026875 0.7172374996904024 0.618382813095238 0.7221984377708978 0.617125 0.7249906247678019 0.614609375 0.7262296873065015 0.6076921869047619 0.7262296873065015 0.597 0.7271609374613003 0.588825 0.7240593752321981 0.588196875 0.7190984377708979 0.5894546869047619 0.7135156247678018 0.597 0.7088640625386996 0.6007734380952381
2 0.6604890625386997 0.6542281249999999 0.6638999999999999 0.6580015619047619 0.6716531250773994 0.6567437500000001 0.6759937498452012 0.651084375 0.6781640625386998 0.6378781250000001 0.6794046873065015 0.6347328119047619 0.681575 0.6290734380952381 0.6818859374613003 0.6208984380952381 0.6778546873065016 0.62026875 0.6722734377708979 0.6221562500000001 0.6660703126934985 0.6234140619047619 0.6648296873065016 0.630959375 0.661109375232198 0.63033125 0.6570781250773994 0.639764063095238 0.6604890625386997 0.6542281249999999
2 0.6285484377708979 0.6290734380952381 0.6232765622291021 0.627815625 0.6164546873065015 0.6259296880952381 0.612732812383901 0.634104688095238 0.6090124996904025 0.636620311904762 0.6111828123839009 0.6567437500000001 0.6093218749226006 0.6768671869047619 0.611492187616099 0.683785938095238 0.6152140625386997 0.69321875 0.6257578123839009 0.69321875 0.6366109374613003 0.692590625 0.6449843752321981 0.6875593750000001 0.6471546873065015 0.68315625 0.6496359374613003 0.6756109380952381 0.6518062501547986 0.66680625 0.6533562501547987 0.6580015619047619 0.6511859374613004 0.6429093749999999 0.6477750000000001 0.6353625 0.6434328123839009 0.630959375 0.6397124996904024 0.6297015630952381 0.6338203126934985 0.63033125 0.6285484377708979 0.6290734380952381
9 0.6217265622291022 0.698878125 0.617075 0.705167188095238 0.617075 0.728435938095238 0.6183156247678019 0.7605078130952381 0.6192453126934985 0.7246625 0.6217265622291022 0.698878125
2 0.3928718749226006 0.6353625 0.3863593752321981 0.634104688095238 0.37178437523219815 0.6328468749999999 0.36186093746130027 0.635990625 0.3547281250773994 0.6479390619047619 0.3547281250773994 0.664290625 0.3565890625386997 0.6762390630952381 0.35720937523219815 0.68315625 0.35937968730650155 0.683785938095238 0.3606203126934984 0.686301563095238 0.36465156222910217 0.693846875 0.37364531269349843 0.691960936904762 0.38263750030959753 0.6875593750000001 0.39101093746130033 0.68315625 0.3965921876160991 0.67498125 0.4015546873065015 0.6793828130952381 0.40465468730650156 0.6756109380952381 0.4043453126934985 0.664290625 0.4062062501547988 0.6435375 0.4024843752321981 0.6378781250000001 0.3928718749226006 0.6353625
9 0.38263750030959753 0.766796875 0.3854296873065015 0.750446875 0.3854296873065015 0.7290640619047619 0.3866687498452012 0.7120843750000001 0.3807781250773994 0.7064250000000001 0.3807781250773994 0.7227765630952381 0.3823281250773994 0.7290640619047619 0.3823281250773994 0.74793125 0.3792265622291022 0.7718281250000001 0.38263750030959753 0.766796875
9 0.36 0.743528125 0.36310156222910217 0.767426561904762 0.3634124996904025 0.73975625 0.36651250030959753 0.7221468750000001 0.3621718749226006 0.7227765630952381 0.3615515622291021 0.730321875 0.36 0.743528125
9 0.3466656247678019 0.7334671869047619 0.35100781238390094 0.724034375 0.35596874984520127 0.7127140630952381 0.36186093746130027 0.695734375 0.35937968730650155 0.686301563095238 0.3537984377708978 0.705167188095238 0.3466656247678019 0.724034375 0.3389140625386997 0.759251563095238 0.34356562476780184 0.7447859380952381 0.3466656247678019 0.7334671869047619
2 0.32154843777089787 0.6447953119047619 0.32899062476780183 0.646053125 0.33488281238390094 0.6485687499999999 0.3463562501547988 0.6504546880952381 0.34759687492260066 0.646053125 0.34511562476780183 0.64039375 0.33736250030959747 0.636620311904762 0.3345718749226006 0.6290734380952381 0.3311609374613003 0.6253 0.3258890625386997 0.62844375 0.32154843777089787 0.62844375 0.3168968749226006 0.6378781250000001 0.31906718761609904 0.6429093749999999 0.32154843777089787 0.6447953119047619
10 0.2958707349845201 0.4944416988095238 0.28991360619195045 0.4712750857142857 0.2819707678018576 0.4507560869047619 0.27601363900928794 0.42758947380952383 0.2753517356037152 0.4103799904761905 0.273366026006192 0.3958181202380952 0.2614517684210526 0.40045144285714285 0.25152321981424147 0.4898083761904762 0.252847026625387 0.5156226011904762 0.25880415541795665 0.5195940202380952 0.26740889721362227 0.5182702142857143 0.2786612520123839 0.5096654726190476 0.28792789659442725 0.5030464404761905 0.2958707349845201 0.4944416988095238
25 0.36404676594427243 0.7161792738095238 0.36603247554179563 0.7161792738095238 0.3700038947368421 0.6989697904761906 0.38787528173374614 0.6936745654761906 0.3839038625386997 0.7095602416666668 0.38588957213622294 0.7115459511904761 0.38986099133126934 0.6824222107142857 0.3852276687306502 0.6844079202380953 0.37463721733746125 0.6910269523809524 0.3680181851393189 0.6923507583333334 0.36404676594427243 0.7161792738095238
0 0.3700587510835914 0.5214464226190476 0.3705133690402477 0.527811069047619 0.37278645696594426 0.5346303333333333 0.3777872507739938 0.5478142452380953 0.386424985758514 0.5414495976190477 0.39097116222910216 0.5378126571428571 0.39779042662538705 0.530538775 0.39779042662538705 0.5241741285714285 0.39506272074303406 0.5187187166666667 0.38733422105263154 0.5159910107142858 0.3773326334365325 0.5128086869047619 0.3700587510835914 0.5214464226190476
6 0.6728340934984519 0.5487234797619048 0.6814718284829722 0.5569065976190476 0.689654945510836 0.5609981559523809 0.703748092260062 0.5573612154761904 0.7105673566563466 0.548268863095238 0.7073850334365325 0.5396311273809524 0.703748092260062 0.5300841571428572 0.6973834452012383 0.5291749226190476 0.6737433287925696 0.5350849511904762 0.6805625931888545 0.5441773035714286 0.6728340934984519 0.5487234797619048
25 0.6323731244582044 0.700565769047619 0.6419200947368421 0.7260243559523809 0.6423747120743034 0.7292066797619047 0.6396470061919505 0.692837269047619 0.6391923888544893 0.692837269047619 0.6323731244582044 0.6951103571428572 0.6269177126934985 0.6946557392857142 0.6187345950464396 0.6942011214285715 0.6323731244582044 0.700565769047619
7 0.6071931393188855 0.7886636928571428 0.6071931393188855 0.7978288714285714 0.6108592111455109 0.8189087845238096 0.6149835417956657 0.8363226261904761 0.6255234978328174 0.8399886976190476 0.6323973826625388 0.8399886976190476 0.6333139003095976 0.8312817773809524 0.6360634544891641 0.8175340071428572 0.6369799721362229 0.7955375773809524 0.6388130080495356 0.772166369047619 0.6383547492260062 0.7643759666666667 0.6310226055727554 0.7666672619047619 0.62735653374613 0.7758324416666667 0.6268982749226006 0.7872889154761904 0.6236904619195046 0.8019532023809524 0.6172748365325077 0.7849976202380953 0.6159000594427244 0.7776654773809524 0.613150505882353 0.772166369047619 0.6108592111455109 0.7794985130952382 0.6071931393188855 0.7886636928571428
7 0.6420208210526316 0.7904967285714286 0.645686892879257 0.8024114619047619 0.6475199287925696 0.8120349 0.6543938136222911 0.8193670440476191 0.6658502879256966 0.8170757488095237 0.6704328773993807 0.8134096773809524 0.6736406904024768 0.8060775333333334 0.6727241721362229 0.7739994047619048 0.6644755108359134 0.7506281976190476 0.6608094390092879 0.7533777511904762 0.6653920284829722 0.772166369047619 0.6626424749226005 0.7836228440476191 0.6539355541795665 0.7863723976190476 0.6502694823529412 0.7726246285714286 0.6443121157894737 0.7556690464285714 0.6429373393188854 0.7652924845238095 0.6401877851393188 0.7712498511904762 0.6406460439628482 0.7822480666666667 0.6420208210526316 0.7904967285714286
